-1.00000000 0.00000000 -1611.47548336 58654.62432099 
-0.98000000 0.00000000 -1611.02443507 58654.20298248 
-0.96000000 0.00000000 -1610.66214436 58654.11826591 
-0.94000000 0.00000000 -1609.06969629 58631.81981250 
-0.92000000 0.00000000 -1608.81901680 58632.10545071 
-0.90000000 0.00000000 -1610.37971071 58674.85659865 
-0.88000000 0.00000000 -1610.26384240 58675.39354163 
-0.86000000 0.00000000 -1610.17558372 58676.06734383 
-0.84000000 0.00000000 -1604.84572677 58600.74529691 
-0.82000000 0.00000000 -1604.70977612 58600.63531168 
-0.80000000 0.00000000 -1609.67824010 58658.29545995 
-0.78000000 0.00000000 -1609.82648335 58687.69057388 
-0.76000000 0.00000000 -1609.77835499 58688.18865587 
-0.74000000 0.00000000 -1609.73529670 58688.57084533 
-0.72000000 0.00000000 -1609.67723882 58689.67395014 
-0.70000000 0.00000000 -1609.42735422 58657.55334972 
-0.68000000 0.00000000 -1609.41978242 58657.71593141 
-0.66000000 0.00000000 -1604.11879696 58600.45733533 
-0.64000000 0.00000000 -1604.19241041 58600.65669210 
-0.62000000 0.00000000 -1609.53486217 58658.06863063 
-0.60000000 0.00000000 -1604.48315628 58601.01293973 
-0.58000000 0.00000000 -1604.69766249 58601.15773735 
-0.56000000 0.00000000 -1609.89832183 58658.32592462 
-0.54000000 0.00000000 -1610.11831567 58690.50308632 
-0.52000000 0.00000000 -1610.28210566 58689.62953893 
-0.50000000 0.00000000 -1610.42445298 58689.50596406 
-0.48000000 0.00000000 -1610.56283552 58689.36000566 
-0.46000000 0.00000000 -1610.69636747 58689.05996272 
-0.44000000 0.00000000 -1606.86175886 58603.75164721 
-0.42000000 0.00000000 -1607.07964761 58603.98648299 
-0.40000000 0.00000000 -1610.97610088 58688.73392436 
-0.38000000 0.00000000 -1611.03036928 58688.61797034 
-0.36000000 0.00000000 -1611.06551992 58688.54510212 
-0.34000000 0.00000000 -1611.08652272 58688.47918981 
-0.32000000 0.00000000 -1611.09870879 58688.41931360 
-0.30000000 0.00000000 -1607.44524107 58603.35556143 
-0.28000000 0.00000000 -1607.45951842 58603.24171386 
-0.26000000 0.00000000 -1611.15635207 58688.29041810 
-0.24000000 0.00000000 -1611.21500746 58688.24916070 
-0.22000000 0.00000000 -1611.31341934 58688.19011780 
-0.20000000 0.00000000 -1611.46260671 58688.20270560 
-0.18000000 0.00000000 -1608.45248246 58603.76232460 
-0.16000000 0.00000000 -1609.02573533 58604.42474286 
-0.14000000 0.00000000 -1612.36375784 58688.46258279 
-0.12000000 0.00000000 -1612.84736880 58688.96933415 
-0.10000000 0.00000000 -1613.45127407 58689.45755123 
-0.08000000 0.00000000 -1614.17194758 58690.13766189 
-0.06000000 0.00000000 -1615.01191292 58613.45897487 
-0.04000000 0.00000000 -1616.84155416 58616.72735934 
-0.02000000 0.00000000 -1617.12257081 58691.74719363 
0.00000000 0.00000000 -1618.20732153 58693.81638090 
0.02000000 0.00000000 -1619.34168651 58695.95609741 
0.04000000 0.00000000 -1620.45163044 58698.57900191 
0.06000000 0.00000000 -1623.53962918 58682.22135435 
0.08000000 0.00000000 -1623.34619978 58697.93688699 
0.10000000 0.00000000 -1624.42349035 58700.35984614 
0.12000000 0.00000000 -1625.33945856 58703.26113322 
0.14000000 0.00000000 -1452.24480639 58982.62628111 
0.16000000 0.00000000 -1463.01397533 58978.39257501 
0.18000000 0.00000000 -1627.44562020 58711.63049661 
0.20000000 0.00000000 -1628.02720850 58713.94300097 
0.22000000 0.00000000 -1628.47792631 58716.55378470 
0.24000000 0.00000000 -1628.85582655 58719.22009714 
0.26000000 0.00000000 -1627.98221532 58727.44842318 
0.28000000 0.00000000 -1628.21414497 58730.11923954 
0.30000000 0.00000000 -1628.39988333 58732.72383608 
0.32000000 0.00000000 -1628.53479604 58735.19432780 
0.34000000 0.00000000 -1628.62248691 58737.39911598 
0.36000000 0.00000000 -1628.69542249 58739.08483777 
0.38000000 0.00000000 -1628.72462442 58740.25871707 
0.40000000 0.00000000 -1327.30892551 58941.52146482 
0.42000000 0.00000000 -1327.52811125 58941.83926068 
0.44000000 0.00000000 -1628.67179921 58739.55326133 
0.46000000 0.00000000 -1628.60460116 58737.90503127 
0.48000000 0.00000000 -1628.49265225 58735.73149577 
0.50000000 0.00000000 -1628.35755306 58733.05538954 
0.52000000 0.00000000 -1628.17939763 58730.08667821 
0.54000000 0.00000000 -1627.94803402 58726.99943406 
0.56000000 0.00000000 -1627.66368410 58723.90564018 
0.58000000 0.00000000 -1628.44638242 58715.20029902 
0.60000000 0.00000000 -1628.02687789 58712.18435673 
0.62000000 0.00000000 -1627.55008178 58709.27381628 
0.64000000 0.00000000 -1627.01709403 58706.40563620 
0.66000000 0.00000000 -1482.40090062 58968.11642537 
0.68000000 0.00000000 -1475.92919016 58971.82450821 
0.70000000 0.00000000 -1624.97603078 58697.87893963 
0.72000000 0.00000000 -1624.13588358 58694.95327394 
0.74000000 0.00000000 -1623.18404780 58692.27939301 
0.76000000 0.00000000 -1622.20008623 58689.29483843 
0.78000000 0.00000000 -1621.10049716 58687.02927983 
0.80000000 0.00000000 -1620.02775544 58684.27404220 
0.82000000 0.00000000 -1618.94385472 58681.67446464 
0.84000000 0.00000000 -1617.86782164 58679.36780824 
0.86000000 0.00000000 -1617.32435763 58662.40360019 
0.88000000 0.00000000 -1616.20218178 58660.31630574 
0.90000000 0.00000000 -1614.11975668 58692.15301402 
0.92000000 0.00000000 -1608.21771015 58740.06395689 
0.94000000 0.00000000 -1613.37202442 58655.95888154 
0.96000000 0.00000000 -1612.63309803 58655.10512910 
0.98000000 0.00000000 -1611.34721185 58638.24914006 

