-1.00000000 0.00000000 -1481.35494280 58601.79379785 
-0.98000000 0.00000000 -1481.08846615 58602.21331883 
-0.96000000 0.00000000 -1480.97637699 58602.57743103 
-0.94000000 0.00000000 -1471.93286986 58601.63080388 
-0.92000000 0.00000000 -1471.99123836 58601.91820551 
-0.90000000 0.00000000 -1488.99877517 58605.14103522 
-0.88000000 0.00000000 -1489.19122896 58605.31647153 
-0.86000000 0.00000000 -1489.44275265 58605.47760115 
-0.84000000 0.00000000 -1458.86226687 58602.07376897 
-0.82000000 0.00000000 -1458.79145013 58602.19307823 
-0.80000000 0.00000000 -1482.43983883 58604.04166331 
-0.78000000 0.00000000 -1493.90771222 58607.05466033 
-0.76000000 0.00000000 -1494.09546848 58607.15509629 
-0.74000000 0.00000000 -1494.23832620 58607.23855179 
-0.72000000 0.00000000 -1494.65640199 58607.41231080 
-0.70000000 0.00000000 -1482.11084456 58604.21028720 
-0.68000000 0.00000000 -1482.17349010 58604.23578983 
-0.66000000 0.00000000 -1458.59090682 58602.75012781 
-0.64000000 0.00000000 -1458.68685764 58602.70115522 
-0.62000000 0.00000000 -1482.33750356 58604.15553015 
-0.60000000 0.00000000 -1458.89888571 58602.45404313 
-0.58000000 0.00000000 -1459.00972324 58602.25695816 
-0.56000000 0.00000000 -1482.51885069 58603.80820207 
-0.54000000 0.00000000 -1495.07110483 58607.03112324 
-0.52000000 0.00000000 -1494.76596061 58606.76937403 
-0.50000000 0.00000000 -1494.74635874 58606.60717343 
-0.48000000 0.00000000 -1494.71682886 58606.44706872 
-0.46000000 0.00000000 -1494.62620995 58606.27653697 
-0.44000000 0.00000000 -1460.56011221 58600.41357842 
-0.42000000 0.00000000 -1460.70343815 58600.22551554 
-0.40000000 0.00000000 -1494.54710969 58605.95273071 
-0.38000000 0.00000000 -1494.50814950 58605.88570145 
-0.36000000 0.00000000 -1494.48098577 58605.84349282 
-0.34000000 0.00000000 -1494.45271375 58605.81714012 
-0.32000000 0.00000000 -1494.42418743 58605.80087907 
-0.30000000 0.00000000 -1460.51599635 58599.79416447 
-0.28000000 0.00000000 -1460.46686976 58599.76829978 
-0.26000000 0.00000000 -1494.36066565 58605.73522098 
-0.24000000 0.00000000 -1494.34930956 58605.67149699 
-0.22000000 0.00000000 -1494.34109486 58605.56347227 
-0.20000000 0.00000000 -1494.37409279 58605.40835583 
-0.18000000 0.00000000 -1460.89066955 58598.83684823 
-0.16000000 0.00000000 -1461.29539439 58598.33789537 
-0.14000000 0.00000000 -1494.68404183 58604.47878311 
-0.12000000 0.00000000 -1495.00283894 58604.01417731 
-0.10000000 0.00000000 -1495.34939843 58603.41802647 
-0.08000000 0.00000000 -1495.80508628 58602.71493528 
-0.06000000 0.00000000 -1466.42106829 58593.33322843 
-0.04000000 0.00000000 -1468.19302754 58591.84814448 
-0.02000000 0.00000000 -1497.23936544 58599.71282931 
0.00000000 0.00000000 -1498.34657806 58598.74951672 
0.02000000 0.00000000 -1499.49719767 58597.73626283 
0.04000000 0.00000000 -1500.83067786 58596.79056808 
0.06000000 0.00000000 -1495.34723404 58591.94706471 
0.08000000 0.00000000 -1501.40049436 58593.63136555 
0.10000000 0.00000000 -1502.65057964 58592.69877170 
0.12000000 0.00000000 -1504.04312429 58591.97768358 
0.14000000 0.00000000 -1560.70944402 58796.46256804 
0.16000000 0.00000000 -1562.81787122 58784.59594882 
0.18000000 0.00000000 -1507.92841891 58590.44733913 
0.20000000 0.00000000 -1509.01291959 58590.01955178 
0.22000000 0.00000000 -1510.18283245 58589.75447782 
0.24000000 0.00000000 -1511.36013179 58589.56961921 
0.26000000 0.00000000 -1514.36378634 58591.16646708 
0.28000000 0.00000000 -1515.51318276 58591.12919569 
0.30000000 0.00000000 -1516.62625428 58591.13441832 
0.32000000 0.00000000 -1517.67246163 58591.18199509 
0.34000000 0.00000000 -1518.59820731 58591.25825572 
0.36000000 0.00000000 -1519.31017648 58591.30966350 
0.38000000 0.00000000 -1519.80007125 58591.36845553 
0.40000000 0.00000000 -1495.11855887 58921.58610134 
0.42000000 0.00000000 -1495.33905532 58921.40975173 
0.44000000 0.00000000 -1519.50131339 58591.37451983 
0.46000000 0.00000000 -1518.80971790 58591.32185353 
0.48000000 0.00000000 -1517.89027436 58591.27583880 
0.50000000 0.00000000 -1516.76091202 58591.21414532 
0.52000000 0.00000000 -1515.50151897 58591.17341783 
0.54000000 0.00000000 -1514.18056167 58591.17759726 
0.56000000 0.00000000 -1512.84470993 58591.23511135 
0.58000000 0.00000000 -1509.62449881 58589.68669918 
0.60000000 0.00000000 -1508.29326346 58589.88335792 
0.62000000 0.00000000 -1506.99391242 58590.14698884 
0.64000000 0.00000000 -1505.70219126 58590.47104560 
0.66000000 0.00000000 -1565.31001230 58763.27398468 
0.68000000 0.00000000 -1564.58519599 58770.51949762 
0.70000000 0.00000000 -1501.76820112 58591.90005950 
0.72000000 0.00000000 -1500.38830487 58592.53090443 
0.74000000 0.00000000 -1499.07796616 58593.29938896 
0.76000000 0.00000000 -1497.64058651 58594.06822187 
0.78000000 0.00000000 -1496.45242149 58595.02377408 
0.80000000 0.00000000 -1495.08425107 58595.89906486 
0.82000000 0.00000000 -1493.77611832 58596.79616099 
0.84000000 0.00000000 -1492.58681129 58597.70909356 
0.86000000 0.00000000 -1485.87224305 58596.52381449 
0.88000000 0.00000000 -1484.76188304 58597.47959962 
0.90000000 0.00000000 -1496.54556727 58602.97678549 
0.92000000 0.00000000 -1513.62002588 58613.69834542 
0.94000000 0.00000000 -1482.33508201 58599.96826254 
0.96000000 0.00000000 -1481.81934452 58600.64421544 
0.98000000 0.00000000 -1474.96789375 58600.05496238 

