-1.00000000 0.00000000 684.27021389 61475.11012831 
-0.98000000 0.00000000 684.80623669 61474.24907081 
-0.96000000 0.00000000 684.95290860 61472.66096375 
-0.94000000 0.00000000 717.95629529 61568.58717878 
-0.92000000 0.00000000 717.50858401 61565.92657577 
-0.90000000 0.00000000 660.40328641 61386.37443869 
-0.88000000 0.00000000 659.96433895 61384.19300307 
-0.86000000 0.00000000 659.37329795 61381.62025078 
-0.84000000 0.00000000 780.41227083 61718.76985590 
-0.82000000 0.00000000 780.69331099 61718.80376440 
-0.80000000 0.00000000 680.45499856 61452.27114626 
-0.78000000 0.00000000 647.84119603 61337.73948070 
-0.76000000 0.00000000 647.43481227 61335.91492353 
-0.74000000 0.00000000 647.13079451 61334.47781384 
-0.72000000 0.00000000 646.11526471 61330.31407228 
-0.70000000 0.00000000 681.66918042 61454.61856507 
-0.68000000 0.00000000 681.48426100 61453.87652417 
-0.66000000 0.00000000 780.84702568 61715.65106696 
-0.64000000 0.00000000 780.40790527 61714.89427287 
-0.62000000 0.00000000 681.06138396 61453.02782482 
-0.60000000 0.00000000 779.81551912 61714.95968446 
-0.58000000 0.00000000 779.69548173 61715.86036182 
-0.56000000 0.00000000 680.72953983 61454.22941607 
-0.54000000 0.00000000 645.19555178 61329.77188641 
-0.52000000 0.00000000 645.97318896 61333.78571112 
-0.50000000 0.00000000 646.02083580 61334.98184054 
-0.48000000 0.00000000 646.08847467 61336.22020449 
-0.46000000 0.00000000 646.30760703 61337.96925791 
-0.44000000 0.00000000 775.66813357 61718.12705894 
-0.42000000 0.00000000 775.28935171 61718.39738729 
-0.40000000 0.00000000 646.40556296 61340.21791029 
-0.38000000 0.00000000 646.44510085 61340.66754022 
-0.36000000 0.00000000 646.44027636 61340.79042265 
-0.34000000 0.00000000 646.42547552 61340.74495291 
-0.32000000 0.00000000 646.40046379 61340.56669666 
-0.30000000 0.00000000 776.45340770 61722.62435883 
-0.28000000 0.00000000 776.51508756 61722.56672514 
-0.26000000 0.00000000 646.24730210 61339.69610964 
-0.24000000 0.00000000 646.18984902 61339.60038648 
-0.22000000 0.00000000 646.15394699 61339.84113189 
-0.20000000 0.00000000 646.05941763 61340.21598476 
-0.18000000 0.00000000 775.33148308 61723.34041720 
-0.16000000 0.00000000 774.33084271 61723.70357656 
-0.14000000 0.00000000 645.72950357 61344.45610176 
-0.12000000 0.00000000 645.30524950 61346.13509612 
-0.10000000 0.00000000 644.97766716 61349.13232017 
-0.08000000 0.00000000 644.55269613 61352.76824301 
-0.06000000 0.00000000 762.44437398 61727.93386772 
-0.04000000 0.00000000 758.46901539 61729.22472026 
-0.02000000 0.00000000 644.44062057 61374.95354159 
0.00000000 0.00000000 643.08784507 61379.04399118 
0.02000000 0.00000000 641.77728359 61384.05021514 
0.04000000 0.00000000 640.05917228 61387.84244735 
0.06000000 0.00000000 660.26709619 61482.78749224 
0.08000000 0.00000000 643.19939250 61424.76942583 
0.10000000 0.00000000 641.87378164 61430.76927941 
0.12000000 0.00000000 640.00082734 61433.87104632 
0.14000000 0.00000000 499.32756733 59930.54891308 
0.16000000 0.00000000 500.09060389 59986.73765121 
0.18000000 0.00000000 634.59725209 61440.00391714 
0.20000000 0.00000000 633.31952965 61443.30247906 
0.22000000 0.00000000 631.73100710 61444.74154799 
0.24000000 0.00000000 630.12655322 61445.84582801 
0.26000000 0.00000000 622.47504456 61416.28141486 
0.28000000 0.00000000 620.97317449 61417.17028753 
0.30000000 0.00000000 619.54192055 61418.05979442 
0.32000000 0.00000000 618.19474436 61418.74769155 
0.34000000 0.00000000 616.99625395 61419.20720929 
0.36000000 0.00000000 616.13153067 61420.02395051 
0.38000000 0.00000000 615.51697754 61420.37546364 
0.40000000 0.00000000 497.96646197 59123.10467165 
0.42000000 0.00000000 497.94032930 59125.34178834 
0.44000000 0.00000000 615.93087212 61420.40585719 
0.46000000 0.00000000 616.82573278 61420.08860976 
0.48000000 0.00000000 617.98592491 61419.38250193 
0.50000000 0.00000000 619.46610015 61418.96521307 
0.52000000 0.00000000 621.13028656 61418.53534104 
0.54000000 0.00000000 622.87370067 61417.94183760 
0.56000000 0.00000000 624.64190653 61417.22475545 
0.58000000 0.00000000 632.69845248 61447.20640660 
0.60000000 0.00000000 634.56099765 61446.56572023 
0.62000000 0.00000000 636.39519382 61445.80793768 
0.64000000 0.00000000 638.26005986 61445.11381613 
0.66000000 0.00000000 502.88135317 60096.41484680 
0.68000000 0.00000000 502.28406786 60062.24356070 
0.70000000 0.00000000 644.02437901 61442.05638042 
0.72000000 0.00000000 646.07695210 61440.77570489 
0.74000000 0.00000000 647.85269361 61437.93408165 
0.76000000 0.00000000 650.02081340 61436.49677780 
0.78000000 0.00000000 651.40990441 61431.78594931 
0.80000000 0.00000000 653.44836828 61429.87101662 
0.82000000 0.00000000 655.41145687 61427.94345001 
0.84000000 0.00000000 657.15994036 61425.64806714 
0.86000000 0.00000000 677.32431105 61490.44462597 
0.88000000 0.00000000 679.13665229 61488.57146257 
0.90000000 0.00000000 641.97901809 61343.89279961 
0.92000000 0.00000000 602.20871553 61154.51523838 
0.94000000 0.00000000 683.10002003 61482.91586851 
0.96000000 0.00000000 683.92482133 61481.00591864 
0.98000000 0.00000000 708.13637743 61551.27557429 

