-1.00000000 0.00000000 472.84926690 59110.86759078 
-0.98000000 0.00000000 473.15521827 59108.86242855 
-0.96000000 0.00000000 473.45312973 59105.31572888 
-0.94000000 0.00000000 468.63053706 59311.36843304 
-0.92000000 0.00000000 468.91308568 59305.55486476 
-0.90000000 0.00000000 478.76668568 58920.61832990 
-0.88000000 0.00000000 478.96946816 58915.86575672 
-0.86000000 0.00000000 479.17975267 58910.29291401 
-0.84000000 0.00000000 462.09156398 59637.38026966 
-0.82000000 0.00000000 462.15478932 59637.44099700 
-0.80000000 0.00000000 475.25062779 59060.93281644 
-0.78000000 0.00000000 482.01980824 58816.61234092 
-0.76000000 0.00000000 482.16867785 58812.66476324 
-0.74000000 0.00000000 482.29259698 58809.54425033 
-0.72000000 0.00000000 482.58588649 58800.63559925 
-0.70000000 0.00000000 475.30488308 59065.68532878 
-0.68000000 0.00000000 475.36356493 59064.06550491 
-0.66000000 0.00000000 462.66570504 59630.47316007 
-0.64000000 0.00000000 462.67810873 59628.80002258 
-0.62000000 0.00000000 475.36192709 59062.25495732 
-0.60000000 0.00000000 462.53904332 59628.88943075 
-0.58000000 0.00000000 462.38410799 59630.82233242 
-0.56000000 0.00000000 475.06332718 59065.00429225 
-0.54000000 0.00000000 482.31873712 58799.77001313 
-0.52000000 0.00000000 481.96152637 58808.42334323 
-0.50000000 0.00000000 481.78103047 58811.09352550 
-0.48000000 0.00000000 481.60137854 58813.84953088 
-0.46000000 0.00000000 481.39724665 58817.68082504 
-0.44000000 0.00000000 461.17097264 59635.45980438 
-0.42000000 0.00000000 461.04766953 59636.02204666 
-0.40000000 0.00000000 481.05671611 58822.70594065 
-0.38000000 0.00000000 480.99435156 58823.70517009 
-0.36000000 0.00000000 480.96769963 58823.99207754 
-0.34000000 0.00000000 480.96422415 58823.90588486 
-0.32000000 0.00000000 480.97803303 58823.52601921 
-0.30000000 0.00000000 460.68783506 59645.22829602 
-0.28000000 0.00000000 460.70466837 59645.11216068 
-0.26000000 0.00000000 481.04246897 58821.65491267 
-0.24000000 0.00000000 481.03011728 58821.45873968 
-0.22000000 0.00000000 480.97224852 58821.99592998 
-0.20000000 0.00000000 480.87164722 58822.84415721 
-0.18000000 0.00000000 460.32010593 59646.66032018 
-0.16000000 0.00000000 460.05202871 59647.34153580 
-0.14000000 0.00000000 480.06753340 58832.23158983 
-0.12000000 0.00000000 479.64736564 58836.02028333 
-0.10000000 0.00000000 479.06119300 58842.66214357 
-0.08000000 0.00000000 478.34688138 58850.71459676 
-0.06000000 0.00000000 456.94255099 59655.24332373 
-0.04000000 0.00000000 455.93005498 59657.63112271 
-0.02000000 0.00000000 474.95748290 58899.08152079 
0.00000000 0.00000000 473.89016937 58908.26071707 
0.02000000 0.00000000 472.71387878 58919.39878758 
0.04000000 0.00000000 471.58774892 58927.97041057 
0.06000000 0.00000000 464.61531012 59129.74785713 
0.08000000 0.00000000 467.39627520 59007.17004561 
0.10000000 0.00000000 466.15067572 59020.32610143 
0.12000000 0.00000000 465.14320413 59027.31691842 
0.14000000 0.00000000 702.69109485 55907.14577057 
0.16000000 0.00000000 683.38876813 56022.03391873 
0.18000000 0.00000000 462.67258451 59041.39053069 
0.20000000 0.00000000 461.86406665 59048.67295058 
0.22000000 0.00000000 461.21420599 59052.00824879 
0.24000000 0.00000000 460.61078649 59054.62125925 
0.26000000 0.00000000 462.11568575 58992.55929976 
0.28000000 0.00000000 461.56319111 58994.70826042 
0.30000000 0.00000000 461.03534129 58996.84161040 
0.32000000 0.00000000 460.55986197 58998.52700885 
0.34000000 0.00000000 460.15752720 58999.69905504 
0.36000000 0.00000000 459.80892958 59001.58054423 
0.38000000 0.00000000 459.59048624 59002.42978713 
0.40000000 0.00000000 1207.29877454 54350.08227929 
0.42000000 0.00000000 1204.96697342 54353.99655332 
0.44000000 0.00000000 459.71344587 59002.44706916 
0.46000000 0.00000000 460.01328026 59001.63986690 
0.48000000 0.00000000 460.43810569 58999.96284789 
0.50000000 0.00000000 460.92055942 58998.85434962 
0.52000000 0.00000000 461.45894025 58997.69138245 
0.54000000 0.00000000 462.04258130 58996.16623423 
0.56000000 0.00000000 462.65190997 58994.37129485 
0.58000000 0.00000000 461.18671109 59057.34512640 
0.60000000 0.00000000 461.80229066 59055.72543663 
0.62000000 0.00000000 462.43122736 59053.85583274 
0.64000000 0.00000000 463.06838728 59052.11518425 
0.66000000 0.00000000 651.14678348 56245.29566870 
0.68000000 0.00000000 661.38083157 56174.80639099 
0.70000000 0.00000000 465.20680056 59044.76215756 
0.72000000 0.00000000 466.00953111 59041.72562835 
0.74000000 0.00000000 466.94848956 59035.36566282 
0.76000000 0.00000000 467.82265601 59031.96422438 
0.78000000 0.00000000 468.91972820 59021.60881300 
0.80000000 0.00000000 469.83583704 59017.17268840 
0.82000000 0.00000000 470.73649287 59012.70762869 
0.84000000 0.00000000 471.62875136 59007.46383454 
0.86000000 0.00000000 468.47167950 59145.12978976 
0.88000000 0.00000000 469.27795193 59140.89162460 
0.90000000 0.00000000 478.69574560 58832.71694870 
0.92000000 0.00000000 492.71116400 58432.12321750 
0.94000000 0.00000000 471.30111062 59128.13800416 
0.96000000 0.00000000 471.84122923 59123.85109249 
0.98000000 0.00000000 468.45936803 59274.44179641 

