-1.00000000 0.00000000 1969.73010483 58913.31877800 
-0.98000000 0.00000000 1970.20837594 58914.26750391 
-0.96000000 0.00000000 1970.64946720 58914.66099036 
-0.94000000 0.00000000 1967.47044973 58949.16608936 
-0.92000000 0.00000000 1967.86026540 58948.93439314 
-0.90000000 0.00000000 1975.56065798 58883.66200295 
-0.88000000 0.00000000 1975.82017157 58882.96723482 
-0.86000000 0.00000000 1976.07394888 58882.04417149 
-0.84000000 0.00000000 1964.96792435 58998.45013943 
-0.82000000 0.00000000 1965.11599112 58998.72408545 
-0.80000000 0.00000000 1972.83542935 58909.29986332 
-0.78000000 0.00000000 1978.95103940 58864.73681742 
-0.76000000 0.00000000 1979.11425368 58864.03113749 
-0.74000000 0.00000000 1979.24724816 58863.49441017 
-0.72000000 0.00000000 1979.54794161 58861.86417422 
-0.70000000 0.00000000 1972.99412317 58910.65180332 
-0.68000000 0.00000000 1973.04094283 58910.41615699 
-0.66000000 0.00000000 1965.85271630 58999.43031352 
-0.64000000 0.00000000 1965.81250432 58999.08459169 
-0.62000000 0.00000000 1972.97431634 58909.80600434 
-0.60000000 0.00000000 1965.53248906 58998.36502895 
-0.58000000 0.00000000 1965.29273297 58998.01159475 
-0.56000000 0.00000000 1972.56706320 58909.15888688 
-0.54000000 0.00000000 1979.16419667 58860.26528123 
-0.52000000 0.00000000 1978.77750552 58861.47214137 
-0.50000000 0.00000000 1978.57235805 58861.54743051 
-0.48000000 0.00000000 1978.36755135 58861.65838930 
-0.46000000 0.00000000 1978.13695089 58862.00698520 
-0.44000000 0.00000000 1963.16701308 58992.74874280 
-0.42000000 0.00000000 1962.94510971 58992.25026386 
-0.40000000 0.00000000 1977.71718788 58862.25079060 
-0.38000000 0.00000000 1977.62544811 58862.36637903 
-0.36000000 0.00000000 1977.56714582 58862.42712634 
-0.34000000 0.00000000 1977.52857266 58862.48463184 
-0.32000000 0.00000000 1977.50285520 58862.53661596 
-0.30000000 0.00000000 1962.30414580 58992.82758675 
-0.28000000 0.00000000 1962.25902993 58992.95506354 
-0.26000000 0.00000000 1977.41256553 58862.59057116 
-0.24000000 0.00000000 1977.33384483 58862.57916402 
-0.22000000 0.00000000 1977.20140373 58862.57113864 
-0.20000000 0.00000000 1977.01959805 58862.42595520 
-0.18000000 0.00000000 1961.14699122 58991.42671447 
-0.16000000 0.00000000 1960.59080607 58990.08396309 
-0.14000000 0.00000000 1975.94264961 58861.42322183 
-0.12000000 0.00000000 1975.43598716 58860.36558638 
-0.10000000 0.00000000 1974.77019756 58859.28504468 
-0.08000000 0.00000000 1973.99247428 58857.86662406 
-0.06000000 0.00000000 1955.23227790 58973.33020392 
-0.04000000 0.00000000 1953.69112647 58967.53239797 
-0.02000000 0.00000000 1970.53542440 58853.98236754 
0.00000000 0.00000000 1969.55807784 58850.34338080 
0.02000000 0.00000000 1968.52317461 58846.59165703 
0.04000000 0.00000000 1967.61002359 58842.13078498 
0.06000000 0.00000000 1960.18088807 58865.69870070 
0.08000000 0.00000000 1963.68237801 58841.94076989 
0.10000000 0.00000000 1962.74820167 58837.84942321 
0.12000000 0.00000000 1962.11385240 58833.10831300 
0.14000000 0.00000000 2270.64638761 58434.83722331 
0.16000000 0.00000000 2251.81604898 58438.50359307 
0.18000000 0.00000000 1960.93643305 58819.73672123 
0.20000000 0.00000000 1960.58995454 58816.09471497 
0.22000000 0.00000000 1960.46487650 58812.07164565 
0.24000000 0.00000000 1960.43556113 58808.01616791 
0.26000000 0.00000000 1963.12315908 58795.92281563 
0.28000000 0.00000000 1963.26076539 58791.94479018 
0.30000000 0.00000000 1963.43923870 58788.09284746 
0.32000000 0.00000000 1963.65629385 58784.46009980 
0.34000000 0.00000000 1963.88825744 58781.23265877 
0.36000000 0.00000000 1964.05140406 58778.77351517 
0.38000000 0.00000000 1964.19225638 58777.06848955 
0.40000000 0.00000000 2494.07509886 58582.24248718 
0.42000000 0.00000000 2493.71337868 58581.43893012 
0.44000000 0.00000000 1964.14367221 58778.13381051 
0.46000000 0.00000000 1963.97251136 58780.55481208 
0.48000000 0.00000000 1963.77666754 58783.74918473 
0.50000000 0.00000000 1963.52456578 58787.68731112 
0.52000000 0.00000000 1963.27480578 58792.06866535 
0.54000000 0.00000000 1963.06756091 58796.64492382 
0.56000000 0.00000000 1962.91930272 58801.25799475 
0.58000000 0.00000000 1960.25092536 58814.07043284 
0.60000000 0.00000000 1960.26311054 58818.64740526 
0.62000000 0.00000000 1960.35781108 58823.11370145 
0.64000000 0.00000000 1960.52197157 58827.56582544 
0.66000000 0.00000000 2217.50289664 58450.30273170 
0.68000000 0.00000000 2228.58033155 58445.98206931 
0.70000000 0.00000000 1961.54553779 58841.12658783 
0.72000000 0.00000000 1962.06036796 58845.87771724 
0.74000000 0.00000000 1962.76458972 58850.30825581 
0.76000000 0.00000000 1963.43746434 58855.24047006 
0.78000000 0.00000000 1964.40252224 58859.14568829 
0.80000000 0.00000000 1965.22134748 58863.80086161 
0.82000000 0.00000000 1966.07882366 58868.24222416 
0.84000000 0.00000000 1966.98036564 58872.25399985 
0.86000000 0.00000000 1963.98155433 58898.23342353 
0.88000000 0.00000000 1964.96237083 58901.96035520 
0.90000000 0.00000000 1974.47873394 58854.72152612 
0.92000000 0.00000000 1991.48703610 58784.02389450 
0.94000000 0.00000000 1967.61311736 58910.10736952 
0.96000000 0.00000000 1968.36387063 58911.84293544 
0.98000000 0.00000000 1966.09877860 58937.99822079 

