-1.00000000 0.00000000 -1244.14498846 58876.59669351 
-0.98000000 0.00000000 -1244.75647075 58877.33238190 
-0.96000000 0.00000000 -1245.25576609 58877.56038983 
-0.94000000 0.00000000 -1246.63951488 58910.87006562 
-0.92000000 0.00000000 -1247.00371196 58910.52893673 
-0.90000000 0.00000000 -1246.07661391 58846.97004885 
-0.88000000 0.00000000 -1246.24518236 58846.23772216 
-0.86000000 0.00000000 -1246.37732536 58845.29333857 
-0.84000000 0.00000000 -1250.66543760 58957.77700482 
-0.82000000 0.00000000 -1250.85201138 58957.98576106 
-0.80000000 0.00000000 -1246.74776465 58871.85014165 
-0.78000000 0.00000000 -1246.96103845 58828.16673765 
-0.76000000 0.00000000 -1247.03074171 58827.45413084 
-0.74000000 0.00000000 -1247.09267809 58826.90932109 
-0.72000000 0.00000000 -1247.17723928 58825.28637527 
-0.70000000 0.00000000 -1247.08759526 58873.06638709 
-0.68000000 0.00000000 -1247.10336555 58872.83088985 
-0.66000000 0.00000000 -1251.69359689 58958.40818633 
-0.64000000 0.00000000 -1251.60652212 58958.09787099 
-0.62000000 0.00000000 -1246.95421366 58872.28099964 
-0.60000000 0.00000000 -1251.22555048 58957.51574498 
-0.58000000 0.00000000 -1250.93442256 58957.26300646 
-0.56000000 0.00000000 -1246.45548923 58871.80533281 
-0.54000000 0.00000000 -1246.57516654 58823.90973913 
-0.52000000 0.00000000 -1246.34685845 58825.16344908 
-0.50000000 0.00000000 -1246.15000738 58825.29897064 
-0.48000000 0.00000000 -1245.95832634 58825.46776593 
-0.46000000 0.00000000 -1245.77252053 58825.86741828 
-0.44000000 0.00000000 -1248.07089751 58953.03032896 
-0.42000000 0.00000000 -1247.77908312 58952.63575843 
-0.40000000 0.00000000 -1245.38251110 58826.22790200 
-0.38000000 0.00000000 -1245.30588143 58826.36474108 
-0.36000000 0.00000000 -1245.25571780 58826.43945870 
-0.34000000 0.00000000 -1245.22509268 58826.50476726 
-0.32000000 0.00000000 -1245.20674679 58826.56071762 
-0.30000000 0.00000000 -1247.20717437 58953.37907005 
-0.28000000 0.00000000 -1247.17887604 58953.51173012 
-0.26000000 0.00000000 -1245.12471736 58826.63673229 
-0.24000000 0.00000000 -1245.04415727 58826.64996202 
-0.22000000 0.00000000 -1244.90959552 58826.68353345 
-0.20000000 0.00000000 -1244.70647114 58826.60445765 
-0.18000000 0.00000000 -1245.84429456 58952.43615574 
-0.16000000 0.00000000 -1245.09852693 58951.35943875 
-0.14000000 0.00000000 -1243.48125991 58826.00696945 
-0.12000000 0.00000000 -1242.82535450 58825.17795147 
-0.10000000 0.00000000 -1242.00484852 58824.37883237 
-0.08000000 0.00000000 -1241.02516072 58823.29944706 
-0.06000000 0.00000000 -1237.40423981 58937.42156953 
-0.04000000 0.00000000 -1235.06222342 58932.49660050 
-0.02000000 0.00000000 -1236.99608525 58820.77176745 
0.00000000 0.00000000 -1235.51494799 58817.67719859 
0.02000000 0.00000000 -1233.96049615 58814.49546953 
0.04000000 0.00000000 -1232.43419701 58810.61000988 
0.06000000 0.00000000 -1228.06876560 58835.08051299 
0.08000000 0.00000000 -1228.42885128 58811.69703273 
0.10000000 0.00000000 -1226.93227200 58808.16477787 
0.12000000 0.00000000 -1225.65205230 58803.92711282 
0.14000000 0.00000000 -1475.02571504 58322.08534305 
0.16000000 0.00000000 -1457.13350324 58332.64099449 
0.18000000 0.00000000 -1222.65901393 58791.77990586 
0.20000000 0.00000000 -1221.81676895 58788.48117746 
0.22000000 0.00000000 -1221.14668053 58784.75477629 
0.24000000 0.00000000 -1220.56854641 58780.96798905 
0.26000000 0.00000000 -1221.65141151 58768.77071143 
0.28000000 0.00000000 -1221.25056509 58765.00363136 
0.30000000 0.00000000 -1220.90780208 58761.34182127 
0.32000000 0.00000000 -1220.63355593 58757.87288081 
0.34000000 0.00000000 -1220.42925528 58754.77845562 
0.36000000 0.00000000 -1220.25967274 58752.42543837 
0.38000000 0.00000000 -1220.17005860 58750.78508870 
0.40000000 0.00000000 -1718.36471834 58369.88299891 
0.42000000 0.00000000 -1717.87303495 58369.28740733 
0.44000000 0.00000000 -1220.26561938 58751.79889854 
0.46000000 0.00000000 -1220.42178501 58754.11977191 
0.48000000 0.00000000 -1220.65807193 58757.17203011 
0.50000000 0.00000000 -1220.93837906 58760.93849307 
0.52000000 0.00000000 -1221.28101665 58765.11894252 
0.54000000 0.00000000 -1221.69281683 58769.46809239 
0.56000000 0.00000000 -1222.16892017 58773.83287754 
0.58000000 0.00000000 -1221.20123372 58786.69626256 
0.60000000 0.00000000 -1221.83260718 58790.97627828 
0.62000000 0.00000000 -1222.53197848 58795.12685268 
0.64000000 0.00000000 -1223.29911547 58799.24264818 
0.66000000 0.00000000 -1425.30923010 58356.53389094 
0.68000000 0.00000000 -1435.53031292 58348.37998169 
0.70000000 0.00000000 -1226.16228399 58811.61456852 
0.72000000 0.00000000 -1227.32272734 58815.89971873 
0.74000000 0.00000000 -1228.63179555 58819.82362140 
0.76000000 0.00000000 -1229.97639449 58824.22761721 
0.78000000 0.00000000 -1231.47927622 58827.57538314 
0.80000000 0.00000000 -1232.93468430 58831.67268145 
0.82000000 0.00000000 -1234.40062109 58835.55713416 
0.84000000 0.00000000 -1235.85361126 58839.02496167 
0.86000000 0.00000000 -1236.29196803 58864.31755515 
0.88000000 0.00000000 -1237.78669573 58867.49152702 
0.90000000 0.00000000 -1241.09752216 58820.19424683 
0.92000000 0.00000000 -1248.71686351 58748.45089401 
0.94000000 0.00000000 -1241.56801792 58874.26763282 
0.96000000 0.00000000 -1242.56202777 58875.65186876 
0.98000000 0.00000000 -1243.75731418 58900.85867919 

