-1.00000000 0.00000000 328.68861354 63815.82046699 
-0.98000000 0.00000000 328.66255033 63815.81988952 
-0.96000000 0.00000000 328.61264591 63815.81878473 
-0.94000000 0.00000000 332.31303446 63815.89922438 
-0.92000000 0.00000000 332.19682465 63815.89673831 
-0.90000000 0.00000000 326.10349056 63815.76265378 
-0.88000000 0.00000000 326.05177695 63815.76148268 
-0.86000000 0.00000000 325.99048934 63815.76009426 
-0.84000000 0.00000000 340.98236780 63816.07677406 
-0.82000000 0.00000000 340.98532061 63816.07682880 
-0.80000000 0.00000000 327.98411017 63815.80483520 
-0.78000000 0.00000000 324.96440172 63815.73674769 
-0.76000000 0.00000000 324.92771396 63815.73590850 
-0.74000000 0.00000000 324.89962217 63815.73526565 
-0.72000000 0.00000000 324.81172612 63815.73325446 
-0.70000000 0.00000000 328.07158815 63815.80677521 
-0.68000000 0.00000000 328.05057678 63815.80630755 
-0.66000000 0.00000000 340.75797046 63816.07234811 
-0.64000000 0.00000000 340.70333763 63816.07127370 
-0.62000000 0.00000000 328.02839935 63815.80581342 
-0.60000000 0.00000000 340.70847623 63816.07137481 
-0.58000000 0.00000000 340.77394145 63816.07266201 
-0.56000000 0.00000000 328.06659761 63815.80666271 
-0.54000000 0.00000000 324.80695768 63815.73314328 
-0.52000000 0.00000000 324.89316438 63815.73511542 
-0.50000000 0.00000000 324.91771514 63815.73567681 
-0.48000000 0.00000000 324.94336608 63815.73626323 
-0.46000000 0.00000000 324.98072729 63815.73711711 
-0.44000000 0.00000000 340.93992425 63816.07593212 
-0.42000000 0.00000000 340.95997724 63816.07632650 
-0.40000000 0.00000000 325.02841144 63815.73820643 
-0.38000000 0.00000000 325.03843700 63815.73843535 
-0.36000000 0.00000000 325.04148025 63815.73850476 
-0.34000000 0.00000000 325.04103726 63815.73849453 
-0.32000000 0.00000000 325.03782382 63815.73842102 
-0.30000000 0.00000000 341.27310280 63816.08245532 
-0.28000000 0.00000000 341.26867342 63816.08236810 
-0.26000000 0.00000000 325.02090863 63815.73803438 
-0.24000000 0.00000000 325.01934739 63815.73799869 
-0.22000000 0.00000000 325.02500105 63815.73812785 
-0.20000000 0.00000000 325.03322970 63815.73831588 
-0.18000000 0.00000000 341.31552553 63816.08328403 
-0.16000000 0.00000000 341.33674989 63816.08370023 
-0.14000000 0.00000000 325.12517114 63815.74041565 
-0.12000000 0.00000000 325.16088277 63815.74123091 
-0.10000000 0.00000000 325.22653223 63815.74272871 
-0.08000000 0.00000000 325.30711039 63815.74456593 
-0.06000000 0.00000000 341.59206107 63816.08869977 
-0.04000000 0.00000000 341.67020176 63816.09022753 
-0.02000000 0.00000000 325.82806995 63815.75641127 
0.00000000 0.00000000 325.92559882 63815.75862331 
0.02000000 0.00000000 326.04776936 63815.76139139 
0.04000000 0.00000000 326.14052123 63815.76349121 
0.06000000 0.00000000 328.96049654 63815.82646959 
0.08000000 0.00000000 327.13915755 63815.78598049 
0.10000000 0.00000000 327.30942029 63815.78979561 
0.12000000 0.00000000 327.39700433 63815.79175644 
0.14000000 0.00000000 315.86606166 63815.52036221 
0.16000000 0.00000000 315.92418830 63815.52179604 
0.18000000 0.00000000 327.56964048 63815.79561757 
0.20000000 0.00000000 327.66606003 63815.79777052 
0.22000000 0.00000000 327.70666260 63815.79867691 
0.24000000 0.00000000 327.73729890 63815.79936065 
0.26000000 0.00000000 326.86813477 63815.77990451 
0.28000000 0.00000000 326.89061390 63815.78040992 
0.30000000 0.00000000 326.91344908 63815.78092316 
0.32000000 0.00000000 326.93096466 63815.78131677 
0.34000000 0.00000000 326.94240745 63815.78157389 
0.36000000 0.00000000 326.96436595 63815.78206708 
0.38000000 0.00000000 326.97355119 63815.78227338 
0.40000000 0.00000000 315.26284572 63815.50540920 
0.42000000 0.00000000 315.26375970 63815.50543193 
0.44000000 0.00000000 326.97436615 63815.78229175 
0.46000000 0.00000000 326.96608563 63815.78210582 
0.48000000 0.00000000 326.94713109 63815.78168017 
0.50000000 0.00000000 326.93666618 63815.78144513 
0.52000000 0.00000000 326.92609048 63815.78120757 
0.54000000 0.00000000 326.91106505 63815.78087002 
0.56000000 0.00000000 326.89264499 63815.78045615 
0.58000000 0.00000000 327.77670142 63815.80024034 
0.60000000 0.00000000 327.75896750 63815.79984493 
0.62000000 0.00000000 327.73741665 63815.79936435 
0.64000000 0.00000000 327.71751476 63815.79892044 
0.66000000 0.00000000 316.06091992 63815.52516907 
0.68000000 0.00000000 316.01466938 63815.52402919 
0.70000000 0.00000000 327.62610925 63815.79688073 
0.72000000 0.00000000 327.58721488 63815.79601230 
0.74000000 0.00000000 327.50135873 63815.79409445 
0.76000000 0.00000000 327.45789051 63815.79312276 
0.78000000 0.00000000 327.31777628 63815.78998858 
0.80000000 0.00000000 327.26117264 63815.78872111 
0.82000000 0.00000000 327.20472414 63815.78745644 
0.84000000 0.00000000 327.13825094 63815.78596637 
0.86000000 0.00000000 329.20253065 63815.83180693 
0.88000000 0.00000000 329.13778296 63815.83038116 
0.90000000 0.00000000 325.03773040 63815.73843159 
0.92000000 0.00000000 321.66583781 63815.66025502 
0.94000000 0.00000000 328.94621185 63815.82615732 
0.96000000 0.00000000 328.88286231 63815.82475883 
0.98000000 0.00000000 331.55343296 63815.88294705 

