-1.00000000 0.00000000 -1567.75055735 58675.37984017 
-0.98000000 0.00000000 -1567.40981736 58675.15504851 
-0.96000000 0.00000000 -1567.13857273 58675.15437145 
-0.94000000 0.00000000 -1565.84014077 58659.81067788 
-0.92000000 0.00000000 -1565.65683304 58660.05052359 
-0.90000000 0.00000000 -1567.10108635 58689.62239229 
-0.88000000 0.00000000 -1567.02039851 58690.02309609 
-0.86000000 0.00000000 -1566.96197313 58690.51362348 
-0.84000000 0.00000000 -1562.68413436 58638.54549949 
-0.82000000 0.00000000 -1562.58676556 58638.48787662 
-0.80000000 0.00000000 -1566.44265589 58678.27447587 
-0.78000000 0.00000000 -1566.83022231 58698.62956525 
-0.76000000 0.00000000 -1566.80046224 58698.98632675 
-0.74000000 0.00000000 -1566.77300416 58699.26124778 
-0.72000000 0.00000000 -1566.74284346 58700.03409231 
-0.70000000 0.00000000 -1566.25416136 58677.81153893 
-0.68000000 0.00000000 -1566.24997011 58677.92682369 
-0.66000000 0.00000000 -1562.16412004 58638.43668795 
-0.64000000 0.00000000 -1562.21826833 58638.56880744 
-0.62000000 0.00000000 -1566.33908880 58678.15503513 
-0.60000000 0.00000000 -1562.43113463 58638.78892617 
-0.58000000 0.00000000 -1562.58795009 58638.86883718 
-0.56000000 0.00000000 -1566.61310162 58678.27715621 
-0.54000000 0.00000000 -1567.08963652 58700.52298982 
-0.52000000 0.00000000 -1567.20309593 58699.89069931 
-0.50000000 0.00000000 -1567.30960797 58699.77771793 
-0.48000000 0.00000000 -1567.41270537 58699.64968739 
-0.46000000 0.00000000 -1567.51003310 58699.41625366 
-0.44000000 0.00000000 -1564.16845218 58640.46519813 
-0.42000000 0.00000000 -1564.32698472 58640.60498494 
-0.40000000 0.00000000 -1567.71647036 58699.12884227 
-0.38000000 0.00000000 -1567.75525915 58699.03358775 
-0.36000000 0.00000000 -1567.77993217 58698.97054865 
-0.34000000 0.00000000 -1567.79383244 58698.91399711 
-0.32000000 0.00000000 -1567.80103432 58698.86239579 
-0.30000000 0.00000000 -1564.58489949 58640.09025653 
-0.28000000 0.00000000 -1564.59385014 58639.99979581 
-0.26000000 0.00000000 -1567.83939325 58698.73603925 
-0.24000000 0.00000000 -1567.88245734 58698.68857674 
-0.22000000 0.00000000 -1567.95581816 58698.62325257 
-0.20000000 0.00000000 -1568.06912326 58698.60072864 
-0.18000000 0.00000000 -1565.32171212 58640.22529769 
-0.16000000 0.00000000 -1565.74536238 58640.63050012 
-0.14000000 0.00000000 -1568.76066818 58698.63374916 
-0.12000000 0.00000000 -1569.13781380 58698.91501716 
-0.10000000 0.00000000 -1569.60731262 58699.17193029 
-0.08000000 0.00000000 -1570.16941573 58699.55037909 
-0.06000000 0.00000000 -1570.19608046 58646.42357539 
-0.04000000 0.00000000 -1571.56449097 58648.55486584 
-0.02000000 0.00000000 -1572.45496366 58700.32367824 
0.00000000 0.00000000 -1573.31878956 58701.62896761 
0.02000000 0.00000000 -1574.22312048 58702.97905873 
0.04000000 0.00000000 -1575.11868499 58704.66346523 
0.06000000 0.00000000 -1577.19892018 58693.16770469 
0.08000000 0.00000000 -1577.31766335 58703.94656837 
0.10000000 0.00000000 -1578.18430784 58705.50405346 
0.12000000 0.00000000 -1578.93880448 58707.40428439 
0.14000000 0.00000000 -1460.79826703 58908.77593091 
0.16000000 0.00000000 -1468.50820354 58905.31227316 
0.18000000 0.00000000 -1580.71602205 58712.95082902 
0.20000000 0.00000000 -1581.20789880 58714.49558747 
0.22000000 0.00000000 -1581.60733698 58716.26189156 
0.24000000 0.00000000 -1581.95299567 58718.07954913 
0.26000000 0.00000000 -1581.48683053 58723.79092680 
0.28000000 0.00000000 -1581.72529677 58725.63404065 
0.30000000 0.00000000 -1581.92745609 58727.43880020 
0.32000000 0.00000000 -1582.08833336 58729.15615424 
0.34000000 0.00000000 -1582.20748971 58730.69268199 
0.36000000 0.00000000 -1582.30293766 58731.86990997 
0.38000000 0.00000000 -1582.35300791 58732.69181211 
0.40000000 0.00000000 -1370.47614737 58882.84855654 
0.42000000 0.00000000 -1370.63480723 58883.07465956 
0.44000000 0.00000000 -1582.29283818 58732.21094026 
0.46000000 0.00000000 -1582.20077312 58731.06540704 
0.48000000 0.00000000 -1582.06264416 58729.55477627 
0.50000000 0.00000000 -1581.89548505 58727.69583341 
0.52000000 0.00000000 -1581.68970048 58725.63650440 
0.54000000 0.00000000 -1581.44187399 58723.49970020 
0.56000000 0.00000000 -1581.15468313 58721.36501794 
0.58000000 0.00000000 -1581.54674705 58715.32525480 
0.60000000 0.00000000 -1581.16371718 58713.26435452 
0.62000000 0.00000000 -1580.74015502 58711.28778329 
0.64000000 0.00000000 -1580.27552200 58709.35261385 
0.66000000 0.00000000 -1482.12751724 58897.30512969 
0.68000000 0.00000000 -1477.50735447 58900.23105626 
0.70000000 0.00000000 -1578.55379931 58703.67621132 
0.72000000 0.00000000 -1577.85995547 58701.74953499 
0.74000000 0.00000000 -1577.08763168 58700.00745356 
0.76000000 0.00000000 -1576.28752466 58698.05729970 
0.78000000 0.00000000 -1575.41332757 58696.61185567 
0.80000000 0.00000000 -1574.55369798 58694.82973432 
0.82000000 0.00000000 -1573.69026402 58693.15677404 
0.84000000 0.00000000 -1572.83912988 58691.68599407 
0.86000000 0.00000000 -1572.22828740 58680.06228467 
0.88000000 0.00000000 -1571.35970334 58678.73974837 
0.90000000 0.00000000 -1570.15669461 58700.91071893 
0.92000000 0.00000000 -1566.55017818 58734.36218188 
0.94000000 0.00000000 -1569.18638190 58676.05099593 
0.96000000 0.00000000 -1568.62359453 58675.55325006 
0.98000000 0.00000000 -1567.55812610 58663.99477526 

