-1.00000000 0.00000000 -1066.23387729 56929.20129388 
-0.98000000 0.00000000 -1064.86252090 56932.38614398 
-0.96000000 0.00000000 -1064.90101233 56934.00712509 
-0.94000000 0.00000000 -955.39315216 57039.35784661 
-0.92000000 0.00000000 -957.06970253 57038.90316703 
-0.90000000 0.00000000 -1171.33930864 56855.59821469 
-0.88000000 0.00000000 -1173.85311614 56854.38889516 
-0.86000000 0.00000000 -1177.06073638 56852.59909055 
-0.84000000 0.00000000 -809.85474523 57218.16109473 
-0.82000000 0.00000000 -809.46996056 57219.34355189 
-0.80000000 0.00000000 -1085.18489082 56922.17508791 
-0.78000000 0.00000000 -1237.44330117 56815.62615821 
-0.76000000 0.00000000 -1239.92294975 56814.36378267 
-0.74000000 0.00000000 -1241.83383008 56813.43116402 
-0.72000000 0.00000000 -1247.65616697 56810.25344166 
-0.70000000 0.00000000 -1081.26664427 56926.63175886 
-0.68000000 0.00000000 -1082.09121598 56926.04231558 
-0.66000000 0.00000000 -809.94057395 57222.23906378 
-0.64000000 0.00000000 -810.75537640 57220.91109667 
-0.62000000 0.00000000 -1083.69775488 56924.25581219 
-0.60000000 0.00000000 -811.71401191 57218.27453069 
-0.58000000 0.00000000 -811.79416922 57217.05182862 
-0.56000000 0.00000000 -1084.34893316 56921.93015316 
-0.54000000 0.00000000 -1251.65727973 56805.81425936 
-0.52000000 0.00000000 -1246.85665201 56807.84319820 
-0.50000000 0.00000000 -1246.10759570 56807.58333457 
-0.48000000 0.00000000 -1245.25950369 56807.40194588 
-0.46000000 0.00000000 -1243.60833750 56807.72507514 
-0.44000000 0.00000000 -818.06687297 57197.96385348 
-0.42000000 0.00000000 -818.64328429 57196.10979056 
-0.40000000 0.00000000 -1242.07179070 56807.28249033 
-0.38000000 0.00000000 -1241.65026447 56807.28844272 
-0.36000000 0.00000000 -1241.53105797 56807.21830579 
-0.34000000 0.00000000 -1241.51462164 56807.16862348 
-0.32000000 0.00000000 -1241.58750012 56807.12292602 
-0.30000000 0.00000000 -815.95023935 57197.62536653 
-0.28000000 0.00000000 -815.80240831 57197.85922936 
-0.26000000 0.00000000 -1242.24437951 56806.72333498 
-0.24000000 0.00000000 -1242.42773489 56806.45853370 
-0.22000000 0.00000000 -1242.41700623 56806.13765989 
-0.20000000 0.00000000 -1242.62753297 56805.45870075 
-0.18000000 0.00000000 -817.59167534 57191.75261283 
-0.16000000 0.00000000 -819.30533699 57187.09569639 
-0.14000000 0.00000000 -1242.67677340 56801.67030433 
-0.12000000 0.00000000 -1244.07751224 56798.70595690 
-0.10000000 0.00000000 -1244.75047883 56795.57820480 
-0.08000000 0.00000000 -1245.76104745 56791.65038054 
-0.06000000 0.00000000 -841.24106543 57132.25670422 
-0.04000000 0.00000000 -849.09417350 57113.93556392 
-0.02000000 0.00000000 -1241.26366597 56780.05780755 
0.00000000 0.00000000 -1246.71565743 56771.31639031 
0.02000000 0.00000000 -1251.89367998 56762.36749259 
0.04000000 0.00000000 -1259.37373880 56752.06960389 
0.06000000 0.00000000 -1154.18913266 56803.02853864 
0.08000000 0.00000000 -1237.75663836 56748.99729979 
0.10000000 0.00000000 -1243.03752596 56739.54729168 
0.12000000 0.00000000 -1251.51635903 56728.96252500 
0.14000000 0.00000000 -2795.15942286 59080.93902708 
0.16000000 0.00000000 -2828.24921148 58919.76406375 
0.18000000 0.00000000 -1277.32496934 56700.31425183 
0.20000000 0.00000000 -1283.39047188 56692.77573268 
0.22000000 0.00000000 -1291.47482397 56684.76255684 
0.24000000 0.00000000 -1299.86363524 56676.91346601 
0.26000000 0.00000000 -1346.45772488 56656.45206966 
0.28000000 0.00000000 -1355.09971171 56649.49173986 
0.30000000 0.00000000 -1363.48617472 56642.90356578 
0.32000000 0.00000000 -1371.53400855 56636.82667696 
0.34000000 0.00000000 -1378.81934948 56631.53622126 
0.36000000 0.00000000 -1384.08073944 56627.53008496 
0.38000000 0.00000000 -1387.88037223 56624.80585505 
0.40000000 0.00000000 -1874.54509232 60623.86987822 
0.42000000 0.00000000 -1877.19256897 60621.71103434 
0.44000000 0.00000000 -1385.29805340 56626.58751596 
0.46000000 0.00000000 -1379.77161290 56630.52673465 
0.48000000 0.00000000 -1372.71031958 56635.79662074 
0.50000000 0.00000000 -1363.76091105 56642.34995600 
0.52000000 0.00000000 -1353.85178368 56649.76973918 
0.54000000 0.00000000 -1343.67014104 56657.68844993 
0.56000000 0.00000000 -1333.55254479 56665.85842181 
0.58000000 0.00000000 -1285.51427401 56688.29429493 
0.60000000 0.00000000 -1275.81010966 56697.22775881 
0.62000000 0.00000000 -1266.46847115 56706.17873971 
0.64000000 0.00000000 -1257.15745297 56715.33871971 
0.66000000 0.00000000 -2865.89426040 58591.80347484 
0.68000000 0.00000000 -2857.48347334 58692.39479866 
0.70000000 0.00000000 -1229.62738465 56744.69113246 
0.72000000 0.00000000 -1220.21845411 56755.42396662 
0.74000000 0.00000000 -1212.47712095 56765.67612232 
0.76000000 0.00000000 -1202.90838433 56777.21041735 
0.78000000 0.00000000 -1197.46437936 56786.63677886 
0.80000000 0.00000000 -1188.87095472 56797.88965472 
0.82000000 0.00000000 -1180.78777686 56808.81765412 
0.84000000 0.00000000 -1173.84491856 56818.89458331 
0.86000000 0.00000000 -1086.56460306 56885.18519949 
0.88000000 0.00000000 -1080.52854936 56895.43735784 
0.90000000 0.00000000 -1257.80707221 56784.54397099 
0.92000000 0.00000000 -1541.82921085 56692.33151542 
0.94000000 0.00000000 -1068.22659539 56918.78975793 
0.96000000 0.00000000 -1065.96955668 56924.07114012 
0.98000000 0.00000000 -982.92415717 57002.46212950 

