-1.00000000 0.00000000 2249.14476226 58994.69471180 
-0.98000000 0.00000000 2249.32427107 58994.08641579 
-0.96000000 0.00000000 2249.34880107 58993.65482590 
-0.94000000 0.00000000 2259.62235725 58987.12431643 
-0.92000000 0.00000000 2259.47942298 58986.89899437 
-0.90000000 0.00000000 2239.78656715 58997.86830705 
-0.88000000 0.00000000 2239.52775358 58997.86219989 
-0.86000000 0.00000000 2239.20765624 58997.91794310 
-0.84000000 0.00000000 2274.02100469 58975.99222976 
-0.82000000 0.00000000 2274.06748393 58975.81713819 
-0.80000000 0.00000000 2247.33951960 58993.47345854 
-0.78000000 0.00000000 2233.85553697 59000.14111865 
-0.76000000 0.00000000 2233.62190978 59000.20246616 
-0.74000000 0.00000000 2233.44225051 59000.24269430 
-0.72000000 0.00000000 2232.93423598 59000.42787419 
-0.70000000 0.00000000 2247.65978734 58993.03876200 
-0.68000000 0.00000000 2247.58372208 58993.06603399 
-0.66000000 0.00000000 2274.13755265 58975.10819813 
-0.64000000 0.00000000 2274.04454017 58975.23323677 
-0.62000000 0.00000000 2247.42468132 58993.27478618 
-0.60000000 0.00000000 2273.87804536 58975.64271730 
-0.58000000 0.00000000 2273.81009508 58975.92180998 
-0.56000000 0.00000000 2247.31967180 58993.74652963 
-0.54000000 0.00000000 2232.58154942 59001.11604492 
-0.52000000 0.00000000 2232.98936501 59001.10367420 
-0.50000000 0.00000000 2233.05502600 59001.23599662 
-0.48000000 0.00000000 2233.13096868 59001.35843440 
-0.46000000 0.00000000 2233.27703811 59001.44031281 
-0.44000000 0.00000000 2272.60089153 58978.95413938 
-0.42000000 0.00000000 2272.49348992 58979.25227476 
-0.40000000 0.00000000 2233.45057028 59001.67491962 
-0.38000000 0.00000000 2233.51082961 59001.70600112 
-0.36000000 0.00000000 2233.55114015 59001.72441106 
-0.34000000 0.00000000 2233.58818886 59001.72768797 
-0.32000000 0.00000000 2233.62262427 59001.72174912 
-0.30000000 0.00000000 2272.81590856 58979.52655095 
-0.28000000 0.00000000 2272.87618249 58979.51416583 
-0.26000000 0.00000000 2233.70583231 59001.73775937 
-0.24000000 0.00000000 2233.73432721 59001.78891562 
-0.22000000 0.00000000 2233.77176620 59001.88246659 
-0.20000000 0.00000000 2233.77713352 59002.05188996 
-0.18000000 0.00000000 2272.65895363 58980.75475384 
-0.16000000 0.00000000 2272.34819686 58981.55738152 
-0.14000000 0.00000000 2233.69265858 59003.14731053 
-0.12000000 0.00000000 2233.47161553 59003.82575802 
-0.10000000 0.00000000 2233.25744495 59004.64385484 
-0.08000000 0.00000000 2232.95374696 59005.64549003 
-0.06000000 0.00000000 2268.05556845 58990.42744766 
-0.04000000 0.00000000 2266.50331130 58993.25134322 
-0.02000000 0.00000000 2232.22085737 59009.49925480 
0.00000000 0.00000000 2231.27481741 59011.25613670 
0.02000000 0.00000000 2230.29514857 59013.09055396 
0.04000000 0.00000000 2229.09586596 59015.00912825 
0.06000000 0.00000000 2236.46805258 59014.97861058 
0.08000000 0.00000000 2229.35051663 59018.29991396 
0.10000000 0.00000000 2228.23770340 59020.13619397 
0.12000000 0.00000000 2226.91025470 59021.89394036 
0.14000000 0.00000000 2097.20931132 58899.82744600 
0.16000000 0.00000000 2099.63032044 58910.96004478 
0.18000000 0.00000000 2223.07794180 59026.35388579 
0.20000000 0.00000000 2222.01064469 59027.59609096 
0.22000000 0.00000000 2220.80640435 59028.75881031 
0.24000000 0.00000000 2219.57354351 59029.85441172 
0.26000000 0.00000000 2215.85538570 59030.80325636 
0.28000000 0.00000000 2214.61624251 59031.74403626 
0.30000000 0.00000000 2213.40603428 59032.61803719 
0.32000000 0.00000000 2212.25763540 59033.40150921 
0.34000000 0.00000000 2211.23268339 59034.06445986 
0.36000000 0.00000000 2210.44703634 59034.58083148 
0.38000000 0.00000000 2209.90018834 59034.91549867 
0.40000000 0.00000000 2110.82565884 58737.45773857 
0.42000000 0.00000000 2110.68191428 58737.83142652 
0.44000000 0.00000000 2210.22313879 59034.67536567 
0.46000000 0.00000000 2210.98752724 59034.17673868 
0.48000000 0.00000000 2211.99729007 59033.49245104 
0.50000000 0.00000000 2213.23972799 59032.65642030 
0.52000000 0.00000000 2214.61830455 59031.69906898 
0.54000000 0.00000000 2216.05233233 59030.65297677 
0.56000000 0.00000000 2217.48903149 59029.54723144 
0.58000000 0.00000000 2221.43153134 59028.38485791 
0.60000000 0.00000000 2222.82920308 59027.15715445 
0.62000000 0.00000000 2224.17526898 59025.89331705 
0.64000000 0.00000000 2225.49800879 59024.57969511 
0.66000000 0.00000000 2105.11793725 58930.01417391 
0.68000000 0.00000000 2103.15835292 58923.71611724 
0.70000000 0.00000000 2229.41298536 59020.16970793 
0.72000000 0.00000000 2230.75255350 59018.50154361 
0.74000000 0.00000000 2231.97825694 59016.76242854 
0.76000000 0.00000000 2233.34393636 59014.91878826 
0.78000000 0.00000000 2234.38419195 59013.10374740 
0.80000000 0.00000000 2235.64498140 59011.21399059 
0.82000000 0.00000000 2236.83407830 59009.34982915 
0.84000000 0.00000000 2237.88841312 59007.56417159 
0.86000000 0.00000000 2245.62013012 59003.21390457 
0.88000000 0.00000000 2246.57920509 59001.43991953 
0.90000000 0.00000000 2232.06053632 59006.02139215 
0.92000000 0.00000000 2210.31078739 59010.41675557 
0.94000000 0.00000000 2248.56653901 58997.18222414 
0.96000000 0.00000000 2248.94894090 58996.13816921 
0.98000000 0.00000000 2256.69325206 58991.08888651 

