-1.00000000 0.00000000 -1238.75707139 59792.37539974 
-0.98000000 0.00000000 -1240.79461048 59791.61653133 
-0.96000000 0.00000000 -1241.96358784 59790.75749374 
-0.94000000 0.00000000 -1292.01317099 59810.41766844 
-0.92000000 0.00000000 -1292.16086080 59809.41092452 
-0.90000000 0.00000000 -1201.24217893 59767.43503774 
-0.88000000 0.00000000 -1200.60370300 59766.64397345 
-0.86000000 0.00000000 -1199.61610549 59765.76640399 
-0.84000000 0.00000000 -1369.89005195 59830.89237794 
-0.82000000 0.00000000 -1370.57101147 59830.56847599 
-0.80000000 0.00000000 -1236.94087726 59784.07482053 
-0.78000000 0.00000000 -1177.76684124 59752.21277215 
-0.76000000 0.00000000 -1176.97558176 59751.58054450 
-0.74000000 0.00000000 -1176.38806994 59751.07933475 
-0.72000000 0.00000000 -1174.39197429 59749.71983652 
-0.70000000 0.00000000 -1239.36214109 59784.26135445 
-0.68000000 0.00000000 -1239.07173927 59784.06113618 
-0.66000000 0.00000000 -1372.76927102 59828.59938271 
-0.64000000 0.00000000 -1372.14422749 59828.62373497 
-0.62000000 0.00000000 -1238.06357639 59783.98489727 
-0.60000000 0.00000000 -1370.62225942 59829.25316144 
-0.58000000 0.00000000 -1369.76112340 59829.86448051 
-0.56000000 0.00000000 -1236.54848521 59784.72329724 
-0.54000000 0.00000000 -1171.51404941 59749.81306741 
-0.52000000 0.00000000 -1172.77720142 59751.18593508 
-0.50000000 0.00000000 -1172.59868757 59751.65508644 
-0.48000000 0.00000000 -1172.47067926 59752.13706854 
-0.46000000 0.00000000 -1172.65907653 59752.77950354 
-0.44000000 0.00000000 -1358.53873375 59834.80038971 
-0.42000000 0.00000000 -1357.43712947 59835.30653343 
-0.40000000 0.00000000 -1172.36802008 59753.71801732 
-0.38000000 0.00000000 -1172.37624267 59753.92589089 
-0.36000000 0.00000000 -1172.34201655 59754.02681744 
-0.34000000 0.00000000 -1172.32421278 59754.07370707 
-0.32000000 0.00000000 -1172.31106192 59754.08056477 
-0.30000000 0.00000000 -1357.41036123 59836.96537840 
-0.28000000 0.00000000 -1357.50873739 59837.02010070 
-0.26000000 0.00000000 -1172.09644634 59754.03694436 
-0.24000000 0.00000000 -1171.92672800 59754.10792409 
-0.22000000 0.00000000 -1171.70548414 59754.30150760 
-0.20000000 0.00000000 -1171.23850045 59754.55221891 
-0.18000000 0.00000000 -1353.57069164 59839.19657928 
-0.16000000 0.00000000 -1350.78014660 59840.33987333 
-0.14000000 0.00000000 -1168.53495064 59756.36803054 
-0.12000000 0.00000000 -1166.48295641 59757.05471136 
-0.10000000 0.00000000 -1164.26836791 59758.14616490 
-0.08000000 0.00000000 -1161.49426111 59759.40405418 
-0.06000000 0.00000000 -1318.65589754 59851.16554508 
-0.04000000 0.00000000 -1308.08456776 59854.08459124 
-0.02000000 0.00000000 -1152.85271779 59766.43477987 
0.00000000 0.00000000 -1146.89479869 59767.44223709 
0.02000000 0.00000000 -1140.77110641 59768.59137457 
0.04000000 0.00000000 -1133.80604730 59769.15360136 
0.06000000 0.00000000 -1160.67878414 59799.29926853 
0.08000000 0.00000000 -1130.31872135 59779.84942112 
0.10000000 0.00000000 -1123.93674599 59780.79889493 
0.12000000 0.00000000 -1116.94554874 59780.67050320 
0.14000000 0.00000000 -791.70411238 58779.84738762 
0.16000000 0.00000000 -792.28901181 58832.84243435 
0.18000000 0.00000000 -1098.01292986 59778.82161007 
0.20000000 0.00000000 -1092.95179800 59778.54053273 
0.22000000 0.00000000 -1087.60773314 59777.53893442 
0.24000000 0.00000000 -1082.35423130 59776.33160050 
0.26000000 0.00000000 -1068.56938285 59763.88411720 
0.28000000 0.00000000 -1063.67884879 59762.36064519 
0.30000000 0.00000000 -1059.01685113 59760.81651096 
0.32000000 0.00000000 -1054.68396081 59759.25902159 
0.34000000 0.00000000 -1050.88257850 59757.78869205 
0.36000000 0.00000000 -1047.99818090 59756.75325693 
0.38000000 0.00000000 -1046.02361999 59755.96340560 
0.40000000 0.00000000 -910.06789131 58006.80436929 
0.42000000 0.00000000 -909.41446084 58008.73790266 
0.44000000 0.00000000 -1047.32384218 59756.47042995 
0.46000000 0.00000000 -1050.17581415 59757.59304909 
0.48000000 0.00000000 -1053.96306911 59758.97442038 
0.50000000 0.00000000 -1058.64791480 59760.74117318 
0.52000000 0.00000000 -1063.90828488 59762.64584018 
0.54000000 0.00000000 -1069.47341112 59764.51447138 
0.56000000 0.00000000 -1075.16816910 59766.27276992 
0.58000000 0.00000000 -1089.94654119 59778.87997041 
0.60000000 0.00000000 -1095.86791237 59780.30157515 
0.62000000 0.00000000 -1101.77255931 59781.53244128 
0.64000000 0.00000000 -1107.78177613 59782.64780165 
0.66000000 0.00000000 -797.46625756 58933.45742126 
0.68000000 0.00000000 -795.87710872 58902.78607884 
0.70000000 0.00000000 -1126.89865317 59784.98584340 
0.72000000 0.00000000 -1133.84581645 59785.46720960 
0.74000000 0.00000000 -1140.55494882 59785.31735296 
0.76000000 0.00000000 -1147.99134634 59785.49165301 
0.78000000 0.00000000 -1154.28118235 59784.46486995 
0.80000000 0.00000000 -1161.55726860 59784.17730973 
0.82000000 0.00000000 -1168.62032867 59783.72152908 
0.84000000 0.00000000 -1175.16585767 59782.99929972 
0.86000000 0.00000000 -1210.28375702 59801.23313202 
0.88000000 0.00000000 -1216.70821169 59800.05868801 
0.90000000 0.00000000 -1157.18741326 59756.74383967 
0.92000000 0.00000000 -1075.91306710 59683.44107683 
0.94000000 0.00000000 -1231.52543142 59796.32896929 
0.96000000 0.00000000 -1234.95539161 59795.11770076 
0.98000000 0.00000000 -1272.75740844 59810.12373334 

