-1.00000000 0.00000000 314.43228711 63786.54209140 
-0.98000000 0.00000000 314.43228734 63786.54209141 
-0.96000000 0.00000000 314.43228862 63786.54209144 
-0.94000000 0.00000000 314.43213127 63786.54208749 
-0.92000000 0.00000000 314.43213546 63786.54208760 
-0.90000000 0.00000000 314.43239260 63786.54209405 
-0.88000000 0.00000000 314.43239415 63786.54209409 
-0.86000000 0.00000000 314.43239615 63786.54209414 
-0.84000000 0.00000000 314.43176125 63786.54207820 
-0.82000000 0.00000000 314.43176058 63786.54207818 
-0.80000000 0.00000000 314.43231016 63786.54209198 
-0.78000000 0.00000000 314.43243742 63786.54209517 
-0.76000000 0.00000000 314.43243847 63786.54209520 
-0.74000000 0.00000000 314.43243919 63786.54209522 
-0.72000000 0.00000000 314.43244247 63786.54209530 
-0.70000000 0.00000000 314.43230416 63786.54209183 
-0.68000000 0.00000000 314.43230473 63786.54209184 
-0.66000000 0.00000000 314.43176683 63786.54207834 
-0.64000000 0.00000000 314.43176902 63786.54207839 
-0.62000000 0.00000000 314.43230532 63786.54209186 
-0.60000000 0.00000000 314.43176890 63786.54207839 
-0.58000000 0.00000000 314.43176635 63786.54207833 
-0.56000000 0.00000000 314.43230433 63786.54209183 
-0.54000000 0.00000000 314.43244263 63786.54209531 
-0.52000000 0.00000000 314.43243940 63786.54209522 
-0.50000000 0.00000000 314.43243881 63786.54209521 
-0.48000000 0.00000000 314.43243815 63786.54209519 
-0.46000000 0.00000000 314.43243696 63786.54209516 
-0.44000000 0.00000000 314.43176203 63786.54207822 
-0.42000000 0.00000000 314.43176145 63786.54207820 
-0.40000000 0.00000000 314.43243574 63786.54209513 
-0.38000000 0.00000000 314.43243542 63786.54209512 
-0.36000000 0.00000000 314.43243533 63786.54209512 
-0.34000000 0.00000000 314.43243532 63786.54209512 
-0.32000000 0.00000000 314.43243539 63786.54209512 
-0.30000000 0.00000000 314.43174834 63786.54207787 
-0.28000000 0.00000000 314.43174842 63786.54207788 
-0.26000000 0.00000000 314.43243581 63786.54209513 
-0.24000000 0.00000000 314.43243583 63786.54209513 
-0.22000000 0.00000000 314.43243560 63786.54209513 
-0.20000000 0.00000000 314.43243535 63786.54209512 
-0.18000000 0.00000000 314.43174661 63786.54207783 
-0.16000000 0.00000000 314.43174604 63786.54207782 
-0.14000000 0.00000000 314.43243245 63786.54209505 
-0.12000000 0.00000000 314.43243155 63786.54209503 
-0.10000000 0.00000000 314.43242955 63786.54209498 
-0.08000000 0.00000000 314.43242707 63786.54209492 
-0.06000000 0.00000000 314.43173909 63786.54207764 
-0.04000000 0.00000000 314.43173700 63786.54207759 
-0.02000000 0.00000000 314.43240863 63786.54209445 
0.00000000 0.00000000 314.43240591 63786.54209439 
0.02000000 0.00000000 314.43240219 63786.54209429 
0.04000000 0.00000000 314.43239973 63786.54209423 
0.06000000 0.00000000 314.43228184 63786.54209127 
0.08000000 0.00000000 314.43236028 63786.54209324 
0.10000000 0.00000000 314.43235437 63786.54209309 
0.12000000 0.00000000 314.43235184 63786.54209303 
0.14000000 0.00000000 314.43284078 63786.54210531 
0.16000000 0.00000000 314.43283924 63786.54210527 
0.18000000 0.00000000 314.43234729 63786.54209292 
0.20000000 0.00000000 314.43234388 63786.54209283 
0.22000000 0.00000000 314.43234272 63786.54209280 
0.24000000 0.00000000 314.43234189 63786.54209278 
0.26000000 0.00000000 314.43237906 63786.54209371 
0.28000000 0.00000000 314.43237844 63786.54209370 
0.30000000 0.00000000 314.43237776 63786.54209368 
0.32000000 0.00000000 314.43237725 63786.54209367 
0.34000000 0.00000000 314.43237695 63786.54209366 
0.36000000 0.00000000 314.43237616 63786.54209364 
0.38000000 0.00000000 314.43237587 63786.54209363 
0.40000000 0.00000000 314.43287142 63786.54210608 
0.42000000 0.00000000 314.43287138 63786.54210608 
0.44000000 0.00000000 314.43237584 63786.54209363 
0.46000000 0.00000000 314.43237610 63786.54209364 
0.48000000 0.00000000 314.43237677 63786.54209366 
0.50000000 0.00000000 314.43237706 63786.54209366 
0.52000000 0.00000000 314.43237733 63786.54209367 
0.54000000 0.00000000 314.43237777 63786.54209368 
0.56000000 0.00000000 314.43237834 63786.54209370 
0.58000000 0.00000000 314.43234070 63786.54209275 
0.60000000 0.00000000 314.43234120 63786.54209276 
0.62000000 0.00000000 314.43234183 63786.54209278 
0.64000000 0.00000000 314.43234234 63786.54209279 
0.66000000 0.00000000 314.43283519 63786.54210517 
0.68000000 0.00000000 314.43283671 63786.54210521 
0.70000000 0.00000000 314.43234491 63786.54209286 
0.72000000 0.00000000 314.43234598 63786.54209288 
0.74000000 0.00000000 314.43234898 63786.54209296 
0.76000000 0.00000000 314.43235011 63786.54209299 
0.78000000 0.00000000 314.43235528 63786.54209312 
0.80000000 0.00000000 314.43235685 63786.54209316 
0.82000000 0.00000000 314.43235838 63786.54209319 
0.84000000 0.00000000 314.43236029 63786.54209324 
0.86000000 0.00000000 314.43227201 63786.54209102 
0.88000000 0.00000000 314.43227380 63786.54209107 
0.90000000 0.00000000 314.43244632 63786.54209541 
0.92000000 0.00000000 314.43258802 63786.54209896 
0.94000000 0.00000000 314.43227901 63786.54209120 
0.96000000 0.00000000 314.43228073 63786.54209124 
0.98000000 0.00000000 314.43216680 63786.54208838 

