-1.00000000 0.00000000 2023.94602824 58633.40506780 
-0.98000000 0.00000000 2023.84577432 58634.78156006 
-0.96000000 0.00000000 2023.97161691 58635.59903320 
-0.94000000 0.00000000 2006.29320679 58664.80374296 
-0.92000000 0.00000000 2006.66601049 58664.98022915 
-0.90000000 0.00000000 2041.41937123 58611.72305468 
-0.88000000 0.00000000 2041.91653147 58611.34006201 
-0.86000000 0.00000000 2042.51405616 58610.73987035 
-0.84000000 0.00000000 1982.73037715 58709.04231323 
-0.82000000 0.00000000 1982.71327421 58709.45338228 
-0.80000000 0.00000000 2027.91042959 58632.79269495 
-0.78000000 0.00000000 2052.41975651 58597.67519190 
-0.76000000 0.00000000 2052.85705488 58597.18996923 
-0.74000000 0.00000000 2053.19585998 58596.83010304 
-0.72000000 0.00000000 2054.15210745 58595.63563520 
-0.70000000 0.00000000 2027.41344393 58634.21429410 
-0.68000000 0.00000000 2027.55259772 58634.04173654 
-0.66000000 0.00000000 1982.91627979 58710.88107728 
-0.64000000 0.00000000 1983.04105722 58710.51027536 
-0.62000000 0.00000000 2027.78291324 58633.40310110 
-0.60000000 0.00000000 1983.16559480 58709.53667614 
-0.58000000 0.00000000 1983.15638728 58708.95331503 
-0.56000000 0.00000000 2027.79446461 58632.38072259 
-0.54000000 0.00000000 2054.62282683 58593.77038711 
-0.52000000 0.00000000 2053.80166401 58594.48530060 
-0.50000000 0.00000000 2053.62529555 58594.34490401 
-0.48000000 0.00000000 2053.43265447 58594.23788395 
-0.46000000 0.00000000 2053.11299362 58594.32343759 
-0.44000000 0.00000000 1984.00922037 58701.74885007 
-0.42000000 0.00000000 1984.07516179 58701.04643997 
-0.40000000 0.00000000 2052.70893679 58594.12261531 
-0.38000000 0.00000000 2052.59142684 58594.13752963 
-0.36000000 0.00000000 2052.52202898 58594.13670559 
-0.34000000 0.00000000 2052.46763110 58594.15361224 
-0.32000000 0.00000000 2052.42458775 58594.17908421 
-0.30000000 0.00000000 1983.37142020 58700.95661495 
-0.28000000 0.00000000 1983.28302923 58701.03713293 
-0.26000000 0.00000000 2052.33384588 58594.15008258 
-0.24000000 0.00000000 2052.28425798 58594.06356356 
-0.22000000 0.00000000 2052.19677790 58593.92461216 
-0.20000000 0.00000000 2052.13924056 58593.60774145 
-0.18000000 0.00000000 1983.19492386 58698.46718850 
-0.16000000 0.00000000 1983.40852597 58696.62014703 
-0.14000000 0.00000000 2051.86969899 58591.57816317 
-0.12000000 0.00000000 2052.01436673 58590.07801405 
-0.10000000 0.00000000 2052.06232019 58588.38932204 
-0.08000000 0.00000000 2052.19092244 58586.27001763 
-0.06000000 0.00000000 1987.16912079 58675.14328945 
-0.04000000 0.00000000 1988.68894142 58668.03013215 
-0.02000000 0.00000000 2051.64325276 58579.06474674 
0.00000000 0.00000000 2052.66418671 58574.67787091 
0.02000000 0.00000000 2053.69940644 58570.12597901 
0.04000000 0.00000000 2055.14812322 58565.04865304 
0.06000000 0.00000000 2039.17216622 58579.01871594 
0.08000000 0.00000000 2052.55210392 58560.71552782 
0.10000000 0.00000000 2053.81249787 58555.94789715 
0.12000000 0.00000000 2055.58296452 58550.89979750 
0.14000000 0.00000000 2456.73020790 58587.05485537 
0.16000000 0.00000000 2443.43667971 58565.13561925 
0.18000000 0.00000000 2061.01541404 58537.31565014 
0.20000000 0.00000000 2062.48265987 58533.58358227 
0.22000000 0.00000000 2064.28374623 58529.73624728 
0.24000000 0.00000000 2066.16906027 58525.95996094 
0.26000000 0.00000000 2073.72090262 58517.75760800 
0.28000000 0.00000000 2075.69683272 58514.24108787 
0.30000000 0.00000000 2077.64376659 58510.88522149 
0.32000000 0.00000000 2079.51565760 58507.77442962 
0.34000000 0.00000000 2081.20739988 58505.05463307 
0.36000000 0.00000000 2082.48805807 58502.96696711 
0.38000000 0.00000000 2083.39558459 58501.55000546 
0.40000000 0.00000000 2502.24821030 58994.14079658 
0.42000000 0.00000000 2502.48203191 58993.06554709 
0.44000000 0.00000000 2082.85456050 58502.46942400 
0.46000000 0.00000000 2081.58562047 58504.50793827 
0.48000000 0.00000000 2079.93350428 58507.23353059 
0.50000000 0.00000000 2077.89162530 58510.58443119 
0.52000000 0.00000000 2075.64399736 58514.34922447 
0.54000000 0.00000000 2073.33656416 58518.34301846 
0.56000000 0.00000000 2071.05571569 58522.43701265 
0.58000000 0.00000000 2063.19038616 58531.34350851 
0.60000000 0.00000000 2061.05149814 58535.58960657 
0.62000000 0.00000000 2059.02492816 58539.82094831 
0.64000000 0.00000000 2057.05647836 58544.11178722 
0.66000000 0.00000000 2415.97233012 58529.32729396 
0.68000000 0.00000000 2425.10274503 58540.31949680 
0.70000000 0.00000000 2051.44332974 58557.73222334 
0.72000000 0.00000000 2049.59155836 58562.67008040 
0.74000000 0.00000000 2048.02154226 58567.51303779 
0.76000000 0.00000000 2046.20100035 58572.78797901 
0.78000000 0.00000000 2045.05757735 58577.42125018 
0.80000000 0.00000000 2043.47042704 58582.59561136 
0.82000000 0.00000000 2042.01102389 58587.61352824 
0.84000000 0.00000000 2040.78177433 58592.27962234 
0.86000000 0.00000000 2026.86122102 58613.35377308 
0.88000000 0.00000000 2025.83637763 58617.85821914 
0.90000000 0.00000000 2053.96401988 58583.88806081 
0.92000000 0.00000000 2098.62903847 58537.39948542 
0.94000000 0.00000000 2023.95040305 58628.22447496 
0.96000000 0.00000000 2023.67792803 58630.62220532 
0.98000000 0.00000000 2010.34765936 58652.86835618 

