-1.00000000 0.00000000 314.35945872 63793.62855815 
-0.98000000 0.00000000 314.35945988 63793.62855818 
-0.96000000 0.00000000 314.35946457 63793.62855830 
-0.94000000 0.00000000 314.35893338 63793.62854497 
-0.92000000 0.00000000 314.35894784 63793.62854533 
-0.90000000 0.00000000 314.35981675 63793.62856714 
-0.88000000 0.00000000 314.35982226 63793.62856728 
-0.86000000 0.00000000 314.35982926 63793.62856745 
-0.84000000 0.00000000 314.35768481 63793.62851362 
-0.82000000 0.00000000 314.35768279 63793.62851357 
-0.80000000 0.00000000 314.35953948 63793.62856018 
-0.78000000 0.00000000 314.35996957 63793.62857097 
-0.76000000 0.00000000 314.35997335 63793.62857107 
-0.74000000 0.00000000 314.35997597 63793.62857113 
-0.72000000 0.00000000 314.35998724 63793.62857141 
-0.70000000 0.00000000 314.35952018 63793.62855969 
-0.68000000 0.00000000 314.35952227 63793.62855974 
-0.66000000 0.00000000 314.35770535 63793.62851414 
-0.64000000 0.00000000 314.35771280 63793.62851432 
-0.62000000 0.00000000 314.35952440 63793.62855980 
-0.60000000 0.00000000 314.35771236 63793.62851431 
-0.58000000 0.00000000 314.35770364 63793.62851409 
-0.56000000 0.00000000 314.35952080 63793.62855971 
-0.54000000 0.00000000 314.35998781 63793.62857143 
-0.52000000 0.00000000 314.35997674 63793.62857115 
-0.50000000 0.00000000 314.35997454 63793.62857110 
-0.48000000 0.00000000 314.35997214 63793.62857104 
-0.46000000 0.00000000 314.35996797 63793.62857093 
-0.44000000 0.00000000 314.35768793 63793.62851370 
-0.42000000 0.00000000 314.35768585 63793.62851365 
-0.40000000 0.00000000 314.35996349 63793.62857082 
-0.38000000 0.00000000 314.35996238 63793.62857079 
-0.36000000 0.00000000 314.35996206 63793.62857078 
-0.34000000 0.00000000 314.35996204 63793.62857078 
-0.32000000 0.00000000 314.35996229 63793.62857079 
-0.30000000 0.00000000 314.35764149 63793.62851254 
-0.28000000 0.00000000 314.35764181 63793.62851254 
-0.26000000 0.00000000 314.35996382 63793.62857083 
-0.24000000 0.00000000 314.35996388 63793.62857083 
-0.22000000 0.00000000 314.35996310 63793.62857081 
-0.20000000 0.00000000 314.35996220 63793.62857079 
-0.18000000 0.00000000 314.35763557 63793.62851239 
-0.16000000 0.00000000 314.35763350 63793.62851234 
-0.14000000 0.00000000 314.35995198 63793.62857053 
-0.12000000 0.00000000 314.35994869 63793.62857045 
-0.10000000 0.00000000 314.35994159 63793.62857027 
-0.08000000 0.00000000 314.35993281 63793.62857005 
-0.06000000 0.00000000 314.35760840 63793.62851171 
-0.04000000 0.00000000 314.35760080 63793.62851152 
-0.02000000 0.00000000 314.35986901 63793.62856845 
0.00000000 0.00000000 314.35985921 63793.62856821 
0.02000000 0.00000000 314.35984603 63793.62856788 
0.04000000 0.00000000 314.35983710 63793.62856766 
0.06000000 0.00000000 314.35943828 63793.62855765 
0.08000000 0.00000000 314.35970267 63793.62856428 
0.10000000 0.00000000 314.35968214 63793.62856377 
0.12000000 0.00000000 314.35967309 63793.62856354 
0.14000000 0.00000000 314.36132429 63793.62860500 
0.16000000 0.00000000 314.36131870 63793.62860486 
0.18000000 0.00000000 314.35965655 63793.62856313 
0.20000000 0.00000000 314.35964474 63793.62856283 
0.22000000 0.00000000 314.35964059 63793.62856273 
0.24000000 0.00000000 314.35963759 63793.62856265 
0.26000000 0.00000000 314.35976298 63793.62856580 
0.28000000 0.00000000 314.35976074 63793.62856575 
0.30000000 0.00000000 314.35975830 63793.62856569 
0.32000000 0.00000000 314.35975648 63793.62856564 
0.34000000 0.00000000 314.35975540 63793.62856561 
0.36000000 0.00000000 314.35975268 63793.62856554 
0.38000000 0.00000000 314.35975165 63793.62856552 
0.40000000 0.00000000 314.36142559 63793.62860754 
0.42000000 0.00000000 314.36142545 63793.62860754 
0.44000000 0.00000000 314.35975153 63793.62856552 
0.46000000 0.00000000 314.35975244 63793.62856554 
0.48000000 0.00000000 314.35975478 63793.62856560 
0.50000000 0.00000000 314.35975581 63793.62856562 
0.52000000 0.00000000 314.35975680 63793.62856565 
0.54000000 0.00000000 314.35975837 63793.62856569 
0.56000000 0.00000000 314.35976038 63793.62856574 
0.58000000 0.00000000 314.35963334 63793.62856255 
0.60000000 0.00000000 314.35963513 63793.62856259 
0.62000000 0.00000000 314.35963738 63793.62856265 
0.64000000 0.00000000 314.35963927 63793.62856270 
0.66000000 0.00000000 314.36130423 63793.62860450 
0.68000000 0.00000000 314.36130957 63793.62860463 
0.70000000 0.00000000 314.35964849 63793.62856293 
0.72000000 0.00000000 314.35965237 63793.62856302 
0.74000000 0.00000000 314.35966276 63793.62856328 
0.76000000 0.00000000 314.35966690 63793.62856339 
0.78000000 0.00000000 314.35968467 63793.62856383 
0.80000000 0.00000000 314.35969034 63793.62856397 
0.82000000 0.00000000 314.35969585 63793.62856411 
0.84000000 0.00000000 314.35970269 63793.62856428 
0.86000000 0.00000000 314.35940490 63793.62855681 
0.88000000 0.00000000 314.35941135 63793.62855697 
0.90000000 0.00000000 314.35999452 63793.62857161 
0.92000000 0.00000000 314.36047360 63793.62858364 
0.94000000 0.00000000 314.35943017 63793.62855744 
0.96000000 0.00000000 314.35943640 63793.62855759 
0.98000000 0.00000000 314.35905193 63793.62854794 

