-1.00000000 0.00000000 308.28051999 63814.39132765 
-0.98000000 0.00000000 308.29022112 63814.39158001 
-0.96000000 0.00000000 308.30948755 63814.39208376 
-0.94000000 0.00000000 306.82988989 63814.35298912 
-0.92000000 0.00000000 306.87573962 63814.35420492 
-0.90000000 0.00000000 309.31054697 63814.41827410 
-0.88000000 0.00000000 309.33069661 63814.41879749 
-0.86000000 0.00000000 309.35470439 63814.41942144 
-0.84000000 0.00000000 303.36233249 63814.25961898 
-0.82000000 0.00000000 303.36070721 63814.25957270 
-0.80000000 0.00000000 308.55656030 63814.39855336 
-0.78000000 0.00000000 309.76304498 63814.43003915 
-0.76000000 0.00000000 309.77729820 63814.43040795 
-0.74000000 0.00000000 309.78813477 63814.43068804 
-0.72000000 0.00000000 309.82290295 63814.43158963 
-0.70000000 0.00000000 308.51969392 63814.39757963 
-0.68000000 0.00000000 308.52783262 63814.39779214 
-0.66000000 0.00000000 303.44879390 63814.26196251 
-0.64000000 0.00000000 303.47053072 63814.26255454 
-0.62000000 0.00000000 308.53640842 63814.39801593 
-0.60000000 0.00000000 303.46856472 63814.26250125 
-0.58000000 0.00000000 303.44258204 63814.26179376 
-0.56000000 0.00000000 308.52167616 63814.39763132 
-0.54000000 0.00000000 309.82479867 63814.43163848 
-0.52000000 0.00000000 309.79070247 63814.43075427 
-0.50000000 0.00000000 309.78126252 63814.43051030 
-0.48000000 0.00000000 309.77137281 63814.43025461 
-0.46000000 0.00000000 309.75677163 63814.42987640 
-0.44000000 0.00000000 303.37853094 63814.26005670 
-0.42000000 0.00000000 303.37073816 63814.25984507 
-0.40000000 0.00000000 309.73837319 63814.42940055 
-0.38000000 0.00000000 309.73445363 63814.42929899 
-0.36000000 0.00000000 309.73326201 63814.42926809 
-0.34000000 0.00000000 309.73341040 63814.42927184 
-0.32000000 0.00000000 309.73462579 63814.42930318 
-0.30000000 0.00000000 303.24566486 63814.25643241 
-0.28000000 0.00000000 303.24733489 63814.25647758 
-0.26000000 0.00000000 309.74110466 63814.42947056 
-0.24000000 0.00000000 309.74167251 63814.42948513 
-0.22000000 0.00000000 309.73940834 63814.42942630 
-0.20000000 0.00000000 309.73618557 63814.42934280 
-0.18000000 0.00000000 303.22868064 63814.25596864 
-0.16000000 0.00000000 303.22045591 63814.25574518 
-0.14000000 0.00000000 309.70022663 63814.42841107 
-0.12000000 0.00000000 309.68645605 63814.42805487 
-0.10000000 0.00000000 309.66085189 63814.42739144 
-0.08000000 0.00000000 309.62941251 63814.42657660 
-0.06000000 0.00000000 303.12158264 63814.25305796 
-0.04000000 0.00000000 303.09135438 63814.25223615 
-0.02000000 0.00000000 309.42418645 63814.42124599 
0.00000000 0.00000000 309.38637059 63814.42026489 
0.02000000 0.00000000 309.33874641 63814.41902804 
0.04000000 0.00000000 309.30288942 63814.41809754 
0.06000000 0.00000000 308.17700326 63814.38862343 
0.08000000 0.00000000 308.90609149 63814.40774583 
0.10000000 0.00000000 308.83910746 63814.40599752 
0.12000000 0.00000000 308.80507381 63814.40511037 
0.14000000 0.00000000 313.41459087 63814.52357840 
0.16000000 0.00000000 313.39211320 63814.52301331 
0.18000000 0.00000000 308.73834029 63814.40337143 
0.20000000 0.00000000 308.70034811 63814.40237847 
0.22000000 0.00000000 308.68457505 63814.40196693 
0.24000000 0.00000000 308.67270955 63814.40165745 
0.26000000 0.00000000 309.02041085 63814.41075423 
0.28000000 0.00000000 309.01169222 63814.41052736 
0.30000000 0.00000000 309.00278890 63814.41029551 
0.32000000 0.00000000 308.99597459 63814.41011809 
0.34000000 0.00000000 308.99155159 63814.41000302 
0.36000000 0.00000000 308.98288920 63814.40977705 
0.38000000 0.00000000 308.97929410 63814.40968336 
0.40000000 0.00000000 313.65983008 63814.52977157 
0.42000000 0.00000000 313.65946154 63814.52976228 
0.44000000 0.00000000 308.97896045 63814.40967462 
0.46000000 0.00000000 308.98219387 63814.40975888 
0.48000000 0.00000000 308.98966373 63814.40995373 
0.50000000 0.00000000 308.99371732 63814.41005923 
0.52000000 0.00000000 308.99779754 63814.41016537 
0.54000000 0.00000000 309.00364268 63814.41031757 
0.56000000 0.00000000 309.01083249 63814.41050485 
0.58000000 0.00000000 308.65730987 63814.40125537 
0.60000000 0.00000000 308.66419385 63814.40143504 
0.62000000 0.00000000 308.67257887 63814.40165393 
0.64000000 0.00000000 308.68027200 63814.40185458 
0.66000000 0.00000000 313.33884129 63814.52167280 
0.68000000 0.00000000 313.35697500 63814.52212966 
0.70000000 0.00000000 308.71574407 63814.40278009 
0.72000000 0.00000000 308.73082507 63814.40317345 
0.74000000 0.00000000 308.76461729 63814.40405641 
0.76000000 0.00000000 308.78141216 63814.40449410 
0.78000000 0.00000000 308.83678350 63814.40594096 
0.80000000 0.00000000 308.85873268 63814.40651292 
0.82000000 0.00000000 308.88058174 63814.40708204 
0.84000000 0.00000000 308.90640675 63814.40775492 
0.86000000 0.00000000 308.08059581 63814.38608954 
0.88000000 0.00000000 308.10569025 63814.38674716 
0.90000000 0.00000000 309.74359115 63814.42956701 
0.92000000 0.00000000 311.09045965 63814.46436979 
0.94000000 0.00000000 308.17986775 63814.38868999 
0.96000000 0.00000000 308.20440007 63814.38933228 
0.98000000 0.00000000 307.13626477 63814.36113069 

