-1.00000000 0.00000000 1312.62641693 63739.65119338 
-0.98000000 0.00000000 1310.19834315 63740.06625616 
-0.96000000 0.00000000 1306.10913943 63740.78147582 
-0.94000000 0.00000000 1566.56995776 63686.44195446 
-0.92000000 0.00000000 1557.94500143 63688.44844816 
-0.90000000 0.00000000 1126.08403174 63769.82130326 
-0.88000000 0.00000000 1121.97120792 63770.38873953 
-0.86000000 0.00000000 1117.19995825 63771.04647766 
-0.84000000 0.00000000 2161.22674004 63505.91705528 
-0.82000000 0.00000000 2161.07958071 63505.94366244 
-0.80000000 0.00000000 1258.14287473 63749.04547209 
-0.78000000 0.00000000 1042.40731852 63780.94590285 
-0.76000000 0.00000000 1039.44649769 63781.30251446 
-0.74000000 0.00000000 1037.11572102 63781.57972433 
-0.72000000 0.00000000 1030.52659508 63782.38235371 
-0.70000000 0.00000000 1262.81063241 63748.17218846 
-0.68000000 0.00000000 1261.10655463 63748.45397656 
-0.66000000 0.00000000 2143.56713254 63512.24668513 
-0.64000000 0.00000000 2139.80189105 63513.62355940 
-0.62000000 0.00000000 1259.29821767 63748.74998258 
-0.60000000 0.00000000 2140.22105590 63513.47312301 
-0.58000000 0.00000000 2144.78630869 63511.80455814 
-0.56000000 0.00000000 1262.45660122 63748.22536688 
-0.54000000 0.00000000 1030.19153234 63782.41375504 
-0.52000000 0.00000000 1036.66143045 63781.62403295 
-0.50000000 0.00000000 1038.72810799 63781.37706031 
-0.48000000 0.00000000 1040.86474556 63781.12019758 
-0.46000000 0.00000000 1043.81320047 63780.75952891 
-0.44000000 0.00000000 2157.80266978 63507.12346110 
-0.42000000 0.00000000 2159.32963693 63506.56877952 
-0.40000000 0.00000000 1047.76909285 63780.27800520 
-0.38000000 0.00000000 1048.55675055 63780.18015257 
-0.36000000 0.00000000 1048.79220546 63780.15032674 
-0.34000000 0.00000000 1048.73343112 63780.15621832 
-0.32000000 0.00000000 1048.44250188 63780.19035823 
-0.30000000 0.00000000 2180.46472494 63498.66031392 
-0.28000000 0.00000000 2180.08241476 63498.79738609 
-0.26000000 0.00000000 1046.98389511 63780.36487324 
-0.24000000 0.00000000 1046.81974677 63780.38356225 
-0.22000000 0.00000000 1047.21420885 63780.33329544 
-0.20000000 0.00000000 1047.85093067 63780.25453486 
-0.18000000 0.00000000 2183.26135149 63497.59992394 
-0.16000000 0.00000000 2184.88648100 63497.00152292 
-0.14000000 0.00000000 1055.05954071 63779.36044587 
-0.12000000 0.00000000 1058.02243184 63778.99536048 
-0.10000000 0.00000000 1063.23566021 63778.34118731 
-0.08000000 0.00000000 1069.62449091 63777.53161607 
-0.06000000 0.00000000 2204.51781314 63489.73157161 
-0.04000000 0.00000000 2210.55022362 63487.48164877 
-0.02000000 0.00000000 1109.30813074 63772.26230487 
0.00000000 0.00000000 1117.22796706 63771.18966405 
0.02000000 0.00000000 1126.93854890 63769.85015047 
0.04000000 0.00000000 1134.55402967 63768.79466652 
0.06000000 0.00000000 1336.08951392 63735.47043392 
0.08000000 0.00000000 1207.65517086 63757.75814230 
0.10000000 0.00000000 1220.64501359 63755.70222924 
0.12000000 0.00000000 1227.66912709 63754.58928003 
0.14000000 0.00000000 399.32021527 63819.27523919 
0.16000000 0.00000000 404.14384005 63819.31516701 
0.18000000 0.00000000 1241.78812017 63752.33220782 
0.20000000 0.00000000 1249.08371179 63751.12865102 
0.22000000 0.00000000 1252.33648551 63750.59561983 
0.24000000 0.00000000 1254.81873856 63750.18838537 
0.26000000 0.00000000 1193.22265798 63760.23599254 
0.28000000 0.00000000 1195.03702996 63759.96008552 
0.30000000 0.00000000 1196.84254071 63759.68345661 
0.32000000 0.00000000 1198.23929163 63759.46931911 
0.34000000 0.00000000 1199.17467841 63759.32640238 
0.36000000 0.00000000 1200.82962619 63759.06850417 
0.38000000 0.00000000 1201.54420150 63758.95775278 
0.40000000 0.00000000 359.07022079 63818.89404127 
0.42000000 0.00000000 359.13245087 63818.89502734 
0.44000000 0.00000000 1201.59220064 63758.95005126 
0.46000000 0.00000000 1200.93954216 63759.05114625 
0.48000000 0.00000000 1199.50264271 63759.27511649 
0.50000000 0.00000000 1198.65181372 63759.40569627 
0.52000000 0.00000000 1197.77911627 63759.53908816 
0.54000000 0.00000000 1196.57888659 63759.72344724 
0.56000000 0.00000000 1195.12746804 63759.94659852 
0.58000000 0.00000000 1257.88192749 63749.68281359 
0.60000000 0.00000000 1256.45762190 63749.91896363 
0.62000000 0.00000000 1254.74229004 63750.20332227 
0.64000000 0.00000000 1253.11746981 63750.47083194 
0.66000000 0.00000000 415.14016101 63819.39290277 
0.68000000 0.00000000 411.50768746 63819.37595586 
0.70000000 0.00000000 1245.76239987 63751.67842313 
0.72000000 0.00000000 1242.62044056 63752.19050541 
0.74000000 0.00000000 1236.09019342 63753.26098173 
0.76000000 0.00000000 1232.52808226 63753.83262827 
0.78000000 0.00000000 1222.04710102 63755.53034537 
0.80000000 0.00000000 1217.46994051 63756.25289669 
0.82000000 0.00000000 1212.87191255 63756.97320864 
0.84000000 0.00000000 1207.53436617 63757.80617458 
0.86000000 0.00000000 1353.48210822 63732.23311636 
0.88000000 0.00000000 1348.26185623 63733.19828907 
0.90000000 0.00000000 1055.68220310 63779.56798421 
0.92000000 0.00000000 812.99257955 63804.50365949 
0.94000000 0.00000000 1332.75401618 63736.02819033 
0.96000000 0.00000000 1327.62659049 63736.95230430 
0.98000000 0.00000000 1515.49280936 63698.36335181 

