-1.00000000 0.00000000 2969.85494068 60404.89055478 
-0.98000000 0.00000000 2972.47341639 60400.30662678 
-0.96000000 0.00000000 2973.00571055 60398.22662937 
-0.94000000 0.00000000 3134.06596769 60212.52877861 
-0.92000000 0.00000000 3131.94414630 60213.89401675 
-0.90000000 0.00000000 2831.71260267 60531.93888783 
-0.88000000 0.00000000 2828.72089493 60534.16320417 
-0.86000000 0.00000000 2824.80929920 60537.30018202 
-0.84000000 0.00000000 3368.49502354 59866.04994238 
-0.82000000 0.00000000 3369.31089733 59863.88416838 
-0.80000000 0.00000000 2946.86325720 60420.40861270 
-0.78000000 0.00000000 2750.51859693 60599.56192349 
-0.76000000 0.00000000 2747.61848836 60601.75157924 
-0.74000000 0.00000000 2745.40158450 60603.38616946 
-0.72000000 0.00000000 2738.49783535 60608.80274165 
-0.70000000 0.00000000 2952.77317056 60413.18882122 
-0.68000000 0.00000000 2951.67139986 60414.21851562 
-0.66000000 0.00000000 3369.42585632 59859.44249413 
-0.64000000 0.00000000 3368.02527820 59862.08267003 
-0.62000000 0.00000000 2949.28681714 60417.04758916 
-0.60000000 0.00000000 3366.12165138 59866.87562420 
-0.58000000 0.00000000 3365.72406710 59868.85149918 
-0.56000000 0.00000000 2947.72879283 60420.26489103 
-0.54000000 0.00000000 2732.88941380 60615.09486242 
-0.52000000 0.00000000 2738.34722930 60611.32347758 
-0.50000000 0.00000000 2738.97266757 60611.41359647 
-0.48000000 0.00000000 2739.72420582 60611.38402049 
-0.46000000 0.00000000 2741.45471303 60610.52954405 
-0.44000000 0.00000000 3352.73327299 59902.96795237 
-0.42000000 0.00000000 3351.49812905 59906.24871166 
-0.40000000 0.00000000 2742.75240267 60610.61963823 
-0.38000000 0.00000000 2743.15145194 60610.49637354 
-0.36000000 0.00000000 2743.22322057 60610.55023339 
-0.34000000 0.00000000 2743.20054997 60610.60958991 
-0.32000000 0.00000000 2743.09091508 60610.68936293 
-0.30000000 0.00000000 3355.33117632 59902.22276962 
-0.28000000 0.00000000 3355.56022869 59901.77944578 
-0.26000000 0.00000000 2742.23969998 60611.34816944 
-0.24000000 0.00000000 2741.95101164 60611.70017679 
-0.22000000 0.00000000 2741.84248936 60612.05087785 
-0.20000000 0.00000000 2741.39740444 60612.87034955 
-0.18000000 0.00000000 3351.68299367 59912.40741455 
-0.16000000 0.00000000 3348.30954428 59920.67827732 
-0.14000000 0.00000000 2740.12943571 60617.07011188 
-0.12000000 0.00000000 2737.77895924 60620.79278561 
-0.10000000 0.00000000 2736.13106912 60624.45086739 
-0.08000000 0.00000000 2733.90345730 60629.08910194 
-0.06000000 0.00000000 3305.92837738 60017.16693115 
-0.04000000 0.00000000 3290.90657610 60048.92662381 
-0.02000000 0.00000000 2735.03322598 60640.36041665 
0.00000000 0.00000000 2726.83445493 60651.62942703 
0.02000000 0.00000000 2718.87750132 60662.97634076 
0.04000000 0.00000000 2708.20152407 60676.41771234 
0.06000000 0.00000000 2833.73693909 60586.94123676 
0.08000000 0.00000000 2729.35974236 60673.28045437 
0.10000000 0.00000000 2721.11803446 60685.14611888 
0.12000000 0.00000000 2709.30366496 60699.09439628 
0.14000000 0.00000000 1228.93611774 60707.25148192 
0.16000000 0.00000000 1256.82511261 60738.60448437 
0.18000000 0.00000000 2674.77770397 60737.09107597 
0.20000000 0.00000000 2666.52878313 60746.74534994 
0.22000000 0.00000000 2656.18460577 60757.39215744 
0.24000000 0.00000000 2645.65613574 60767.88024291 
0.26000000 0.00000000 2594.41875854 60801.52651988 
0.28000000 0.00000000 2584.24068104 60810.90559912 
0.30000000 0.00000000 2574.46981542 60819.79454150 
0.32000000 0.00000000 2565.21107136 60828.04022210 
0.34000000 0.00000000 2556.92684283 60835.26483498 
0.36000000 0.00000000 2550.92363246 60840.65166140 
0.38000000 0.00000000 2546.64442432 60844.36568219 
0.40000000 0.00000000 964.66772639 60163.70012864 
0.42000000 0.00000000 965.10074491 60165.34479522 
0.44000000 0.00000000 2549.54574370 60841.91792181 
0.46000000 0.00000000 2555.78271181 60836.53478946 
0.48000000 0.00000000 2563.84034073 60829.39879279 
0.50000000 0.00000000 2574.07057105 60820.44465886 
0.52000000 0.00000000 2585.50626227 60810.31732894 
0.54000000 0.00000000 2597.40845294 60799.55624238 
0.56000000 0.00000000 2609.39519488 60788.49378080 
0.58000000 0.00000000 2662.98934502 60752.13089540 
0.60000000 0.00000000 2675.20106478 60740.05649518 
0.62000000 0.00000000 2687.14092009 60727.97592412 
0.64000000 0.00000000 2699.19614532 60715.58923288 
0.66000000 0.00000000 1317.64546433 60796.50524752 
0.68000000 0.00000000 1299.02213121 60779.21676456 
0.70000000 0.00000000 2735.98916234 60675.91390796 
0.72000000 0.00000000 2748.92639459 60661.35758429 
0.74000000 0.00000000 2760.05083058 60647.71360628 
0.76000000 0.00000000 2773.52783648 60631.96806937 
0.78000000 0.00000000 2782.09089685 60619.73967395 
0.80000000 0.00000000 2794.56539944 60604.36611082 
0.82000000 0.00000000 2806.45883076 60589.38835554 
0.84000000 0.00000000 2816.93099984 60575.62780232 
0.86000000 0.00000000 2932.99701584 60467.07923975 
0.88000000 0.00000000 2942.96373124 60452.32944860 
0.90000000 0.00000000 2719.19219107 60641.16328056 
0.92000000 0.00000000 2423.49902324 60825.45366714 
0.94000000 0.00000000 2964.18796444 60418.78984783 
0.96000000 0.00000000 2968.43816624 60411.29930455 
0.98000000 0.00000000 3089.52491148 60275.43127912 

