-1.00000000 0.00000000 503.19705308 57868.00652090 
-0.98000000 0.00000000 503.60951028 57865.31213654 
-0.96000000 0.00000000 504.08093863 57860.67659589 
-0.94000000 0.00000000 490.61520485 58122.95570932 
-0.92000000 0.00000000 491.13321540 58115.46647886 
-0.90000000 0.00000000 518.12320422 57625.38957441 
-0.88000000 0.00000000 518.57567650 57619.28624490 
-0.86000000 0.00000000 519.07538693 57612.14879177 
-0.84000000 0.00000000 472.10078802 58538.06061917 
-0.82000000 0.00000000 472.15905558 58538.09990232 
-0.80000000 0.00000000 507.95653765 57803.70436313 
-0.78000000 0.00000000 526.78658257 57492.85944534 
-0.76000000 0.00000000 527.15394571 57487.80530408 
-0.74000000 0.00000000 527.45237529 57483.80409585 
-0.72000000 0.00000000 528.23063215 57472.44680412 
-0.70000000 0.00000000 507.81911363 57809.59202343 
-0.68000000 0.00000000 507.95433175 57807.51244541 
-0.66000000 0.00000000 472.88964940 58528.99744010 
-0.64000000 0.00000000 472.96089263 58526.86985655 
-0.62000000 0.00000000 508.03053192 57805.22458209 
-0.60000000 0.00000000 472.82779594 58527.03621982 
-0.58000000 0.00000000 472.61434967 58529.54696325 
-0.56000000 0.00000000 507.57950753 57808.86416388 
-0.54000000 0.00000000 527.94810320 57471.52685714 
-0.52000000 0.00000000 527.10572159 57482.60207716 
-0.50000000 0.00000000 526.76098700 57486.07207263 
-0.48000000 0.00000000 526.41359087 57489.64886485 
-0.46000000 0.00000000 525.98667172 57494.58723017 
-0.44000000 0.00000000 471.31617973 58535.93012065 
-0.42000000 0.00000000 471.18084101 58536.69427708 
-0.40000000 0.00000000 525.33848110 57501.11871949 
-0.38000000 0.00000000 525.21575709 57502.41341178 
-0.36000000 0.00000000 525.16931100 57502.79141534 
-0.34000000 0.00000000 525.16825939 57502.68570195 
-0.32000000 0.00000000 525.20192126 57502.19963373 
-0.30000000 0.00000000 470.51999934 58548.49605397 
-0.28000000 0.00000000 470.54009177 58548.34084726 
-0.26000000 0.00000000 525.36822680 57499.80191031 
-0.24000000 0.00000000 525.36530037 57499.55636626 
-0.22000000 0.00000000 525.27536001 57500.25599766 
-0.20000000 0.00000000 525.12253631 57501.36912419 
-0.18000000 0.00000000 470.15498292 58550.42772057 
-0.16000000 0.00000000 469.89704468 58551.38393428 
-0.14000000 0.00000000 523.76994559 57513.56855371 
-0.12000000 0.00000000 523.11998353 57518.54315391 
-0.10000000 0.00000000 522.14981645 57527.18702861 
-0.08000000 0.00000000 520.97469094 57537.66784452 
-0.06000000 0.00000000 466.91209774 58562.47430654 
-0.04000000 0.00000000 465.95289610 58565.84828085 
-0.02000000 0.00000000 514.99871168 57600.15044809 
0.00000000 0.00000000 513.43288597 57612.21464399 
0.02000000 0.00000000 511.67465686 57626.79078755 
0.04000000 0.00000000 510.10555490 57638.11152130 
0.06000000 0.00000000 494.18151181 57895.33255123 
0.08000000 0.00000000 502.26216601 57739.70456690 
0.10000000 0.00000000 500.47109957 57756.82855578 
0.12000000 0.00000000 499.22105646 57766.07790961 
0.14000000 0.00000000 1444.15101684 53969.07911862 
0.16000000 0.00000000 1344.20371228 54084.92925331 
0.18000000 0.00000000 496.51016155 57784.85060004 
0.20000000 0.00000000 495.57547422 57794.34784863 
0.22000000 0.00000000 494.99510559 57798.79913647 
0.24000000 0.00000000 494.51411798 57802.31466335 
0.26000000 0.00000000 498.90796400 57723.49420555 
0.28000000 0.00000000 498.50668104 57726.39472134 
0.30000000 0.00000000 498.12632770 57729.26446870 
0.32000000 0.00000000 497.80162434 57731.54997026 
0.34000000 0.00000000 497.54432069 57733.16252221 
0.36000000 0.00000000 497.27172047 57735.65209299 
0.38000000 0.00000000 497.12557364 57736.79545860 
0.40000000 0.00000000 4204.02456209 54069.71757368 
0.42000000 0.00000000 4194.30995250 54061.54516245 
0.44000000 0.00000000 497.23521532 57736.77177783 
0.46000000 0.00000000 497.45243046 57735.65160769 
0.48000000 0.00000000 497.78383349 57733.39236683 
0.50000000 0.00000000 498.10955531 57731.83180277 
0.52000000 0.00000000 498.46542607 57730.18419402 
0.54000000 0.00000000 498.86586698 57728.06435839 
0.56000000 0.00000000 499.29914847 57725.59455871 
0.58000000 0.00000000 494.88853504 57805.56099296 
0.60000000 0.00000000 495.32990755 57803.30356625 
0.62000000 0.00000000 495.81802267 57800.72100171 
0.64000000 0.00000000 496.33690613 57798.29160808 
0.66000000 0.00000000 1181.68581984 54324.78564754 
0.68000000 0.00000000 1230.57554909 54247.36672192 
0.70000000 0.00000000 498.39947446 57788.18330420 
0.72000000 0.00000000 499.26299159 57784.02459371 
0.74000000 0.00000000 500.43486548 57775.61471828 
0.76000000 0.00000000 501.43611800 57770.95284960 
0.78000000 0.00000000 502.98996212 57757.42885875 
0.80000000 0.00000000 504.11675995 57751.43309596 
0.82000000 0.00000000 505.24209256 57745.40191426 
0.84000000 0.00000000 506.40420522 57738.38783285 
0.86000000 0.00000000 497.21191486 57913.29042163 
0.88000000 0.00000000 498.20969066 57907.58471592 
0.90000000 0.00000000 522.14968031 57515.17237132 
0.92000000 0.00000000 560.22528493 57006.08612991 
0.94000000 0.00000000 500.83369149 57890.55798294 
0.96000000 0.00000000 501.58014310 57884.88732861 
0.98000000 0.00000000 491.90501725 58076.45181095 

