-1.00000000 0.00000000 -1312.30155687 59470.66339453 
-0.98000000 0.00000000 -1313.87207906 59469.99195182 
-0.96000000 0.00000000 -1314.79089163 59469.24180048 
-0.94000000 0.00000000 -1350.64333400 59485.34151135 
-0.92000000 0.00000000 -1350.80833049 59484.48444672 
-0.90000000 0.00000000 -1285.38812128 59450.17482876 
-0.88000000 0.00000000 -1284.92405550 59449.49595195 
-0.86000000 0.00000000 -1284.20002272 59448.75252629 
-0.84000000 0.00000000 -1405.45492557 59502.69142025 
-0.82000000 0.00000000 -1405.95367966 59502.42624683 
-0.80000000 0.00000000 -1311.28591124 59463.54625262 
-0.78000000 0.00000000 -1268.19243777 59437.69825605 
-0.76000000 0.00000000 -1267.60585483 59437.17241736 
-0.74000000 0.00000000 -1267.17034917 59436.75542531 
-0.72000000 0.00000000 -1265.70281621 59435.64735958 
-0.70000000 0.00000000 -1313.04069974 59463.65955966 
-0.68000000 0.00000000 -1312.83057140 59463.49619663 
-0.66000000 0.00000000 -1407.62529895 59500.85736037 
-0.64000000 0.00000000 -1407.17652295 59500.87136438 
-0.62000000 0.00000000 -1312.07773809 59463.44784136 
-0.60000000 0.00000000 -1406.03955481 59501.36533426 
-0.58000000 0.00000000 -1405.37603150 59501.85029280 
-0.56000000 0.00000000 -1310.91102127 59464.08151979 
-0.54000000 0.00000000 -1263.51921399 59435.80273542 
-0.52000000 0.00000000 -1264.42914468 59436.93571109 
-0.50000000 0.00000000 -1264.28217423 59437.33887511 
-0.48000000 0.00000000 -1264.17370909 59437.75231229 
-0.46000000 0.00000000 -1264.29922368 59438.29463968 
-0.44000000 0.00000000 -1396.97340791 59505.68564995 
-0.42000000 0.00000000 -1396.14948561 59506.08462734 
-0.40000000 0.00000000 -1264.07112984 59439.11652083 
-0.38000000 0.00000000 -1264.08096840 59439.30389061 
-0.36000000 0.00000000 -1264.06396147 59439.40469152 
-0.34000000 0.00000000 -1264.06253906 59439.46233399 
-0.32000000 0.00000000 -1264.06704513 59439.48895281 
-0.30000000 0.00000000 -1396.05232698 59507.52865555 
-0.28000000 0.00000000 -1396.12924737 59507.60567935 
-0.26000000 0.00000000 -1263.95029856 59439.53404991 
-0.24000000 0.00000000 -1263.83035143 59439.62686636 
-0.22000000 0.00000000 -1263.66225352 59439.82430113 
-0.20000000 0.00000000 -1263.29898783 59440.07376830 
-0.18000000 0.00000000 -1393.12824205 59509.51264945 
-0.16000000 0.00000000 -1391.00673470 59510.44038544 
-0.14000000 0.00000000 -1261.11124571 59441.71511903 
-0.12000000 0.00000000 -1259.47309360 59442.33620760 
-0.10000000 0.00000000 -1257.67264206 59443.28456839 
-0.08000000 0.00000000 -1255.41606071 59444.36478003 
-0.06000000 0.00000000 -1366.53575516 59518.84240939 
-0.04000000 0.00000000 -1358.46785289 59521.02893100 
-0.02000000 0.00000000 -1248.10113523 59450.17177346 
0.00000000 0.00000000 -1243.33429487 59450.99996112 
0.02000000 0.00000000 -1238.41376481 59451.92106697 
0.04000000 0.00000000 -1232.86369157 59452.34937863 
0.06000000 0.00000000 -1251.50008857 59476.39321055 
0.08000000 0.00000000 -1229.22853467 59460.78321926 
0.10000000 0.00000000 -1224.08821429 59461.44733594 
0.12000000 0.00000000 -1218.54010898 59461.23738143 
0.14000000 0.00000000 -1005.60405191 58645.27123325 
0.16000000 0.00000000 -1002.82815228 58688.85296236 
0.18000000 0.00000000 -1203.54945689 59459.37424051 
0.20000000 0.00000000 -1199.49322463 59458.99125179 
0.22000000 0.00000000 -1195.25376068 59458.01910266 
0.24000000 0.00000000 -1191.08822743 59456.86330880 
0.26000000 0.00000000 -1180.92668673 59446.79308413 
0.28000000 0.00000000 -1177.03956966 59445.35113022 
0.30000000 0.00000000 -1173.33093796 59443.88307028 
0.32000000 0.00000000 -1169.88624363 59442.40754432 
0.34000000 0.00000000 -1166.86692523 59441.02076949 
0.36000000 0.00000000 -1164.56450359 59440.01640375 
0.38000000 0.00000000 -1162.99329960 59439.26225246 
0.40000000 0.00000000 -1168.57013249 58055.47596880 
0.42000000 0.00000000 -1167.83922976 58056.78018025 
0.44000000 0.00000000 -1164.02251939 59439.71774566 
0.46000000 0.00000000 -1166.28819505 59440.77075181 
0.48000000 0.00000000 -1169.30379614 59442.08332535 
0.50000000 0.00000000 -1173.02305161 59443.73753102 
0.52000000 0.00000000 -1177.19784254 59445.51842695 
0.54000000 0.00000000 -1181.61692393 59447.27096349 
0.56000000 0.00000000 -1186.13990754 59448.92258696 
0.58000000 0.00000000 -1197.07146174 59459.14266815 
0.60000000 0.00000000 -1201.75808374 59460.48080617 
0.62000000 0.00000000 -1206.42926768 59461.64029795 
0.64000000 0.00000000 -1211.17516422 59462.68265005 
0.66000000 0.00000000 -1001.28853572 58770.88154320 
0.68000000 0.00000000 -1001.66658779 58745.41389994 
0.70000000 0.00000000 -1226.25429906 59464.88946534 
0.72000000 0.00000000 -1231.72635657 59465.35630414 
0.74000000 0.00000000 -1237.04623525 59465.30533384 
0.76000000 0.00000000 -1242.89603816 59465.49635724 
0.78000000 0.00000000 -1247.92780106 59464.71035465 
0.80000000 0.00000000 -1253.65631591 59464.49569423 
0.82000000 0.00000000 -1259.21395499 59464.12776593 
0.84000000 0.00000000 -1264.37196153 59463.52814922 
0.86000000 0.00000000 -1289.98989885 59478.16187035 
0.88000000 0.00000000 -1295.00785151 59477.19106184 
0.90000000 0.00000000 -1252.34590859 59442.24788987 
0.92000000 0.00000000 -1192.78832931 59383.06711865 
0.94000000 0.00000000 -1306.57692546 59474.04195063 
0.96000000 0.00000000 -1309.25719426 59473.00438037 
0.98000000 0.00000000 -1336.45488899 59485.20115952 

