-1.00000000 0.00000000 -1770.10514614 58591.02510649 
-0.98000000 0.00000000 -1769.33926457 58589.78414829 
-0.96000000 0.00000000 -1768.71792831 58589.30477536 
-0.94000000 0.00000000 -1765.89176139 58540.99506527 
-0.92000000 0.00000000 -1765.44877858 58541.39008623 
-0.90000000 0.00000000 -1767.65315782 58633.11677644 
-0.88000000 0.00000000 -1767.43393000 58634.10294607 
-0.86000000 0.00000000 -1767.25433224 58635.40717933 
-0.84000000 0.00000000 -1757.08192995 58472.98647913 
-0.82000000 0.00000000 -1756.81664483 58472.65288505 
-0.80000000 0.00000000 -1766.93190700 58597.00657084 
-0.78000000 0.00000000 -1766.05692724 58659.85119044 
-0.76000000 0.00000000 -1765.94536652 58660.84586459 
-0.74000000 0.00000000 -1765.84923543 58661.60273224 
-0.72000000 0.00000000 -1765.68290749 58663.90665967 
-0.70000000 0.00000000 -1766.49364844 58595.13185119 
-0.68000000 0.00000000 -1766.47597535 58595.46443686 
-0.66000000 0.00000000 -1755.66961892 58471.90560224 
-0.64000000 0.00000000 -1755.81459956 58472.36125860 
-0.62000000 0.00000000 -1766.66536215 58596.29968281 
-0.60000000 0.00000000 -1756.36900828 58473.24835218 
-0.58000000 0.00000000 -1756.77286371 58473.65217844 
-0.56000000 0.00000000 -1767.28799295 58597.13691162 
-0.54000000 0.00000000 -1766.34925250 58666.11970737 
-0.52000000 0.00000000 -1766.67636440 58664.39964502 
-0.50000000 0.00000000 -1766.91924594 58664.28134995 
-0.48000000 0.00000000 -1767.15736776 58664.11350670 
-0.46000000 0.00000000 -1767.39792377 58663.61046878 
-0.44000000 0.00000000 -1760.91514503 58480.14553025 
-0.42000000 0.00000000 -1761.33240675 58480.76010448 
-0.40000000 0.00000000 -1767.88398534 58663.25270539 
-0.38000000 0.00000000 -1767.98238354 58663.09084496 
-0.36000000 0.00000000 -1768.04631328 58663.00965711 
-0.34000000 0.00000000 -1768.08621835 58662.93558557 
-0.32000000 0.00000000 -1768.11079300 58662.87119510 
-0.30000000 0.00000000 -1762.00357572 58479.83144954 
-0.28000000 0.00000000 -1762.02642338 58479.65755115 
-0.26000000 0.00000000 -1768.21161407 58662.82256245 
-0.24000000 0.00000000 -1768.30792484 58662.84244288 
-0.22000000 0.00000000 -1768.46943195 58662.85089760 
-0.20000000 0.00000000 -1768.70810993 58663.04403838 
-0.18000000 0.00000000 -1763.83918394 58481.45567803 
-0.16000000 0.00000000 -1764.89795160 58483.11929312 
-0.14000000 0.00000000 -1770.14394953 58664.33641920 
-0.12000000 0.00000000 -1770.89042874 58665.75325657 
-0.10000000 0.00000000 -1771.83356255 58667.17747805 
-0.08000000 0.00000000 -1772.95237517 58669.05618543 
-0.06000000 0.00000000 -1775.92830324 58504.42278295 
-0.04000000 0.00000000 -1779.27079258 58511.95348004 
-0.02000000 0.00000000 -1777.63697334 58674.00190643 
0.00000000 0.00000000 -1779.23545587 58678.96839132 
0.02000000 0.00000000 -1780.90144814 58684.09343120 
0.04000000 0.00000000 -1782.47148440 58690.24399184 
0.06000000 0.00000000 -1789.08767680 58655.85654917 
0.08000000 0.00000000 -1787.33371339 58689.95053229 
0.10000000 0.00000000 -1788.87518391 58695.59876746 
0.12000000 0.00000000 -1790.08518646 58702.21680277 
0.14000000 0.00000000 -1418.76310362 59242.71510274 
0.16000000 0.00000000 -1439.26753369 59236.80762524 
0.18000000 0.00000000 -1792.62143887 58720.98201533 
0.20000000 0.00000000 -1793.31739986 58726.08184887 
0.22000000 0.00000000 -1793.75375399 58731.74382855 
0.24000000 0.00000000 -1794.06035947 58737.45566002 
0.26000000 0.00000000 -1791.42663274 58754.87931236 
0.28000000 0.00000000 -1791.46509642 58760.47917599 
0.30000000 0.00000000 -1791.43381721 58765.90052744 
0.32000000 0.00000000 -1791.33231761 58771.01473952 
0.34000000 0.00000000 -1791.18418486 58775.55970359 
0.36000000 0.00000000 -1791.08289094 58779.01703205 
0.38000000 0.00000000 -1790.97575998 58781.41585032 
0.40000000 0.00000000 -1186.51395788 59152.55291176 
0.42000000 0.00000000 -1186.92448819 59153.13965632 
0.44000000 0.00000000 -1791.00274226 58779.90718638 
0.46000000 0.00000000 -1791.12147125 58776.49503337 
0.48000000 0.00000000 -1791.23172738 58771.99751563 
0.50000000 0.00000000 -1791.36771033 58766.44929682 
0.52000000 0.00000000 -1791.46398006 58760.27791154 
0.54000000 0.00000000 -1791.47917534 58753.83554411 
0.56000000 0.00000000 -1791.40013233 58747.34462405 
0.58000000 0.00000000 -1793.89900800 58728.90520769 
0.60000000 0.00000000 -1793.55042559 58722.46472900 
0.62000000 0.00000000 -1793.08990284 58716.18429210 
0.64000000 0.00000000 -1792.52714518 58709.92601701 
0.66000000 0.00000000 -1477.78936979 59220.66754066 
0.68000000 0.00000000 -1465.34101479 59226.35858431 
0.70000000 0.00000000 -1790.05257029 58690.91248880 
0.72000000 0.00000000 -1788.94926971 58684.27489375 
0.74000000 0.00000000 -1787.62133904 58678.12473696 
0.76000000 0.00000000 -1786.25575491 58671.26951284 
0.78000000 0.00000000 -1784.62008128 58665.91759875 
0.80000000 0.00000000 -1783.05852184 58659.49545600 
0.82000000 0.00000000 -1781.45123486 58653.39064322 
0.84000000 0.00000000 -1779.82262233 58647.90554833 
0.86000000 0.00000000 -1779.80753459 58610.97669644 
0.88000000 0.00000000 -1777.98506115 58605.96097537 
0.90000000 0.00000000 -1772.72165807 58673.58494028 
0.92000000 0.00000000 -1757.63634790 58774.26005148 
0.94000000 0.00000000 -1773.30992545 58595.11424279 
0.96000000 0.00000000 -1772.07091269 58592.83829219 
0.98000000 0.00000000 -1769.96716948 58556.11902790 

