-1.00000000 0.00000000 2298.05800258 58684.17272527 
-0.98000000 0.00000000 2297.52507587 58684.24636274 
-0.96000000 0.00000000 2297.18477039 58684.48448114 
-0.94000000 0.00000000 2288.19966570 58670.01632922 
-0.92000000 0.00000000 2288.08353669 58670.42423697 
-0.90000000 0.00000000 2304.04638655 58699.40151276 
-0.88000000 0.00000000 2304.13278011 58699.87567847 
-0.86000000 0.00000000 2304.28989328 58700.42417443 
-0.84000000 0.00000000 2274.01617967 58651.50245826 
-0.82000000 0.00000000 2273.86431995 58651.53607489 
-0.80000000 0.00000000 2297.78276839 58688.24216604 
-0.78000000 0.00000000 2307.97998172 58708.94734218 
-0.76000000 0.00000000 2308.11054250 58709.33933088 
-0.74000000 0.00000000 2308.20547463 58709.64514322 
-0.72000000 0.00000000 2308.53431776 58710.47495396 
-0.70000000 0.00000000 2297.31806385 58687.92109083 
-0.68000000 0.00000000 2297.36753978 58688.04232288 
-0.66000000 0.00000000 2273.30434282 58651.89717559 
-0.64000000 0.00000000 2273.43511443 58651.97767907 
-0.62000000 0.00000000 2297.58769302 58688.19723296 
-0.60000000 0.00000000 2273.80515064 58651.98979567 
-0.58000000 0.00000000 2274.03809518 58651.91496699 
-0.56000000 0.00000000 2297.98854838 58688.08003832 
-0.54000000 0.00000000 2309.20052350 58710.70131491 
-0.52000000 0.00000000 2309.04219280 58709.94721343 
-0.50000000 0.00000000 2309.12236670 58709.74295656 
-0.48000000 0.00000000 2309.19130679 58709.52613439 
-0.46000000 0.00000000 2309.20308539 58709.20401758 
-0.44000000 0.00000000 2276.77108271 58651.96148541 
-0.42000000 0.00000000 2277.03666833 58651.94775313 
-0.40000000 0.00000000 2309.32973266 58708.74501461 
-0.38000000 0.00000000 2309.33536013 58708.61915941 
-0.36000000 0.00000000 2309.33903094 58708.53975019 
-0.34000000 0.00000000 2309.33266298 58708.47706482 
-0.32000000 0.00000000 2309.32057753 58708.42605920 
-0.30000000 0.00000000 2277.12572250 58651.20415772 
-0.28000000 0.00000000 2277.09708621 58651.11340353 
-0.26000000 0.00000000 2309.31964480 58708.29223257 
-0.24000000 0.00000000 2309.35434088 58708.21632523 
-0.22000000 0.00000000 2309.41780528 58708.09484724 
-0.20000000 0.00000000 2309.55054831 58707.98196631 
-0.18000000 0.00000000 2278.11924471 58650.66744637 
-0.16000000 0.00000000 2278.83745027 58650.66199269 
-0.14000000 0.00000000 2310.42543727 58707.42246126 
-0.12000000 0.00000000 2311.02370682 58707.38054856 
-0.10000000 0.00000000 2311.72232698 58707.22448045 
-0.08000000 0.00000000 2312.59074836 58707.10618853 
-0.06000000 0.00000000 2287.08706863 58652.07384053 
-0.04000000 0.00000000 2289.78781115 58652.85714086 
-0.02000000 0.00000000 2315.74853967 58705.77910938 
0.00000000 0.00000000 2317.42103947 58706.33638808 
0.02000000 0.00000000 2319.16316376 58706.90065966 
0.04000000 0.00000000 2321.05227043 58707.82693354 
0.06000000 0.00000000 2318.11943395 58693.62345583 
0.08000000 0.00000000 2323.38978530 58704.92880808 
0.10000000 0.00000000 2325.18304736 58705.73599288 
0.12000000 0.00000000 2327.00123941 58707.01772457 
0.14000000 0.00000000 2263.12589655 59053.63570088 
0.16000000 0.00000000 2272.00083863 59041.65860751 
0.18000000 0.00000000 2331.78249436 58711.16218350 
0.20000000 0.00000000 2333.10707817 58712.30421908 
0.22000000 0.00000000 2334.42169533 58713.76736587 
0.24000000 0.00000000 2335.69314245 58715.33008758 
0.26000000 0.00000000 2337.80017080 58721.90562787 
0.28000000 0.00000000 2338.94787258 58723.59387395 
0.30000000 0.00000000 2340.03241027 58725.27376390 
0.32000000 0.00000000 2341.02527361 58726.90181658 
0.34000000 0.00000000 2341.88283798 58728.38238208 
0.36000000 0.00000000 2342.54440821 58729.50867873 
0.38000000 0.00000000 2342.98599538 58730.31135238 
0.40000000 0.00000000 2130.01355057 59123.30040724 
0.42000000 0.00000000 2130.32213991 59123.36607365 
0.44000000 0.00000000 2342.68985841 58729.85697897 
0.46000000 0.00000000 2342.04703527 58728.75098678 
0.48000000 0.00000000 2341.17871996 58727.31279970 
0.50000000 0.00000000 2340.11288418 58725.53937671 
0.52000000 0.00000000 2338.90622403 58723.59594415 
0.54000000 0.00000000 2337.61144301 58721.61386025 
0.56000000 0.00000000 2336.26857132 58719.67161341 
0.58000000 0.00000000 2333.91489190 58712.83778376 
0.60000000 0.00000000 2332.48422732 58711.06380679 
0.62000000 0.00000000 2331.04185973 58709.41138098 
0.64000000 0.00000000 2329.56683561 58707.83477530 
0.66000000 0.00000000 2286.95191342 59018.02777521 
0.68000000 0.00000000 2282.04790735 59026.10383798 
0.70000000 0.00000000 2324.79116982 58703.52474125 
0.72000000 0.00000000 2323.03323773 58702.16131313 
0.74000000 0.00000000 2321.26586628 58701.06959522 
0.76000000 0.00000000 2319.36445065 58699.78342851 
0.78000000 0.00000000 2317.61152774 58699.10331821 
0.80000000 0.00000000 2315.71487757 58698.05197501 
0.82000000 0.00000000 2313.86411223 58697.11904298 
0.84000000 0.00000000 2312.12319278 58696.38578951 
0.86000000 0.00000000 2305.81544947 58684.81720200 
0.88000000 0.00000000 2304.11810848 58684.27646803 
0.90000000 0.00000000 2313.22957392 58708.58517483 
0.92000000 0.00000000 2324.54052149 58747.57091146 
0.94000000 0.00000000 2300.15814688 58683.54715574 
0.96000000 0.00000000 2299.22435599 58683.55555940 
0.98000000 0.00000000 2292.35162295 58672.68619563 

