-1.00000000 0.00000000 315.07416458 63722.86088645 
-0.98000000 0.00000000 315.07416458 63722.86088645 
-0.96000000 0.00000000 315.07416458 63722.86088645 
-0.94000000 0.00000000 315.07416390 63722.86088643 
-0.92000000 0.00000000 315.07416392 63722.86088643 
-0.90000000 0.00000000 315.07416502 63722.86088646 
-0.88000000 0.00000000 315.07416503 63722.86088646 
-0.86000000 0.00000000 315.07416503 63722.86088646 
-0.84000000 0.00000000 315.07416230 63722.86088639 
-0.82000000 0.00000000 315.07416229 63722.86088639 
-0.80000000 0.00000000 315.07416466 63722.86088645 
-0.78000000 0.00000000 315.07416521 63722.86088646 
-0.76000000 0.00000000 315.07416521 63722.86088646 
-0.74000000 0.00000000 315.07416521 63722.86088646 
-0.72000000 0.00000000 315.07416522 63722.86088646 
-0.70000000 0.00000000 315.07416463 63722.86088645 
-0.68000000 0.00000000 315.07416463 63722.86088645 
-0.66000000 0.00000000 315.07416231 63722.86088639 
-0.64000000 0.00000000 315.07416232 63722.86088639 
-0.62000000 0.00000000 315.07416463 63722.86088645 
-0.60000000 0.00000000 315.07416232 63722.86088639 
-0.58000000 0.00000000 315.07416231 63722.86088639 
-0.56000000 0.00000000 315.07416463 63722.86088645 
-0.54000000 0.00000000 315.07416522 63722.86088646 
-0.52000000 0.00000000 315.07416521 63722.86088646 
-0.50000000 0.00000000 315.07416521 63722.86088646 
-0.48000000 0.00000000 315.07416521 63722.86088646 
-0.46000000 0.00000000 315.07416520 63722.86088646 
-0.44000000 0.00000000 315.07416230 63722.86088639 
-0.42000000 0.00000000 315.07416230 63722.86088639 
-0.40000000 0.00000000 315.07416520 63722.86088646 
-0.38000000 0.00000000 315.07416520 63722.86088646 
-0.36000000 0.00000000 315.07416520 63722.86088646 
-0.34000000 0.00000000 315.07416520 63722.86088646 
-0.32000000 0.00000000 315.07416520 63722.86088646 
-0.30000000 0.00000000 315.07416224 63722.86088639 
-0.28000000 0.00000000 315.07416224 63722.86088639 
-0.26000000 0.00000000 315.07416520 63722.86088646 
-0.24000000 0.00000000 315.07416520 63722.86088646 
-0.22000000 0.00000000 315.07416520 63722.86088646 
-0.20000000 0.00000000 315.07416520 63722.86088646 
-0.18000000 0.00000000 315.07416223 63722.86088639 
-0.16000000 0.00000000 315.07416223 63722.86088639 
-0.14000000 0.00000000 315.07416519 63722.86088646 
-0.12000000 0.00000000 315.07416519 63722.86088646 
-0.10000000 0.00000000 315.07416518 63722.86088646 
-0.08000000 0.00000000 315.07416517 63722.86088646 
-0.06000000 0.00000000 315.07416221 63722.86088639 
-0.04000000 0.00000000 315.07416221 63722.86088639 
-0.02000000 0.00000000 315.07416510 63722.86088646 
0.00000000 0.00000000 315.07416509 63722.86088646 
0.02000000 0.00000000 315.07416508 63722.86088646 
0.04000000 0.00000000 315.07416507 63722.86088646 
0.06000000 0.00000000 315.07416457 63722.86088645 
0.08000000 0.00000000 315.07416491 63722.86088646 
0.10000000 0.00000000 315.07416489 63722.86088646 
0.12000000 0.00000000 315.07416488 63722.86088645 
0.14000000 0.00000000 315.07416699 63722.86088651 
0.16000000 0.00000000 315.07416698 63722.86088651 
0.18000000 0.00000000 315.07416487 63722.86088645 
0.20000000 0.00000000 315.07416485 63722.86088645 
0.22000000 0.00000000 315.07416485 63722.86088645 
0.24000000 0.00000000 315.07416485 63722.86088645 
0.26000000 0.00000000 315.07416501 63722.86088646 
0.28000000 0.00000000 315.07416501 63722.86088646 
0.30000000 0.00000000 315.07416501 63722.86088646 
0.32000000 0.00000000 315.07416500 63722.86088646 
0.34000000 0.00000000 315.07416500 63722.86088646 
0.36000000 0.00000000 315.07416500 63722.86088646 
0.38000000 0.00000000 315.07416500 63722.86088646 
0.40000000 0.00000000 315.07416713 63722.86088652 
0.42000000 0.00000000 315.07416713 63722.86088652 
0.44000000 0.00000000 315.07416500 63722.86088646 
0.46000000 0.00000000 315.07416500 63722.86088646 
0.48000000 0.00000000 315.07416500 63722.86088646 
0.50000000 0.00000000 315.07416500 63722.86088646 
0.52000000 0.00000000 315.07416500 63722.86088646 
0.54000000 0.00000000 315.07416501 63722.86088646 
0.56000000 0.00000000 315.07416501 63722.86088646 
0.58000000 0.00000000 315.07416485 63722.86088645 
0.60000000 0.00000000 315.07416485 63722.86088645 
0.62000000 0.00000000 315.07416485 63722.86088645 
0.64000000 0.00000000 315.07416485 63722.86088645 
0.66000000 0.00000000 315.07416697 63722.86088651 
0.68000000 0.00000000 315.07416698 63722.86088651 
0.70000000 0.00000000 315.07416486 63722.86088645 
0.72000000 0.00000000 315.07416486 63722.86088645 
0.74000000 0.00000000 315.07416487 63722.86088645 
0.76000000 0.00000000 315.07416488 63722.86088645 
0.78000000 0.00000000 315.07416490 63722.86088646 
0.80000000 0.00000000 315.07416490 63722.86088646 
0.82000000 0.00000000 315.07416490 63722.86088646 
0.84000000 0.00000000 315.07416491 63722.86088646 
0.86000000 0.00000000 315.07416453 63722.86088645 
0.88000000 0.00000000 315.07416453 63722.86088645 
0.90000000 0.00000000 315.07416527 63722.86088647 
0.92000000 0.00000000 315.07416588 63722.86088649 
0.94000000 0.00000000 315.07416455 63722.86088645 
0.96000000 0.00000000 315.07416455 63722.86088645 
0.98000000 0.00000000 315.07416406 63722.86088643 

