-1.00000000 0.00000000 -1658.08460807 59337.42844123 
-0.98000000 0.00000000 -1659.26415244 59335.22879591 
-0.96000000 0.00000000 -1659.76683714 59333.75248480 
-0.94000000 0.00000000 -1702.66301232 59299.60228664 
-0.92000000 0.00000000 -1702.37404121 59298.95662095 
-0.90000000 0.00000000 -1621.56660425 59357.75410447 
-0.88000000 0.00000000 -1620.75863924 59357.92503824 
-0.86000000 0.00000000 -1619.66670807 59358.35940458 
-0.84000000 0.00000000 -1764.17649891 59241.55303263 
-0.82000000 0.00000000 -1764.50864925 59240.79756404 
-0.80000000 0.00000000 -1653.37935142 59334.85112631 
-0.78000000 0.00000000 -1598.54269072 59370.67459339 
-0.76000000 0.00000000 -1597.70232566 59371.05589662 
-0.74000000 0.00000000 -1597.06469604 59371.32423185 
-0.72000000 0.00000000 -1595.08245390 59372.38652286 
-0.70000000 0.00000000 -1655.11304545 59332.85420131 
-0.68000000 0.00000000 -1654.82509930 59333.01340199 
-0.66000000 0.00000000 -1765.28138481 59237.90891786 
-0.64000000 0.00000000 -1764.86025796 59238.47380626 
-0.62000000 0.00000000 -1654.07026439 59333.87009793 
-0.60000000 0.00000000 -1764.02644439 59240.14126666 
-0.58000000 0.00000000 -1763.63946388 59241.21580156 
-0.56000000 0.00000000 -1653.26176899 59335.57661051 
-0.54000000 0.00000000 -1593.04894304 59374.94269075 
-0.52000000 0.00000000 -1594.50165293 59374.52873919 
-0.50000000 0.00000000 -1594.56532895 59374.91432057 
-0.48000000 0.00000000 -1594.67200322 59375.26182515 
-0.46000000 0.00000000 -1595.07048141 59375.41433082 
-0.44000000 0.00000000 -1757.54897654 59253.62423834 
-0.42000000 0.00000000 -1756.96521841 59254.85083530 
-0.40000000 0.00000000 -1595.28189720 59376.11754748 
-0.38000000 0.00000000 -1595.39433363 59376.20700556 
-0.36000000 0.00000000 -1595.43863481 59376.27941960 
-0.34000000 0.00000000 -1595.47769121 59376.31030946 
-0.32000000 0.00000000 -1595.50819274 59376.31718800 
-0.30000000 0.00000000 -1757.66262620 59255.70659796 
-0.28000000 0.00000000 -1757.79053025 59255.64700942 
-0.26000000 0.00000000 -1595.46137889 59376.46381116 
-0.24000000 0.00000000 -1595.40636768 59376.64590958 
-0.22000000 0.00000000 -1595.35574674 59376.93907980 
-0.20000000 0.00000000 -1595.13925561 59377.48128674 
-0.18000000 0.00000000 -1755.94696279 59260.31678911 
-0.16000000 0.00000000 -1754.38373002 59263.41240429 
-0.14000000 0.00000000 -1593.83864241 59380.83593683 
-0.12000000 0.00000000 -1592.54254385 59383.02227485 
-0.10000000 0.00000000 -1591.23918835 59385.56990681 
-0.08000000 0.00000000 -1589.54357513 59388.70383312 
-0.06000000 0.00000000 -1734.88237256 59297.83692717 
-0.04000000 0.00000000 -1728.08247194 59308.82822679 
-0.02000000 0.00000000 -1585.09203503 59400.12295433 
0.00000000 0.00000000 -1580.75782066 59405.93419265 
0.02000000 0.00000000 -1576.30291294 59411.95665277 
0.04000000 0.00000000 -1570.97900594 59418.39513764 
0.06000000 0.00000000 -1600.82170245 59410.72242305 
0.08000000 0.00000000 -1571.27254642 59427.14064862 
0.10000000 0.00000000 -1566.43156330 59433.23810641 
0.12000000 0.00000000 -1560.76783119 59439.28179254 
0.14000000 0.00000000 -1038.74978867 59142.05686945 
0.16000000 0.00000000 -1051.00108703 59172.82602451 
0.18000000 0.00000000 -1544.81578749 59454.76847436 
0.20000000 0.00000000 -1540.53376914 59458.99824576 
0.22000000 0.00000000 -1535.78857301 59463.08249728 
0.24000000 0.00000000 -1531.02400031 59466.96862259 
0.26000000 0.00000000 -1516.18579328 59472.24314680 
0.28000000 0.00000000 -1511.56152017 59475.61095623 
0.30000000 0.00000000 -1507.10076831 59478.76067679 
0.32000000 0.00000000 -1502.90244437 59481.61247687 
0.34000000 0.00000000 -1499.17762218 59484.05061487 
0.36000000 0.00000000 -1496.35674206 59485.93586356 
0.38000000 0.00000000 -1494.40006219 59487.18036095 
0.40000000 0.00000000 -977.87645374 58623.57393026 
0.42000000 0.00000000 -977.75098999 58625.01574388 
0.44000000 0.00000000 -1495.65361792 59486.34494286 
0.46000000 0.00000000 -1498.45264337 59484.52874902 
0.48000000 0.00000000 -1502.13932725 59482.05307980 
0.50000000 0.00000000 -1506.69889235 59479.00966952 
0.52000000 0.00000000 -1511.77964980 59475.53619273 
0.54000000 0.00000000 -1517.09367172 59471.76807825 
0.56000000 0.00000000 -1522.46203627 59467.81421704 
0.58000000 0.00000000 -1538.16141015 59461.72483260 
0.60000000 0.00000000 -1543.54015807 59457.34843832 
0.62000000 0.00000000 -1548.81003538 59452.87149156 
0.64000000 0.00000000 -1554.08958454 59448.22943193 
0.66000000 0.00000000 -1077.45414105 59227.78934205 
0.68000000 0.00000000 -1068.99605655 59210.93734180 
0.70000000 0.00000000 -1570.28502231 59432.74430979 
0.72000000 0.00000000 -1575.98604565 59426.89530382 
0.74000000 0.00000000 -1581.28409959 59420.90744631 
0.76000000 0.00000000 -1587.21350393 59414.43754945 
0.78000000 0.00000000 -1591.85802034 59408.32910074 
0.80000000 0.00000000 -1597.45231402 59401.73105863 
0.82000000 0.00000000 -1602.79156579 59395.22218073 
0.84000000 0.00000000 -1607.61143952 59389.02324534 
0.86000000 0.00000000 -1639.94417593 59367.49233295 
0.88000000 0.00000000 -1644.41390237 59361.13389181 
0.90000000 0.00000000 -1585.54200707 59391.00995216 
0.92000000 0.00000000 -1499.10003122 59423.42891770 
0.94000000 0.00000000 -1654.20555340 59345.93767299 
0.96000000 0.00000000 -1656.30302868 59342.24421916 
0.98000000 0.00000000 -1688.87639846 59316.52993773 

