-1.00000000 0.00000000 -498.25072778 58435.31373396 
-0.98000000 0.00000000 -498.78029270 58437.98525681 
-0.96000000 0.00000000 -499.44579299 58438.84205599 
-0.94000000 0.00000000 -478.75635101 58571.34450848 
-0.92000000 0.00000000 -479.57066790 58569.98379567 
-0.90000000 0.00000000 -521.98159987 58321.92254980 
-0.88000000 0.00000000 -522.71146313 58319.50157341 
-0.86000000 0.00000000 -523.53175098 58316.27573743 
-0.84000000 0.00000000 -452.90912694 58767.99770803 
-0.82000000 0.00000000 -453.06459244 58768.94074851 
-0.80000000 0.00000000 -505.54398282 58418.47919063 
-0.78000000 0.00000000 -536.37486894 58253.24336808 
-0.76000000 0.00000000 -536.97062318 58250.78800164 
-0.74000000 0.00000000 -537.44381951 58248.91757484 
-0.72000000 0.00000000 -538.72485177 58243.01260508 
-0.70000000 0.00000000 -505.25182694 58423.67915923 
-0.68000000 0.00000000 -505.44895046 58422.79219435 
-0.66000000 0.00000000 -454.32233773 58770.38066769 
-0.64000000 0.00000000 -454.39591915 58769.09555152 
-0.62000000 0.00000000 -505.58287563 58420.70964055 
-0.60000000 0.00000000 -454.12103194 58766.96053011 
-0.58000000 0.00000000 -453.76155633 58766.20105885 
-0.56000000 0.00000000 -505.01771136 58418.97835824 
-0.54000000 0.00000000 -538.64689621 58237.76631537 
-0.52000000 0.00000000 -537.35898747 58242.32759815 
-0.50000000 0.00000000 -536.91642117 58242.72941008 
-0.48000000 0.00000000 -536.46185752 58243.24378968 
-0.46000000 0.00000000 -535.85806069 58244.60765869 
-0.44000000 0.00000000 -451.36320516 58751.14624235 
-0.42000000 0.00000000 -451.10466614 58749.70144761 
-0.40000000 0.00000000 -534.97547143 58245.46676932 
-0.38000000 0.00000000 -534.78218921 58245.76762974 
-0.36000000 0.00000000 -534.69039196 58245.80862018 
-0.34000000 0.00000000 -534.65093960 58245.78584011 
-0.32000000 0.00000000 -534.65089680 58245.70069538 
-0.30000000 0.00000000 -449.84557579 58752.23943949 
-0.28000000 0.00000000 -449.80909142 58752.46159585 
-0.26000000 0.00000000 -534.72449318 58244.99806903 
-0.24000000 0.00000000 -534.67449950 58244.72789659 
-0.22000000 0.00000000 -534.51312527 58244.57639962 
-0.20000000 0.00000000 -534.30105368 58244.08581650 
-0.18000000 0.00000000 -448.73504083 58747.84553074 
-0.16000000 0.00000000 -448.21290045 58744.11254908 
-0.14000000 0.00000000 -532.68289003 58242.21118806 
-0.12000000 0.00000000 -532.05955895 58239.72990626 
-0.10000000 0.00000000 -531.05107908 58237.72020965 
-0.08000000 0.00000000 -529.86932601 58235.07566730 
-0.06000000 0.00000000 -443.20931158 58699.14609025 
-0.04000000 0.00000000 -441.80135645 58683.81789578 
-0.02000000 0.00000000 -523.17374830 58232.88402268 
0.00000000 0.00000000 -522.02720077 58224.61171293 
0.02000000 0.00000000 -520.67664819 58216.45083400 
0.04000000 0.00000000 -519.76111943 58205.93097811 
0.06000000 0.00000000 -493.12796717 58308.12585804 
0.08000000 0.00000000 -509.45185128 58220.49816589 
0.10000000 0.00000000 -508.05947540 58212.01940513 
0.12000000 0.00000000 -507.56602186 58200.63968751 
0.14000000 0.00000000 -1762.05944432 56674.54236523 
0.16000000 0.00000000 -1676.27918080 56676.63657286 
0.18000000 0.00000000 -507.32651486 58167.78906141 
0.20000000 0.00000000 -506.98173476 58159.70497423 
0.22000000 0.00000000 -507.25488363 58149.91216950 
0.24000000 0.00000000 -507.69853379 58139.98367077 
0.26000000 0.00000000 -517.69405346 58095.59003153 
0.28000000 0.00000000 -518.38082915 58085.88910528 
0.30000000 0.00000000 -519.08695002 58076.55656943 
0.32000000 0.00000000 -519.82902656 58067.71562612 
0.34000000 0.00000000 -520.55514922 58059.80921606 
0.36000000 0.00000000 -521.00877307 58054.01661899 
0.38000000 0.00000000 -521.39088728 58049.90942753 
0.40000000 0.00000000 -2838.69379251 57754.15772992 
0.42000000 0.00000000 -2837.26913530 57748.95388077 
0.44000000 0.00000000 -521.15283134 58052.66658380 
0.46000000 0.00000000 -520.61128691 58058.62719872 
0.48000000 0.00000000 -519.97912219 58066.34952910 
0.50000000 0.00000000 -519.10543107 58076.08059487 
0.52000000 0.00000000 -518.15810480 58086.93002098 
0.54000000 0.00000000 -517.24883292 58098.21387237 
0.56000000 0.00000000 -516.41518435 58109.56837065 
0.58000000 0.00000000 -506.31139762 58155.91273414 
0.60000000 0.00000000 -505.68630268 58167.31310532 
0.62000000 0.00000000 -505.19154001 58178.46535464 
0.64000000 0.00000000 -504.77132770 58189.70806470 
0.66000000 0.00000000 -1515.97056084 56707.64919627 
0.68000000 0.00000000 -1563.88166078 56695.74222365 
0.70000000 0.00000000 -504.28368349 58224.12195852 
0.72000000 0.00000000 -504.34107086 58236.24971362 
0.74000000 0.00000000 -504.91019617 58246.93097376 
0.76000000 0.00000000 -505.15193712 58259.59193619 
0.78000000 0.00000000 -506.38247068 58268.20678783 
0.80000000 0.00000000 -506.90013916 58280.04001717 
0.82000000 0.00000000 -507.49196714 58291.35342640 
0.84000000 0.00000000 -508.24916637 58301.42579021 
0.86000000 0.00000000 -491.68471787 58397.94201132 
0.88000000 0.00000000 -492.55263673 58407.51935109 
0.90000000 0.00000000 -532.18858978 58222.39264736 
0.92000000 0.00000000 -598.89268194 57958.04769386 
0.94000000 0.00000000 -495.22187306 58428.38968673 
0.96000000 0.00000000 -496.09541291 58432.76368033 
0.98000000 0.00000000 -480.73756472 58532.38065811 

