-1.00000000 0.00000000 314.39400971 63790.29368414 
-0.98000000 0.00000000 314.39401024 63790.29368415 
-0.96000000 0.00000000 314.39401270 63790.29368421 
-0.94000000 0.00000000 314.39372365 63790.29367696 
-0.92000000 0.00000000 314.39373143 63790.29367715 
-0.90000000 0.00000000 314.39420402 63790.29368901 
-0.88000000 0.00000000 314.39420695 63790.29368909 
-0.86000000 0.00000000 314.39421069 63790.29368918 
-0.84000000 0.00000000 314.39304407 63790.29365989 
-0.82000000 0.00000000 314.39304291 63790.29365986 
-0.80000000 0.00000000 314.39405286 63790.29368522 
-0.78000000 0.00000000 314.39428676 63790.29369109 
-0.76000000 0.00000000 314.39428876 63790.29369114 
-0.74000000 0.00000000 314.39429013 63790.29369117 
-0.72000000 0.00000000 314.39429621 63790.29369133 
-0.70000000 0.00000000 314.39404210 63790.29368495 
-0.68000000 0.00000000 314.39404319 63790.29368497 
-0.66000000 0.00000000 314.39305479 63790.29366016 
-0.64000000 0.00000000 314.39305883 63790.29366026 
-0.62000000 0.00000000 314.39404431 63790.29368500 
-0.60000000 0.00000000 314.39305860 63790.29366026 
-0.58000000 0.00000000 314.39305388 63790.29366014 
-0.56000000 0.00000000 314.39404242 63790.29368495 
-0.54000000 0.00000000 314.39429651 63790.29369133 
-0.52000000 0.00000000 314.39429054 63790.29369118 
-0.50000000 0.00000000 314.39428939 63790.29369115 
-0.48000000 0.00000000 314.39428814 63790.29369112 
-0.46000000 0.00000000 314.39428591 63790.29369107 
-0.44000000 0.00000000 314.39304564 63790.29365993 
-0.42000000 0.00000000 314.39304454 63790.29365990 
-0.40000000 0.00000000 314.39428357 63790.29369101 
-0.38000000 0.00000000 314.39428298 63790.29369099 
-0.36000000 0.00000000 314.39428280 63790.29369099 
-0.34000000 0.00000000 314.39428279 63790.29369099 
-0.32000000 0.00000000 314.39428292 63790.29369099 
-0.30000000 0.00000000 314.39302043 63790.29365930 
-0.28000000 0.00000000 314.39302059 63790.29365930 
-0.26000000 0.00000000 314.39428372 63790.29369101 
-0.24000000 0.00000000 314.39428375 63790.29369101 
-0.22000000 0.00000000 314.39428333 63790.29369100 
-0.20000000 0.00000000 314.39428286 63790.29369099 
-0.18000000 0.00000000 314.39301723 63790.29365922 
-0.16000000 0.00000000 314.39301614 63790.29365919 
-0.14000000 0.00000000 314.39427741 63790.29369085 
-0.12000000 0.00000000 314.39427569 63790.29369081 
-0.10000000 0.00000000 314.39427192 63790.29369072 
-0.08000000 0.00000000 314.39426725 63790.29369060 
-0.06000000 0.00000000 314.39300293 63790.29365886 
-0.04000000 0.00000000 314.39299894 63790.29365876 
-0.02000000 0.00000000 314.39423296 63790.29368974 
0.00000000 0.00000000 314.39422779 63790.29368961 
0.02000000 0.00000000 314.39422079 63790.29368944 
0.04000000 0.00000000 314.39421610 63790.29368932 
0.06000000 0.00000000 314.39399931 63790.29368388 
0.08000000 0.00000000 314.39414329 63790.29368749 
0.10000000 0.00000000 314.39413227 63790.29368722 
0.12000000 0.00000000 314.39412749 63790.29368710 
0.14000000 0.00000000 314.39502584 63790.29370966 
0.16000000 0.00000000 314.39502290 63790.29370958 
0.18000000 0.00000000 314.39411881 63790.29368688 
0.20000000 0.00000000 314.39411246 63790.29368672 
0.22000000 0.00000000 314.39411027 63790.29368667 
0.24000000 0.00000000 314.39410869 63790.29368663 
0.26000000 0.00000000 314.39417695 63790.29368834 
0.28000000 0.00000000 314.39417577 63790.29368831 
0.30000000 0.00000000 314.39417447 63790.29368828 
0.32000000 0.00000000 314.39417351 63790.29368825 
0.34000000 0.00000000 314.39417295 63790.29368824 
0.36000000 0.00000000 314.39417148 63790.29368820 
0.38000000 0.00000000 314.39417094 63790.29368819 
0.40000000 0.00000000 314.39508154 63790.29371106 
0.42000000 0.00000000 314.39508146 63790.29371106 
0.44000000 0.00000000 314.39417087 63790.29368819 
0.46000000 0.00000000 314.39417136 63790.29368820 
0.48000000 0.00000000 314.39417261 63790.29368823 
0.50000000 0.00000000 314.39417316 63790.29368825 
0.52000000 0.00000000 314.39417368 63790.29368826 
0.54000000 0.00000000 314.39417451 63790.29368828 
0.56000000 0.00000000 314.39417557 63790.29368831 
0.58000000 0.00000000 314.39410644 63790.29368657 
0.60000000 0.00000000 314.39410739 63790.29368659 
0.62000000 0.00000000 314.39410857 63790.29368662 
0.64000000 0.00000000 314.39410957 63790.29368665 
0.66000000 0.00000000 314.39501524 63790.29370939 
0.68000000 0.00000000 314.39501809 63790.29370946 
0.70000000 0.00000000 314.39411443 63790.29368677 
0.72000000 0.00000000 314.39411648 63790.29368682 
0.74000000 0.00000000 314.39412205 63790.29368696 
0.76000000 0.00000000 314.39412422 63790.29368701 
0.78000000 0.00000000 314.39413380 63790.29368725 
0.80000000 0.00000000 314.39413679 63790.29368733 
0.82000000 0.00000000 314.39413969 63790.29368740 
0.84000000 0.00000000 314.39414330 63790.29368749 
0.86000000 0.00000000 314.39398120 63790.29368342 
0.88000000 0.00000000 314.39398460 63790.29368351 
0.90000000 0.00000000 314.39430172 63790.29369147 
0.92000000 0.00000000 314.39456222 63790.29369801 
0.94000000 0.00000000 314.39399450 63790.29368375 
0.96000000 0.00000000 314.39399778 63790.29368384 
0.98000000 0.00000000 314.39378853 63790.29367858 

