-1.00000000 0.00000000 314.29784645 63799.22810132 
-0.98000000 0.00000000 314.29785160 63799.22810144 
-0.96000000 0.00000000 314.29786865 63799.22810187 
-0.94000000 0.00000000 314.29607289 63799.22805680 
-0.92000000 0.00000000 314.29612285 63799.22805806 
-0.90000000 0.00000000 314.29906310 63799.22813184 
-0.88000000 0.00000000 314.29908267 63799.22813233 
-0.86000000 0.00000000 314.29910721 63799.22813294 
-0.84000000 0.00000000 314.29185393 63799.22795091 
-0.82000000 0.00000000 314.29184786 63799.22795076 
-0.80000000 0.00000000 314.29812932 63799.22810840 
-0.78000000 0.00000000 314.29958492 63799.22814493 
-0.76000000 0.00000000 314.29959840 63799.22814526 
-0.74000000 0.00000000 314.29960794 63799.22814550 
-0.72000000 0.00000000 314.29964669 63799.22814647 
-0.70000000 0.00000000 314.29806730 63799.22810684 
-0.68000000 0.00000000 314.29807478 63799.22810702 
-0.66000000 0.00000000 314.29192896 63799.22795279 
-0.64000000 0.00000000 314.29195434 63799.22795342 
-0.62000000 0.00000000 314.29808250 63799.22810722 
-0.60000000 0.00000000 314.29195272 63799.22795338 
-0.58000000 0.00000000 314.29192291 63799.22795264 
-0.56000000 0.00000000 314.29806944 63799.22810689 
-0.54000000 0.00000000 314.29964870 63799.22814652 
-0.52000000 0.00000000 314.29961067 63799.22814557 
-0.50000000 0.00000000 314.29960260 63799.22814537 
-0.48000000 0.00000000 314.29959389 63799.22814515 
-0.46000000 0.00000000 314.29957921 63799.22814478 
-0.44000000 0.00000000 314.29186599 63799.22795121 
-0.42000000 0.00000000 314.29185858 63799.22795103 
-0.40000000 0.00000000 314.29956296 63799.22814438 
-0.38000000 0.00000000 314.29955905 63799.22814428 
-0.36000000 0.00000000 314.29955788 63799.22814425 
-0.34000000 0.00000000 314.29955786 63799.22814425 
-0.32000000 0.00000000 314.29955877 63799.22814427 
-0.30000000 0.00000000 314.29170829 63799.22794726 
-0.28000000 0.00000000 314.29170949 63799.22794729 
-0.26000000 0.00000000 314.29956432 63799.22814441 
-0.24000000 0.00000000 314.29956460 63799.22814442 
-0.22000000 0.00000000 314.29956193 63799.22814435 
-0.20000000 0.00000000 314.29955873 63799.22814427 
-0.18000000 0.00000000 314.29168809 63799.22794675 
-0.16000000 0.00000000 314.29168058 63799.22794656 
-0.14000000 0.00000000 314.29952269 63799.22814337 
-0.12000000 0.00000000 314.29951069 63799.22814307 
-0.10000000 0.00000000 314.29948556 63799.22814244 
-0.08000000 0.00000000 314.29945455 63799.22814167 
-0.06000000 0.00000000 314.29159016 63799.22794430 
-0.04000000 0.00000000 314.29156276 63799.22794362 
-0.02000000 0.00000000 314.29923361 63799.22813613 
0.00000000 0.00000000 314.29919848 63799.22813525 
0.02000000 0.00000000 314.29915185 63799.22813409 
0.04000000 0.00000000 314.29911954 63799.22813328 
0.06000000 0.00000000 314.29776842 63799.22809937 
0.08000000 0.00000000 314.29866082 63799.22812177 
0.10000000 0.00000000 314.29858954 63799.22811999 
0.12000000 0.00000000 314.29855726 63799.22811918 
0.14000000 0.00000000 314.30414134 63799.22825932 
0.16000000 0.00000000 314.30412109 63799.22825882 
0.18000000 0.00000000 314.29849738 63799.22811768 
0.20000000 0.00000000 314.29845646 63799.22811666 
0.22000000 0.00000000 314.29844161 63799.22811629 
0.24000000 0.00000000 314.29843080 63799.22811602 
0.26000000 0.00000000 314.29885438 63799.22812665 
0.28000000 0.00000000 314.29884633 63799.22812645 
0.30000000 0.00000000 314.29883766 63799.22812623 
0.32000000 0.00000000 314.29883117 63799.22812607 
0.34000000 0.00000000 314.29882724 63799.22812597 
0.36000000 0.00000000 314.29881783 63799.22812573 
0.38000000 0.00000000 314.29881421 63799.22812564 
0.40000000 0.00000000 314.30447661 63799.22826775 
0.42000000 0.00000000 314.30447615 63799.22826774 
0.44000000 0.00000000 314.29881379 63799.22812563 
0.46000000 0.00000000 314.29881702 63799.22812571 
0.48000000 0.00000000 314.29882509 63799.22812592 
0.50000000 0.00000000 314.29882881 63799.22812601 
0.52000000 0.00000000 314.29883240 63799.22812610 
0.54000000 0.00000000 314.29883799 63799.22812624 
0.56000000 0.00000000 314.29884509 63799.22812642 
0.58000000 0.00000000 314.29841570 63799.22811564 
0.60000000 0.00000000 314.29842212 63799.22811580 
0.62000000 0.00000000 314.29843013 63799.22811600 
0.64000000 0.00000000 314.29843700 63799.22811617 
0.66000000 0.00000000 314.30406965 63799.22825753 
0.68000000 0.00000000 314.30408832 63799.22825800 
0.70000000 0.00000000 314.29847006 63799.22811700 
0.72000000 0.00000000 314.29848401 63799.22811735 
0.74000000 0.00000000 314.29852007 63799.22811825 
0.76000000 0.00000000 314.29853506 63799.22811862 
0.78000000 0.00000000 314.29859626 63799.22812016 
0.80000000 0.00000000 314.29861662 63799.22812067 
0.82000000 0.00000000 314.29863651 63799.22812116 
0.84000000 0.00000000 314.29866093 63799.22812178 
0.86000000 0.00000000 314.29765490 63799.22809653 
0.88000000 0.00000000 314.29767806 63799.22809710 
0.90000000 0.00000000 314.29965214 63799.22814665 
0.92000000 0.00000000 314.30127412 63799.22818735 
0.94000000 0.00000000 314.29774586 63799.22809880 
0.96000000 0.00000000 314.29776831 63799.22809936 
0.98000000 0.00000000 314.29646910 63799.22806675 

