-1.00000000 0.00000000 178.51451286 60684.07228063 
-0.98000000 0.00000000 178.20097002 60682.86319022 
-0.96000000 0.00000000 178.04714778 60680.64171249 
-0.94000000 0.00000000 166.50307214 60814.34394723 
-0.92000000 0.00000000 166.57865195 60810.62782584 
-0.90000000 0.00000000 186.62863844 60560.91914872 
-0.88000000 0.00000000 186.75267367 60557.87717717 
-0.86000000 0.00000000 186.93934519 60554.29604032 
-0.84000000 0.00000000 145.46024064 61025.67703010 
-0.82000000 0.00000000 145.33125749 61025.73801166 
-0.80000000 0.00000000 179.30532843 60652.18711245 
-0.78000000 0.00000000 191.07127724 60493.55968138 
-0.76000000 0.00000000 191.20401195 60491.02281312 
-0.74000000 0.00000000 191.29974429 60489.02212553 
-0.72000000 0.00000000 191.65857129 60483.25774417 
-0.70000000 0.00000000 178.78235928 60655.39267249 
-0.68000000 0.00000000 178.83909862 60654.35523015 
-0.66000000 0.00000000 145.06492257 61021.35230345 
-0.64000000 0.00000000 145.21894739 61020.26956234 
-0.62000000 0.00000000 179.01101137 60653.17211019 
-0.60000000 0.00000000 145.48765899 61020.30905003 
-0.58000000 0.00000000 145.59153430 61021.54189478 
-0.56000000 0.00000000 179.23768700 60654.86229973 
-0.54000000 0.00000000 192.12694896 60482.56511476 
-0.52000000 0.00000000 191.88693902 60488.13372739 
-0.50000000 0.00000000 191.91607366 60489.81277507 
-0.48000000 0.00000000 191.93645325 60491.54933679 
-0.46000000 0.00000000 191.89800647 60493.98895065 
-0.44000000 0.00000000 147.52712649 61024.35305698 
-0.42000000 0.00000000 147.71314803 61024.69730200 
-0.40000000 0.00000000 191.95173636 60497.14734690 
-0.38000000 0.00000000 191.95299296 60497.77804947 
-0.36000000 0.00000000 191.96385979 60497.95387668 
-0.34000000 0.00000000 191.97289119 60497.89407485 
-0.32000000 0.00000000 191.98180543 60497.64852961 
-0.30000000 0.00000000 147.43743319 61030.62669078 
-0.28000000 0.00000000 147.41025126 61030.55340206 
-0.26000000 0.00000000 192.03698125 60496.44384222 
-0.24000000 0.00000000 192.06744913 60496.31315682 
-0.22000000 0.00000000 192.10081791 60496.65023520 
-0.20000000 0.00000000 192.17079918 60497.17694277 
-0.18000000 0.00000000 147.99771317 61031.51782562 
-0.16000000 0.00000000 148.46562152 61031.93086723 
-0.14000000 0.00000000 192.53251153 60503.09520933 
-0.12000000 0.00000000 192.82758434 60505.44965436 
-0.10000000 0.00000000 193.12406234 60509.63134748 
-0.08000000 0.00000000 193.49521000 60514.70183309 
-0.06000000 0.00000000 153.97079406 61036.73418869 
-0.04000000 0.00000000 155.79759420 61038.17982811 
-0.02000000 0.00000000 194.43493211 60545.49815446 
0.00000000 0.00000000 195.29119401 60551.20914597 
0.02000000 0.00000000 196.15677940 60558.18236596 
0.04000000 0.00000000 197.18129084 60563.48111956 
0.06000000 0.00000000 190.66431017 60694.44521055 
0.08000000 0.00000000 196.96051076 60614.46591018 
0.10000000 0.00000000 197.84864708 60622.77502513 
0.12000000 0.00000000 198.90240679 60627.08870278 
0.14000000 0.00000000 246.58549587 58577.61194283 
0.16000000 0.00000000 247.18934213 58654.17113204 
0.18000000 0.00000000 201.82683080 60635.64260917 
0.20000000 0.00000000 202.57740103 60640.21073227 
0.22000000 0.00000000 203.41629972 60642.21983272 
0.24000000 0.00000000 204.24901740 60643.76657715 
0.26000000 0.00000000 207.10406607 60603.20446915 
0.28000000 0.00000000 207.88230065 60604.46016400 
0.30000000 0.00000000 208.62324049 60605.71415610 
0.32000000 0.00000000 209.31449640 60606.68839182 
0.34000000 0.00000000 209.92376666 60607.34521673 
0.36000000 0.00000000 210.37721220 60608.48655731 
0.38000000 0.00000000 210.69218150 60608.98317315 
0.40000000 0.00000000 226.23431297 57483.74219255 
0.42000000 0.00000000 226.33841180 57486.76373559 
0.44000000 0.00000000 210.48669509 60609.02134347 
0.46000000 0.00000000 210.03307216 60608.56982180 
0.48000000 0.00000000 209.43583291 60607.57893231 
0.50000000 0.00000000 208.68786491 60606.97980093 
0.52000000 0.00000000 207.84726749 60606.36060135 
0.54000000 0.00000000 206.96099600 60605.51529672 
0.56000000 0.00000000 206.05684624 60604.49959870 
0.58000000 0.00000000 203.03112115 60645.65651066 
0.60000000 0.00000000 202.08884034 60644.75623492 
0.62000000 0.00000000 201.15431240 60643.69490291 
0.64000000 0.00000000 200.20443337 60642.72083024 
0.66000000 0.00000000 247.19651697 58803.02796876 
0.68000000 0.00000000 246.93050638 58756.39065837 
0.70000000 0.00000000 197.22383822 60638.45391581 
0.72000000 0.00000000 196.15194100 60636.67013790 
0.74000000 0.00000000 195.15859231 60632.73445716 
0.76000000 0.00000000 194.01907077 60630.73224047 
0.78000000 0.00000000 193.14266391 60624.21359157 
0.80000000 0.00000000 192.04421612 60621.54783921 
0.82000000 0.00000000 190.98041463 60618.86266068 
0.84000000 0.00000000 190.00701392 60615.66717576 
0.86000000 0.00000000 182.64704206 60705.31528455 
0.88000000 0.00000000 181.67522495 60702.74187822 
0.90000000 0.00000000 194.53831906 60502.67375575 
0.92000000 0.00000000 209.08733187 60242.16726453 
0.94000000 0.00000000 179.46429319 60694.92916071 
0.96000000 0.00000000 178.96555114 60692.27690326 
0.98000000 0.00000000 170.39806038 60790.09347046 

