-1.00000000 0.00000000 -1464.17495025 57823.19280573 
-0.98000000 0.00000000 -1462.51937639 57824.93601373 
-0.96000000 0.00000000 -1461.79981316 57826.27690848 
-0.94000000 0.00000000 -1402.33145159 57839.64043070 
-0.92000000 0.00000000 -1402.71424108 57840.48251910 
-0.90000000 0.00000000 -1515.19267261 57823.60547695 
-0.88000000 0.00000000 -1516.29350751 57823.95439205 
-0.86000000 0.00000000 -1517.79658049 57824.19675798 
-0.84000000 0.00000000 -1318.16709329 57871.83887246 
-0.82000000 0.00000000 -1317.70686005 57872.47611241 
-0.80000000 0.00000000 -1470.50354357 57828.91059811 
-0.78000000 0.00000000 -1547.46773402 57824.87562516 
-0.76000000 0.00000000 -1548.63697440 57825.04256077 
-0.74000000 0.00000000 -1549.52327688 57825.19472836 
-0.72000000 0.00000000 -1552.31259409 57825.41146024 
-0.70000000 0.00000000 -1468.03769121 57830.07756817 
-0.68000000 0.00000000 -1468.43691232 57830.07697504 
-0.66000000 0.00000000 -1316.65089166 57875.13667523 
-0.64000000 0.00000000 -1317.22164381 57874.73484220 
-0.62000000 0.00000000 -1469.49343483 57829.58263189 
-0.60000000 0.00000000 -1318.34365195 57873.37307741 
-0.58000000 0.00000000 -1318.85907441 57872.43055776 
-0.56000000 0.00000000 -1470.63507319 57828.16428785 
-0.54000000 0.00000000 -1555.24443458 57823.91036153 
-0.52000000 0.00000000 -1553.21001718 57823.31625314 
-0.50000000 0.00000000 -1553.14048718 57822.81448930 
-0.48000000 0.00000000 -1553.01052604 57822.32586607 
-0.46000000 0.00000000 -1552.46771689 57821.85100658 
-0.44000000 0.00000000 -1327.01298035 57862.19327254 
-0.42000000 0.00000000 -1327.79760508 57861.17099232 
-0.40000000 0.00000000 -1552.23091685 57820.87041235 
-0.38000000 0.00000000 -1552.09306969 57820.68499011 
-0.36000000 0.00000000 -1552.05239392 57820.57108242 
-0.34000000 0.00000000 -1552.02028859 57820.51104755 
-0.32000000 0.00000000 -1552.00181744 57820.48670593 
-0.30000000 0.00000000 -1326.91573532 57860.00080953 
-0.28000000 0.00000000 -1326.76749947 57860.01559899 
-0.26000000 0.00000000 -1552.15353624 57820.37307021 
-0.24000000 0.00000000 -1552.26334495 57820.20840492 
-0.22000000 0.00000000 -1552.36765160 57819.90936036 
-0.20000000 0.00000000 -1552.70586683 57819.43830124 
-0.18000000 0.00000000 -1329.32102867 57856.03053165 
-0.16000000 0.00000000 -1331.40796830 57853.50543989 
-0.14000000 0.00000000 -1554.61585207 57816.44955616 
-0.12000000 0.00000000 -1556.45569821 57814.81812303 
-0.10000000 0.00000000 -1558.28962382 57812.75392052 
-0.08000000 0.00000000 -1560.65960641 57810.27247218 
-0.06000000 0.00000000 -1357.10677929 57826.04746030 
-0.04000000 0.00000000 -1366.02044664 57817.44887061 
-0.02000000 0.00000000 -1566.68306575 57799.82927202 
0.00000000 0.00000000 -1572.69356806 57796.03513927 
0.02000000 0.00000000 -1578.85323530 57792.05549995 
0.04000000 0.00000000 -1586.24465103 57788.21716851 
0.06000000 0.00000000 -1542.89517909 57775.40986390 
0.08000000 0.00000000 -1585.14774351 57777.05855175 
0.10000000 0.00000000 -1591.78205410 57773.15910046 
0.12000000 0.00000000 -1599.62899108 57769.95880168 
0.14000000 0.00000000 -2037.86176016 59041.62966771 
0.16000000 0.00000000 -2055.66637860 58971.71187425 
0.18000000 0.00000000 -1621.80077052 57762.88419858 
0.20000000 0.00000000 -1627.70407423 57760.87488352 
0.22000000 0.00000000 -1634.29821655 57759.43614344 
0.24000000 0.00000000 -1640.92472929 57758.27453806 
0.26000000 0.00000000 -1662.53011118 57764.07082336 
0.28000000 0.00000000 -1668.98553822 57763.57175927 
0.30000000 0.00000000 -1675.21346210 57763.23262317 
0.32000000 0.00000000 -1681.08235947 57763.07763733 
0.34000000 0.00000000 -1686.29679218 57763.07666473 
0.36000000 0.00000000 -1690.23367572 57763.02470291 
0.38000000 0.00000000 -1692.97056573 57763.07910807 
0.40000000 0.00000000 -1596.63586950 59736.69509243 
0.42000000 0.00000000 -1597.93542524 59735.74514358 
0.44000000 0.00000000 -1691.19197740 57763.07422194 
0.46000000 0.00000000 -1687.26216674 57763.03584963 
0.48000000 0.00000000 -1682.10071171 57763.11423677 
0.50000000 0.00000000 -1675.71212292 57763.19944035 
0.52000000 0.00000000 -1668.60129168 57763.42597348 
0.54000000 0.00000000 -1661.17686252 57763.86630429 
0.56000000 0.00000000 -1653.68691527 57764.52637405 
0.58000000 0.00000000 -1630.91109899 57759.22840160 
0.60000000 0.00000000 -1623.43712834 57760.55279007 
0.62000000 0.00000000 -1616.11815391 57762.10169850 
0.64000000 0.00000000 -1608.78194618 57763.85794317 
0.66000000 0.00000000 -2080.18952853 58833.89100366 
0.68000000 0.00000000 -2073.45976267 58876.97542707 
0.70000000 0.00000000 -1586.28916983 57770.83818793 
0.72000000 0.00000000 -1578.37774162 57773.79644504 
0.74000000 0.00000000 -1571.06344879 57777.23040487 
0.76000000 0.00000000 -1562.84476982 57780.77923398 
0.78000000 0.00000000 -1556.47730798 57784.82698200 
0.80000000 0.00000000 -1548.73665921 57788.76011196 
0.82000000 0.00000000 -1541.35092076 57792.76038256 
0.84000000 0.00000000 -1534.68946406 57796.74802071 
0.86000000 0.00000000 -1489.06279439 57800.31290778 
0.88000000 0.00000000 -1482.95304280 57804.79681064 
0.90000000 0.00000000 -1566.40381576 57810.56072232 
0.92000000 0.00000000 -1689.83441996 57845.38347860 
0.94000000 0.00000000 -1469.53170319 57815.99994927 
0.96000000 0.00000000 -1466.64090302 57818.87832291 
0.98000000 0.00000000 -1421.35369852 57828.63322299 

