-1.00000000 0.00000000 -1647.04220973 58894.17341991 
-0.98000000 0.00000000 -1647.10318785 58892.88050529 
-0.96000000 0.00000000 -1646.97109285 58892.12508155 
-0.94000000 0.00000000 -1662.13526218 58863.80167954 
-0.92000000 0.00000000 -1661.79095732 58863.65994427 
-0.90000000 0.00000000 -1631.84272772 58915.21695443 
-0.88000000 0.00000000 -1631.40110000 58915.60597749 
-0.86000000 0.00000000 -1630.87418406 58916.20064930 
-0.84000000 0.00000000 -1681.94658381 58820.51560011 
-0.82000000 0.00000000 -1681.94349355 58820.12741092 
-0.80000000 0.00000000 -1643.47017846 58895.00595442 
-0.78000000 0.00000000 -1622.27388695 58928.77565279 
-0.76000000 0.00000000 -1621.89080652 58929.24900506 
-0.74000000 0.00000000 -1621.59377540 58929.60099614 
-0.72000000 0.00000000 -1620.76322648 58930.74976659 
-0.70000000 0.00000000 -1643.87697550 58893.67280071 
-0.68000000 0.00000000 -1643.75581940 58893.84203373 
-0.66000000 0.00000000 -1681.70029758 58818.79131860 
-0.64000000 0.00000000 -1681.60213787 58819.15374258 
-0.62000000 0.00000000 -1643.56314960 58894.45004831 
-0.60000000 0.00000000 -1681.52711090 58820.09446332 
-0.58000000 0.00000000 -1681.55736921 58820.65387126 
-0.56000000 0.00000000 -1643.57369590 58895.40273693 
-0.54000000 0.00000000 -1620.37493728 58932.48194136 
-0.52000000 0.00000000 -1621.09217553 58931.78185807 
-0.50000000 0.00000000 -1621.25145124 58931.89900482 
-0.48000000 0.00000000 -1621.42484823 58931.98432097 
-0.46000000 0.00000000 -1621.70809420 58931.88613555 
-0.44000000 0.00000000 -1681.04463673 58827.60427614 
-0.42000000 0.00000000 -1681.01006925 58828.27822133 
-0.40000000 0.00000000 -1622.07578740 58932.03587719 
-0.38000000 0.00000000 -1622.18302009 58932.01009790 
-0.36000000 0.00000000 -1622.24851220 58932.00038779 
-0.34000000 0.00000000 -1622.30109861 58931.97438840 
-0.32000000 0.00000000 -1622.34411761 58931.94040821 
-0.30000000 0.00000000 -1681.66788217 58828.29211560 
-0.28000000 0.00000000 -1681.75091511 58828.20170850 
-0.26000000 0.00000000 -1622.44331113 58931.93527607 
-0.24000000 0.00000000 -1622.49470126 58932.00396568 
-0.22000000 0.00000000 -1622.57976627 58932.12048617 
-0.20000000 0.00000000 -1622.63958075 58932.40454356 
-0.18000000 0.00000000 -1681.94720602 58830.64264189 
-0.16000000 0.00000000 -1681.81778596 58832.43365189 
-0.14000000 0.00000000 -1622.90367619 58934.27148675 
-0.12000000 0.00000000 -1622.78630881 58935.67560047 
-0.10000000 0.00000000 -1622.74984864 58937.25775222 
-0.08000000 0.00000000 -1622.63901528 58939.24946200 
-0.06000000 0.00000000 -1678.98133077 58853.37701327 
-0.04000000 0.00000000 -1677.74314552 58860.32075616 
-0.02000000 0.00000000 -1623.07413638 58946.03363435 
0.00000000 0.00000000 -1622.15385195 58950.18443894 
0.02000000 0.00000000 -1621.20940456 58954.49040351 
0.04000000 0.00000000 -1619.89426337 58959.29163787 
0.06000000 0.00000000 -1633.73273338 58946.08303020 
0.08000000 0.00000000 -1622.00585041 58963.40121944 
0.10000000 0.00000000 -1620.82632577 58967.91136185 
0.12000000 0.00000000 -1619.20015295 58972.67981202 
0.14000000 0.00000000 -1298.76898963 59011.32119425 
0.16000000 0.00000000 -1309.77652430 59022.93175422 
0.18000000 0.00000000 -1614.21433593 58985.48933706 
0.20000000 0.00000000 -1612.84896371 58989.00925434 
0.22000000 0.00000000 -1611.19356189 58992.63441798 
0.24000000 0.00000000 -1609.46295039 58996.19182075 
0.26000000 0.00000000 -1602.86311241 59003.83478555 
0.28000000 0.00000000 -1601.05676740 59007.13942473 
0.30000000 0.00000000 -1599.27693437 59010.29140666 
0.32000000 0.00000000 -1597.56783967 59013.21076542 
0.34000000 0.00000000 -1596.02548192 59015.76091327 
0.36000000 0.00000000 -1594.85350733 59017.71832138 
0.38000000 0.00000000 -1594.02558252 59019.04589932 
0.40000000 0.00000000 -1217.12739985 58766.94305682 
0.42000000 0.00000000 -1217.14513380 58767.68983224 
0.44000000 0.00000000 -1594.51632421 59018.18823026 
0.46000000 0.00000000 -1595.67227887 59016.27969186 
0.48000000 0.00000000 -1597.18102627 59013.72457684 
0.50000000 0.00000000 -1599.04202347 59010.58080845 
0.52000000 0.00000000 -1601.09129816 59007.04453514 
0.54000000 0.00000000 -1603.19740907 59003.28839786 
0.56000000 0.00000000 -1605.28084557 58999.43380030 
0.58000000 0.00000000 -1612.17192877 58991.11137409 
0.60000000 0.00000000 -1614.13045881 58987.10085337 
0.62000000 0.00000000 -1615.98591433 58983.10255366 
0.64000000 0.00000000 -1617.78569029 58979.04737956 
0.66000000 0.00000000 -1331.54543013 59041.34036890 
0.68000000 0.00000000 -1324.30978469 59035.67718400 
0.70000000 0.00000000 -1622.90911344 58966.16699070 
0.72000000 0.00000000 -1624.59357622 58961.49246018 
0.74000000 0.00000000 -1626.02838779 58956.90327009 
0.76000000 0.00000000 -1627.67460391 58951.90197107 
0.78000000 0.00000000 -1628.72330265 58947.50523187 
0.80000000 0.00000000 -1630.14821110 58942.59319472 
0.82000000 0.00000000 -1631.45109176 58937.82749721 
0.84000000 0.00000000 -1632.54250493 58933.39556721 
0.86000000 0.00000000 -1644.66215179 58913.24206108 
0.88000000 0.00000000 -1645.54606107 58908.93803420 
0.90000000 0.00000000 -1621.11197790 58941.49331960 
0.92000000 0.00000000 -1582.61592522 58985.68031502 
0.94000000 0.00000000 -1647.12053798 58899.05615731 
0.96000000 0.00000000 -1647.32895251 58896.78179046 
0.98000000 0.00000000 -1658.79669150 58875.26956066 

