-1.00000000 0.00000000 2304.40637023 58827.53109421 
-0.98000000 0.00000000 2304.12281310 58827.17556327 
-0.96000000 0.00000000 2303.86904980 58827.07229442 
-0.94000000 0.00000000 2305.05119760 58811.11277043 
-0.92000000 0.00000000 2304.84169317 58811.28492994 
-0.90000000 0.00000000 2301.57591185 58841.63915946 
-0.88000000 0.00000000 2301.43754033 58842.01281303 
-0.86000000 0.00000000 2301.30598818 58842.48534794 
-0.84000000 0.00000000 2305.42007282 58788.46817729 
-0.82000000 0.00000000 2305.33741119 58788.37278747 
-0.80000000 0.00000000 2302.72763930 58829.95523670 
-0.78000000 0.00000000 2299.91727939 58850.61372656 
-0.76000000 0.00000000 2299.83366785 58850.96211307 
-0.74000000 0.00000000 2299.76500576 58851.22888470 
-0.72000000 0.00000000 2299.61639110 58851.99622218 
-0.70000000 0.00000000 2302.62250016 58829.41757481 
-0.68000000 0.00000000 2302.60051461 58829.53219541 
-0.66000000 0.00000000 2304.94777574 58788.15879429 
-0.64000000 0.00000000 2304.97782439 58788.31272996 
-0.62000000 0.00000000 2302.64818215 58829.79588827 
-0.60000000 0.00000000 2305.14286885 58788.61627981 
-0.58000000 0.00000000 2305.27733840 58788.75701568 
-0.56000000 0.00000000 2302.88544173 58830.02255672 
-0.54000000 0.00000000 2299.86414762 58852.61852394 
-0.52000000 0.00000000 2300.06860861 58852.02405946 
-0.50000000 0.00000000 2300.18578485 58851.95010025 
-0.48000000 0.00000000 2300.30214092 58851.85969816 
-0.46000000 0.00000000 2300.42954277 58851.66096088 
-0.44000000 0.00000000 2306.50900162 58790.97296900 
-0.42000000 0.00000000 2306.63585869 58791.17469956 
-0.40000000 0.00000000 2300.66780256 58851.44850422 
-0.38000000 0.00000000 2300.71917947 58851.36694589 
-0.36000000 0.00000000 2300.75240078 58851.31251981 
-0.34000000 0.00000000 2300.77459216 58851.26056347 
-0.32000000 0.00000000 2300.78979318 58851.21105614 
-0.30000000 0.00000000 2306.96032835 58790.75412194 
-0.28000000 0.00000000 2306.98336047 58790.66611510 
-0.26000000 0.00000000 2300.84670553 58851.09736595 
-0.24000000 0.00000000 2300.89473804 58851.06544701 
-0.22000000 0.00000000 2300.97376047 58851.02693901 
-0.20000000 0.00000000 2301.08327812 58851.04659875 
-0.18000000 0.00000000 2307.63133566 58791.17125813 
-0.16000000 0.00000000 2307.96443854 58791.74205117 
-0.14000000 0.00000000 2301.72302519 58851.33968790 
-0.12000000 0.00000000 2302.03035111 58851.76504108 
-0.10000000 0.00000000 2302.42719664 58852.20084106 
-0.08000000 0.00000000 2302.89100742 58852.79413940 
-0.06000000 0.00000000 2311.21639961 58799.28913400 
-0.04000000 0.00000000 2312.15989179 58801.96245368 
-0.02000000 0.00000000 2304.89465449 58854.43718688 
0.00000000 0.00000000 2305.49330329 58856.07832364 
0.02000000 0.00000000 2306.12228447 58857.77990559 
0.04000000 0.00000000 2306.69058968 58859.81457080 
0.06000000 0.00000000 2310.42118963 58849.03743078 
0.08000000 0.00000000 2308.84425807 58859.92825249 
0.10000000 0.00000000 2309.40494531 58861.82464660 
0.12000000 0.00000000 2309.80761170 58864.02311862 
0.14000000 0.00000000 2169.43691651 59022.80784849 
0.16000000 0.00000000 2177.10110980 59022.11677311 
0.18000000 0.00000000 2310.58689501 58870.27847605 
0.20000000 0.00000000 2310.80049476 58872.01984933 
0.22000000 0.00000000 2310.89334433 58873.94904537 
0.24000000 0.00000000 2310.92799940 58875.90967253 
0.26000000 0.00000000 2309.59935974 58881.47563609 
0.28000000 0.00000000 2309.53028705 58883.42130810 
0.30000000 0.00000000 2309.43348172 58885.31471409 
0.32000000 0.00000000 2309.31211952 58887.10450664 
0.34000000 0.00000000 2309.18054367 58888.69645000 
0.36000000 0.00000000 2309.08352126 58889.91784975 
0.38000000 0.00000000 2309.00044069 58890.76430575 
0.40000000 0.00000000 2088.92342469 58963.86761510 
0.42000000 0.00000000 2089.04015479 58964.15434936 
0.44000000 0.00000000 2309.02037571 58890.25791905 
0.46000000 0.00000000 2309.11548608 58889.07004945 
0.48000000 0.00000000 2309.22543959 58887.49709802 
0.50000000 0.00000000 2309.36329889 58885.56254900 
0.52000000 0.00000000 2309.49688081 58883.41159161 
0.54000000 0.00000000 2309.60364098 58881.16663957 
0.56000000 0.00000000 2309.67347805 58878.90888241 
0.58000000 0.00000000 2310.98517762 58872.98379444 
0.60000000 0.00000000 2310.95418728 58870.76388250 
0.62000000 0.00000000 2310.87207774 58868.61359431 
0.64000000 0.00000000 2310.74505392 58866.48955685 
0.66000000 0.00000000 2190.92925254 59019.02880726 
0.68000000 0.00000000 2186.21280405 59020.29453848 
0.70000000 0.00000000 2310.03759658 58860.12346334 
0.72000000 0.00000000 2309.69523072 58857.92112571 
0.74000000 0.00000000 2309.25078414 58855.87458974 
0.76000000 0.00000000 2308.81278785 58853.60805679 
0.78000000 0.00000000 2308.22668020 58851.82115410 
0.80000000 0.00000000 2307.70643399 58849.70091385 
0.82000000 0.00000000 2307.16522478 58847.68901124 
0.84000000 0.00000000 2306.60348644 58845.88525651 
0.86000000 0.00000000 2307.85110784 58833.94888421 
0.88000000 0.00000000 2307.24871659 58832.28638945 
0.90000000 0.00000000 2302.66853868 58854.15807612 
0.92000000 0.00000000 2294.11011491 58886.47182134 
0.94000000 0.00000000 2305.64245242 58828.75185571 
0.96000000 0.00000000 2305.19488758 58828.03675595 
0.98000000 0.00000000 2306.00504684 58815.98389597 

