-1.00000000 0.00000000 2118.08553868 58758.25190921 
-0.98000000 0.00000000 2118.09849253 58758.95068326 
-0.96000000 0.00000000 2118.22148923 58759.36340583 
-0.94000000 0.00000000 2109.06468085 58773.77539584 
-0.92000000 0.00000000 2109.30032132 58773.86366504 
-0.90000000 0.00000000 2127.41426491 58747.59951121 
-0.88000000 0.00000000 2127.70395984 58747.39644714 
-0.86000000 0.00000000 2128.04054013 58747.08586135 
-0.84000000 0.00000000 2096.91990619 58795.63777613 
-0.82000000 0.00000000 2096.92721813 58795.83605286 
-0.80000000 0.00000000 2120.51294632 58757.90256851 
-0.78000000 0.00000000 2133.24544829 58740.61816399 
-0.76000000 0.00000000 2133.48474509 58740.37085735 
-0.74000000 0.00000000 2133.67121620 58740.18707535 
-0.72000000 0.00000000 2134.17504809 58739.59606946 
-0.70000000 0.00000000 2120.30482399 58758.57471005 
-0.68000000 0.00000000 2120.37995096 58758.48759321 
-0.66000000 0.00000000 2097.08939972 58796.53691957 
-0.64000000 0.00000000 2097.14980365 58796.34950483 
-0.62000000 0.00000000 2120.48424680 58758.16691684 
-0.60000000 0.00000000 2097.19435326 58795.84969341 
-0.58000000 0.00000000 2097.17412490 58795.54671725 
-0.56000000 0.00000000 2120.43640222 58757.65188570 
-0.54000000 0.00000000 2134.32800948 58738.67040943 
-0.52000000 0.00000000 2133.87524495 58739.02063704 
-0.50000000 0.00000000 2133.75527283 58738.95264442 
-0.48000000 0.00000000 2133.62732908 58738.90198987 
-0.46000000 0.00000000 2133.43513042 58738.94671127 
-0.44000000 0.00000000 2097.47347357 58791.86039844 
-0.42000000 0.00000000 2097.49027596 58791.50553394 
-0.40000000 0.00000000 2133.16007465 58738.86726292 
-0.38000000 0.00000000 2133.08265661 58738.88482696 
-0.36000000 0.00000000 2133.03227806 58738.89672749 
-0.34000000 0.00000000 2132.99109556 58738.91916559 
-0.32000000 0.00000000 2132.95628136 58738.94732068 
-0.30000000 0.00000000 2097.04512401 58791.50315080 
-0.28000000 0.00000000 2096.98443535 58791.55772342 
-0.26000000 0.00000000 2132.86311892 58738.98238541 
-0.24000000 0.00000000 2132.81497535 58738.95322690 
-0.22000000 0.00000000 2132.74155720 58738.89378533 
-0.20000000 0.00000000 2132.67678541 58738.73994944 
-0.18000000 0.00000000 2096.80547588 58790.26200627 
-0.16000000 0.00000000 2096.87284289 58789.29849633 
-0.14000000 0.00000000 2132.38166348 58737.67686010 
-0.12000000 0.00000000 2132.38546415 58736.88438805 
-0.10000000 0.00000000 2132.32964965 58735.97651313 
-0.08000000 0.00000000 2132.30627489 58734.83303811 
-0.06000000 0.00000000 2098.52120078 58777.99192014 
-0.04000000 0.00000000 2099.23876447 58774.24126810 
-0.02000000 0.00000000 2131.71253871 58730.82462653 
0.00000000 0.00000000 2132.12605556 58728.47897873 
0.02000000 0.00000000 2132.54579602 58726.03783706 
0.04000000 0.00000000 2133.17895101 58723.33520873 
0.06000000 0.00000000 2124.87877152 58729.71382948 
0.08000000 0.00000000 2131.64690543 58720.69329405 
0.10000000 0.00000000 2132.20444577 58718.13920846 
0.12000000 0.00000000 2133.03180814 58715.46795447 
0.14000000 0.00000000 2328.56759357 58735.86173445 
0.16000000 0.00000000 2322.06631839 58725.40254865 
0.18000000 0.00000000 2135.64300410 58708.29376833 
0.20000000 0.00000000 2136.36553046 58706.29993400 
0.22000000 0.00000000 2137.27180184 58704.25889104 
0.24000000 0.00000000 2138.23457415 58702.25380501 
0.26000000 0.00000000 2142.07354921 58698.22323385 
0.28000000 0.00000000 2143.10221217 58696.35046884 
0.30000000 0.00000000 2144.12342214 58694.56143338 
0.32000000 0.00000000 2145.10995210 58692.90403023 
0.34000000 0.00000000 2146.00442381 58691.45644801 
0.36000000 0.00000000 2146.68617735 58690.34050560 
0.38000000 0.00000000 2147.17041138 58689.58522847 
0.40000000 0.00000000 2353.34425868 58927.88138456 
0.42000000 0.00000000 2353.44563079 58927.37101083 
0.44000000 0.00000000 2146.89922432 58690.07090379 
0.46000000 0.00000000 2146.23323294 58691.15496596 
0.48000000 0.00000000 2145.36385561 58692.60840715 
0.50000000 0.00000000 2144.29140629 58694.39169285 
0.52000000 0.00000000 2143.11281173 58696.39591455 
0.54000000 0.00000000 2141.90604053 58698.52415724 
0.56000000 0.00000000 2140.71876600 58700.70672565 
0.58000000 0.00000000 2136.71168621 58705.11144722 
0.60000000 0.00000000 2135.61431225 58707.36880409 
0.62000000 0.00000000 2134.58711911 58709.61538836 
0.64000000 0.00000000 2133.60319627 58711.88768572 
0.66000000 0.00000000 2309.08076708 58708.67978322 
0.68000000 0.00000000 2313.56149913 58714.01018213 
0.70000000 0.00000000 2130.87785407 58719.07883225 
0.72000000 0.00000000 2130.00144439 58721.68052405 
0.74000000 0.00000000 2129.27804441 58724.24625580 
0.76000000 0.00000000 2128.43372407 58727.02395587 
0.78000000 0.00000000 2127.94276978 58729.49714899 
0.80000000 0.00000000 2127.22849780 58732.22588349 
0.82000000 0.00000000 2126.58257968 58734.87165919 
0.84000000 0.00000000 2126.05637185 58737.33478692 
0.86000000 0.00000000 2118.97137802 58747.74594861 
0.88000000 0.00000000 2118.54199669 58750.11453814 
0.90000000 0.00000000 2133.17918752 58733.72551955 
0.92000000 0.00000000 2156.18657001 58711.36446986 
0.94000000 0.00000000 2117.85026414 58755.54712167 
0.96000000 0.00000000 2117.79446794 58756.79626435 
0.98000000 0.00000000 2110.94152905 58767.78697877 

