-1.00000000 0.00000000 2102.22705323 59194.59787751 
-0.98000000 0.00000000 2103.05917016 59194.27431707 
-0.96000000 0.00000000 2103.56336145 59193.83613942 
-0.94000000 0.00000000 2120.21586443 59207.87294421 
-0.92000000 0.00000000 2120.34655660 59207.31153980 
-0.90000000 0.00000000 2090.04693777 59178.53445514 
-0.88000000 0.00000000 2089.83706199 59178.01035777 
-0.86000000 0.00000000 2089.50064160 59177.42511430 
-0.84000000 0.00000000 2145.59126761 59225.01818046 
-0.82000000 0.00000000 2145.83919209 59224.90323443 
-0.80000000 0.00000000 2102.06652640 59189.55016238 
-0.78000000 0.00000000 2082.06569148 59168.68497105 
-0.76000000 0.00000000 2081.79040935 59168.27365020 
-0.74000000 0.00000000 2081.58671309 59167.94991384 
-0.72000000 0.00000000 2080.90695447 59167.08833748 
-0.70000000 0.00000000 2102.89169406 59189.75539594 
-0.68000000 0.00000000 2102.79424636 59189.62788528 
-0.66000000 0.00000000 2146.71715452 59224.13846755 
-0.64000000 0.00000000 2146.49834616 59224.09552302 
-0.62000000 0.00000000 2102.41937012 59189.53320572 
-0.60000000 0.00000000 2145.90928483 59224.26442995 
-0.58000000 0.00000000 2145.55024973 59224.48186547 
-0.56000000 0.00000000 2101.80083798 59189.85598694 
-0.54000000 0.00000000 2079.80281503 59167.07637375 
-0.52000000 0.00000000 2080.19893255 59167.91729326 
-0.50000000 0.00000000 2080.10749638 59168.19162469 
-0.48000000 0.00000000 2080.03563608 59168.47608800 
-0.46000000 0.00000000 2080.07445453 59168.86411787 
-0.44000000 0.00000000 2141.19572748 59225.80878071 
-0.42000000 0.00000000 2140.77125108 59225.95888685 
-0.40000000 0.00000000 2079.94084172 59169.44740570 
-0.38000000 0.00000000 2079.94692305 59169.59185644 
-0.36000000 0.00000000 2079.94589050 59169.67789854 
-0.34000000 0.00000000 2079.95642216 59169.73807983 
-0.32000000 0.00000000 2079.97276471 59169.78021530 
-0.30000000 0.00000000 2140.67743430 59226.93585180 
-0.28000000 0.00000000 2140.72257276 59227.02419471 
-0.26000000 0.00000000 2079.95946945 59169.88993487 
-0.24000000 0.00000000 2079.90694310 59169.97770361 
-0.22000000 0.00000000 2079.82011023 59170.13348562 
-0.20000000 0.00000000 2079.62582624 59170.30991199 
-0.18000000 0.00000000 2139.13230658 59228.02532116 
-0.16000000 0.00000000 2138.00614121 59228.37542694 
-0.14000000 0.00000000 2078.37370362 59171.33735964 
-0.12000000 0.00000000 2077.46363633 59171.64903238 
-0.10000000 0.00000000 2076.43138970 59172.15430868 
-0.08000000 0.00000000 2075.13880714 59172.69893984 
-0.06000000 0.00000000 2125.01144273 59230.65861257 
-0.04000000 0.00000000 2120.73509972 59231.01475358 
-0.02000000 0.00000000 2070.68091149 59175.85905559 
0.00000000 0.00000000 2068.04839459 59175.97815137 
0.02000000 0.00000000 2065.31580894 59176.13046833 
0.04000000 0.00000000 2062.28600789 59175.90711821 
0.06000000 0.00000000 2069.84348831 59192.47996670 
0.08000000 0.00000000 2059.47285935 59180.77516501 
0.10000000 0.00000000 2056.62634392 59180.68173580 
0.12000000 0.00000000 2053.63866718 59180.00584181 
0.14000000 0.00000000 2015.21615174 58678.39161482 
0.16000000 0.00000000 2008.66242333 58702.76372041 
0.18000000 0.00000000 2045.63301070 59177.31555477 
0.20000000 0.00000000 2043.42997519 59176.61563467 
0.22000000 0.00000000 2041.17352287 59175.52096932 
0.24000000 0.00000000 2038.96374364 59174.29834873 
0.26000000 0.00000000 2034.33030115 59167.15096507 
0.28000000 0.00000000 2032.27620549 59165.74530226 
0.30000000 0.00000000 2030.31801563 59164.32858141 
0.32000000 0.00000000 2028.50520041 59162.93172590 
0.34000000 0.00000000 2026.92209655 59161.64176100 
0.36000000 0.00000000 2025.70591675 59160.67673428 
0.38000000 0.00000000 2024.88197540 59159.97325042 
0.40000000 0.00000000 2176.88765507 58416.56516928 
0.42000000 0.00000000 2176.34535230 58416.93822305 
0.44000000 0.00000000 2025.41981295 59160.37113306 
0.46000000 0.00000000 2026.60728144 59161.33839803 
0.48000000 0.00000000 2028.19626155 59162.57528584 
0.50000000 0.00000000 2030.14853923 59164.11239206 
0.52000000 0.00000000 2032.34302858 59165.78258491 
0.54000000 0.00000000 2034.67351429 59167.45857103 
0.56000000 0.00000000 2037.06547160 59169.07131765 
0.58000000 0.00000000 2042.10510468 59176.41061885 
0.60000000 0.00000000 2044.58899005 59177.80990411 
0.62000000 0.00000000 2047.06868121 59179.07251963 
0.64000000 0.00000000 2049.58650182 59180.24494681 
0.66000000 0.00000000 1998.92032805 58748.48557009 
0.68000000 0.00000000 2001.94145858 58733.64329863 
0.70000000 0.00000000 2057.60539472 59183.15926124 
0.72000000 0.00000000 2060.52054574 59183.97988475 
0.74000000 0.00000000 2063.39421419 59184.45933474 
0.76000000 0.00000000 2066.51669571 59185.12728174 
0.78000000 0.00000000 2069.28831048 59185.10725872 
0.80000000 0.00000000 2072.36353456 59185.49508696 
0.82000000 0.00000000 2075.35062496 59185.76319408 
0.84000000 0.00000000 2078.13620694 59185.84037618 
0.86000000 0.00000000 2090.12793899 59197.43176831 
0.88000000 0.00000000 2092.82480644 59197.29222172 
0.90000000 0.00000000 2073.79367065 59171.12257116 
0.92000000 0.00000000 2047.29387150 59128.31322304 
0.94000000 0.00000000 2099.05844192 59196.33225557 
0.96000000 0.00000000 2100.50884986 59195.89117591 
0.98000000 0.00000000 2113.20198871 59206.40470910 

