-1.00000000 0.00000000 1269.78483828 59575.98403713 
-0.98000000 0.00000000 1271.00758435 59577.57866339 
-0.96000000 0.00000000 1271.90880807 59577.86362814 
-0.94000000 0.00000000 1283.76737744 59678.77452496 
-0.92000000 0.00000000 1284.28744143 59677.45456437 
-0.90000000 0.00000000 1265.08384251 59486.82954372 
-0.88000000 0.00000000 1265.19014050 59484.83972999 
-0.86000000 0.00000000 1265.18116541 59482.25190249 
-0.84000000 0.00000000 1305.46526446 59826.18154610 
-0.82000000 0.00000000 1305.87579097 59826.74989250 
-0.80000000 0.00000000 1272.96705775 59561.08834106 
-0.78000000 0.00000000 1261.78516404 59432.87071379 
-0.76000000 0.00000000 1261.73765215 59430.91042458 
-0.74000000 0.00000000 1261.71963774 59429.40871368 
-0.72000000 0.00000000 1261.46081406 59424.74678300 
-0.70000000 0.00000000 1273.97005336 59564.82827189 
-0.68000000 0.00000000 1273.94540874 59564.12680311 
-0.66000000 0.00000000 1307.63313174 59827.08180842 
-0.64000000 0.00000000 1307.38665536 59826.16895714 
-0.62000000 0.00000000 1273.55551901 59562.63262554 
-0.60000000 0.00000000 1306.53326941 59824.86437977 
-0.58000000 0.00000000 1305.93722653 59824.54006023 
-0.56000000 0.00000000 1272.54837124 59561.70839726 
-0.54000000 0.00000000 1260.06380209 59421.14646352 
-0.52000000 0.00000000 1259.97733049 59424.88372801 
-0.50000000 0.00000000 1259.65455427 59425.35773205 
-0.48000000 0.00000000 1259.34873000 59425.91457826 
-0.46000000 0.00000000 1259.11318839 59427.12683073 
-0.44000000 0.00000000 1299.43672890 59815.57341759 
-0.42000000 0.00000000 1298.78462922 59814.72286805 
-0.40000000 0.00000000 1258.48745795 59428.09999645 
-0.38000000 0.00000000 1258.38003145 59428.38688431 
-0.36000000 0.00000000 1258.30506507 59428.44672009 
-0.34000000 0.00000000 1258.26445839 59428.43751420 
-0.32000000 0.00000000 1258.24591739 59428.36607690 
-0.30000000 0.00000000 1298.04030640 59817.05649633 
-0.28000000 0.00000000 1298.05682998 59817.21091268 
-0.26000000 0.00000000 1258.14400884 59427.80277470 
-0.24000000 0.00000000 1258.02567546 59427.62310368 
-0.22000000 0.00000000 1257.82672920 59427.57684014 
-0.20000000 0.00000000 1257.48914327 59427.32066189 
-0.18000000 0.00000000 1295.64494238 59814.55233074 
-0.16000000 0.00000000 1294.09130090 59812.27402563 
-0.14000000 0.00000000 1255.38963305 59426.74293359 
-0.12000000 0.00000000 1254.12555548 59425.31543299 
-0.10000000 0.00000000 1252.59871098 59424.39839102 
-0.08000000 0.00000000 1250.73556988 59423.12993314 
-0.06000000 0.00000000 1276.95981230 59784.24147017 
-0.04000000 0.00000000 1271.50611409 59774.51782460 
-0.02000000 0.00000000 1243.48122194 59424.80321863 
0.00000000 0.00000000 1240.22076039 59419.65346593 
0.02000000 0.00000000 1236.79271094 59414.67782855 
0.04000000 0.00000000 1233.20399386 59407.86729726 
0.06000000 0.00000000 1232.20077173 59491.11048072 
0.08000000 0.00000000 1226.62888217 59422.86192865 
0.10000000 0.00000000 1223.09651323 59417.69240778 
0.12000000 0.00000000 1219.72856827 59410.09232473 
0.14000000 0.00000000 1519.68639439 57594.50159207 
0.16000000 0.00000000 1489.99795444 57665.51465042 
0.18000000 0.00000000 1211.13773229 59387.61981994 
0.20000000 0.00000000 1208.71026230 59382.25433980 
0.22000000 0.00000000 1206.45257447 59375.42592807 
0.24000000 0.00000000 1204.31890993 59368.43476176 
0.26000000 0.00000000 1202.83906239 59333.08890868 
0.28000000 0.00000000 1200.97324082 59326.15820257 
0.30000000 0.00000000 1199.22071583 59319.47573762 
0.32000000 0.00000000 1197.63294692 59313.11277236 
0.34000000 0.00000000 1196.27517521 59307.39356605 
0.36000000 0.00000000 1195.20088161 59303.24856874 
0.38000000 0.00000000 1194.49847474 59300.28047386 
0.40000000 0.00000000 2189.11712211 56815.68929115 
0.42000000 0.00000000 2186.67773909 56816.72713840 
0.44000000 0.00000000 1194.96856129 59302.29061356 
0.46000000 0.00000000 1195.98785001 59306.60901015 
0.48000000 0.00000000 1197.38046134 59312.16512730 
0.50000000 0.00000000 1199.06045739 59319.20685467 
0.52000000 0.00000000 1200.96182650 59327.04545363 
0.54000000 0.00000000 1203.01639825 59335.16177270 
0.56000000 0.00000000 1205.16476729 59343.29273129 
0.58000000 0.00000000 1207.00709402 59380.02543660 
0.60000000 0.00000000 1209.34264512 59388.10679701 
0.62000000 0.00000000 1211.73498311 59395.96710979 
0.64000000 0.00000000 1214.21153969 59403.86743918 
0.66000000 0.00000000 1438.69989194 57807.71615611 
0.68000000 0.00000000 1454.18214263 57764.55420350 
0.70000000 0.00000000 1222.50448596 59427.73842904 
0.72000000 0.00000000 1225.63285506 59436.05770104 
0.74000000 0.00000000 1228.90508518 59443.13693314 
0.76000000 0.00000000 1232.34572807 59451.74010489 
0.78000000 0.00000000 1235.76200733 59457.07936676 
0.80000000 0.00000000 1239.27625131 59464.97935460 
0.82000000 0.00000000 1242.73823775 59472.48483363 
0.84000000 0.00000000 1246.05784168 59479.05590337 
0.86000000 0.00000000 1253.49842599 59553.45716596 
0.88000000 0.00000000 1256.82269351 59559.61332846 
0.90000000 0.00000000 1249.85065200 59413.21930231 
0.92000000 0.00000000 1244.51021545 59199.34770131 
0.94000000 0.00000000 1264.88854452 59572.66014267 
0.96000000 0.00000000 1266.90567104 59575.24903667 
0.98000000 0.00000000 1276.01092460 59651.07668980 

