-1.00000000 0.00000000 2050.25438002 58803.90047179 
-0.98000000 0.00000000 2050.45190277 58804.76289370 
-0.96000000 0.00000000 2050.71259816 58805.19853556 
-0.94000000 0.00000000 2042.90439972 58829.48590048 
-0.92000000 0.00000000 2043.22477839 58829.44220821 
-0.90000000 0.00000000 2059.24454026 58784.13657457 
-0.88000000 0.00000000 2059.55174136 58783.69924042 
-0.86000000 0.00000000 2059.89061571 58783.09376582 
-0.84000000 0.00000000 2033.25180196 58864.99334816 
-0.82000000 0.00000000 2033.31399599 58865.24135552 
-0.80000000 0.00000000 2053.19589169 58801.90368226 
-0.78000000 0.00000000 2064.76577398 58771.39558642 
-0.76000000 0.00000000 2065.00082917 58770.92739044 
-0.74000000 0.00000000 2065.18622106 58770.57393797 
-0.72000000 0.00000000 2065.66726105 58769.48379406 
-0.70000000 0.00000000 2053.10270500 58802.91987938 
-0.68000000 0.00000000 2053.17460743 58802.76106771 
-0.66000000 0.00000000 2033.71622444 58866.01224667 
-0.64000000 0.00000000 2033.74303634 58865.74057329 
-0.62000000 0.00000000 2053.22307099 58802.28931180 
-0.60000000 0.00000000 2033.66295498 58865.10040953 
-0.58000000 0.00000000 2033.55292940 58864.74680556 
-0.56000000 0.00000000 2053.02940677 58801.67661261 
-0.54000000 0.00000000 2065.63016391 58768.20110567 
-0.52000000 0.00000000 2065.15240818 58768.95327336 
-0.50000000 0.00000000 2064.98673366 58768.94498997 
-0.48000000 0.00000000 2064.81554099 58768.96340929 
-0.46000000 0.00000000 2064.58782889 58769.14635597 
-0.44000000 0.00000000 2032.91927475 58860.03951843 
-0.42000000 0.00000000 2032.84360742 58859.59031825 
-0.40000000 0.00000000 2064.23015574 58769.20949000 
-0.38000000 0.00000000 2064.14040513 58769.27383651 
-0.36000000 0.00000000 2064.08348874 58769.31084500 
-0.34000000 0.00000000 2064.04113571 58769.35339683 
-0.32000000 0.00000000 2064.00860705 58769.39745726 
-0.30000000 0.00000000 2032.28258706 58859.84088366 
-0.28000000 0.00000000 2032.22399812 58859.93453482 
-0.26000000 0.00000000 2063.91470278 58769.45519275 
-0.24000000 0.00000000 2063.85185266 58769.43581606 
-0.22000000 0.00000000 2063.74927744 58769.39841785 
-0.20000000 0.00000000 2063.63289694 58769.24046247 
-0.18000000 0.00000000 2031.65990360 58858.43302099 
-0.16000000 0.00000000 2031.48381155 58857.21932065 
-0.14000000 0.00000000 2062.99448404 58768.12809755 
-0.12000000 0.00000000 2062.79365332 58767.15832454 
-0.10000000 0.00000000 2062.48450539 58766.10178756 
-0.08000000 0.00000000 2062.15187435 58764.74410744 
-0.06000000 0.00000000 2030.46750889 58842.51703665 
-0.04000000 0.00000000 2030.34307327 58837.53282910 
-0.02000000 0.00000000 2060.31360668 58760.43560527 
0.00000000 0.00000000 2060.20693318 58757.32787093 
0.02000000 0.00000000 2060.08028254 58754.10700677 
0.04000000 0.00000000 2060.15533425 58750.40977267 
0.06000000 0.00000000 2051.18340158 58764.62569526 
0.08000000 0.00000000 2057.44294286 58748.54574534 
0.10000000 0.00000000 2057.45359022 58745.09737414 
0.12000000 0.00000000 2057.77971076 58741.29579385 
0.14000000 0.00000000 2328.43842520 58599.04616381 
0.16000000 0.00000000 2315.89560900 58592.35630964 
0.18000000 0.00000000 2059.14481444 58730.80683209 
0.20000000 0.00000000 2059.51075827 58727.91596666 
0.22000000 0.00000000 2060.09753213 58724.83059946 
0.24000000 0.00000000 2060.76250990 58721.75261015 
0.26000000 0.00000000 2064.60346977 58713.94403353 
0.28000000 0.00000000 2065.38276907 58710.98327701 
0.30000000 0.00000000 2066.17326159 58708.13054369 
0.32000000 0.00000000 2066.95537225 58705.45903499 
0.34000000 0.00000000 2067.67918607 58703.10165115 
0.36000000 0.00000000 2068.22462464 58701.29470139 
0.38000000 0.00000000 2068.62256006 58700.05418598 
0.40000000 0.00000000 2433.24288414 58808.57450735 
0.42000000 0.00000000 2433.19484497 58807.86082153 
0.44000000 0.00000000 2068.41064648 58700.83295439 
0.46000000 0.00000000 2067.87177557 58702.59859848 
0.48000000 0.00000000 2067.18044056 58704.94479991 
0.50000000 0.00000000 2066.32310792 58707.83021336 
0.52000000 0.00000000 2065.39248706 58711.05328040 
0.54000000 0.00000000 2064.46000220 58714.44237629 
0.56000000 0.00000000 2063.56563293 58717.88228411 
0.58000000 0.00000000 2059.61642330 58726.25019224 
0.60000000 0.00000000 2058.85099580 58729.72038509 
0.62000000 0.00000000 2058.16792509 58733.13304362 
0.64000000 0.00000000 2057.54252959 58736.55335045 
0.66000000 0.00000000 2292.17617680 58583.86001688 
0.68000000 0.00000000 2300.07421744 58586.23547269 
0.70000000 0.00000000 2056.03728560 58747.13509242 
0.72000000 0.00000000 2055.62760439 58750.89329360 
0.74000000 0.00000000 2055.40411880 58754.49111226 
0.76000000 0.00000000 2055.08085658 58758.44140630 
0.78000000 0.00000000 2055.12877701 58761.75295640 
0.80000000 0.00000000 2054.95664623 58765.55090542 
0.82000000 0.00000000 2054.84819130 58769.20156245 
0.84000000 0.00000000 2054.84205436 58772.54674447 
0.86000000 0.00000000 2048.56869304 58790.51262578 
0.88000000 0.00000000 2048.66266632 58793.67564890 
0.90000000 0.00000000 2062.98502972 58762.68067553 
0.92000000 0.00000000 2086.44131188 58717.76696739 
0.94000000 0.00000000 2049.24184840 58800.75088287 
0.96000000 0.00000000 2049.50288109 58802.31589537 
0.98000000 0.00000000 2043.70255820 58820.76011670 

