-1.00000000 0.00000000 -90.89475184 63790.66885763 
-0.98000000 0.00000000 -89.95869277 63790.76552867 
-0.96000000 0.00000000 -88.34557437 63790.93508799 
-0.94000000 0.00000000 -194.65037145 63778.33396418 
-0.92000000 0.00000000 -191.15586550 63778.78049729 
-0.90000000 0.00000000 -15.57887062 63798.21240898 
-0.88000000 0.00000000 -13.95371820 63798.35976689 
-0.86000000 0.00000000 -12.06069971 63798.53140967 
-0.84000000 0.00000000 -442.42513170 63739.89684293 
-0.82000000 0.00000000 -442.39500037 63739.89770299 
-0.80000000 0.00000000 -69.17115939 63792.93385925 
-0.78000000 0.00000000 17.98569388 63801.19405746 
-0.76000000 0.00000000 19.15043327 63801.29162273 
-0.74000000 0.00000000 20.06246285 63801.36743495 
-0.72000000 0.00000000 22.69201781 63801.58946965 
-0.70000000 0.00000000 -71.19646571 63792.71076050 
-0.68000000 0.00000000 -70.52368226 63792.77902676 
-0.66000000 0.00000000 -435.18222735 63741.16758444 
-0.64000000 0.00000000 -433.59599519 63741.45061604 
-0.62000000 0.00000000 -69.81024123 63792.85091730 
-0.60000000 0.00000000 -433.76628737 63741.42066269 
-0.58000000 0.00000000 -435.68439155 63741.07853350 
-0.56000000 0.00000000 -71.05179056 63792.72453789 
-0.54000000 0.00000000 22.82902164 63801.59945922 
-0.52000000 0.00000000 20.24806947 63801.38125122 
-0.50000000 0.00000000 19.44198778 63801.31405156 
-0.48000000 0.00000000 18.60691130 63801.24418908 
-0.46000000 0.00000000 17.44236966 63801.14570539 
-0.44000000 0.00000000 -441.02369045 63740.13890542 
-0.42000000 0.00000000 -441.65405881 63740.02709937 
-0.40000000 0.00000000 15.89474474 63801.01531687 
-0.38000000 0.00000000 15.58324747 63800.98874019 
-0.36000000 0.00000000 15.48975634 63800.98067142 
-0.34000000 0.00000000 15.51097099 63800.98224780 
-0.32000000 0.00000000 15.62280526 63800.99145592 
-0.30000000 0.00000000 -450.61139895 63738.40070134 
-0.28000000 0.00000000 -450.45744740 63738.42769639 
-0.26000000 0.00000000 16.18859123 63801.03862382 
-0.24000000 0.00000000 16.24991941 63801.04357612 
-0.22000000 0.00000000 16.08971273 63801.02969417 
-0.20000000 0.00000000 15.83681405 63801.00817815 
-0.18000000 0.00000000 -451.80567373 63738.18177496 
-0.16000000 0.00000000 -452.47710984 63738.06150125 
-0.14000000 0.00000000 12.98402234 63800.76506937 
-0.12000000 0.00000000 11.82419124 63800.66671549 
-0.10000000 0.00000000 9.76637300 63800.49022948 
-0.08000000 0.00000000 7.24358458 63800.27265128 
-0.06000000 0.00000000 -460.58234323 63736.60335866 
-0.04000000 0.00000000 -463.07229300 63736.15304885 
-0.02000000 0.00000000 -8.55737104 63798.87148559 
0.00000000 0.00000000 -11.67284978 63798.59234784 
0.02000000 0.00000000 -15.50923594 63798.24475464 
0.04000000 0.00000000 -18.49969885 63797.97324587 
0.06000000 0.00000000 -100.06163188 63789.69427870 
0.08000000 0.00000000 -47.89238680 63795.15702369 
0.10000000 0.00000000 -53.07623019 63794.64587372 
0.12000000 0.00000000 -55.85256235 63794.37218196 
0.14000000 0.00000000 276.77057350 63816.64258464 
0.16000000 0.00000000 274.89513457 63816.58199043 
0.18000000 0.00000000 -61.41398299 63793.82117448 
0.20000000 0.00000000 -64.33256373 63793.52584735 
0.22000000 0.00000000 -65.61951448 63793.39630685 
0.24000000 0.00000000 -66.59960135 63793.29760778 
0.26000000 0.00000000 -41.63534289 63795.80720432 
0.28000000 0.00000000 -42.35131231 63795.73847700 
0.30000000 0.00000000 -43.06663151 63795.66946636 
0.32000000 0.00000000 -43.61911623 63795.61615238 
0.34000000 0.00000000 -43.98738117 63795.58070659 
0.36000000 0.00000000 -44.64932514 63795.51611873 
0.38000000 0.00000000 -44.93337749 63795.48851131 
0.40000000 0.00000000 293.13138378 63817.16645576 
0.42000000 0.00000000 293.10612421 63817.16571300 
0.44000000 0.00000000 -44.95388483 63795.48647765 
0.46000000 0.00000000 -44.69525570 63795.51160654 
0.48000000 0.00000000 -44.12134766 63795.56761525 
0.50000000 0.00000000 -43.78618015 63795.59997710 
0.52000000 0.00000000 -43.44334984 63795.63298671 
0.54000000 0.00000000 -42.96888697 63795.67883437 
0.56000000 0.00000000 -42.39358591 63795.73447026 
0.58000000 0.00000000 -67.82002621 63793.17422086 
0.60000000 0.00000000 -67.25673292 63793.23134879 
0.62000000 0.00000000 -66.57718654 63793.30027145 
0.64000000 0.00000000 -65.93665195 63793.36492895 
0.66000000 0.00000000 270.59230721 63816.44086575 
0.68000000 0.00000000 272.01956946 63816.48910561 
0.70000000 0.00000000 -63.02961385 63793.65795493 
0.72000000 0.00000000 -61.78892959 63793.78243591 
0.74000000 0.00000000 -59.17987496 63794.04541889 
0.76000000 0.00000000 -57.77749635 63794.18473415 
0.78000000 0.00000000 -53.57697885 63794.60507700 
0.80000000 0.00000000 -51.77100333 63794.78269504 
0.82000000 0.00000000 -49.95951024 63794.95999371 
0.84000000 0.00000000 -47.85108783 63795.16592399 
0.86000000 0.00000000 -107.11351411 63788.92148343 
0.88000000 0.00000000 -105.04598282 63789.14681691 
0.90000000 0.00000000 13.31635995 63800.84288227 
0.92000000 0.00000000 110.82712460 63808.33122151 
0.94000000 0.00000000 -98.91016795 63789.80982788 
0.96000000 0.00000000 -96.88185676 63790.02724701 
0.98000000 0.00000000 -173.53142581 63781.04084031 

