-1.00000000 0.00000000 -1920.51013559 59911.29871230 
-0.98000000 0.00000000 -1922.83796241 59907.42961906 
-0.96000000 0.00000000 -1923.74722549 59905.14599735 
-0.94000000 0.00000000 -2021.18360472 59809.53646086 
-0.92000000 0.00000000 -2020.35072864 59809.19910872 
-0.90000000 0.00000000 -1838.55810852 59974.29543070 
-0.88000000 0.00000000 -1836.84188464 59975.21219977 
-0.86000000 0.00000000 -1834.51540175 59976.71034650 
-0.84000000 0.00000000 -2163.86730202 59640.26245006 
-0.82000000 0.00000000 -2164.56762382 59638.71492544 
-0.80000000 0.00000000 -1909.40962075 59913.36064111 
-0.78000000 0.00000000 -1788.67629394 60010.51951017 
-0.76000000 0.00000000 -1786.90244272 60011.65447385 
-0.74000000 0.00000000 -1785.55647408 60012.48331279 
-0.72000000 0.00000000 -1781.28808509 60015.42582651 
-0.70000000 0.00000000 -1913.33109864 59908.81848396 
-0.68000000 0.00000000 -1912.68700657 59909.31337468 
-0.66000000 0.00000000 -2165.78160197 59633.76227715 
-0.64000000 0.00000000 -2164.84567268 59635.19122911 
-0.62000000 0.00000000 -1911.07061750 59911.15134879 
-0.60000000 0.00000000 -2163.20570336 59638.60176505 
-0.58000000 0.00000000 -2162.56445690 59640.50004610 
-0.56000000 0.00000000 -1909.50158513 59914.08274418 
-0.54000000 0.00000000 -1777.06050848 60020.24176349 
-0.52000000 0.00000000 -1780.24289702 60018.53905149 
-0.50000000 0.00000000 -1780.41357395 60018.98302558 
-0.48000000 0.00000000 -1780.67147257 60019.34698817 
-0.46000000 0.00000000 -1781.55487158 60019.22768859 
-0.44000000 0.00000000 -2150.80381657 59665.57091341 
-0.42000000 0.00000000 -2149.66745780 59668.02231393 
-0.40000000 0.00000000 -1781.97920704 60020.01764217 
-0.38000000 0.00000000 -1782.17584358 60020.07372056 
-0.36000000 0.00000000 -1782.20575278 60020.16943946 
-0.34000000 0.00000000 -1782.20743196 60020.22104512 
-0.32000000 0.00000000 -1782.17680757 60020.25175751 
-0.30000000 0.00000000 -2151.40673912 59667.92955225 
-0.28000000 0.00000000 -2151.59865303 59667.69642997 
-0.26000000 0.00000000 -1781.76081999 60020.59907199 
-0.24000000 0.00000000 -1781.56029019 60020.89148769 
-0.22000000 0.00000000 -1781.40441966 60021.29492036 
-0.20000000 0.00000000 -1780.94350615 60022.11180660 
-0.18000000 0.00000000 -2147.92360805 59676.15112757 
-0.16000000 0.00000000 -2144.92723599 59682.20751163 
-0.14000000 0.00000000 -1778.71119141 60026.91971602 
-0.12000000 0.00000000 -1776.36670480 60030.41002980 
-0.10000000 0.00000000 -1774.19559794 60034.25084486 
-0.08000000 0.00000000 -1771.38165763 60039.03151827 
-0.06000000 0.00000000 -2108.00098146 59751.18292266 
-0.04000000 0.00000000 -2095.14767798 59773.50704723 
-0.02000000 0.00000000 -1765.82959430 60054.62989865 
0.00000000 0.00000000 -1758.18029117 60064.45544542 
0.02000000 0.00000000 -1750.46156840 60074.53909492 
0.04000000 0.00000000 -1740.96116399 60085.76225164 
0.06000000 0.00000000 -1811.37603219 60048.97841303 
0.08000000 0.00000000 -1746.86305490 60094.12478040 
0.10000000 0.00000000 -1738.65707348 60104.53442464 
0.12000000 0.00000000 -1728.50512444 60115.55476109 
0.14000000 0.00000000 -708.62574782 59891.31778795 
0.16000000 0.00000000 -731.39081867 59926.89098215 
0.18000000 0.00000000 -1699.73832286 60144.53310993 
0.20000000 0.00000000 -1692.35465428 60152.23402386 
0.22000000 0.00000000 -1683.87692066 60160.09500715 
0.24000000 0.00000000 -1675.36041377 60167.69928270 
0.26000000 0.00000000 -1643.68748051 60184.14968499 
0.28000000 0.00000000 -1635.50477456 60190.86166027 
0.30000000 0.00000000 -1627.64577590 60197.19109184 
0.32000000 0.00000000 -1620.24616134 60202.99769878 
0.34000000 0.00000000 -1613.67156163 60208.02824044 
0.36000000 0.00000000 -1608.77881778 60211.86242553 
0.38000000 0.00000000 -1605.35603656 60214.44928670 
0.40000000 0.00000000 -504.55977522 59263.81690050 
0.42000000 0.00000000 -504.82334837 59265.70340239 
0.44000000 0.00000000 -1607.61925538 60212.75349085 
0.46000000 0.00000000 -1612.56543951 60209.00906645 
0.48000000 0.00000000 -1619.03627871 60203.97262504 
0.50000000 0.00000000 -1627.12284609 60197.73160218 
0.52000000 0.00000000 -1636.15511111 60190.64993196 
0.54000000 0.00000000 -1645.60033788 60183.05388157 
0.56000000 0.00000000 -1655.15150490 60175.17258238 
0.58000000 0.00000000 -1688.50345497 60156.98493310 
0.60000000 0.00000000 -1698.20352847 60148.35297010 
0.62000000 0.00000000 -1707.73519917 60139.62216272 
0.64000000 0.00000000 -1717.34847372 60130.62503581 
0.66000000 0.00000000 -780.39876311 59991.94970866 
0.68000000 0.00000000 -765.34829407 59972.54222057 
0.70000000 0.00000000 -1747.01355427 60101.17089912 
0.72000000 0.00000000 -1757.51947373 60090.18702090 
0.74000000 0.00000000 -1767.07121151 60079.34124879 
0.76000000 0.00000000 -1778.05906306 60067.30739306 
0.78000000 0.00000000 -1786.16797645 60056.78674146 
0.80000000 0.00000000 -1796.52291871 60044.73765501 
0.82000000 0.00000000 -1806.43020538 60032.91347008 
0.84000000 0.00000000 -1815.33494649 60021.81599925 
0.86000000 0.00000000 -1886.82184477 59963.97963107 
0.88000000 0.00000000 -1895.22376371 59952.33903019 
0.90000000 0.00000000 -1762.31303474 60045.59054488 
0.92000000 0.00000000 -1577.56797440 60143.67736937 
0.94000000 0.00000000 -1913.64707309 59925.05069409 
0.96000000 0.00000000 -1917.57942908 59918.62369027 
0.98000000 0.00000000 -1991.22739658 59847.90436309 

