-1.00000000 0.00000000 2339.90505641 58914.89317593 
-0.98000000 0.00000000 2339.76519760 58914.07627925 
-0.96000000 0.00000000 2339.54946109 58913.64821697 
-0.94000000 0.00000000 2347.49597003 58892.07776980 
-0.92000000 0.00000000 2347.20529901 58892.08830633 
-0.90000000 0.00000000 2330.97137954 58931.99963342 
-0.88000000 0.00000000 2330.67366021 58932.37162146 
-0.86000000 0.00000000 2330.33975970 58932.89311488 
-0.84000000 0.00000000 2357.22585362 58860.03539462 
-0.82000000 0.00000000 2357.17488485 58859.80149598 
-0.80000000 0.00000000 2337.17014345 58916.45009183 
-0.78000000 0.00000000 2325.41387798 58943.00220672 
-0.76000000 0.00000000 2325.17958279 58943.40419039 
-0.74000000 0.00000000 2324.99557406 58943.70678510 
-0.72000000 0.00000000 2324.51155415 58944.64244351 
-0.70000000 0.00000000 2337.29372805 58915.54075914 
-0.68000000 0.00000000 2337.22244800 58915.67942898 
-0.66000000 0.00000000 2356.83119971 58859.05066503 
-0.64000000 0.00000000 2356.80082933 58859.30253866 
-0.62000000 0.00000000 2337.15879222 58916.10788257 
-0.60000000 0.00000000 2356.85742021 58859.91181821 
-0.58000000 0.00000000 2356.94745937 58860.25578965 
-0.56000000 0.00000000 2337.30542194 58916.69208410 
-0.54000000 0.00000000 2324.48038113 58945.80809843 
-0.52000000 0.00000000 2324.94429765 58945.18003110 
-0.50000000 0.00000000 2325.09200093 58945.20489800 
-0.48000000 0.00000000 2325.24606651 58945.20585220 
-0.46000000 0.00000000 2325.45886275 58945.06382612 
-0.44000000 0.00000000 2357.39337997 58864.74055798 
-0.42000000 0.00000000 2357.44941180 58865.16820444 
-0.40000000 0.00000000 2325.78407640 58945.03706339 
-0.38000000 0.00000000 2325.86891198 58944.98410723 
-0.36000000 0.00000000 2325.92342225 58944.95139100 
-0.34000000 0.00000000 2325.96554245 58944.91123412 
-0.32000000 0.00000000 2325.99928045 58944.86791248 
-0.30000000 0.00000000 2357.96777304 58864.96434651 
-0.28000000 0.00000000 2358.02557587 58864.87522936 
-0.26000000 0.00000000 2326.09467150 58944.80301859 
-0.24000000 0.00000000 2326.15261373 58944.82064522 
-0.22000000 0.00000000 2326.24466507 58944.86052497 
-0.20000000 0.00000000 2326.34221017 58945.01362360 
-0.18000000 0.00000000 2358.50476137 58866.32349472 
-0.16000000 0.00000000 2358.63021799 58867.48685496 
-0.14000000 0.00000000 2326.85131372 58946.11044281 
-0.12000000 0.00000000 2326.97498853 58947.03035890 
-0.10000000 0.00000000 2327.18685297 58948.05023494 
-0.08000000 0.00000000 2327.39957799 58949.35549667 
-0.06000000 0.00000000 2359.05368842 58881.53537841 
-0.04000000 0.00000000 2358.97125881 58886.28080483 
-0.02000000 0.00000000 2328.73863987 58953.65214147 
0.00000000 0.00000000 2328.63337089 58956.55573021 
0.02000000 0.00000000 2328.53212453 58959.57014359 
0.04000000 0.00000000 2328.21868713 58962.99245818 
0.06000000 0.00000000 2336.90341574 58951.38349870 
0.08000000 0.00000000 2330.41919733 58965.23079370 
0.10000000 0.00000000 2330.16233982 58968.44296641 
0.12000000 0.00000000 2329.60353933 58971.92466294 
0.14000000 0.00000000 2101.60604543 59064.08088071 
0.16000000 0.00000000 2110.76787950 59069.88805496 
0.18000000 0.00000000 2327.62952712 58981.44601095 
0.20000000 0.00000000 2327.08266554 58984.07817866 
0.22000000 0.00000000 2326.32739458 58986.85033701 
0.24000000 0.00000000 2325.50067867 58989.60269797 
0.26000000 0.00000000 2321.59497488 58996.10057870 
0.28000000 0.00000000 2320.66955015 58998.71817571 
0.30000000 0.00000000 2319.74016701 59001.23276515 
0.32000000 0.00000000 2318.83131782 59003.57859451 
0.34000000 0.00000000 2317.99862904 59005.64092051 
0.36000000 0.00000000 2317.36592514 59007.22428758 
0.38000000 0.00000000 2316.91107669 59008.30617496 
0.40000000 0.00000000 2025.31332987 58911.26587088 
0.42000000 0.00000000 2025.36502012 58911.77323220 
0.44000000 0.00000000 2317.16088152 59007.62463417 
0.46000000 0.00000000 2317.78213515 59006.08198302 
0.48000000 0.00000000 2318.58610545 59004.02471536 
0.50000000 0.00000000 2319.57797314 59001.49488393 
0.52000000 0.00000000 2320.65976414 58998.66139180 
0.54000000 0.00000000 2321.75435270 58995.67051986 
0.56000000 0.00000000 2322.81648358 58992.62309076 
0.58000000 0.00000000 2326.85631361 58985.60994052 
0.60000000 0.00000000 2327.79753220 58982.50348787 
0.62000000 0.00000000 2328.65749190 58979.43681854 
0.64000000 0.00000000 2329.46225508 58976.35463646 
0.66000000 0.00000000 2128.24257493 59078.04541209 
0.68000000 0.00000000 2122.33798494 59075.61356749 
0.70000000 0.00000000 2331.54562113 58966.75197340 
0.72000000 0.00000000 2332.16547436 58963.32125324 
0.74000000 0.00000000 2332.60792902 58960.00608374 
0.76000000 0.00000000 2333.15365770 58956.38152380 
0.78000000 0.00000000 2333.33022405 58953.28600043 
0.80000000 0.00000000 2333.72185496 58949.77837098 
0.82000000 0.00000000 2334.04208201 58946.39826781 
0.84000000 0.00000000 2334.24817798 58943.28723446 
0.86000000 0.00000000 2340.74261463 58927.57617832 
0.88000000 0.00000000 2340.82639985 58924.60953371 
0.90000000 0.00000000 2326.55762431 58951.10757527 
0.92000000 0.00000000 2303.34995340 58988.42366400 
0.94000000 0.00000000 2340.66377339 58917.93928523 
0.96000000 0.00000000 2340.50428781 58916.45261125 
0.98000000 0.00000000 2346.45656992 58900.08054638 

