-1.00000000 0.00000000 314.41570946 63809.28667708 
-0.98000000 0.00000000 314.41546576 63809.28667103 
-0.96000000 0.00000000 314.41488542 63809.28665656 
-0.94000000 0.00000000 314.46631371 63809.28794405 
-0.92000000 0.00000000 314.46480024 63809.28790622 
-0.90000000 0.00000000 314.38037952 63809.28579259 
-0.88000000 0.00000000 314.37974789 63809.28577682 
-0.86000000 0.00000000 314.37897826 63809.28575758 
-0.84000000 0.00000000 314.58698709 63809.29096304 
-0.82000000 0.00000000 314.58710141 63809.29096593 
-0.80000000 0.00000000 314.40684998 63809.28645569 
-0.78000000 0.00000000 314.36503716 63809.28540853 
-0.76000000 0.00000000 314.36459568 63809.28539751 
-0.74000000 0.00000000 314.36427024 63809.28538939 
-0.72000000 0.00000000 314.36311049 63809.28536037 
-0.70000000 0.00000000 314.40837577 63809.28649405 
-0.68000000 0.00000000 314.40812679 63809.28648783 
-0.66000000 0.00000000 314.58440465 63809.29089872 
-0.64000000 0.00000000 314.58366316 63809.29088019 
-0.62000000 0.00000000 314.40786662 63809.28648134 
-0.60000000 0.00000000 314.58372040 63809.29088161 
-0.58000000 0.00000000 314.58459880 63809.29090356 
-0.56000000 0.00000000 314.40830968 63809.28649240 
-0.54000000 0.00000000 314.36304751 63809.28535879 
-0.52000000 0.00000000 314.36418482 63809.28538725 
-0.50000000 0.00000000 314.36446470 63809.28539423 
-0.48000000 0.00000000 314.36476144 63809.28540164 
-0.46000000 0.00000000 314.36522560 63809.28541324 
-0.44000000 0.00000000 314.58652825 63809.29095163 
-0.42000000 0.00000000 314.58677004 63809.29095766 
-0.40000000 0.00000000 314.36577893 63809.28542704 
-0.38000000 0.00000000 314.36590342 63809.28543015 
-0.36000000 0.00000000 314.36594121 63809.28543110 
-0.34000000 0.00000000 314.36593928 63809.28543105 
-0.32000000 0.00000000 314.36590542 63809.28543021 
-0.30000000 0.00000000 314.59109809 63809.29106586 
-0.28000000 0.00000000 314.59105235 63809.29106473 
-0.26000000 0.00000000 314.36571476 63809.28542545 
-0.24000000 0.00000000 314.36570149 63809.28542512 
-0.22000000 0.00000000 314.36577981 63809.28542709 
-0.20000000 0.00000000 314.36588230 63809.28542965 
-0.18000000 0.00000000 314.59168639 63809.29108057 
-0.16000000 0.00000000 314.59193772 63809.29108683 
-0.14000000 0.00000000 314.36702618 63809.28545823 
-0.12000000 0.00000000 314.36743856 63809.28546852 
-0.10000000 0.00000000 314.36824465 63809.28548866 
-0.08000000 0.00000000 314.36923636 63809.28551344 
-0.06000000 0.00000000 314.59495713 63809.29116207 
-0.04000000 0.00000000 314.59587640 63809.29118498 
-0.02000000 0.00000000 314.37597147 63809.28568190 
0.00000000 0.00000000 314.37713334 63809.28571090 
0.02000000 0.00000000 314.37863039 63809.28574830 
0.04000000 0.00000000 314.37971789 63809.28577544 
0.06000000 0.00000000 314.41863452 63809.28674990 
0.08000000 0.00000000 314.39318599 63809.28611256 
0.10000000 0.00000000 314.39537256 63809.28616723 
0.12000000 0.00000000 314.39642777 63809.28619358 
0.14000000 0.00000000 314.23635555 63809.28218228 
0.16000000 0.00000000 314.23703762 63809.28219932 
0.18000000 0.00000000 314.39844942 63809.28624402 
0.20000000 0.00000000 314.39969684 63809.28627522 
0.22000000 0.00000000 314.40018477 63809.28628740 
0.24000000 0.00000000 314.40054689 63809.28629644 
0.26000000 0.00000000 314.38843936 63809.28599320 
0.28000000 0.00000000 314.38870701 63809.28599988 
0.30000000 0.00000000 314.38898661 63809.28600686 
0.32000000 0.00000000 314.38919859 63809.28601216 
0.34000000 0.00000000 314.38933228 63809.28601549 
0.36000000 0.00000000 314.38961787 63809.28602264 
0.38000000 0.00000000 314.38973257 63809.28602550 
0.40000000 0.00000000 314.22730314 63809.28195493 
0.42000000 0.00000000 314.22731620 63809.28195526 
0.44000000 0.00000000 314.38974472 63809.28602581 
0.46000000 0.00000000 314.38964227 63809.28602325 
0.48000000 0.00000000 314.38939670 63809.28601711 
0.50000000 0.00000000 314.38927272 63809.28601401 
0.52000000 0.00000000 314.38915017 63809.28601095 
0.54000000 0.00000000 314.38896818 63809.28600641 
0.56000000 0.00000000 314.38874117 63809.28600074 
0.58000000 0.00000000 314.40103350 63809.28630859 
0.60000000 0.00000000 314.40082131 63809.28630329 
0.62000000 0.00000000 314.40056026 63809.28629677 
0.64000000 0.00000000 314.40032749 63809.28629097 
0.66000000 0.00000000 314.23870482 63809.28224101 
0.68000000 0.00000000 314.23812144 63809.28222641 
0.70000000 0.00000000 314.39923498 63809.28626370 
0.72000000 0.00000000 314.39877206 63809.28625214 
0.74000000 0.00000000 314.39766733 63809.28622452 
0.76000000 0.00000000 314.39715965 63809.28621185 
0.78000000 0.00000000 314.39531982 63809.28616583 
0.80000000 0.00000000 314.39464560 63809.28614900 
0.82000000 0.00000000 314.39397977 63809.28613238 
0.84000000 0.00000000 314.39317994 63809.28611241 
0.86000000 0.00000000 314.42193679 63809.28683256 
0.88000000 0.00000000 314.42116761 63809.28681336 
0.90000000 0.00000000 314.36443194 63809.28539258 
0.92000000 0.00000000 314.31779631 63809.28422424 
0.94000000 0.00000000 314.41890336 63809.28675686 
0.96000000 0.00000000 314.41815413 63809.28673817 
0.98000000 0.00000000 314.45532074 63809.28766867 

