-1.00000000 0.00000000 2610.60642195 58537.27760437 
-0.98000000 0.00000000 2609.36056686 58535.73599208 
-0.96000000 0.00000000 2608.46047087 58535.20322808 
-0.94000000 0.00000000 2593.97096344 58469.01172689 
-0.92000000 0.00000000 2593.48975186 58469.65718898 
-0.90000000 0.00000000 2616.10246681 58596.45605248 
-0.88000000 0.00000000 2616.01227604 58597.83292465 
-0.86000000 0.00000000 2616.03453255 58599.64884118 
-0.84000000 0.00000000 2565.68259432 58378.14423581 
-0.82000000 0.00000000 2565.24551951 58377.76005330 
-0.80000000 0.00000000 2607.77693462 58546.04320282 
-0.78000000 0.00000000 2619.15616025 58634.04477497 
-0.76000000 0.00000000 2619.19575042 58635.43899424 
-0.74000000 0.00000000 2619.21091559 58636.50114596 
-0.72000000 0.00000000 2619.42203159 58639.75954288 
-0.70000000 0.00000000 2606.79847951 58543.46781747 
-0.68000000 0.00000000 2606.84465134 58543.93033184 
-0.66000000 0.00000000 2563.53348429 58377.11423204 
-0.64000000 0.00000000 2563.83939242 58377.68749405 
-0.62000000 0.00000000 2607.26385448 58545.04588717 
-0.60000000 0.00000000 2564.78800815 58378.69657305 
-0.58000000 0.00000000 2565.41621555 58379.09565724 
-0.56000000 0.00000000 2608.24564608 58546.06755409 
-0.54000000 0.00000000 2620.68174252 58642.78475677 
-0.52000000 0.00000000 2620.78626188 58640.31560515 
-0.50000000 0.00000000 2621.07741519 58640.12107748 
-0.48000000 0.00000000 2621.35355216 58639.85908520 
-0.46000000 0.00000000 2621.57119671 58639.12517280 
-0.44000000 0.00000000 2572.47810653 58386.43963051 
-0.42000000 0.00000000 2573.18048540 58387.13628814 
-0.40000000 0.00000000 2622.13461262 58638.60354049 
-0.38000000 0.00000000 2622.23295935 58638.38689032 
-0.36000000 0.00000000 2622.30186143 58638.29379611 
-0.34000000 0.00000000 2622.34106558 58638.21869345 
-0.32000000 0.00000000 2622.36208059 58638.16352944 
-0.30000000 0.00000000 2573.83275925 58385.76546367 
-0.28000000 0.00000000 2573.82022261 58385.56293826 
-0.26000000 0.00000000 2622.48281018 58638.21084866 
-0.24000000 0.00000000 2622.60796318 58638.26517154 
-0.22000000 0.00000000 2622.81291006 58638.28609406 
-0.20000000 0.00000000 2623.14862434 58638.54322097 
-0.18000000 0.00000000 2576.60489717 58387.53637786 
-0.16000000 0.00000000 2578.38271894 58389.42579949 
-0.14000000 0.00000000 2625.19146410 58640.06991490 
-0.12000000 0.00000000 2626.38886518 58641.86088654 
-0.10000000 0.00000000 2627.83496601 58643.58251955 
-0.08000000 0.00000000 2629.58438058 58645.86570491 
-0.06000000 0.00000000 2597.81059911 58414.13575722 
-0.04000000 0.00000000 2603.92857043 58423.05222312 
-0.02000000 0.00000000 2636.39046431 58651.13204414 
0.00000000 0.00000000 2639.29647281 58657.49815957 
0.02000000 0.00000000 2642.31032238 58664.04256563 
0.04000000 0.00000000 2645.37305504 58672.05443842 
0.06000000 0.00000000 2647.64989271 58620.69693908 
0.08000000 0.00000000 2651.53636000 58669.51802829 
0.10000000 0.00000000 2654.48427649 58676.76676894 
0.12000000 0.00000000 2657.16341162 58685.51575345 
0.14000000 0.00000000 2191.51393158 59556.01503577 
0.16000000 0.00000000 2220.00263947 59542.62985814 
0.18000000 0.00000000 2663.54712718 58710.60150610 
0.20000000 0.00000000 2665.27962595 58717.34186779 
0.22000000 0.00000000 2666.76140682 58724.95998734 
0.24000000 0.00000000 2668.07791435 58732.67058743 
0.26000000 0.00000000 2667.34146771 58758.26204985 
0.28000000 0.00000000 2668.25727994 58765.87706078 
0.30000000 0.00000000 2669.05067519 58773.25632702 
0.32000000 0.00000000 2669.70086232 58780.23630931 
0.34000000 0.00000000 2670.19920221 58786.45707718 
0.36000000 0.00000000 2670.59293457 58791.16547311 
0.38000000 0.00000000 2670.81696609 58794.44753148 
0.40000000 0.00000000 1856.71917031 59512.17719125 
0.42000000 0.00000000 1857.35289583 59512.76842837 
0.44000000 0.00000000 2670.63490905 58792.35543403 
0.46000000 0.00000000 2670.27799044 58787.67197696 
0.48000000 0.00000000 2669.74138255 58781.52681093 
0.50000000 0.00000000 2669.07418164 58773.93275469 
0.52000000 0.00000000 2668.25254672 58765.50143071 
0.54000000 0.00000000 2667.27514645 58756.72759114 
0.56000000 0.00000000 2666.15956175 58747.91262548 
0.58000000 0.00000000 2666.51132076 58720.99005824 
0.60000000 0.00000000 2665.00953375 58712.30476851 
0.62000000 0.00000000 2663.38163729 58703.85469968 
0.64000000 0.00000000 2661.61767394 58695.44073219 
0.66000000 0.00000000 2273.97669321 59510.12980885 
0.68000000 0.00000000 2256.85462360 59521.05140934 
0.70000000 0.00000000 2655.21540032 58670.01025303 
0.72000000 0.00000000 2652.64904529 58661.18356946 
0.74000000 0.00000000 2649.86804749 58653.12538540 
0.76000000 0.00000000 2646.90142155 58644.07149133 
0.78000000 0.00000000 2643.84896865 58637.23715968 
0.80000000 0.00000000 2640.68623269 58628.84404500 
0.82000000 0.00000000 2637.51084039 58620.90000630 
0.84000000 0.00000000 2634.41265300 58613.81866111 
0.86000000 0.00000000 2627.11447586 58561.89581143 
0.88000000 0.00000000 2623.76844078 58555.56809430 
0.90000000 0.00000000 2630.12867932 58652.46777243 
0.92000000 0.00000000 2626.74360936 58799.43777757 
0.94000000 0.00000000 2615.56006839 58542.04233251 
0.96000000 0.00000000 2613.50025693 58539.25325620 
0.98000000 0.00000000 2602.70329276 58488.76946401 

