-1.00000000 0.00000000 1286.60428461 58243.65252796 
-0.98000000 0.00000000 1286.87623805 58246.53390236 
-0.96000000 0.00000000 1287.45851951 58247.55505145 
-0.94000000 0.00000000 1254.40017890 58381.32989995 
-0.92000000 0.00000000 1255.33481145 58380.06934852 
-0.90000000 0.00000000 1321.43591984 58130.69711402 
-0.88000000 0.00000000 1322.41021165 58128.33060462 
-0.86000000 0.00000000 1323.55579841 58125.14832648 
-0.84000000 0.00000000 1211.17404850 58581.39885001 
-0.82000000 0.00000000 1211.24555276 58582.41148088 
-0.80000000 0.00000000 1295.51640495 58227.58600003 
-0.78000000 0.00000000 1342.81645056 58062.45178873 
-0.76000000 0.00000000 1343.66697590 58060.02978490 
-0.74000000 0.00000000 1344.33474977 58058.18883019 
-0.72000000 0.00000000 1346.22765986 58052.33828977 
-0.70000000 0.00000000 1294.72767212 58232.92353532 
-0.68000000 0.00000000 1295.01071627 58232.04108437 
-0.66000000 0.00000000 1212.36501768 58584.15475521 
-0.64000000 0.00000000 1212.55012649 58582.82696713 
-0.62000000 0.00000000 1295.34486281 58229.90374926 
-0.60000000 0.00000000 1212.46559530 58580.54350165 
-0.58000000 0.00000000 1212.17712048 58579.68004872 
-0.56000000 0.00000000 1294.94263364 58227.99119559 
-0.54000000 0.00000000 1346.67858852 58046.89044609 
-0.52000000 0.00000000 1344.91322318 58051.34687688 
-0.50000000 0.00000000 1344.42408112 58051.67220698 
-0.48000000 0.00000000 1343.91142742 58052.11178435 
-0.46000000 0.00000000 1343.16207912 58053.40026079 
-0.44000000 0.00000000 1211.12197300 58563.48754753 
-0.42000000 0.00000000 1210.99244197 58561.92905356 
-0.40000000 0.00000000 1342.18070976 58054.11239355 
-0.38000000 0.00000000 1341.95447790 58054.38626670 
-0.36000000 0.00000000 1341.85730583 58054.41238270 
-0.34000000 0.00000000 1341.81973118 58054.38364450 
-0.32000000 0.00000000 1341.82857879 58054.29882373 
-0.30000000 0.00000000 1209.52736173 58564.35014001 
-0.28000000 0.00000000 1209.47320394 58564.57944140 
-0.26000000 0.00000000 1341.97734639 58053.59804627 
-0.24000000 0.00000000 1341.95652283 58053.31186117 
-0.22000000 0.00000000 1341.81209106 58053.12516859 
-0.20000000 0.00000000 1341.65196549 58052.57609233 
-0.18000000 0.00000000 1208.83781626 58559.57033612 
-0.16000000 0.00000000 1208.65806804 58555.57187930 
-0.14000000 0.00000000 1340.23022141 58050.29940521 
-0.12000000 0.00000000 1339.86350028 58047.59589955 
-0.10000000 0.00000000 1339.06223529 58045.29749549 
-0.08000000 0.00000000 1338.15239130 58042.30176697 
-0.06000000 0.00000000 1207.73890911 58507.61207089 
-0.04000000 0.00000000 1207.71668135 58491.31680537 
-0.02000000 0.00000000 1331.66846560 58038.57990063 
0.00000000 0.00000000 1331.36759905 58029.74380443 
0.02000000 0.00000000 1330.84965511 58020.97675394 
0.04000000 0.00000000 1331.01085006 58009.85407779 
0.06000000 0.00000000 1293.95718805 58110.26111379 
0.08000000 0.00000000 1319.14676743 58022.71075316 
0.10000000 0.00000000 1318.60793239 58013.59035241 
0.12000000 0.00000000 1319.27098516 58001.65067336 
0.14000000 0.00000000 2852.01619719 56931.72298127 
0.16000000 0.00000000 2763.10480049 56890.04650414 
0.18000000 0.00000000 1322.39738877 57967.42229401 
0.20000000 0.00000000 1322.88331595 57958.92146551 
0.22000000 0.00000000 1324.17247038 57948.77857152 
0.24000000 0.00000000 1325.65126505 57938.52855158 
0.26000000 0.00000000 1340.41100104 57894.65327134 
0.28000000 0.00000000 1342.13238844 57884.69718222 
0.30000000 0.00000000 1343.83687077 57875.12819044 
0.32000000 0.00000000 1345.52779966 57866.08038310 
0.34000000 0.00000000 1347.10505251 57858.00409780 
0.36000000 0.00000000 1348.18191074 57852.06637833 
0.38000000 0.00000000 1349.00714035 57847.87076906 
0.40000000 0.00000000 3632.44243397 58553.21735581 
0.42000000 0.00000000 3632.40025985 58547.53871797 
0.44000000 0.00000000 1348.46917532 57850.68098941 
0.46000000 0.00000000 1347.28355090 57856.76629570 
0.48000000 0.00000000 1345.81953444 57864.66911738 
0.50000000 0.00000000 1343.89888596 57874.60945869 
0.52000000 0.00000000 1341.78770174 57885.69975397 
0.54000000 0.00000000 1339.67229085 57897.25319483 
0.56000000 0.00000000 1337.62940385 57908.89815241 
0.58000000 0.00000000 1322.58122520 57954.79373095 
0.60000000 0.00000000 1320.76885689 57966.53808055 
0.62000000 0.00000000 1319.11781269 57978.04949175 
0.64000000 0.00000000 1317.53711532 57989.66660134 
0.66000000 0.00000000 2589.44896413 56841.72653960 
0.68000000 0.00000000 2641.99373704 56853.04167602 
0.70000000 0.00000000 1313.53132481 58025.37291616 
0.72000000 0.00000000 1312.35936129 58037.99760532 
0.74000000 0.00000000 1311.85164757 58049.22781321 
0.76000000 0.00000000 1310.81772837 58062.44125647 
0.78000000 0.00000000 1311.18620299 58071.66212226 
0.80000000 0.00000000 1310.51658784 58084.07074806 
0.82000000 0.00000000 1309.97558417 58095.95355029 
0.84000000 0.00000000 1309.72620461 58106.58054373 
0.86000000 0.00000000 1283.66849226 58203.44024529 
0.88000000 0.00000000 1283.60626917 58213.58496476 
0.90000000 0.00000000 1341.76107858 58029.67240815 
0.92000000 0.00000000 1437.76672833 57771.26354605 
0.94000000 0.00000000 1284.25095760 58235.84276440 
0.96000000 0.00000000 1284.70041503 58240.56848664 
0.98000000 0.00000000 1259.98267116 58341.14837637 

