-1.00000000 0.00000000 1841.94879281 53486.72000065 
-0.98000000 0.00000000 1847.93816808 53484.32545986 
-0.96000000 0.00000000 1857.54176137 53480.00200108 
-0.94000000 0.00000000 1436.58573010 53793.81373021 
-0.92000000 0.00000000 1447.30621563 53783.55466527 
-0.90000000 0.00000000 2371.27574904 53318.25569999 
-0.88000000 0.00000000 2386.99940664 53316.40340869 
-0.86000000 0.00000000 2405.32855437 53314.32471910 
-0.84000000 0.00000000 1008.82911418 54433.26070275 
-0.82000000 0.00000000 1009.07216205 54433.23437142 
-0.80000000 0.00000000 1973.63524032 53428.82708020 
-0.78000000 0.00000000 2722.61088078 53304.56337449 
-0.76000000 0.00000000 2737.22205402 53305.58961230 
-0.74000000 0.00000000 2748.92797522 53306.52773933 
-0.72000000 0.00000000 2781.38970850 53309.12966036 
-0.70000000 0.00000000 1963.84918641 53434.20407324 
-0.68000000 0.00000000 1968.30222464 53432.45736556 
-0.66000000 0.00000000 1018.01929271 54417.53174163 
-0.64000000 0.00000000 1019.70861070 54414.01622994 
-0.62000000 0.00000000 1972.85120189 53430.45196818 
-0.60000000 0.00000000 1019.32454615 54414.41581002 
-0.58000000 0.00000000 1017.08534043 54418.69021908 
-0.56000000 0.00000000 1963.91049359 53433.21173361 
-0.54000000 0.00000000 2781.59258348 53307.81419963 
-0.52000000 0.00000000 2749.33177699 53304.90516867 
-0.50000000 0.00000000 2738.53915968 53303.70605818 
-0.48000000 0.00000000 2727.51175830 53302.57066426 
-0.46000000 0.00000000 2712.81656465 53301.36099839 
-0.44000000 0.00000000 1009.25360073 54430.47956645 
-0.42000000 0.00000000 1008.38051285 54431.86844923 
-0.40000000 0.00000000 2692.74245132 53299.54786046 
-0.38000000 0.00000000 2688.85211529 53299.24736601 
-0.36000000 0.00000000 2687.66092794 53299.12302479 
-0.34000000 0.00000000 2687.95370029 53299.11794339 
-0.32000000 0.00000000 2689.41946274 53299.20774011 
-0.30000000 0.00000000 999.13831226 54451.56906928 
-0.28000000 0.00000000 999.39762677 54451.23458960 
-0.26000000 0.00000000 2696.82960591 53299.73625480 
-0.24000000 0.00000000 2697.78767633 53299.83100084 
-0.22000000 0.00000000 2696.07968417 53299.76761143 
-0.20000000 0.00000000 2693.14495944 53299.57980274 
-0.18000000 0.00000000 998.49314795 54454.12417619 
-0.16000000 0.00000000 997.83124914 54455.55786514 
-0.14000000 0.00000000 2659.25539335 53297.68449061 
-0.12000000 0.00000000 2645.23068872 53296.84463949 
-0.10000000 0.00000000 2621.16379833 53295.92514532 
-0.08000000 0.00000000 2592.18730284 53295.21982354 
-0.06000000 0.00000000 989.29463604 54472.87730873 
-0.04000000 0.00000000 986.67385591 54478.17630827 
-0.02000000 0.00000000 2426.71375798 53301.96288045 
0.00000000 0.00000000 2395.28915158 53304.23066605 
0.02000000 0.00000000 2358.07632602 53307.92115482 
0.04000000 0.00000000 2329.31856178 53310.97695984 
0.06000000 0.00000000 1787.69250200 53506.76161637 
0.08000000 0.00000000 2094.61796698 53366.38908051 
0.10000000 0.00000000 2057.22463634 53377.90044289 
0.12000000 0.00000000 2037.18606259 53384.01014663 
0.14000000 0.00000000 2647.47189176 63181.63228036 
0.16000000 0.00000000 2817.99700940 63090.93244919 
0.18000000 0.00000000 1997.84648160 53396.53722521 
0.20000000 0.00000000 1978.73871209 53403.76788905 
0.22000000 0.00000000 1970.15888546 53406.85786395 
0.24000000 0.00000000 1963.64281897 53409.19847862 
0.26000000 0.00000000 2130.18159443 53347.46969867 
0.28000000 0.00000000 2124.58253370 53348.83187157 
0.30000000 0.00000000 2119.08377711 53350.22631078 
0.32000000 0.00000000 2114.83945047 53351.28291111 
0.34000000 0.00000000 2111.98487059 53351.95239061 
0.36000000 0.00000000 2107.09528592 53353.33846713 
0.38000000 0.00000000 2104.96913026 53353.90541546 
0.40000000 0.00000000 1232.08143189 63663.60248480 
0.42000000 0.00000000 1234.26619632 63663.19919503 
0.44000000 0.00000000 2104.85397618 53354.02625959 
0.46000000 0.00000000 2106.81156784 53353.56690673 
0.48000000 0.00000000 2111.07019340 53352.43118138 
0.50000000 0.00000000 2113.66480541 53351.88373314 
0.52000000 0.00000000 2116.34604336 53351.34686225 
0.54000000 0.00000000 2120.00379440 53350.53196441 
0.56000000 0.00000000 2124.42367835 53349.50951537 
0.58000000 0.00000000 1955.79847560 53412.78885788 
0.60000000 0.00000000 1959.47845839 53411.55853888 
0.62000000 0.00000000 1963.91947676 53410.05307225 
0.64000000 0.00000000 1968.18835082 53408.69720120 
0.66000000 0.00000000 3181.56925519 62866.93420192 
0.68000000 0.00000000 3060.58791470 62945.24538330 
0.70000000 0.00000000 1987.70026809 53402.45516211 
0.72000000 0.00000000 1996.19029683 53399.84487818 
0.74000000 0.00000000 2013.66876484 53393.85968668 
0.76000000 0.00000000 2023.64831037 53391.06182688 
0.78000000 0.00000000 2052.51395797 53381.50054604 
0.80000000 0.00000000 2065.84724212 53377.98184896 
0.82000000 0.00000000 2079.48272416 53374.54062910 
0.84000000 0.00000000 2095.46814086 53370.49257632 
0.86000000 0.00000000 1753.20329478 53530.49197714 
0.88000000 0.00000000 1764.05645178 53524.96711452 
0.90000000 0.00000000 2645.74537046 53292.55156031 
0.92000000 0.00000000 4235.16404773 53955.77729673 
0.94000000 0.00000000 1797.37767482 53508.54962703 
0.96000000 0.00000000 1808.71891279 53503.10225289 
0.98000000 0.00000000 1498.37907989 53730.77814087 

