-1.00000000 0.00000000 362.90901175 63817.47133486 
-0.98000000 0.00000000 362.81243695 63817.46982722 
-0.96000000 0.00000000 362.63527839 63817.46709877 
-0.94000000 0.00000000 375.19932302 63817.64142407 
-0.92000000 0.00000000 374.79784398 63817.63629685 
-0.90000000 0.00000000 354.09078795 63817.33008354 
-0.88000000 0.00000000 353.90928355 63817.32698164 
-0.86000000 0.00000000 353.69560793 63817.32332902 
-0.84000000 0.00000000 404.62062821 63817.92399102 
-0.82000000 0.00000000 404.62567012 63817.92396871 
-0.80000000 0.00000000 360.45356860 63817.43325650 
-0.78000000 0.00000000 350.18986568 63817.26248946 
-0.76000000 0.00000000 350.06061934 63817.26017792 
-0.74000000 0.00000000 349.96078644 63817.25838574 
-0.72000000 0.00000000 349.65810325 63817.25299016 
-0.70000000 0.00000000 360.72937014 63817.43740905 
-0.68000000 0.00000000 360.65507350 63817.43623478 
-0.66000000 0.00000000 403.82213163 63817.91823555 
-0.64000000 0.00000000 403.63543720 63817.91695188 
-0.62000000 0.00000000 360.57649949 63817.43498613 
-0.60000000 0.00000000 403.65389583 63817.91708297 
-0.58000000 0.00000000 403.87834408 63817.91862647 
-0.56000000 0.00000000 360.71232407 63817.43712567 
-0.54000000 0.00000000 349.64185451 63817.25267743 
-0.52000000 0.00000000 349.93878199 63817.25796616 
-0.50000000 0.00000000 350.02639671 63817.25953558 
-0.48000000 0.00000000 350.11763362 63817.26116714 
-0.46000000 0.00000000 350.24830072 63817.26349225 
-0.44000000 0.00000000 404.46803183 63817.92283301 
-0.42000000 0.00000000 404.53864961 63817.92332614 
-0.40000000 0.00000000 350.41772706 63817.26651119 
-0.38000000 0.00000000 350.45276068 63817.26713177 
-0.36000000 0.00000000 350.46336160 63817.26731848 
-0.34000000 0.00000000 350.46151313 63817.26728319 
-0.32000000 0.00000000 350.44979487 63817.26707205 
-0.30000000 0.00000000 405.60307759 63817.93027962 
-0.28000000 0.00000000 405.58687060 63817.93016298 
-0.26000000 0.00000000 350.38906224 63817.26598473 
-0.24000000 0.00000000 350.38309071 63817.26587629 
-0.22000000 0.00000000 350.40221103 63817.26621327 
-0.20000000 0.00000000 350.43087383 63817.26672226 
-0.18000000 0.00000000 405.74665352 63817.93119445 
-0.16000000 0.00000000 405.82162408 63817.93170361 
-0.14000000 0.00000000 350.75199983 63817.27241534 
-0.12000000 0.00000000 350.87895283 63817.27467040 
-0.10000000 0.00000000 351.10910296 63817.27873551 
-0.08000000 0.00000000 351.39145426 63817.28370749 
-0.06000000 0.00000000 406.72445136 63817.93775401 
-0.04000000 0.00000000 407.00116533 63817.93957971 
-0.02000000 0.00000000 353.19494002 63817.31498822 
0.00000000 0.00000000 353.53937344 63817.32092078 
0.02000000 0.00000000 353.96797820 63817.32825708 
0.04000000 0.00000000 354.29674111 63817.33387582 
0.06000000 0.00000000 363.89050556 63817.48630816 
0.08000000 0.00000000 357.71568614 63817.39045176 
0.10000000 0.00000000 358.30610635 63817.40002303 
0.12000000 0.00000000 358.61457380 63817.40502098 
0.14000000 0.00000000 319.44925868 63816.62331121 
0.16000000 0.00000000 319.65520073 63816.62824799 
0.18000000 0.00000000 359.22648748 63817.41490134 
0.20000000 0.00000000 359.56015171 63817.42021585 
0.22000000 0.00000000 359.70317852 63817.42250074 
0.24000000 0.00000000 359.81149544 63817.42423046 
0.26000000 0.00000000 356.86219850 63817.37693169 
0.28000000 0.00000000 356.94153186 63817.37824260 
0.30000000 0.00000000 357.02160108 63817.37956163 
0.32000000 0.00000000 357.08318380 63817.38057585 
0.34000000 0.00000000 357.12373508 63817.38124464 
0.36000000 0.00000000 357.19960404 63817.38248604 
0.38000000 0.00000000 357.23165411 63817.38301158 
0.40000000 0.00000000 317.44626225 63816.57500559 
0.42000000 0.00000000 317.44932437 63816.57508038 
0.44000000 0.00000000 357.23431397 63817.38305514 
0.46000000 0.00000000 357.20532300 63817.38257996 
0.48000000 0.00000000 357.13973657 63817.38150727 
0.50000000 0.00000000 357.10273405 63817.38089848 
0.52000000 0.00000000 357.06515955 63817.38027924 
0.54000000 0.00000000 357.01231854 63817.37941004 
0.56000000 0.00000000 356.94781222 63817.37834926 
0.58000000 0.00000000 359.94915970 63817.42642564 
0.60000000 0.00000000 359.88663497 63817.42543233 
0.62000000 0.00000000 359.81086959 63817.42422860 
0.64000000 0.00000000 359.74033833 63817.42310460 
0.66000000 0.00000000 320.13506278 63816.63973335 
0.68000000 0.00000000 319.97399660 63816.63589593 
0.70000000 0.00000000 359.41793672 63817.41796115 
0.72000000 0.00000000 359.28059866 63817.41576326 
0.74000000 0.00000000 358.98305968 63817.41101256 
0.76000000 0.00000000 358.82889670 63817.40852879 
0.78000000 0.00000000 358.34582507 63817.40077372 
0.80000000 0.00000000 358.14595997 63817.39753068 
0.82000000 0.00000000 357.94619288 63817.39427900 
0.84000000 0.00000000 357.71202354 63817.39046146 
0.86000000 0.00000000 364.71641455 63817.49865047 
0.88000000 0.00000000 364.48764941 63817.49522542 
0.90000000 0.00000000 350.54951548 63817.26937524 
0.92000000 0.00000000 339.08496805 63817.05404932 
0.94000000 0.00000000 363.81000664 63817.48501040 
0.96000000 0.00000000 363.58595540 63817.48161157 
0.98000000 0.00000000 372.64996129 63817.60885637 

