-1.00000000 0.00000000 314.86805655 63743.30823458 
-0.98000000 0.00000000 314.86805655 63743.30823458 
-0.96000000 0.00000000 314.86805656 63743.30823458 
-0.94000000 0.00000000 314.86805429 63743.30823453 
-0.92000000 0.00000000 314.86805435 63743.30823453 
-0.90000000 0.00000000 314.86805804 63743.30823462 
-0.88000000 0.00000000 314.86805806 63743.30823462 
-0.86000000 0.00000000 314.86805808 63743.30823462 
-0.84000000 0.00000000 314.86804896 63743.30823439 
-0.82000000 0.00000000 314.86804895 63743.30823439 
-0.80000000 0.00000000 314.86805684 63743.30823459 
-0.78000000 0.00000000 314.86805866 63743.30823463 
-0.76000000 0.00000000 314.86805867 63743.30823463 
-0.74000000 0.00000000 314.86805868 63743.30823463 
-0.72000000 0.00000000 314.86805872 63743.30823464 
-0.70000000 0.00000000 314.86805673 63743.30823459 
-0.68000000 0.00000000 314.86805674 63743.30823459 
-0.66000000 0.00000000 314.86804901 63743.30823439 
-0.64000000 0.00000000 314.86804904 63743.30823439 
-0.62000000 0.00000000 314.86805675 63743.30823459 
-0.60000000 0.00000000 314.86804904 63743.30823439 
-0.58000000 0.00000000 314.86804901 63743.30823439 
-0.56000000 0.00000000 314.86805674 63743.30823459 
-0.54000000 0.00000000 314.86805873 63743.30823464 
-0.52000000 0.00000000 314.86805868 63743.30823463 
-0.50000000 0.00000000 314.86805868 63743.30823463 
-0.48000000 0.00000000 314.86805867 63743.30823463 
-0.46000000 0.00000000 314.86805865 63743.30823463 
-0.44000000 0.00000000 314.86804896 63743.30823439 
-0.42000000 0.00000000 314.86804896 63743.30823439 
-0.40000000 0.00000000 314.86805864 63743.30823463 
-0.38000000 0.00000000 314.86805864 63743.30823463 
-0.36000000 0.00000000 314.86805864 63743.30823463 
-0.34000000 0.00000000 314.86805864 63743.30823463 
-0.32000000 0.00000000 314.86805864 63743.30823463 
-0.30000000 0.00000000 314.86804877 63743.30823439 
-0.28000000 0.00000000 314.86804877 63743.30823439 
-0.26000000 0.00000000 314.86805864 63743.30823463 
-0.24000000 0.00000000 314.86805864 63743.30823463 
-0.22000000 0.00000000 314.86805864 63743.30823463 
-0.20000000 0.00000000 314.86805864 63743.30823463 
-0.18000000 0.00000000 314.86804875 63743.30823439 
-0.16000000 0.00000000 314.86804874 63743.30823439 
-0.14000000 0.00000000 314.86805860 63743.30823463 
-0.12000000 0.00000000 314.86805859 63743.30823463 
-0.10000000 0.00000000 314.86805857 63743.30823463 
-0.08000000 0.00000000 314.86805854 63743.30823463 
-0.06000000 0.00000000 314.86804866 63743.30823439 
-0.04000000 0.00000000 314.86804864 63743.30823438 
-0.02000000 0.00000000 314.86805830 63743.30823462 
0.00000000 0.00000000 314.86805827 63743.30823462 
0.02000000 0.00000000 314.86805822 63743.30823462 
0.04000000 0.00000000 314.86805820 63743.30823462 
0.06000000 0.00000000 314.86805651 63743.30823458 
0.08000000 0.00000000 314.86805765 63743.30823461 
0.10000000 0.00000000 314.86805757 63743.30823461 
0.12000000 0.00000000 314.86805754 63743.30823461 
0.14000000 0.00000000 314.86806457 63743.30823479 
0.16000000 0.00000000 314.86806456 63743.30823479 
0.18000000 0.00000000 314.86805750 63743.30823460 
0.20000000 0.00000000 314.86805745 63743.30823460 
0.22000000 0.00000000 314.86805744 63743.30823460 
0.24000000 0.00000000 314.86805743 63743.30823460 
0.26000000 0.00000000 314.86805797 63743.30823462 
0.28000000 0.00000000 314.86805796 63743.30823462 
0.30000000 0.00000000 314.86805795 63743.30823462 
0.32000000 0.00000000 314.86805795 63743.30823462 
0.34000000 0.00000000 314.86805794 63743.30823462 
0.36000000 0.00000000 314.86805793 63743.30823462 
0.38000000 0.00000000 314.86805793 63743.30823462 
0.40000000 0.00000000 314.86806505 63743.30823480 
0.42000000 0.00000000 314.86806505 63743.30823480 
0.44000000 0.00000000 314.86805793 63743.30823462 
0.46000000 0.00000000 314.86805793 63743.30823462 
0.48000000 0.00000000 314.86805794 63743.30823462 
0.50000000 0.00000000 314.86805794 63743.30823462 
0.52000000 0.00000000 314.86805795 63743.30823462 
0.54000000 0.00000000 314.86805795 63743.30823462 
0.56000000 0.00000000 314.86805796 63743.30823462 
0.58000000 0.00000000 314.86805742 63743.30823460 
0.60000000 0.00000000 314.86805742 63743.30823460 
0.62000000 0.00000000 314.86805743 63743.30823460 
0.64000000 0.00000000 314.86805743 63743.30823460 
0.66000000 0.00000000 314.86806451 63743.30823479 
0.68000000 0.00000000 314.86806453 63743.30823479 
0.70000000 0.00000000 314.86805746 63743.30823460 
0.72000000 0.00000000 314.86805747 63743.30823460 
0.74000000 0.00000000 314.86805751 63743.30823461 
0.76000000 0.00000000 314.86805753 63743.30823461 
0.78000000 0.00000000 314.86805759 63743.30823461 
0.80000000 0.00000000 314.86805761 63743.30823461 
0.82000000 0.00000000 314.86805763 63743.30823461 
0.84000000 0.00000000 314.86805765 63743.30823461 
0.86000000 0.00000000 314.86805638 63743.30823458 
0.88000000 0.00000000 314.86805640 63743.30823458 
0.90000000 0.00000000 314.86805887 63743.30823465 
0.92000000 0.00000000 314.86806090 63743.30823470 
0.94000000 0.00000000 314.86805645 63743.30823458 
0.96000000 0.00000000 314.86805647 63743.30823458 
0.98000000 0.00000000 314.86805483 63743.30823454 

