-1.00000000 0.00000000 -1421.21390846 58902.02433121 
-0.98000000 0.00000000 -1421.63631722 58901.79851607 
-0.96000000 0.00000000 -1421.89269512 58901.50321647 
-0.94000000 0.00000000 -1429.96123529 58910.20550602 
-0.92000000 0.00000000 -1430.02927128 58909.84623776 
-0.90000000 0.00000000 -1415.38323947 58892.02530046 
-0.88000000 0.00000000 -1415.27677221 58891.68158690 
-0.86000000 0.00000000 -1415.10833360 58891.30368990 
-0.84000000 0.00000000 -1442.27999137 58921.00008537 
-0.82000000 0.00000000 -1442.39836838 58920.93203984 
-0.80000000 0.00000000 -1421.14801301 58898.72245849 
-0.78000000 0.00000000 -1411.51589216 58885.91390071 
-0.76000000 0.00000000 -1411.37986719 58885.65326001 
-0.74000000 0.00000000 -1411.27923682 58885.44755982 
-0.72000000 0.00000000 -1410.95180134 58884.91653266 
-0.70000000 0.00000000 -1421.53517260 58898.82436563 
-0.68000000 0.00000000 -1421.48722818 58898.74451940 
-0.66000000 0.00000000 -1442.82576916 58920.49433975 
-0.64000000 0.00000000 -1442.71679864 58920.46472031 
-0.62000000 0.00000000 -1421.30047241 58898.69270508 
-0.60000000 0.00000000 -1442.41808012 58920.55333139 
-0.58000000 0.00000000 -1442.23367740 58920.67499392 
-0.56000000 0.00000000 -1420.98729611 58898.91291332 
-0.54000000 0.00000000 -1410.40245313 58884.97431752 
-0.52000000 0.00000000 -1410.58747255 58885.50508012 
-0.50000000 0.00000000 -1410.53980965 58885.69233766 
-0.48000000 0.00000000 -1410.50223158 58885.88547504 
-0.46000000 0.00000000 -1410.51849866 58886.14044875 
-0.44000000 0.00000000 -1440.03226971 58921.36438843 
-0.42000000 0.00000000 -1439.82019495 58921.44661195 
-0.40000000 0.00000000 -1410.45706860 58886.54385130 
-0.38000000 0.00000000 -1410.46432197 58886.64474524 
-0.36000000 0.00000000 -1410.46991701 58886.70906620 
-0.34000000 0.00000000 -1410.48255853 58886.75708202 
-0.32000000 0.00000000 -1410.49914539 58886.79421126 
-0.30000000 0.00000000 -1439.79537859 58922.07099053 
-0.28000000 0.00000000 -1439.82559829 58922.13804196 
-0.26000000 0.00000000 -1410.51995408 58886.90360361 
-0.24000000 0.00000000 -1410.50099252 58886.97640657 
-0.22000000 0.00000000 -1410.46191166 58887.09421444 
-0.20000000 0.00000000 -1410.36583927 58887.22875054 
-0.18000000 0.00000000 -1439.03163895 58922.77846031 
-0.16000000 0.00000000 -1438.45191454 58922.97605190 
-0.14000000 0.00000000 -1409.70311774 58887.96176538 
-0.12000000 0.00000000 -1409.22131235 58888.19683227 
-0.10000000 0.00000000 -1408.66463278 58888.55272383 
-0.08000000 0.00000000 -1407.96592356 58888.93572893 
-0.06000000 0.00000000 -1431.70257818 58924.07500927 
-0.04000000 0.00000000 -1429.47648406 58924.19084299 
-0.02000000 0.00000000 -1405.47887017 58891.00807191 
0.00000000 0.00000000 -1404.07471142 58891.14095666 
0.02000000 0.00000000 -1402.61244849 58891.29378771 
0.04000000 0.00000000 -1401.00476645 58891.22359012 
0.06000000 0.00000000 -1404.32228706 58901.05123001 
0.08000000 0.00000000 -1399.28946977 58894.19724341 
0.10000000 0.00000000 -1397.76881157 58894.18444353 
0.12000000 0.00000000 -1396.19451700 58893.82555934 
0.14000000 0.00000000 -1398.54553225 58619.39388445 
0.16000000 0.00000000 -1393.70465342 58631.89208103 
0.18000000 0.00000000 -1391.98953704 58892.31774257 
0.20000000 0.00000000 -1390.82005558 58891.90648088 
0.22000000 0.00000000 -1389.63296204 58891.25303114 
0.24000000 0.00000000 -1388.47087583 58890.51167823 
0.26000000 0.00000000 -1386.24459442 58886.34879465 
0.28000000 0.00000000 -1385.16421455 58885.48229465 
0.30000000 0.00000000 -1384.13405470 58884.60238982 
0.32000000 0.00000000 -1383.18169577 58883.73201086 
0.34000000 0.00000000 -1382.35148922 58882.92696293 
0.36000000 0.00000000 -1381.71098497 58882.31814862 
0.38000000 0.00000000 -1381.27872984 58881.87458959 
0.40000000 0.00000000 -1496.41526979 58507.44963081 
0.42000000 0.00000000 -1496.12787028 58507.53835068 
0.44000000 0.00000000 -1381.56006916 58882.10514887 
0.46000000 0.00000000 -1382.18274871 58882.70235399 
0.48000000 0.00000000 -1383.01850536 58883.47049816 
0.50000000 0.00000000 -1384.04318807 58884.42210074 
0.52000000 0.00000000 -1385.19579951 58885.45554408 
0.54000000 0.00000000 -1386.42175666 58886.49185419 
0.56000000 0.00000000 -1387.68143086 58887.48599119 
0.58000000 0.00000000 -1390.12229640 58891.77497757 
0.60000000 0.00000000 -1391.42964386 58892.62824012 
0.62000000 0.00000000 -1392.73432543 58893.38860915 
0.64000000 0.00000000 -1394.05687574 58894.08285563 
0.66000000 0.00000000 -1386.21481524 58655.10681590 
0.68000000 0.00000000 -1388.64225872 58647.23423113 
0.70000000 0.00000000 -1398.26373440 58895.74583674 
0.72000000 0.00000000 -1399.79170642 58896.19584926 
0.74000000 0.00000000 -1401.30761077 58896.44084774 
0.76000000 0.00000000 -1402.94406438 58896.79307438 
0.78000000 0.00000000 -1404.41878956 58896.73686205 
0.80000000 0.00000000 -1406.03347703 58896.91959572 
0.82000000 0.00000000 -1407.60177926 58897.03064495 
0.84000000 0.00000000 -1409.06651574 58897.02749348 
0.86000000 0.00000000 -1414.89751276 58903.94355726 
0.88000000 0.00000000 -1416.30790167 58903.83468215 
0.90000000 0.00000000 -1407.35269809 58888.02682594 
0.92000000 0.00000000 -1395.05411215 58862.48817440 
0.94000000 0.00000000 -1419.55966703 58903.17129733 
0.96000000 0.00000000 -1420.31314731 58902.87375484 
0.98000000 0.00000000 -1426.47898079 58909.32439790 

