-1.00000000 0.00000000 2587.57415050 59122.46723159 
-0.98000000 0.00000000 2587.82315406 59119.79965221 
-0.96000000 0.00000000 2587.69650232 59118.28713951 
-0.94000000 0.00000000 2616.01455390 59052.86786056 
-0.92000000 0.00000000 2615.44944965 59052.70456410 
-0.90000000 0.00000000 2559.20431726 59171.68936943 
-0.88000000 0.00000000 2558.44566051 59172.57367877 
-0.86000000 0.00000000 2557.51001142 59173.91264571 
-0.84000000 0.00000000 2651.51073359 58952.14892005 
-0.82000000 0.00000000 2651.50895123 58951.29996784 
-0.80000000 0.00000000 2581.67978963 59125.18654316 
-0.78000000 0.00000000 2541.13282944 59202.56900655 
-0.76000000 0.00000000 2540.42957946 59203.62725005 
-0.74000000 0.00000000 2539.88689850 59204.41501557 
-0.72000000 0.00000000 2538.30326309 59207.03013467 
-0.70000000 0.00000000 2582.57022296 59122.11371254 
-0.68000000 0.00000000 2582.34755526 59122.50116532 
-0.66000000 0.00000000 2651.03543628 58948.55273508 
-0.64000000 0.00000000 2650.86894150 58949.35762333 
-0.62000000 0.00000000 2581.95134910 59123.82396617 
-0.60000000 0.00000000 2650.76833837 58951.32370099 
-0.58000000 0.00000000 2650.84702898 58952.44008759 
-0.56000000 0.00000000 2581.86140550 59125.79171912 
-0.54000000 0.00000000 2537.30885635 59210.74803865 
-0.52000000 0.00000000 2538.62580476 59209.08912891 
-0.50000000 0.00000000 2538.85746743 59209.30268710 
-0.48000000 0.00000000 2539.11730114 59209.44906677 
-0.46000000 0.00000000 2539.59378513 59209.18302818 
-0.44000000 0.00000000 2650.18916495 58966.96416253 
-0.42000000 0.00000000 2650.14244517 58968.38301115 
-0.40000000 0.00000000 2540.12074411 59209.48704414 
-0.38000000 0.00000000 2540.27888283 59209.44713688 
-0.36000000 0.00000000 2540.36055945 59209.45974989 
-0.34000000 0.00000000 2540.41991475 59209.44830993 
-0.32000000 0.00000000 2540.46102555 59209.42824836 
-0.30000000 0.00000000 2651.20101550 58968.28239692 
-0.28000000 0.00000000 2651.30762249 58968.11758194 
-0.26000000 0.00000000 2540.49998303 59209.58762951 
-0.24000000 0.00000000 2540.52991286 59209.77118926 
-0.22000000 0.00000000 2540.61134326 59210.02796778 
-0.20000000 0.00000000 2540.62768887 59210.61521590 
-0.18000000 0.00000000 2651.53620957 58973.14162785 
-0.16000000 0.00000000 2651.33407122 58976.80476642 
-0.14000000 0.00000000 2540.73062735 59214.19363359 
-0.12000000 0.00000000 2540.32644378 59216.94533778 
-0.10000000 0.00000000 2540.06229506 59219.95354050 
-0.08000000 0.00000000 2539.63745934 59223.73947785 
-0.06000000 0.00000000 2646.85196335 59019.62836785 
-0.04000000 0.00000000 2644.80916374 59033.86938431 
-0.02000000 0.00000000 2539.81883100 59235.88637012 
0.00000000 0.00000000 2537.78173288 59244.02588583 
0.02000000 0.00000000 2535.69733031 59252.42248965 
0.04000000 0.00000000 2532.88258244 59261.92526924 
0.06000000 0.00000000 2560.17300352 59228.22496046 
0.08000000 0.00000000 2536.74372223 59267.71863192 
0.10000000 0.00000000 2534.26260091 59276.52702904 
0.12000000 0.00000000 2530.90487871 59286.06873850 
0.14000000 0.00000000 1896.44017957 59482.64480950 
0.16000000 0.00000000 1917.54115468 59498.20065479 
0.18000000 0.00000000 2520.75291377 59311.82586121 
0.20000000 0.00000000 2518.03388944 59318.77483944 
0.22000000 0.00000000 2514.76726588 59326.04776623 
0.24000000 0.00000000 2511.38794413 59333.19173671 
0.26000000 0.00000000 2498.13207706 59350.64340959 
0.28000000 0.00000000 2494.65347132 59357.26036436 
0.30000000 0.00000000 2491.24732954 59363.56642437 
0.32000000 0.00000000 2487.98789878 59369.41617096 
0.34000000 0.00000000 2485.05282944 59374.53651226 
0.36000000 0.00000000 2482.83948936 59378.43756252 
0.38000000 0.00000000 2481.27719750 59381.09754868 
0.40000000 0.00000000 1708.10547455 59118.92369765 
0.42000000 0.00000000 1708.31403624 59120.11880914 
0.44000000 0.00000000 2482.25649882 59379.36400475 
0.46000000 0.00000000 2484.47140474 59375.53036820 
0.48000000 0.00000000 2487.35249968 59370.41903088 
0.50000000 0.00000000 2490.91470716 59364.10389319 
0.52000000 0.00000000 2494.84148538 59357.00122950 
0.54000000 0.00000000 2498.88312727 59349.46881678 
0.56000000 0.00000000 2502.89419743 59341.74680284 
0.58000000 0.00000000 2516.69094378 59322.89226370 
0.60000000 0.00000000 2520.49857096 59314.82476153 
0.62000000 0.00000000 2524.13773700 59306.77872109 
0.64000000 0.00000000 2527.70494224 59298.59841874 
0.66000000 0.00000000 1960.17661833 59522.54210371 
0.68000000 0.00000000 1946.53904618 59515.40524654 
0.70000000 0.00000000 2538.05689108 59272.57914821 
0.72000000 0.00000000 2541.51120500 59263.12453983 
0.74000000 0.00000000 2544.48416155 59253.94781754 
0.76000000 0.00000000 2547.89106178 59243.82967684 
0.78000000 0.00000000 2550.12321604 59235.17822990 
0.80000000 0.00000000 2553.10886746 59225.27695692 
0.82000000 0.00000000 2555.85765683 59215.67417846 
0.84000000 0.00000000 2558.19344861 59206.77650976 
0.86000000 0.00000000 2581.94597046 59160.78205214 
0.88000000 0.00000000 2583.79663227 59152.07439434 
0.90000000 0.00000000 2536.51889356 59229.15678000 
0.92000000 0.00000000 2460.70873853 59332.10167640 
0.94000000 0.00000000 2587.27506975 59132.10868110 
0.96000000 0.00000000 2587.82518204 59127.52493742 
0.98000000 0.00000000 2609.51881798 59078.04015393 

