-1.00000000 0.00000000 1981.07349839 58772.35636816 
-0.98000000 0.00000000 1981.28812904 58773.58844179 
-0.96000000 0.00000000 1981.59585141 58774.22575342 
-0.94000000 0.00000000 1970.94319240 58808.32264069 
-0.92000000 0.00000000 1971.34604306 58808.28507373 
-0.90000000 0.00000000 1993.08497902 58744.74236233 
-0.88000000 0.00000000 1993.47915417 58744.15882915 
-0.86000000 0.00000000 1993.92049114 58743.33671703 
-0.84000000 0.00000000 1957.67316640 58858.20768730 
-0.82000000 0.00000000 1957.74563011 58858.56957152 
-0.80000000 0.00000000 1984.78884767 58769.80911879 
-0.78000000 0.00000000 2000.49241926 58726.98337490 
-0.76000000 0.00000000 2000.80284581 58726.34050126 
-0.74000000 0.00000000 2001.04700631 58725.85621692 
-0.72000000 0.00000000 2001.69421500 58724.33317674 
-0.70000000 0.00000000 1984.62745808 58771.28894569 
-0.68000000 0.00000000 1984.72337498 58771.06955096 
-0.66000000 0.00000000 1958.25143982 58859.69136417 
-0.64000000 0.00000000 1958.29260703 58859.31074918 
-0.62000000 0.00000000 1984.80219280 58770.40321670 
-0.60000000 0.00000000 1958.20259238 58858.41484680 
-0.58000000 0.00000000 1958.06689828 58857.92077997 
-0.56000000 0.00000000 1984.58218024 58769.51985750 
-0.54000000 0.00000000 2001.71560469 58722.48453039 
-0.52000000 0.00000000 2001.08813577 58723.52561268 
-0.50000000 0.00000000 2000.88512261 58723.49597692 
-0.48000000 0.00000000 2000.67413814 58723.50336935 
-0.46000000 0.00000000 2000.38510707 58723.74222040 
-0.44000000 0.00000000 1957.33579427 58851.32574434 
-0.42000000 0.00000000 1957.24763777 58850.69078278 
-0.40000000 0.00000000 1999.94783877 58723.77593141 
-0.38000000 0.00000000 1999.83754876 58723.84819051 
-0.36000000 0.00000000 1999.77000678 58723.88168894 
-0.34000000 0.00000000 1999.72097094 58723.92241696 
-0.32000000 0.00000000 1999.68477900 58723.96441433 
-0.30000000 0.00000000 1956.54002593 58850.96178093 
-0.28000000 0.00000000 1956.47036658 58851.07305945 
-0.26000000 0.00000000 1999.58802825 58723.97935505 
-0.24000000 0.00000000 1999.51895918 58723.92860043 
-0.22000000 0.00000000 1999.40095846 58723.85296032 
-0.20000000 0.00000000 1999.27047116 58723.60965232 
-0.18000000 0.00000000 1955.81639793 58848.91147346 
-0.16000000 0.00000000 1955.62003325 58847.22418140 
-0.14000000 0.00000000 1998.53446534 58722.01135979 
-0.12000000 0.00000000 1998.32445014 58720.65301690 
-0.10000000 0.00000000 1997.97734768 58719.18575177 
-0.08000000 0.00000000 1997.60828369 58717.30954973 
-0.06000000 0.00000000 1954.58425141 58826.97837157 
-0.04000000 0.00000000 1954.50497102 58820.13515027 
-0.02000000 0.00000000 1995.40739624 58711.45883336 
0.00000000 0.00000000 1995.37313712 58707.18167294 
0.02000000 0.00000000 1995.31341950 58702.75702346 
0.04000000 0.00000000 1995.52768162 58697.66592737 
0.06000000 0.00000000 1983.40621423 58718.01737139 
0.08000000 0.00000000 1992.03916497 58695.35957368 
0.10000000 0.00000000 1992.14659851 58690.63498913 
0.12000000 0.00000000 1992.67540198 58685.40115790 
0.14000000 0.00000000 2374.60357985 58474.32776541 
0.16000000 0.00000000 2356.54364930 58465.04760022 
0.18000000 0.00000000 1994.72557828 58670.96670932 
0.20000000 0.00000000 1995.26324141 58667.01810560 
0.22000000 0.00000000 1996.09105367 58662.79493802 
0.24000000 0.00000000 1997.01440677 58658.58872145 
0.26000000 0.00000000 2002.28082854 58647.58204983 
0.28000000 0.00000000 2003.34277395 58643.54738175 
0.30000000 0.00000000 2004.41309549 58639.66471594 
0.32000000 0.00000000 2005.46754807 58636.02959461 
0.34000000 0.00000000 2006.44051546 58632.82160293 
0.36000000 0.00000000 2007.17007715 58630.36925215 
0.38000000 0.00000000 2007.70122805 58628.68412628 
0.40000000 0.00000000 2528.99176361 58777.89972847 
0.42000000 0.00000000 2528.91613822 58776.85363644 
0.44000000 0.00000000 2007.40488762 58629.75463600 
0.46000000 0.00000000 2006.67693112 58632.16083433 
0.48000000 0.00000000 2005.74415125 58635.35318858 
0.50000000 0.00000000 2004.58552750 58639.28337411 
0.52000000 0.00000000 2003.32551275 58643.67341962 
0.54000000 0.00000000 2002.05929550 58648.28869019 
0.56000000 0.00000000 2000.83915586 58652.97436820 
0.58000000 0.00000000 1995.42697528 58664.74002996 
0.60000000 0.00000000 1994.36710285 58669.47761104 
0.62000000 0.00000000 1993.40925605 58674.14428115 
0.64000000 0.00000000 1992.51914194 58678.83231531 
0.66000000 0.00000000 2322.03545216 58453.42923034 
0.68000000 0.00000000 2333.29400780 58456.57859103 
0.70000000 0.00000000 1990.29037500 58693.38634961 
0.72000000 0.00000000 1989.65344405 58698.56802233 
0.74000000 0.00000000 1989.26234469 58703.52026273 
0.76000000 0.00000000 1988.72813337 58708.97347709 
0.78000000 0.00000000 1988.69445216 58713.52270597 
0.80000000 0.00000000 1988.35697134 58718.76791618 
0.82000000 0.00000000 1988.10425578 58723.81296454 
0.84000000 0.00000000 1987.99064409 58728.43759632 
0.86000000 0.00000000 1979.35219133 58753.70795167 
0.88000000 0.00000000 1979.38171944 58758.08552261 
0.90000000 0.00000000 1998.76629964 58714.32992658 
0.92000000 0.00000000 2030.63792626 58650.77993690 
0.94000000 0.00000000 1979.90323771 58767.91980265 
0.96000000 0.00000000 1980.18210479 58770.11168919 
0.98000000 0.00000000 1972.22822860 58796.02192838 

