-1.00000000 0.00000000 240.03325158 59862.76318852 
-0.98000000 0.00000000 239.77891817 59861.14473595 
-0.96000000 0.00000000 239.60687102 59858.23546347 
-0.94000000 0.00000000 235.47750687 60029.85878032 
-0.92000000 0.00000000 235.42076134 60025.04854639 
-0.90000000 0.00000000 242.32020699 59704.48205441 
-0.88000000 0.00000000 242.32075690 59700.54669358 
-0.86000000 0.00000000 242.35162993 59695.92443450 
-0.84000000 0.00000000 227.83456403 60301.34899564 
-0.82000000 0.00000000 227.75355479 60301.41280867 
-0.80000000 0.00000000 239.66436390 59821.46052689 
-0.78000000 0.00000000 243.64164680 59617.93397618 
-0.76000000 0.00000000 243.66584596 59614.65973510 
-0.74000000 0.00000000 243.67827261 59612.07403820 
-0.72000000 0.00000000 243.77859499 59604.66370605 
-0.70000000 0.00000000 239.38126628 59825.48579045 
-0.68000000 0.00000000 239.39122146 59824.14422995 
-0.66000000 0.00000000 227.45408743 60295.68998748 
-0.64000000 0.00000000 227.51950548 60294.29692167 
-0.62000000 0.00000000 239.47818143 59822.63153671 
-0.60000000 0.00000000 227.68901413 60294.35779094 
-0.58000000 0.00000000 227.78933259 60295.95369403 
-0.56000000 0.00000000 239.68628315 59824.86891028 
-0.54000000 0.00000000 244.10681222 59603.87199826 
-0.52000000 0.00000000 244.08805842 59611.05330256 
-0.50000000 0.00000000 244.15823695 59613.24794673 
-0.48000000 0.00000000 244.22357193 59615.51505462 
-0.46000000 0.00000000 244.26529162 59618.68054099 
-0.44000000 0.00000000 229.08325849 60299.68105018 
-0.42000000 0.00000000 229.21011636 60300.13551584 
-0.40000000 0.00000000 244.39794915 59622.81008987 
-0.38000000 0.00000000 244.41809825 59623.63277376 
-0.36000000 0.00000000 244.43263047 59623.86626528 
-0.34000000 0.00000000 244.43930358 59623.79259304 
-0.32000000 0.00000000 244.44080942 59623.47700592 
-0.30000000 0.00000000 229.21210192 60307.77867199 
-0.28000000 0.00000000 229.19510935 60307.68376320 
-0.26000000 0.00000000 244.45404245 59621.92486443 
-0.24000000 0.00000000 244.47520877 59621.76004361 
-0.22000000 0.00000000 244.51167195 59622.20158752 
-0.20000000 0.00000000 244.58030791 59622.89556132 
-0.18000000 0.00000000 229.59875017 60308.94469075 
-0.16000000 0.00000000 229.90332346 60309.49029780 
-0.14000000 0.00000000 245.01661359 59630.62062031 
-0.12000000 0.00000000 245.29910702 59633.71970971 
-0.10000000 0.00000000 245.63159328 59639.18161747 
-0.08000000 0.00000000 246.04104749 59645.80364928 
-0.06000000 0.00000000 233.45739214 60315.82345633 
-0.04000000 0.00000000 234.62794375 60317.73238471 
-0.02000000 0.00000000 247.54384340 59685.76009055 
0.00000000 0.00000000 248.30840545 59693.26982245 
0.02000000 0.00000000 249.10873045 59702.40553444 
0.04000000 0.00000000 249.97627606 59709.39907687 
0.06000000 0.00000000 248.67429811 59877.41692716 
0.08000000 0.00000000 251.08741553 59775.11755617 
0.10000000 0.00000000 251.91222087 59785.94543503 
0.12000000 0.00000000 252.75277897 59791.64311026 
0.14000000 0.00000000 221.90472761 57173.63947334 
0.16000000 0.00000000 226.87739446 57271.36579277 
0.18000000 0.00000000 254.98892173 59803.04190505 
0.20000000 0.00000000 255.61190413 59809.01797577 
0.22000000 0.00000000 256.23515714 59811.70939385 
0.24000000 0.00000000 256.84143508 59813.80298137 
0.26000000 0.00000000 257.92075686 59761.98228333 
0.28000000 0.00000000 258.48631761 59763.69583764 
0.30000000 0.00000000 259.02470565 59765.40092837 
0.32000000 0.00000000 259.52181625 59766.73903225 
0.34000000 0.00000000 259.95501905 59767.65832787 
0.36000000 0.00000000 260.29067661 59769.18126072 
0.38000000 0.00000000 260.51721493 59769.85858220 
0.40000000 0.00000000 97.05621314 55788.66903182 
0.42000000 0.00000000 97.61592952 55792.46105437 
0.44000000 0.00000000 260.37470784 59769.88760087 
0.46000000 0.00000000 260.05245902 59769.25496059 
0.48000000 0.00000000 259.61979047 59767.91191047 
0.50000000 0.00000000 259.09127661 59767.05451705 
0.52000000 0.00000000 258.49803305 59766.16009818 
0.54000000 0.00000000 257.86768045 59764.96903952 
0.56000000 0.00000000 257.22019489 59763.55592380 
0.58000000 0.00000000 256.04591868 59816.13859831 
0.60000000 0.00000000 255.37958898 59814.87321144 
0.62000000 0.00000000 254.71299987 59813.40037884 
0.64000000 0.00000000 254.03567429 59812.03687055 
0.66000000 0.00000000 234.47133871 57460.90776067 
0.68000000 0.00000000 231.83644715 57401.27254407 
0.70000000 0.00000000 251.86882316 59806.19347712 
0.72000000 0.00000000 251.07946888 59803.76853285 
0.74000000 0.00000000 250.29045846 59798.57922145 
0.76000000 0.00000000 249.44452192 59795.86066899 
0.78000000 0.00000000 248.66772606 59787.34990623 
0.80000000 0.00000000 247.82918832 59783.77408249 
0.82000000 0.00000000 247.01244510 59780.17374932 
0.84000000 0.00000000 246.24396811 59775.92212299 
0.86000000 0.00000000 243.46770040 59890.73526460 
0.88000000 0.00000000 242.73214019 59887.30686456 
0.90000000 0.00000000 246.49001201 59630.62564366 
0.92000000 0.00000000 250.35447343 59296.71581911 
0.94000000 0.00000000 240.99601690 59876.94925025 
0.96000000 0.00000000 240.57695571 59873.45230479 
0.98000000 0.00000000 237.42276391 59998.93174808 

