-1.00000000 0.00000000 3087.25202553 59220.24813057 
-0.98000000 0.00000000 3087.70426927 59215.02713261 
-0.96000000 0.00000000 3087.46355285 59212.49234570 
-0.94000000 0.00000000 3139.53258448 59035.52977170 
-0.92000000 0.00000000 3138.48582321 59036.32464275 
-0.90000000 0.00000000 3030.88086943 59356.63474634 
-0.88000000 0.00000000 3029.43928618 59359.20101285 
-0.86000000 0.00000000 3027.62668777 59362.84907453 
-0.84000000 0.00000000 3192.34279712 58756.61636146 
-0.82000000 0.00000000 3192.19764027 58754.80864430 
-0.80000000 0.00000000 3076.23329121 59234.59620532 
-0.78000000 0.00000000 2994.06291622 59437.44542313 
-0.76000000 0.00000000 2992.64905999 59440.20015677 
-0.74000000 0.00000000 2991.55827580 59442.26739795 
-0.72000000 0.00000000 2988.27819857 59449.04505282 
-0.70000000 0.00000000 3078.04742949 59227.03614474 
-0.68000000 0.00000000 3077.61356815 59228.10838220 
-0.66000000 0.00000000 3190.77752244 58750.29511963 
-0.64000000 0.00000000 3190.63110194 58752.31603924 
-0.62000000 0.00000000 3076.84153093 59231.18413780 
-0.60000000 0.00000000 3190.84070166 58756.39958699 
-0.58000000 0.00000000 3191.21316231 58758.33397145 
-0.56000000 0.00000000 3076.69644074 59234.91100577 
-0.54000000 0.00000000 2986.04784315 59457.01682404 
-0.52000000 0.00000000 2988.75999808 59452.29150952 
-0.50000000 0.00000000 2989.19388839 59452.39725970 
-0.48000000 0.00000000 2989.68480281 59452.35148934 
-0.46000000 0.00000000 2990.62898833 59451.27701726 
-0.44000000 0.00000000 3192.97403849 58788.02378337 
-0.42000000 0.00000000 3193.15944779 58790.91339331 
-0.40000000 0.00000000 2991.55331263 59451.33590819 
-0.38000000 0.00000000 2991.81676811 59451.15592295 
-0.36000000 0.00000000 2991.91395560 59451.19134879 
-0.34000000 0.00000000 2991.95746510 59451.22977487 
-0.32000000 0.00000000 2991.95499380 59451.29120134 
-0.30000000 0.00000000 3194.83778567 58788.71110788 
-0.28000000 0.00000000 3194.91911085 58788.33739365 
-0.26000000 0.00000000 2991.72375992 59452.01202667 
-0.24000000 0.00000000 2991.67118633 59452.43844236 
-0.22000000 0.00000000 2991.72695722 59452.88634118 
-0.20000000 0.00000000 2991.65342698 59453.95141950 
-0.18000000 0.00000000 3195.87600494 58797.99754900 
-0.16000000 0.00000000 3196.15191047 58805.35972139 
-0.14000000 0.00000000 2991.68195560 59459.64558241 
-0.12000000 0.00000000 2990.85525044 59464.59512907 
-0.10000000 0.00000000 2990.39389733 59469.57191662 
-0.08000000 0.00000000 2989.68033929 59475.89042658 
-0.06000000 0.00000000 3196.02954318 58892.74636658 
-0.04000000 0.00000000 3194.92296835 58922.18182868 
-0.02000000 0.00000000 2991.34616289 59492.34740968 
0.00000000 0.00000000 2987.69415173 59507.45073257 
0.02000000 0.00000000 2984.05694929 59522.79235289 
0.04000000 0.00000000 2978.94192584 59540.89184413 
0.06000000 0.00000000 3039.04493762 59436.11789407 
0.08000000 0.00000000 2989.70959337 59539.60250171 
0.10000000 0.00000000 2985.60424835 59555.71218768 
0.12000000 0.00000000 2979.56377416 59574.41979348 
0.14000000 0.00000000 1695.44904149 60269.30470129 
0.16000000 0.00000000 1732.02227299 60284.83405840 
0.18000000 0.00000000 2961.06215739 59625.84367179 
0.20000000 0.00000000 2956.36371026 59639.18071494 
0.22000000 0.00000000 2950.45528082 59653.83351887 
0.24000000 0.00000000 2944.33415828 59668.33987775 
0.26000000 0.00000000 2915.71596560 59714.32938452 
0.28000000 0.00000000 2909.39058291 59727.76942415 
0.30000000 0.00000000 2903.22186837 59740.58015549 
0.32000000 0.00000000 2897.30960759 59752.52301285 
0.34000000 0.00000000 2891.97110117 59763.03442796 
0.36000000 0.00000000 2888.02196777 59770.90729143 
0.38000000 0.00000000 2885.20726334 59776.34692419 
0.40000000 0.00000000 1336.53227643 59861.77916431 
0.42000000 0.00000000 1337.11805286 59863.20326497 
0.44000000 0.00000000 2887.06401168 59772.75665074 
0.46000000 0.00000000 2891.11454153 59764.88502192 
0.48000000 0.00000000 2896.33371252 59754.48489444 
0.50000000 0.00000000 2902.84966327 59741.50483468 
0.52000000 0.00000000 2910.03633517 59726.91004726 
0.54000000 0.00000000 2917.41650934 59711.49597206 
0.56000000 0.00000000 2924.73540103 59695.75008355 
0.58000000 0.00000000 2954.30127464 59646.62669961 
0.60000000 0.00000000 2961.23319717 59630.09331388 
0.62000000 0.00000000 2967.87044582 59613.65893723 
0.64000000 0.00000000 2974.41721748 59596.93357770 
0.66000000 0.00000000 1808.45190300 60307.69860186 
0.68000000 0.00000000 1784.69981287 60301.33558984 
0.70000000 0.00000000 2993.47174142 59544.07559911 
0.72000000 0.00000000 2999.83840282 59524.95018004 
0.74000000 0.00000000 3005.15361896 59506.98829553 
0.76000000 0.00000000 3011.42832167 59486.59067271 
0.78000000 0.00000000 3015.20260329 59470.46977935 
0.80000000 0.00000000 3020.65933409 59450.75947036 
0.82000000 0.00000000 3025.67746326 59431.69512079 
0.84000000 0.00000000 3029.90395170 59414.24575030 
0.86000000 0.00000000 3078.34907419 59293.51939714 
0.88000000 0.00000000 3081.42478712 59276.20752401 
0.90000000 0.00000000 2982.87520303 59490.57197554 
0.92000000 0.00000000 2818.81914348 59758.73918565 
0.94000000 0.00000000 3087.09638828 59237.10413509 
0.96000000 0.00000000 3087.95863036 59228.36953747 
0.98000000 0.00000000 3128.72137757 59095.68199108 

