-1.00000000 0.00000000 1864.69001696 58934.44729710 
-0.98000000 0.00000000 1865.27970657 58935.79266955 
-0.96000000 0.00000000 1865.82262410 58936.37762825 
-0.94000000 0.00000000 1861.92696690 58983.97060900 
-0.92000000 0.00000000 1862.41007749 58983.68643926 
-0.90000000 0.00000000 1871.87040621 58893.81645717 
-0.88000000 0.00000000 1872.18618610 58892.90632445 
-0.86000000 0.00000000 1872.49557384 58891.67762863 
-0.84000000 0.00000000 1858.90444754 59052.14672066 
-0.82000000 0.00000000 1859.09270063 59052.54340858 
-0.80000000 0.00000000 1868.50108530 58929.30380288 
-0.78000000 0.00000000 1876.04489174 58867.96641107 
-0.76000000 0.00000000 1876.24526111 58867.01713434 
-0.74000000 0.00000000 1876.40867602 58866.29663352 
-0.72000000 0.00000000 1876.78047081 58864.06541920 
-0.70000000 0.00000000 1868.70089878 58931.24184385 
-0.68000000 0.00000000 1868.75938310 58930.92195445 
-0.66000000 0.00000000 1860.04292012 59053.56223041 
-0.64000000 0.00000000 1859.99212206 59053.08428774 
-0.62000000 0.00000000 1868.67775807 58930.07325698 
-0.60000000 0.00000000 1859.63518224 59052.09325861 
-0.58000000 0.00000000 1859.32903147 59051.60896003 
-0.56000000 0.00000000 1868.17175029 58929.14399032 
-0.54000000 0.00000000 1876.31777353 58861.78399511 
-0.52000000 0.00000000 1875.84116087 58863.41926580 
-0.50000000 0.00000000 1875.58991313 58863.49356410 
-0.48000000 0.00000000 1875.33901729 58863.61648666 
-0.46000000 0.00000000 1875.05590495 58864.06735945 
-0.44000000 0.00000000 1856.60044240 59044.36611087 
-0.42000000 0.00000000 1856.31628947 59043.67293114 
-0.40000000 0.00000000 1874.54373405 58864.31809633 
-0.38000000 0.00000000 1874.43278135 58864.45017967 
-0.36000000 0.00000000 1874.36352575 58864.50663592 
-0.34000000 0.00000000 1874.31907576 58864.55808552 
-0.32000000 0.00000000 1874.29106349 58864.60079862 
-0.30000000 0.00000000 1855.51870163 59044.36222390 
-0.28000000 0.00000000 1855.46864508 59044.50859335 
-0.26000000 0.00000000 1874.19532655 58864.57734594 
-0.24000000 0.00000000 1874.10509143 58864.52529009 
-0.22000000 0.00000000 1873.94934226 58864.47707265 
-0.20000000 0.00000000 1873.73351445 58864.24058509 
-0.18000000 0.00000000 1854.10331292 59042.30503373 
-0.16000000 0.00000000 1853.40579919 59040.46752166 
-0.14000000 0.00000000 1872.43199185 58862.77641531 
-0.12000000 0.00000000 1871.81610876 58861.30931271 
-0.10000000 0.00000000 1871.00208683 58859.82639068 
-0.08000000 0.00000000 1870.04807091 58857.89594978 
-0.06000000 0.00000000 1846.59947815 59017.85977268 
-0.04000000 0.00000000 1844.62459456 59010.07569479 
-0.02000000 0.00000000 1865.76925091 58852.76570621 
0.00000000 0.00000000 1864.55642855 58847.85907161 
0.02000000 0.00000000 1863.26767294 58842.81635787 
0.04000000 0.00000000 1862.12840786 58836.80413795 
0.06000000 0.00000000 1852.74532724 58869.84853075 
0.08000000 0.00000000 1857.17512347 58836.98669772 
0.10000000 0.00000000 1855.99091794 58831.52450636 
0.12000000 0.00000000 1855.18299890 58825.15073936 
0.14000000 0.00000000 2269.23803134 58240.48806372 
0.16000000 0.00000000 2242.89423557 58247.78440054 
0.18000000 0.00000000 1853.65762773 58807.19031155 
0.20000000 0.00000000 1853.19677435 58802.35108140 
0.22000000 0.00000000 1853.01188288 58796.98621151 
0.24000000 0.00000000 1852.94204308 58791.58904772 
0.26000000 0.00000000 1856.34413271 58774.86393403 
0.28000000 0.00000000 1856.47603399 58769.58789098 
0.30000000 0.00000000 1856.65587836 58764.48794272 
0.32000000 0.00000000 1856.88394834 58759.68010341 
0.34000000 0.00000000 1857.13394326 58755.40846353 
0.36000000 0.00000000 1857.30287751 58752.16659395 
0.38000000 0.00000000 1857.45458787 58749.91603366 
0.40000000 0.00000000 2602.64362566 58427.28297904 
0.42000000 0.00000000 2602.05574317 58426.14876154 
0.44000000 0.00000000 1857.39872008 58751.34588961 
0.46000000 0.00000000 1857.21245988 58754.55638631 
0.48000000 0.00000000 1857.00591041 58758.78371050 
0.50000000 0.00000000 1856.73439572 58764.00423268 
0.52000000 0.00000000 1856.46859917 58769.81336181 
0.54000000 0.00000000 1856.25586456 58775.88022283 
0.56000000 0.00000000 1856.11392683 58781.99880651 
0.58000000 0.00000000 1852.74234057 58799.67448858 
0.60000000 0.00000000 1852.79248976 58805.76306958 
0.62000000 0.00000000 1852.93974768 58811.71726552 
0.64000000 0.00000000 1853.16783845 58817.67095008 
0.66000000 0.00000000 2194.70955492 58268.52535469 
0.68000000 0.00000000 2209.92793675 58261.27289051 
0.70000000 0.00000000 1854.49161548 58835.88808491 
0.72000000 0.00000000 1855.14441934 58842.29264396 
0.74000000 0.00000000 1856.03386385 58848.25174126 
0.76000000 0.00000000 1856.88002774 58854.91446977 
0.78000000 0.00000000 1858.09229539 58860.15458605 
0.80000000 0.00000000 1859.11623399 58866.45071923 
0.82000000 0.00000000 1860.18595096 58872.46481528 
0.84000000 0.00000000 1861.30831416 58877.90173608 
0.86000000 0.00000000 1857.54139588 58913.78567887 
0.88000000 0.00000000 1858.76828139 58918.84390249 
0.90000000 0.00000000 1870.65636012 58853.44825336 
0.92000000 0.00000000 1892.01910199 58755.49984729 
0.94000000 0.00000000 1862.06957999 58929.96951886 
0.96000000 0.00000000 1863.00063138 58932.36556192 
0.98000000 0.00000000 1860.20553352 58968.46882504 

