-1.00000000 0.00000000 125.30951280 61024.53249322 
-0.98000000 0.00000000 124.93629944 61023.47721712 
-0.96000000 0.00000000 124.79136932 61021.53314139 
-0.94000000 0.00000000 106.74477894 61138.87484725 
-0.92000000 0.00000000 106.93557328 61135.61737821 
-0.90000000 0.00000000 138.34378455 60916.36710227 
-0.88000000 0.00000000 138.56843375 60913.70115917 
-0.86000000 0.00000000 138.88332954 60910.56046098 
-0.84000000 0.00000000 73.51058411 61323.98694612 
-0.82000000 0.00000000 73.33806537 61324.03892786 
-0.80000000 0.00000000 127.06236245 60996.59229390 
-0.78000000 0.00000000 145.36158833 60857.18245771 
-0.76000000 0.00000000 145.58212863 60854.95718823 
-0.74000000 0.00000000 145.74491428 60853.20312209 
-0.72000000 0.00000000 146.31410689 60848.13832742 
-0.70000000 0.00000000 126.32946670 60999.42799427 
-0.68000000 0.00000000 126.42595399 60998.51931472 
-0.66000000 0.00000000 73.10821413 61320.19314373 
-0.64000000 0.00000000 73.34439646 61319.24853417 
-0.62000000 0.00000000 126.67297074 60997.48136461 
-0.60000000 0.00000000 73.70418169 61319.29422807 
-0.58000000 0.00000000 73.81044221 61320.38143980 
-0.56000000 0.00000000 126.92411410 60998.95673671 
-0.54000000 0.00000000 146.91382651 60847.51048949 
-0.52000000 0.00000000 146.49809725 60852.39928924 
-0.50000000 0.00000000 146.49886336 60853.86674601 
-0.48000000 0.00000000 146.48744840 60855.38506107 
-0.46000000 0.00000000 146.38792500 60857.52245697 
-0.44000000 0.00000000 76.33153496 61322.92063071 
-0.42000000 0.00000000 76.57142454 61323.22944477 
-0.40000000 0.00000000 146.38646115 60860.28221861 
-0.38000000 0.00000000 146.37373928 60860.83360102 
-0.36000000 0.00000000 146.38234091 60860.98616251 
-0.34000000 0.00000000 146.39339941 60860.93255932 
-0.32000000 0.00000000 146.40801740 60860.71640572 
-0.30000000 0.00000000 76.03578115 61328.42755057 
-0.28000000 0.00000000 75.99920434 61328.36159963 
-0.26000000 0.00000000 146.49633337 60859.65782455 
-0.24000000 0.00000000 146.53513453 60859.54245815 
-0.22000000 0.00000000 146.56796606 60859.83747103 
-0.20000000 0.00000000 146.64289868 60860.29781148 
-0.18000000 0.00000000 76.75361703 61329.23352539 
-0.16000000 0.00000000 77.37078549 61329.61679761 
-0.14000000 0.00000000 146.97156040 60865.48260769 
-0.12000000 0.00000000 147.29373985 60867.54175636 
-0.10000000 0.00000000 147.58188334 60871.20580387 
-0.08000000 0.00000000 147.94747837 60875.64941927 
-0.06000000 0.00000000 84.66074657 61334.08012339 
-0.04000000 0.00000000 87.08816367 61335.43016317 
-0.02000000 0.00000000 148.52661391 60902.68447823 
0.00000000 0.00000000 149.50063281 60907.68781677 
0.02000000 0.00000000 150.46431512 60913.80233350 
0.04000000 0.00000000 151.66420104 60918.44376512 
0.06000000 0.00000000 140.77449277 61033.69547690 
0.08000000 0.00000000 150.41590717 60963.29199328 
0.10000000 0.00000000 151.39613146 60970.59379777 
0.12000000 0.00000000 152.66548131 60974.37938919 
0.14000000 0.00000000 240.41823491 59164.09582662 
0.16000000 0.00000000 239.89024989 59231.76004566 
0.18000000 0.00000000 156.25959434 60981.88045762 
0.20000000 0.00000000 157.14211303 60985.89589650 
0.22000000 0.00000000 158.18558959 60987.65794771 
0.24000000 0.00000000 159.23079891 60989.01352948 
0.26000000 0.00000000 163.60014444 60953.25997527 
0.28000000 0.00000000 164.57805690 60954.35840030 
0.30000000 0.00000000 165.50916477 60955.45618942 
0.32000000 0.00000000 166.38190486 60956.30829222 
0.34000000 0.00000000 167.15502311 60956.88162508 
0.36000000 0.00000000 167.72008843 60957.88329141 
0.38000000 0.00000000 168.11769077 60958.31799389 
0.40000000 0.00000000 240.12916972 58194.82728877 
0.42000000 0.00000000 240.16110063 58197.50906147 
0.44000000 0.00000000 167.85328102 60958.35167230 
0.46000000 0.00000000 167.27690744 60957.95662224 
0.48000000 0.00000000 166.52469382 60957.08731786 
0.50000000 0.00000000 165.57236899 60956.56428662 
0.52000000 0.00000000 164.50164676 60956.02423001 
0.54000000 0.00000000 163.37661811 60955.28535569 
0.56000000 0.00000000 162.23236693 60954.39667562 
0.58000000 0.00000000 157.62443388 60990.66794084 
0.60000000 0.00000000 156.42550820 60989.87876694 
0.62000000 0.00000000 155.24069597 60988.94798838 
0.64000000 0.00000000 154.03580792 60988.09440330 
0.66000000 0.00000000 237.74534841 59363.50085718 
0.68000000 0.00000000 238.14986566 59322.31143642 
0.70000000 0.00000000 150.28415581 60984.35163288 
0.72000000 0.00000000 148.94167078 60982.78667298 
0.74000000 0.00000000 147.74201342 60979.32792250 
0.76000000 0.00000000 146.31915465 60977.57209753 
0.78000000 0.00000000 145.32260517 60971.84229342 
0.80000000 0.00000000 143.96833341 60969.50466551 
0.82000000 0.00000000 142.66022226 60967.15091199 
0.84000000 0.00000000 141.47951717 60964.34927004 
0.86000000 0.00000000 130.16824169 61043.18048493 
0.88000000 0.00000000 128.96736681 61040.91608269 
0.90000000 0.00000000 149.48206473 60864.99160426 
0.92000000 0.00000000 172.39598303 60635.62330561 
0.94000000 0.00000000 126.28622849 61034.05372860 
0.96000000 0.00000000 125.70369283 61031.72772995 
0.98000000 0.00000000 112.39029837 61117.60604465 

