-1.00000000 0.00000000 -1474.88177308 59770.91079082 
-0.98000000 0.00000000 -1476.95400869 59769.10483930 
-0.96000000 0.00000000 -1478.03169442 59767.71353445 
-0.94000000 0.00000000 -1538.80000877 59754.83234986 
-0.92000000 0.00000000 -1538.69874546 59753.90311924 
-0.90000000 0.00000000 -1426.95712536 59771.28652665 
-0.88000000 0.00000000 -1426.04205230 59770.98039811 
-0.86000000 0.00000000 -1424.71944323 59770.79639014 
-0.84000000 0.00000000 -1631.09651097 59724.33869412 
-0.82000000 0.00000000 -1631.76714604 59723.64169504 
-0.80000000 0.00000000 -1470.68932434 59765.00557032 
-0.78000000 0.00000000 -1397.16949634 59771.52867697 
-0.76000000 0.00000000 -1396.13404623 59771.43236712 
-0.74000000 0.00000000 -1395.35712695 59771.33390427 
-0.72000000 0.00000000 -1392.81535238 59771.28711427 
-0.70000000 0.00000000 -1473.40898739 59763.76866146 
-0.68000000 0.00000000 -1473.03447160 59763.76750559 
-0.66000000 0.00000000 -1633.69385965 59720.61692309 
-0.64000000 0.00000000 -1633.00128537 59721.02874304 
-0.62000000 0.00000000 -1471.89385604 59764.28240864 
-0.60000000 0.00000000 -1631.46320666 59722.50703363 
-0.58000000 0.00000000 -1630.65904639 59723.55622763 
-0.56000000 0.00000000 -1470.39694557 59765.77149122 
-0.54000000 0.00000000 -1389.66463345 59772.94053138 
-0.52000000 0.00000000 -1391.39870843 59773.40237912 
-0.50000000 0.00000000 -1391.32004146 59773.89435247 
-0.48000000 0.00000000 -1391.30062472 59774.36946836 
-0.46000000 0.00000000 -1391.67020674 59774.80610418 
-0.44000000 0.00000000 -1619.38399315 59734.68132376 
-0.42000000 0.00000000 -1618.28431837 59735.78932860 
-0.40000000 0.00000000 -1391.59408337 59775.75417342 
-0.38000000 0.00000000 -1391.66043386 59775.92427509 
-0.36000000 0.00000000 -1391.65444894 59776.02768810 
-0.34000000 0.00000000 -1391.65414442 59776.07659838 
-0.32000000 0.00000000 -1391.64996254 59776.08918616 
-0.30000000 0.00000000 -1618.72193964 59737.19005850 
-0.28000000 0.00000000 -1618.85641486 59737.17354626 
-0.26000000 0.00000000 -1391.43201511 59776.16760033 
-0.24000000 0.00000000 -1391.27225406 59776.31865940 
-0.22000000 0.00000000 -1391.08496693 59776.60042579 
-0.20000000 0.00000000 -1390.63876979 59777.06403436 
-0.18000000 0.00000000 -1615.05590394 59741.42298197 
-0.16000000 0.00000000 -1612.22851834 59744.10225066 
-0.14000000 0.00000000 -1388.10225767 59780.05518225 
-0.12000000 0.00000000 -1385.99492006 59781.74615902 
-0.10000000 0.00000000 -1383.79883068 59783.86338678 
-0.08000000 0.00000000 -1381.01608781 59786.42210301 
-0.06000000 0.00000000 -1578.90382338 59772.82275234 
-0.04000000 0.00000000 -1567.73551787 59781.66197974 
-0.02000000 0.00000000 -1373.03602804 59796.99082829 
0.00000000 0.00000000 -1366.63208771 59801.04217731 
0.02000000 0.00000000 -1360.07087327 59805.28852658 
0.04000000 0.00000000 -1352.43517810 59809.47561739 
0.06000000 0.00000000 -1389.26528740 59820.36526927 
0.08000000 0.00000000 -1350.93669388 59820.32941231 
0.10000000 0.00000000 -1344.01797897 59824.51170777 
0.12000000 0.00000000 -1336.17740010 59828.09062493 
0.14000000 0.00000000 -809.48789886 59117.30653722 
0.16000000 0.00000000 -818.21258939 59162.90757094 
0.18000000 0.00000000 -1314.60659870 59836.41357336 
0.20000000 0.00000000 -1308.88024271 59838.79167191 
0.22000000 0.00000000 -1302.67837984 59840.69610703 
0.24000000 0.00000000 -1296.52992023 59842.36839169 
0.26000000 0.00000000 -1278.46618317 59838.86553192 
0.28000000 0.00000000 -1272.66056552 59840.04419417 
0.30000000 0.00000000 -1267.10465793 59841.08134356 
0.32000000 0.00000000 -1261.91422343 59841.93421302 
0.34000000 0.00000000 -1257.33837602 59842.58853642 
0.36000000 0.00000000 -1253.88161957 59843.14908203 
0.38000000 0.00000000 -1251.49821633 59843.46234127 
0.40000000 0.00000000 -802.55953213 58402.37795879 
0.42000000 0.00000000 -802.27353954 58404.30880715 
0.44000000 0.00000000 -1253.05870977 59843.24434594 
0.46000000 0.00000000 -1256.49397051 59842.77382830 
0.48000000 0.00000000 -1261.03472974 59842.05150529 
0.50000000 0.00000000 -1266.66399446 59841.19919647 
0.52000000 0.00000000 -1272.96894335 59840.16490047 
0.54000000 0.00000000 -1279.60866678 59838.93504389 
0.56000000 0.00000000 -1286.36974398 59837.53385614 
0.58000000 0.00000000 -1305.60118425 59840.61861468 
0.60000000 0.00000000 -1312.55058518 59838.76548480 
0.62000000 0.00000000 -1319.43654193 59836.74552835 
0.64000000 0.00000000 -1326.41082050 59834.55869647 
0.66000000 0.00000000 -838.89171141 59248.04085751 
0.68000000 0.00000000 -832.47983774 59222.16947758 
0.70000000 0.00000000 -1348.31474178 59826.47755665 
0.72000000 0.00000000 -1356.18931322 59823.19187728 
0.74000000 0.00000000 -1363.65515993 59819.48251087 
0.76000000 0.00000000 -1372.00434206 59815.63629721 
0.78000000 0.00000000 -1378.79804195 59811.37883315 
0.80000000 0.00000000 -1386.85725872 59807.19169692 
0.82000000 0.00000000 -1394.63638333 59802.95929498 
0.84000000 0.00000000 -1401.77186787 59798.76838709 
0.86000000 0.00000000 -1445.27444771 59794.52612460 
0.88000000 0.00000000 -1452.17517150 59789.91341576 
0.90000000 0.00000000 -1375.64104169 59786.52970891 
0.92000000 0.00000000 -1269.24760628 59767.38446443 
0.94000000 0.00000000 -1467.81136926 59778.36235992 
0.96000000 0.00000000 -1471.33546003 59775.38591000 
0.98000000 0.00000000 -1517.24828303 59765.98659620 

