-1.00000000 0.00000000 -1100.97775452 58214.61723021 
-0.98000000 0.00000000 -1100.63127127 58217.13912137 
-0.96000000 0.00000000 -1100.73113609 58218.58110335 
-0.94000000 0.00000000 -1066.56985995 58279.58528298 
-0.92000000 0.00000000 -1067.17998867 58279.75968301 
-0.90000000 0.00000000 -1134.14978539 58168.31498423 
-0.88000000 0.00000000 -1135.01486475 58167.50517364 
-0.86000000 0.00000000 -1136.08832284 58166.26185967 
-0.84000000 0.00000000 -1021.01860070 58372.19161934 
-0.82000000 0.00000000 -1020.94268015 58372.98335842 
-0.80000000 0.00000000 -1107.62563101 58212.29499853 
-0.78000000 0.00000000 -1155.11576329 58139.10267915 
-0.76000000 0.00000000 -1155.92520723 58138.10837317 
-0.74000000 0.00000000 -1156.54990782 58137.36942843 
-0.72000000 0.00000000 -1158.38655313 58134.88524954 
-0.70000000 0.00000000 -1106.51968075 58215.23300336 
-0.68000000 0.00000000 -1106.78124223 58214.87296160 
-0.66000000 0.00000000 -1021.21633918 58375.55939266 
-0.64000000 0.00000000 -1021.46501343 58374.82495757 
-0.62000000 0.00000000 -1107.26212075 58213.62550335 
-0.60000000 0.00000000 -1021.73656873 58373.02358385 
-0.58000000 0.00000000 -1021.74097532 58371.99807648 
-0.56000000 0.00000000 -1107.40593323 58211.74907447 
-0.54000000 0.00000000 -1159.53180641 58131.27868906 
-0.52000000 0.00000000 -1158.00098699 58132.84207216 
-0.50000000 0.00000000 -1157.73107515 58132.61722874 
-0.48000000 0.00000000 -1157.42914481 58132.45633253 
-0.46000000 0.00000000 -1156.87664737 58132.68963666 
-0.44000000 0.00000000 -1023.56908425 58358.68021805 
-0.42000000 0.00000000 -1023.72583914 58357.37444167 
-0.40000000 0.00000000 -1156.27718596 58132.34196795 
-0.38000000 0.00000000 -1156.10202955 58132.36258655 
-0.36000000 0.00000000 -1156.01801445 58132.33353947 
-0.34000000 0.00000000 -1155.96225395 58132.32762806 
-0.32000000 0.00000000 -1155.92983859 58132.32975334 
-0.30000000 0.00000000 -1022.61806510 58357.38679784 
-0.28000000 0.00000000 -1022.50754276 58357.52159913 
-0.26000000 0.00000000 -1155.93908048 58132.12241734 
-0.24000000 0.00000000 -1155.92262596 58131.92714591 
-0.22000000 0.00000000 -1155.84427814 58131.66160819 
-0.20000000 0.00000000 -1155.83714369 58131.08094756 
-0.18000000 0.00000000 -1022.71217582 58352.89582738 
-0.16000000 0.00000000 -1023.19893940 58349.56564992 
-0.14000000 0.00000000 -1155.69917994 58127.61871048 
-0.12000000 0.00000000 -1156.12975193 58124.98440323 
-0.10000000 0.00000000 -1156.37332834 58122.11325149 
-0.08000000 0.00000000 -1156.77180730 58118.50745528 
-0.06000000 0.00000000 -1030.50416076 58310.77729972 
-0.04000000 0.00000000 -1033.31786204 58297.87890870 
-0.02000000 0.00000000 -1156.04187638 58107.02670343 
0.00000000 0.00000000 -1158.11608239 58099.28127640 
0.02000000 0.00000000 -1160.18940146 58091.28782645 
0.04000000 0.00000000 -1163.05144995 58082.21266356 
0.06000000 0.00000000 -1131.31445944 58115.29015486 
0.08000000 0.00000000 -1157.73869273 58076.99550207 
0.10000000 0.00000000 -1160.11166085 58068.59641172 
0.12000000 0.00000000 -1163.48391237 58059.44263657 
0.14000000 0.00000000 -2023.44142141 58171.97639563 
0.16000000 0.00000000 -1996.52201997 58119.80809700 
0.18000000 0.00000000 -1173.73964689 58034.60239946 
0.20000000 0.00000000 -1176.41052859 58027.89778794 
0.22000000 0.00000000 -1179.72016319 58020.84577635 
0.24000000 0.00000000 -1183.15981222 58013.90413906 
0.26000000 0.00000000 -1198.13795434 57996.46589902 
0.28000000 0.00000000 -1201.71329781 57989.98847094 
0.30000000 0.00000000 -1205.21554169 57983.80422093 
0.32000000 0.00000000 -1208.57651700 57978.05455029 
0.34000000 0.00000000 -1211.61258473 57973.01067334 
0.36000000 0.00000000 -1213.88264520 57969.16779972 
0.38000000 0.00000000 -1215.49642202 57966.54197177 
0.40000000 0.00000000 -2059.60963403 59093.39693576 
0.42000000 0.00000000 -2060.31056325 59091.11016530 
0.44000000 0.00000000 -1214.47875734 57968.25904492 
0.46000000 0.00000000 -1212.18687579 57972.04368425 
0.48000000 0.00000000 -1209.22014121 57977.07728741 
0.50000000 0.00000000 -1205.53366631 57983.28885278 
0.52000000 0.00000000 -1201.47122541 57990.25868140 
0.54000000 0.00000000 -1197.29884727 57997.62990421 
0.56000000 0.00000000 -1193.16506740 58005.16678277 
0.58000000 0.00000000 -1177.63910716 58023.91713140 
0.60000000 0.00000000 -1173.73497902 58031.72834390 
0.62000000 0.00000000 -1170.00768423 58039.50223413 
0.64000000 0.00000000 -1166.34945044 58047.39310217 
0.66000000 0.00000000 -1937.59966133 58031.53219105 
0.68000000 0.00000000 -1956.61816186 58057.69091978 
0.70000000 0.00000000 -1155.73862520 58072.39386941 
0.72000000 0.00000000 -1152.18618175 58081.44226935 
0.74000000 0.00000000 -1149.17299050 58090.19010965 
0.76000000 0.00000000 -1145.63785404 58099.83345512 
0.78000000 0.00000000 -1143.41935568 58108.03043701 
0.80000000 0.00000000 -1140.29319534 58117.42930433 
0.82000000 0.00000000 -1137.39130844 58126.52960138 
0.84000000 0.00000000 -1134.91387083 58134.94751263 
0.86000000 0.00000000 -1107.59873837 58178.74886250 
0.88000000 0.00000000 -1105.51936449 58186.88960252 
0.90000000 0.00000000 -1160.38412066 58113.25373449 
0.92000000 0.00000000 -1248.84877741 58013.69414470 
0.94000000 0.00000000 -1101.46419240 58205.56033536 
0.96000000 0.00000000 -1100.77904556 58209.85656776 
0.98000000 0.00000000 -1074.88494671 58256.15932536 

