-1.00000000 0.00000000 2650.88993312 56806.44164770 
-0.98000000 0.00000000 2647.59547880 56807.23282872 
-0.96000000 0.00000000 2646.65519291 56808.54529370 
-0.94000000 0.00000000 2472.30798214 56761.58178197 
-0.92000000 0.00000000 2474.32059998 56763.15066191 
-0.90000000 0.00000000 2799.77944162 56884.98253438 
-0.88000000 0.00000000 2802.93618213 56887.35056410 
-0.86000000 0.00000000 2807.12401741 56890.20830749 
-0.84000000 0.00000000 2219.52168854 56756.21154116 
-0.82000000 0.00000000 2218.49584226 56756.87002175 
-0.80000000 0.00000000 2674.03777191 56824.51112854 
-0.78000000 0.00000000 2887.77993918 56943.63161584 
-0.76000000 0.00000000 2890.89573267 56946.04600312 
-0.74000000 0.00000000 2893.26975848 56947.93509908 
-0.72000000 0.00000000 2900.73022129 56953.51812457 
-0.70000000 0.00000000 2667.40219242 56822.96342762 
-0.68000000 0.00000000 2668.58583574 56823.53257995 
-0.66000000 0.00000000 2217.59429731 56759.94696315 
-0.64000000 0.00000000 2219.16730412 56759.59015531 
-0.62000000 0.00000000 2671.28572425 56824.16342002 
-0.60000000 0.00000000 2221.55399320 56758.19001731 
-0.58000000 0.00000000 2222.25337578 56757.15651606 
-0.56000000 0.00000000 2673.36021151 56823.21175708 
-0.54000000 0.00000000 2907.36034577 56955.86736953 
-0.52000000 0.00000000 2901.60359059 56950.84341098 
-0.50000000 0.00000000 2901.08749578 56949.68253259 
-0.48000000 0.00000000 2900.42863130 56948.44346608 
-0.46000000 0.00000000 2898.69589466 56946.47578154 
-0.44000000 0.00000000 2238.78408220 56746.42543234 
-0.42000000 0.00000000 2240.36235029 56745.36037157 
-0.40000000 0.00000000 2897.59179568 56944.17423994 
-0.38000000 0.00000000 2897.21024902 56943.63270701 
-0.36000000 0.00000000 2897.16052952 56943.44282511 
-0.34000000 0.00000000 2897.19432504 56943.40396500 
-0.32000000 0.00000000 2897.30962393 56943.48665014 
-0.30000000 0.00000000 2236.68318011 56743.92854851 
-0.28000000 0.00000000 2236.42274467 56743.99489607 
-0.26000000 0.00000000 2898.23370662 56944.12968988 
-0.24000000 0.00000000 2898.59019397 56944.19721024 
-0.22000000 0.00000000 2898.79743329 56943.95760137 
-0.20000000 0.00000000 2899.43457790 56943.75483791 
-0.18000000 0.00000000 2241.53187023 56740.28177818 
-0.16000000 0.00000000 2245.76283436 56737.81686750 
-0.14000000 0.00000000 2901.85573884 56941.03432428 
-0.12000000 0.00000000 2905.01398194 56940.75482354 
-0.10000000 0.00000000 2907.57234838 56939.34860484 
-0.08000000 0.00000000 2910.93297114 56937.80581681 
-0.06000000 0.00000000 2297.64681380 56711.29609870 
-0.04000000 0.00000000 2315.66800091 56703.30522471 
-0.02000000 0.00000000 2913.63693866 56922.87100527 
0.00000000 0.00000000 2924.14161167 56923.86767499 
0.02000000 0.00000000 2934.49842342 56924.37089440 
0.04000000 0.00000000 2947.86507011 56927.13614994 
0.06000000 0.00000000 2813.92582262 56820.95422227 
0.08000000 0.00000000 2928.81536735 56894.58021466 
0.10000000 0.00000000 2939.56992263 56894.87055673 
0.12000000 0.00000000 2954.08998256 56898.86158265 
0.14000000 0.00000000 2779.97499957 60533.22994506 
0.16000000 0.00000000 2859.71115992 60452.07697660 
0.18000000 0.00000000 2995.95307443 56914.13364275 
0.20000000 0.00000000 3006.19489508 56917.20875060 
0.22000000 0.00000000 3018.61121017 56922.85239038 
0.24000000 0.00000000 3031.17210213 56929.09582710 
0.26000000 0.00000000 3086.97180089 56981.56463747 
0.28000000 0.00000000 3098.99674598 56989.09344623 
0.30000000 0.00000000 3110.52416574 56996.55859533 
0.32000000 0.00000000 3121.40591291 57003.93678971 
0.34000000 0.00000000 3131.10401217 57010.79937769 
0.36000000 0.00000000 3138.19268304 57015.63854899 
0.38000000 0.00000000 3143.20505693 57019.26465604 
0.40000000 0.00000000 1818.70062083 61032.98583927 
0.42000000 0.00000000 1820.63690930 61032.83141639 
0.44000000 0.00000000 3139.82014179 57016.74336509 
0.46000000 0.00000000 3132.52201512 57011.46192144 
0.48000000 0.00000000 3123.04203876 57004.91345093 
0.50000000 0.00000000 3111.06245067 56996.56643459 
0.52000000 0.00000000 3097.65672755 56987.50088968 
0.54000000 0.00000000 3083.65985600 56978.46524216 
0.56000000 0.00000000 3069.52148254 56969.77123004 
0.58000000 0.00000000 3010.92032030 56917.07400869 
0.60000000 0.00000000 2996.43288901 56909.89146339 
0.62000000 0.00000000 2982.22568041 56903.30241752 
0.64000000 0.00000000 2967.86722596 56896.97564040 
0.66000000 0.00000000 3014.61357176 60266.96192158 
0.68000000 0.00000000 2967.56113324 60325.72107833 
0.70000000 0.00000000 2923.76510716 56880.39289667 
0.72000000 0.00000000 2908.18808880 56875.42189473 
0.74000000 0.00000000 2894.50461955 56872.49095042 
0.76000000 0.00000000 2878.23368417 56868.09467826 
0.78000000 0.00000000 2867.26797973 56867.84951131 
0.80000000 0.00000000 2852.08782018 56864.74691815 
0.82000000 0.00000000 2837.58681180 56862.17704413 
0.84000000 0.00000000 2824.70673049 56860.57006318 
0.86000000 0.00000000 2697.41755168 56797.05194449 
0.88000000 0.00000000 2685.27248244 56797.52946324 
0.90000000 0.00000000 2926.86530900 56949.49586962 
0.92000000 0.00000000 3234.22719703 57291.03112837 
0.94000000 0.00000000 2659.05973742 56800.63232240 
0.96000000 0.00000000 2653.65477480 56802.01516355 
0.98000000 0.00000000 2522.17192018 56763.42608210 

