-1.00000000 0.00000000 3474.49146615 59522.07541523 
-0.98000000 0.00000000 3475.50069129 59515.94800418 
-0.96000000 0.00000000 3475.18248335 59513.77989545 
-0.94000000 0.00000000 3576.74358277 59211.81339696 
-0.92000000 0.00000000 3574.95971003 59214.96072197 
-0.90000000 0.00000000 3366.90950469 59751.72778130 
-0.88000000 0.00000000 3364.27271939 59756.21331899 
-0.86000000 0.00000000 3360.93067166 59762.26664486 
-0.84000000 0.00000000 3675.31636012 58707.63099215 
-0.82000000 0.00000000 3675.18881117 58705.12892433 
-0.80000000 0.00000000 3454.30457162 59555.93185689 
-0.78000000 0.00000000 3298.23044626 59879.07547966 
-0.76000000 0.00000000 3295.64278207 59883.40204516 
-0.74000000 0.00000000 3293.64593092 59886.67408977 
-0.72000000 0.00000000 3287.58136323 59897.15241172 
-0.70000000 0.00000000 3458.00800318 59544.57011369 
-0.68000000 0.00000000 3457.17278493 59546.41923702 
-0.66000000 0.00000000 3673.31714625 58701.58483433 
-0.64000000 0.00000000 3673.04298183 58705.03818613 
-0.62000000 0.00000000 3455.63681762 59550.90484744 
-0.60000000 0.00000000 3673.20646198 58710.64280818 
-0.58000000 0.00000000 3673.67514927 58712.55020408 
-0.56000000 0.00000000 3455.24849799 59554.93911763 
-0.54000000 0.00000000 3283.51110397 59907.21056945 
-0.52000000 0.00000000 3288.54288727 59899.35129666 
-0.50000000 0.00000000 3289.35734149 59898.88592712 
-0.48000000 0.00000000 3290.27364968 59898.21213148 
-0.46000000 0.00000000 3292.02436100 59896.00383231 
-0.44000000 0.00000000 3675.36473450 58751.90832511 
-0.42000000 0.00000000 3675.54208296 58755.68197406 
-0.40000000 0.00000000 3293.68247571 59894.96474049 
-0.38000000 0.00000000 3294.12755922 59894.52158495 
-0.36000000 0.00000000 3294.25112108 59894.51062247 
-0.34000000 0.00000000 3294.26246717 59894.58708571 
-0.32000000 0.00000000 3294.17740058 59894.75676479 
-0.30000000 0.00000000 3677.80542568 58748.67482855 
-0.28000000 0.00000000 3677.86228945 58748.10868667 
-0.26000000 0.00000000 3293.47304250 59896.06883580 
-0.24000000 0.00000000 3293.29091438 59896.61861842 
-0.22000000 0.00000000 3293.32750859 59897.00818056 
-0.20000000 0.00000000 3293.15629442 59898.07486616 
-0.18000000 0.00000000 3678.62583045 58760.21428344 
-0.16000000 0.00000000 3678.79289119 58769.98343697 
-0.14000000 0.00000000 3293.45836381 59902.61634640 
-0.12000000 0.00000000 3292.20341913 59907.70999812 
-0.10000000 0.00000000 3291.76488926 59912.12423200 
-0.08000000 0.00000000 3291.03025668 59917.83819763 
-0.06000000 0.00000000 3677.02636313 58887.05378738 
-0.04000000 0.00000000 3675.12281277 58926.70026249 
-0.02000000 0.00000000 3297.10743722 59925.88061123 
0.00000000 0.00000000 3291.88493409 59942.21625450 
0.02000000 0.00000000 3286.95676094 59958.38554989 
0.04000000 0.00000000 3279.57143720 59978.63261514 
0.06000000 0.00000000 3392.70671469 59793.56861282 
0.08000000 0.00000000 3303.79429073 59957.26743412 
0.10000000 0.00000000 3298.69870617 59974.11282695 
0.12000000 0.00000000 3290.10824457 59995.79402882 
0.14000000 0.00000000 1463.13391392 60911.57367391 
0.16000000 0.00000000 1503.62499084 60929.60946363 
0.18000000 0.00000000 3263.61057014 60056.77206515 
0.20000000 0.00000000 3257.43922300 60071.75880192 
0.22000000 0.00000000 3249.08296258 60089.35947204 
0.24000000 0.00000000 3240.39582521 60106.96480670 
0.26000000 0.00000000 3190.97195627 60178.31878848 
0.28000000 0.00000000 3182.08579312 60194.55959337 
0.30000000 0.00000000 3173.47340351 60210.03029666 
0.32000000 0.00000000 3165.21291289 60224.52295276 
0.34000000 0.00000000 3157.73864979 60237.34694821 
0.36000000 0.00000000 3152.36145278 60246.74852814 
0.38000000 0.00000000 3148.47385769 60253.34305851 
0.40000000 0.00000000 1071.95856518 60507.86452504 
0.42000000 0.00000000 1072.62696383 60509.21462505 
0.44000000 0.00000000 3151.12654940 60248.92532919 
0.46000000 0.00000000 3156.79078510 60239.32951762 
0.48000000 0.00000000 3164.02431037 60226.77246932 
0.50000000 0.00000000 3173.21648096 60210.88926876 
0.52000000 0.00000000 3183.40680413 60193.00683884 
0.54000000 0.00000000 3193.88277548 60174.18130486 
0.56000000 0.00000000 3204.29722862 60155.00366102 
0.58000000 0.00000000 3255.32309597 60079.21261430 
0.60000000 0.00000000 3265.37646973 60058.82073905 
0.62000000 0.00000000 3275.04216677 60038.62633882 
0.64000000 0.00000000 3284.67021315 60018.04893859 
0.66000000 0.00000000 1590.55879354 60958.49056049 
0.68000000 0.00000000 1563.66369698 60950.16908719 
0.70000000 0.00000000 3312.97459299 59953.54139926 
0.72000000 0.00000000 3322.56911382 59930.30591150 
0.74000000 0.00000000 3330.31257144 59909.40310281 
0.76000000 0.00000000 3339.95568972 59884.66882214 
0.78000000 0.00000000 3345.13180435 59867.16983925 
0.80000000 0.00000000 3353.62898423 59843.58820281 
0.82000000 0.00000000 3361.54350185 59820.82194476 
0.84000000 0.00000000 3368.22699647 59800.29815071 
0.86000000 0.00000000 3458.65698744 59606.12778756 
0.88000000 0.00000000 3463.91606520 59585.06360203 
0.90000000 0.00000000 3278.36084607 59940.75160240 
0.92000000 0.00000000 2987.91011310 60338.52493406 
0.94000000 0.00000000 3474.03296455 59538.46246584 
0.96000000 0.00000000 3475.68667181 59528.50373175 
0.98000000 0.00000000 3554.63500856 59304.77734940 

