-1.00000000 0.00000000 2267.28053259 58736.09171577 
-0.98000000 0.00000000 2266.90784056 58736.20812231 
-0.96000000 0.00000000 2266.67178856 58736.42746069 
-0.94000000 0.00000000 2260.38760426 58726.54840353 
-0.92000000 0.00000000 2260.30988326 58726.86766660 
-0.90000000 0.00000000 2271.50980654 58746.77230560 
-0.88000000 0.00000000 2271.57607127 58747.12245514 
-0.86000000 0.00000000 2271.69197294 58747.51869407 
-0.84000000 0.00000000 2250.52576140 58713.96050880 
-0.82000000 0.00000000 2250.42320646 58713.99830391 
-0.80000000 0.00000000 2267.12657461 58739.20965812 
-0.78000000 0.00000000 2274.31427099 58753.41469619 
-0.76000000 0.00000000 2274.40936923 58753.69292858 
-0.74000000 0.00000000 2274.47871945 58753.91098989 
-0.72000000 0.00000000 2274.71309400 58754.48694148 
-0.70000000 0.00000000 2266.81028621 58739.03109533 
-0.68000000 0.00000000 2266.84564145 58739.11659788 
-0.66000000 0.00000000 2250.04311732 58714.30567095 
-0.64000000 0.00000000 2250.13443172 58714.35580776 
-0.62000000 0.00000000 2267.00028959 58739.20698228 
-0.60000000 0.00000000 2250.39324795 58714.33926558 
-0.58000000 0.00000000 2250.55641396 58714.26834519 
-0.56000000 0.00000000 2267.28010387 58739.07182630 
-0.54000000 0.00000000 2275.18088413 58754.55606764 
-0.52000000 0.00000000 2275.06687803 58754.01297294 
-0.50000000 0.00000000 2275.12152305 58753.84643553 
-0.48000000 0.00000000 2275.16802324 58753.67194762 
-0.46000000 0.00000000 2275.17390513 58753.42687465 
-0.44000000 0.00000000 2252.46413674 58714.11693787 
-0.42000000 0.00000000 2252.64818641 58714.08740755 
-0.40000000 0.00000000 2275.25498837 58753.05612637 
-0.38000000 0.00000000 2275.25566264 58752.95738175 
-0.36000000 0.00000000 2275.25468765 58752.89316082 
-0.34000000 0.00000000 2275.24632985 58752.84238488 
-0.32000000 0.00000000 2275.23364934 58752.80065576 
-0.30000000 0.00000000 2252.69283992 58713.51348760 
-0.28000000 0.00000000 2252.66864862 58713.44272185 
-0.26000000 0.00000000 2275.21947090 58752.68256705 
-0.24000000 0.00000000 2275.23957891 58752.61484009 
-0.22000000 0.00000000 2275.28047031 58752.50967620 
-0.20000000 0.00000000 2275.37122029 58752.40245506 
-0.18000000 0.00000000 2253.37228754 58713.01401750 
-0.16000000 0.00000000 2253.87751333 58712.95718867 
-0.14000000 0.00000000 2275.99029681 58751.86460444 
-0.12000000 0.00000000 2276.41860629 58751.75788789 
-0.10000000 0.00000000 2276.92128299 58751.55772333 
-0.08000000 0.00000000 2277.54786597 58751.36794214 
-0.06000000 0.00000000 2259.71997738 58713.43825668 
-0.04000000 0.00000000 2261.63751493 58713.83197494 
-0.02000000 0.00000000 2279.84210247 58750.04383512 
0.00000000 0.00000000 2281.05282937 58750.26533682 
0.02000000 0.00000000 2282.31560229 58750.48471635 
0.04000000 0.00000000 2283.68455786 58750.94947422 
0.06000000 0.00000000 2281.64340423 58741.01841556 
0.08000000 0.00000000 2285.40212222 58748.61947812 
0.10000000 0.00000000 2286.70345930 58749.01463448 
0.12000000 0.00000000 2288.02202995 58749.74692233 
0.14000000 0.00000000 2247.40702858 58993.09416863 
0.16000000 0.00000000 2253.51601343 58984.25102343 
0.18000000 0.00000000 2291.49789843 58752.23240365 
0.20000000 0.00000000 2292.46563336 58752.92497281 
0.22000000 0.00000000 2293.42765009 58753.85161189 
0.24000000 0.00000000 2294.36049281 58754.85851616 
0.26000000 0.00000000 2295.89849061 58759.32575650 
0.28000000 0.00000000 2296.74698813 58760.43869923 
0.30000000 0.00000000 2297.55059056 58761.55396538 
0.32000000 0.00000000 2298.28763047 58762.64112435 
0.34000000 0.00000000 2298.92524156 58763.63428337 
0.36000000 0.00000000 2299.41793148 58764.39128107 
0.38000000 0.00000000 2299.74713464 58764.93356618 
0.40000000 0.00000000 2153.76735910 59046.62253542 
0.42000000 0.00000000 2153.98801207 59046.66417653 
0.44000000 0.00000000 2299.52742630 58764.64058439 
0.46000000 0.00000000 2299.04905511 58763.90243109 
0.48000000 0.00000000 2298.40328632 58762.94322695 
0.50000000 0.00000000 2297.61165988 58761.76026830 
0.52000000 0.00000000 2296.71677186 58760.46682790 
0.54000000 0.00000000 2295.75813863 58759.15309247 
0.56000000 0.00000000 2294.76582062 58757.87322251 
0.58000000 0.00000000 2293.04965094 58753.23463141 
0.60000000 0.00000000 2292.00002731 58752.08587329 
0.62000000 0.00000000 2290.94448670 58751.02982028 
0.64000000 0.00000000 2289.86794217 58750.03619055 
0.66000000 0.00000000 2263.60451491 58967.18064647 
0.68000000 0.00000000 2260.24606084 58973.11070695 
0.70000000 0.00000000 2286.39846178 58747.41288952 
0.72000000 0.00000000 2285.12587579 58746.61138241 
0.74000000 0.00000000 2283.84710669 58746.00599181 
0.76000000 0.00000000 2282.47413759 58745.27420251 
0.78000000 0.00000000 2281.20715333 58744.96345200 
0.80000000 0.00000000 2279.84020897 58744.39940048 
0.82000000 0.00000000 2278.50790731 58743.91571027 
0.84000000 0.00000000 2277.25594295 58743.56549618 
0.86000000 0.00000000 2272.79676888 58735.76992435 
0.88000000 0.00000000 2271.58399695 58735.53931373 
0.90000000 0.00000000 2277.98985210 58752.35393831 
0.92000000 0.00000000 2286.08365463 58779.24643997 
0.94000000 0.00000000 2268.76445911 58735.40038202 
0.96000000 0.00000000 2268.10299563 58735.50465259 
0.98000000 0.00000000 2263.28803478 58728.13274063 

