-1.00000000 0.00000000 278.09017938 63815.22222282 
-0.98000000 0.00000000 278.15983967 63815.22443833 
-0.96000000 0.00000000 278.28892951 63815.22858077 
-0.94000000 0.00000000 269.03356402 63814.91992586 
-0.92000000 0.00000000 269.32804930 63814.92997075 
-0.90000000 0.00000000 284.57867605 63815.42827092 
-0.88000000 0.00000000 284.71129740 63815.43236642 
-0.86000000 0.00000000 284.86767942 63815.43719837 
-0.84000000 0.00000000 247.35760748 63814.12881576 
-0.82000000 0.00000000 247.35297995 63814.12859540 
-0.80000000 0.00000000 279.88736799 63815.27985405 
-0.78000000 0.00000000 287.44620157 63815.51653502 
-0.76000000 0.00000000 287.54055318 63815.51939252 
-0.74000000 0.00000000 287.61327867 63815.52158956 
-0.72000000 0.00000000 287.83547248 63815.52834379 
-0.70000000 0.00000000 279.68030446 63815.27308299 
-0.68000000 0.00000000 279.73449274 63815.27480653 
-0.66000000 0.00000000 247.93911509 63814.15098175 
-0.64000000 0.00000000 248.07642560 63814.15626658 
-0.62000000 0.00000000 279.79177437 63815.27662446 
-0.60000000 0.00000000 248.06301480 63814.15575466 
-0.58000000 0.00000000 247.89807272 63814.14940812 
-0.56000000 0.00000000 279.69284681 63815.27347565 
-0.54000000 0.00000000 287.84743688 63815.52869534 
-0.52000000 0.00000000 287.62948103 63815.52206777 
-0.50000000 0.00000000 287.56572207 63815.52014054 
-0.48000000 0.00000000 287.49927383 63815.51812991 
-0.46000000 0.00000000 287.40371820 63815.51522747 
-0.44000000 0.00000000 247.46847699 63814.13300664 
-0.42000000 0.00000000 247.41692052 63814.13103120 
-0.40000000 0.00000000 287.28029087 63815.51148654 
-0.38000000 0.00000000 287.25466476 63815.51070659 
-0.36000000 0.00000000 287.24690352 63815.51046972 
-0.34000000 0.00000000 287.24820033 63815.51050715 
-0.32000000 0.00000000 287.25668237 63815.51076230 
-0.30000000 0.00000000 246.63302309 63814.10065079 
-0.28000000 0.00000000 246.64474522 63814.10109670 
-0.26000000 0.00000000 287.30080797 63815.51209551 
-0.24000000 0.00000000 287.30508099 63815.51222299 
-0.22000000 0.00000000 287.29097912 63815.51179147 
-0.20000000 0.00000000 287.26999458 63815.51115326 
-0.18000000 0.00000000 246.52715497 63814.09653400 
-0.16000000 0.00000000 246.47245825 63814.09443107 
-0.14000000 0.00000000 287.03507168 63815.50400542 
-0.12000000 0.00000000 286.94259557 63815.50119900 
-0.10000000 0.00000000 286.77438329 63815.49607476 
-0.08000000 0.00000000 286.56799491 63815.48977916 
-0.06000000 0.00000000 245.81397470 63814.06907313 
-0.04000000 0.00000000 245.61222269 63814.06128935 
-0.02000000 0.00000000 285.24580746 63815.44914279 
0.00000000 0.00000000 284.99451862 63815.44141263 
0.02000000 0.00000000 284.68131723 63815.43174702 
0.04000000 0.00000000 284.44167304 63815.42435437 
0.06000000 0.00000000 277.37786538 63815.19932496 
0.08000000 0.00000000 281.92827295 63815.34555438 
0.10000000 0.00000000 281.49559818 63815.33189879 
0.12000000 0.00000000 281.27039907 63815.32480054 
0.14000000 0.00000000 310.11929541 63816.15741460 
0.16000000 0.00000000 309.96915978 63816.15354414 
0.18000000 0.00000000 280.82435306 63815.31073177 
0.20000000 0.00000000 280.57970968 63815.30295845 
0.22000000 0.00000000 280.47529464 63815.29965004 
0.24000000 0.00000000 280.39628892 63815.29714725 
0.26000000 0.00000000 282.56923360 63815.36614214 
0.28000000 0.00000000 282.51134275 63815.36433160 
0.30000000 0.00000000 282.45282322 63815.36249809 
0.32000000 0.00000000 282.40784416 63815.36108904 
0.34000000 0.00000000 282.37828258 63815.36016419 
0.36000000 0.00000000 282.32263327 63815.35841359 
0.38000000 0.00000000 282.29918107 63815.35767713 
0.40000000 0.00000000 311.60309344 63816.19579389 
0.42000000 0.00000000 311.60082962 63816.19573591 
0.44000000 0.00000000 282.29720042 63815.35761451 
0.46000000 0.00000000 282.31839572 63815.35827998 
0.48000000 0.00000000 282.36648450 63815.35979278 
0.50000000 0.00000000 282.39347268 63815.36063810 
0.52000000 0.00000000 282.42084649 63815.36149456 
0.54000000 0.00000000 282.45943765 63815.36270403 
0.56000000 0.00000000 282.50659678 63815.36418280 
0.58000000 0.00000000 280.29558055 63815.29395167 
0.60000000 0.00000000 280.34121648 63815.29540051 
0.62000000 0.00000000 280.39655479 63815.29715782 
0.64000000 0.00000000 280.44797054 63815.29878749 
0.66000000 0.00000000 309.61851753 63816.14448545 
0.68000000 0.00000000 309.73643054 63816.14754390 
0.70000000 0.00000000 280.68326198 63815.30624571 
0.72000000 0.00000000 280.78346517 63815.30941793 
0.74000000 0.00000000 281.00154344 63815.31634007 
0.76000000 0.00000000 281.11390287 63815.31988679 
0.78000000 0.00000000 281.46841443 63815.33112247 
0.80000000 0.00000000 281.61423799 63815.33571517 
0.82000000 0.00000000 281.75991061 63815.34029669 
0.84000000 0.00000000 281.93085881 63815.34567237 
0.86000000 0.00000000 276.77020820 63815.17954989 
0.88000000 0.00000000 276.93709195 63815.18495991 
0.90000000 0.00000000 287.20155772 63815.50959368 
0.92000000 0.00000000 295.64408654 63815.76056989 
0.94000000 0.00000000 277.43129233 63815.20094213 
0.96000000 0.00000000 277.59469759 63815.20621525 
0.98000000 0.00000000 270.91701680 63814.98432774 

