-1.00000000 0.00000000 -1205.49941216 60264.63067067 
-0.98000000 0.00000000 -1207.98416249 60263.50455938 
-0.96000000 0.00000000 -1209.28770312 60262.40733163 
-0.94000000 0.00000000 -1284.34449186 60275.68145820 
-0.92000000 0.00000000 -1284.21015940 60274.58878530 
-0.90000000 0.00000000 -1148.53324643 60242.60498389 
-0.88000000 0.00000000 -1147.51285645 60241.84920765 
-0.86000000 0.00000000 -1146.01444741 60241.04178224 
-0.84000000 0.00000000 -1404.35739706 60281.80136735 
-0.82000000 0.00000000 -1405.25537869 60281.30708456 
-0.80000000 0.00000000 -1200.69533094 60256.02259307 
-0.78000000 0.00000000 -1114.20504358 60228.97518078 
-0.76000000 0.00000000 -1113.04616944 60228.38635864 
-0.74000000 0.00000000 -1112.18046987 60227.91280966 
-0.72000000 0.00000000 -1109.28269011 60226.66281966 
-0.70000000 0.00000000 -1204.07359794 60255.88017295 
-0.68000000 0.00000000 -1203.63101828 60255.70008830 
-0.66000000 0.00000000 -1407.79027883 60278.65037493 
-0.64000000 0.00000000 -1406.87480972 60278.81954744 
-0.62000000 0.00000000 -1202.26562677 60255.75985129 
-0.60000000 0.00000000 -1404.88343002 60279.85211837 
-0.58000000 0.00000000 -1403.86403588 60280.71493248 
-0.56000000 0.00000000 -1200.45413801 60256.80828993 
-0.54000000 0.00000000 -1105.60268931 60227.12918135 
-0.52000000 0.00000000 -1107.56063997 60228.49504806 
-0.50000000 0.00000000 -1107.43677566 60229.04024242 
-0.48000000 0.00000000 -1107.38014669 60229.59233938 
-0.46000000 0.00000000 -1107.77073367 60230.28096528 
-0.44000000 0.00000000 -1389.33171786 60288.72478316 
-0.42000000 0.00000000 -1387.91284129 60289.52667800 
-0.40000000 0.00000000 -1107.58451109 60231.33940236 
-0.38000000 0.00000000 -1107.62893691 60231.55415838 
-0.36000000 0.00000000 -1107.59022567 60231.65080495 
-0.34000000 0.00000000 -1107.55766653 60231.68053905 
-0.32000000 0.00000000 -1107.51991105 60231.66049879 
-0.30000000 0.00000000 -1388.47399690 60291.18073638 
-0.28000000 0.00000000 -1388.62210476 60291.16769234 
-0.26000000 0.00000000 -1107.16629598 60231.52754609 
-0.24000000 0.00000000 -1106.94929775 60231.58598035 
-0.22000000 0.00000000 -1106.70407725 60231.78757294 
-0.20000000 0.00000000 -1106.16811145 60232.08724563 
-0.18000000 0.00000000 -1383.74999753 60294.13110608 
-0.16000000 0.00000000 -1380.18386351 60295.95627652 
-0.14000000 0.00000000 -1103.26781856 60234.39099075 
-0.12000000 0.00000000 -1100.89795947 60235.43172532 
-0.10000000 0.00000000 -1098.46127784 60236.97261689 
-0.08000000 0.00000000 -1095.39212823 60238.80649661 
-0.06000000 0.00000000 -1338.82740248 60314.98049258 
-0.04000000 0.00000000 -1325.16812152 60320.60746533 
-0.02000000 0.00000000 -1086.91114365 60248.28485844 
0.00000000 0.00000000 -1079.88952306 60250.45837994 
0.02000000 0.00000000 -1072.74121650 60252.86975657 
0.04000000 0.00000000 -1064.40727663 60254.77982863 
0.06000000 0.00000000 -1107.76276868 60285.78274474 
0.08000000 0.00000000 -1063.66052332 60268.25977228 
0.10000000 0.00000000 -1056.21624992 60270.67297853 
0.12000000 0.00000000 -1047.71343983 60271.94676119 
0.14000000 0.00000000 -525.56193327 59208.08164451 
0.16000000 0.00000000 -532.75661510 59264.12967218 
0.18000000 0.00000000 -1024.43648701 60273.80715172 
0.20000000 0.00000000 -1018.35978472 60274.65397512 
0.22000000 0.00000000 -1011.74882276 60274.71880926 
0.24000000 0.00000000 -1005.21664021 60274.55455001 
0.26000000 0.00000000 -985.16326960 60262.47551848 
0.28000000 0.00000000 -979.07505514 60261.92731239 
0.30000000 0.00000000 -973.27037516 60261.32988611 
0.32000000 0.00000000 -967.85920622 60260.65266618 
0.34000000 0.00000000 -963.09608207 60259.95159156 
0.36000000 0.00000000 -959.51970564 60259.54264561 
0.38000000 0.00000000 -957.05140167 60259.16932688 
0.40000000 0.00000000 -520.34825113 58341.04847349 
0.42000000 0.00000000 -520.09897563 58343.43929919 
0.44000000 0.00000000 -958.68522448 60259.44308263 
0.46000000 0.00000000 -962.25689691 60259.99293671 
0.48000000 0.00000000 -966.97473028 60260.59300613 
0.50000000 0.00000000 -972.84834116 60261.43401146 
0.52000000 0.00000000 -979.44376920 60262.31013768 
0.54000000 0.00000000 -986.40481171 60263.09089276 
0.56000000 0.00000000 -993.51308063 60263.74131684 
0.58000000 0.00000000 -1014.87744856 60275.80054940 
0.60000000 0.00000000 -1022.28629644 60276.08884244 
0.62000000 0.00000000 -1029.65761549 60276.19819328 
0.64000000 0.00000000 -1037.16191669 60276.19362670 
0.66000000 0.00000000 -550.71163299 59371.44218165 
0.68000000 0.00000000 -545.40754979 59339.13892878 
0.70000000 0.00000000 -1060.93149431 60274.99182216 
0.72000000 0.00000000 -1069.54663625 60274.19500282 
0.74000000 0.00000000 -1077.70350401 60272.72196472 
0.76000000 0.00000000 -1086.91014433 60271.54013430 
0.78000000 0.00000000 -1094.33827344 60269.17586566 
0.80000000 0.00000000 -1103.28333562 60267.55288620 
0.82000000 0.00000000 -1111.95508078 60265.80685090 
0.84000000 0.00000000 -1119.93446252 60263.87313677 
0.86000000 0.00000000 -1171.18097574 60279.13100522 
0.88000000 0.00000000 -1179.10573937 60276.71184505 
0.90000000 0.00000000 -1089.01380452 60236.37725182 
0.92000000 0.00000000 -970.86179625 60163.77574285 
0.94000000 0.00000000 -1197.22624724 60270.10902880 
0.96000000 0.00000000 -1201.35259597 60268.22729006 
0.98000000 0.00000000 -1257.61405357 60278.65046240 

