-1.00000000 0.00000000 -1679.80364197 58760.69785794 
-0.98000000 0.00000000 -1679.50705817 58759.57655475 
-0.96000000 0.00000000 -1679.16631104 58759.03011584 
-0.94000000 0.00000000 -1686.43993291 58725.43088117 
-0.92000000 0.00000000 -1686.05948419 58725.53748803 
-0.90000000 0.00000000 -1670.40702886 58788.21278981 
-0.88000000 0.00000000 -1670.07103532 58788.82293847 
-0.86000000 0.00000000 -1669.70632219 58789.66089158 
-0.84000000 0.00000000 -1694.07916472 58676.28785625 
-0.82000000 0.00000000 -1693.96996201 58675.96580532 
-0.80000000 0.00000000 -1676.46473505 58763.70875691 
-0.78000000 0.00000000 -1664.54054323 58805.77426059 
-0.76000000 0.00000000 -1664.28589458 58806.41790899 
-0.74000000 0.00000000 -1664.08428967 58806.90429415 
-0.72000000 0.00000000 -1663.56610103 58808.40486690 
-0.70000000 0.00000000 -1676.50420587 58762.32331978 
-0.68000000 0.00000000 -1676.43007490 58762.54361814 
-0.66000000 0.00000000 -1693.36863559 58675.01297129 
-0.64000000 0.00000000 -1693.37195538 58675.37930430 
-0.62000000 0.00000000 -1676.40564485 58763.17782381 
-0.60000000 0.00000000 -1693.55628461 58676.21059162 
-0.58000000 0.00000000 -1693.73911224 58676.65507848 
-0.56000000 0.00000000 -1676.67869903 58763.96851743 
-0.54000000 0.00000000 -1663.65551325 58810.11184465 
-0.52000000 0.00000000 -1664.18396910 58809.06112991 
-0.50000000 0.00000000 -1664.37685669 58809.05749847 
-0.48000000 0.00000000 -1664.57514548 58809.01808787 
-0.46000000 0.00000000 -1664.83319518 58808.75359266 
-0.44000000 0.00000000 -1695.13950810 58682.77070096 
-0.42000000 0.00000000 -1695.29022092 58683.35431776 
-0.40000000 0.00000000 -1665.24525205 58808.64561547 
-0.38000000 0.00000000 -1665.34629110 58808.55624313 
-0.36000000 0.00000000 -1665.40983140 58808.50753066 
-0.34000000 0.00000000 -1665.45594506 58808.45365630 
-0.32000000 0.00000000 -1665.49030432 58808.39943275 
-0.30000000 0.00000000 -1695.94027328 58682.93750138 
-0.28000000 0.00000000 -1695.99764531 58682.80947410 
-0.26000000 0.00000000 -1665.59072825 58808.33796805 
-0.24000000 0.00000000 -1665.66234478 58808.36463432 
-0.22000000 0.00000000 -1665.78118365 58808.40935525 
-0.20000000 0.00000000 -1665.92107526 58808.61051703 
-0.18000000 0.00000000 -1696.86696225 58684.71497945 
-0.16000000 0.00000000 -1697.23382184 58686.28845477 
-0.14000000 0.00000000 -1666.70709218 58810.00482018 
-0.12000000 0.00000000 -1666.97891040 58811.25580949 
-0.10000000 0.00000000 -1667.38135051 58812.60169019 
-0.08000000 0.00000000 -1667.82229156 58814.33725243 
-0.06000000 0.00000000 -1700.21693096 58705.55077117 
-0.04000000 0.00000000 -1700.91196420 58712.13506743 
-0.02000000 0.00000000 -1670.14030248 58819.70913410 
0.00000000 0.00000000 -1670.36449013 58823.77371918 
0.02000000 0.00000000 -1670.60705071 58827.98316521 
0.04000000 0.00000000 -1670.61350634 58832.84918451 
0.06000000 0.00000000 -1680.85147025 58812.70777630 
0.08000000 0.00000000 -1673.87416228 58834.87841755 
0.10000000 0.00000000 -1673.93606826 58839.41184790 
0.12000000 0.00000000 -1673.61975466 58844.45508636 
0.14000000 0.00000000 -1361.47289282 59073.27506484 
0.16000000 0.00000000 -1375.26960710 59076.89199214 
0.18000000 0.00000000 -1672.14314813 58858.40618978 
0.20000000 0.00000000 -1671.73954151 58862.23396342 
0.22000000 0.00000000 -1671.07143644 58866.33913087 
0.24000000 0.00000000 -1670.30697924 58870.43569112 
0.26000000 0.00000000 -1665.75889103 58881.14043298 
0.28000000 0.00000000 -1664.84237597 58885.07198216 
0.30000000 0.00000000 -1663.90887810 58888.85790260 
0.32000000 0.00000000 -1662.98152038 58892.40318243 
0.34000000 0.00000000 -1662.12032114 58895.53175955 
0.36000000 0.00000000 -1661.47028889 58897.92454562 
0.38000000 0.00000000 -1660.99554872 58899.56880012 
0.40000000 0.00000000 -1227.59470561 58910.50166932 
0.42000000 0.00000000 -1227.76488870 58911.12648243 
0.44000000 0.00000000 -1661.25585883 58898.53351432 
0.46000000 0.00000000 -1661.90229936 58896.19083685 
0.48000000 0.00000000 -1662.72799709 58893.07992653 
0.50000000 0.00000000 -1663.74733398 58889.24852431 
0.52000000 0.00000000 -1664.84778925 58884.96684926 
0.54000000 0.00000000 -1665.94350088 58880.46429440 
0.56000000 0.00000000 -1666.98721514 58875.89360612 
0.58000000 0.00000000 -1671.63755997 58864.43073355 
0.60000000 0.00000000 -1672.50537700 58859.80784760 
0.62000000 0.00000000 -1673.27059711 58855.26123058 
0.64000000 0.00000000 -1673.96204936 58850.70214126 
0.66000000 0.00000000 -1401.50774504 59080.03614706 
0.68000000 0.00000000 -1392.83541383 59079.39085498 
0.70000000 0.00000000 -1675.55173166 58836.60307643 
0.72000000 0.00000000 -1675.95035647 58831.59961331 
0.74000000 0.00000000 -1676.12105702 58826.83169632 
0.76000000 0.00000000 -1676.38923349 58821.58058016 
0.78000000 0.00000000 -1676.22449348 58817.22738499 
0.80000000 0.00000000 -1676.29418187 58812.19620515 
0.82000000 0.00000000 -1676.28149652 58807.36711396 
0.84000000 0.00000000 -1676.14877375 58802.95511971 
0.86000000 0.00000000 -1682.70064910 58778.16295883 
0.88000000 0.00000000 -1682.39293724 58773.99542150 
0.90000000 0.00000000 -1666.90693676 58817.21908266 
0.92000000 0.00000000 -1640.23545556 58879.20538296 
0.94000000 0.00000000 -1681.23197247 58764.72286232 
0.96000000 0.00000000 -1680.81111719 58762.68838892 
0.98000000 0.00000000 -1686.28881302 58737.19524596 

