-1.00000000 0.00000000 -2988.52048122 56039.70761743 
-0.98000000 0.00000000 -2985.99350562 56039.34046949 
-0.96000000 0.00000000 -2987.29347415 56043.12565491 
-0.94000000 0.00000000 -2615.17362608 55684.65732513 
-0.92000000 0.00000000 -2622.53687826 55691.59177932 
-0.90000000 0.00000000 -3264.73241838 56463.56813343 
-0.88000000 0.00000000 -3270.24453060 56474.68655477 
-0.86000000 0.00000000 -3277.15019824 56488.33638973 
-0.84000000 0.00000000 -2000.75561122 55390.90621998 
-0.82000000 0.00000000 -1999.38231503 55391.10470312 
-0.80000000 0.00000000 -3048.50951628 56127.89571152 
-0.78000000 0.00000000 -3393.90579586 56738.71223752 
-0.76000000 0.00000000 -3398.12252990 56749.32495467 
-0.74000000 0.00000000 -3401.34803854 56757.60363109 
-0.72000000 0.00000000 -3411.10900847 56782.20105459 
-0.70000000 0.00000000 -3037.77377551 56115.41812642 
-0.68000000 0.00000000 -3040.17656013 56118.70825988 
-0.66000000 0.00000000 -2004.28890186 55395.29578748 
-0.64000000 0.00000000 -2007.85440515 55395.98345836 
-0.62000000 0.00000000 -3044.46941048 56123.70736900 
-0.60000000 0.00000000 -2011.06366340 55395.61445273 
-0.58000000 0.00000000 -2010.40802300 55394.47316737 
-0.56000000 0.00000000 -3045.18973637 56122.05163632 
-0.54000000 0.00000000 -3417.42435401 56792.86223982 
-0.52000000 0.00000000 -3409.38348613 56770.98011116 
-0.50000000 0.00000000 -3408.04455380 56766.00575405 
-0.48000000 0.00000000 -3406.53960337 56760.69435162 
-0.46000000 0.00000000 -3403.67250072 56752.17917417 
-0.44000000 0.00000000 -2029.10683889 55389.79114684 
-0.42000000 0.00000000 -2030.77349947 55389.27474739 
-0.40000000 0.00000000 -3401.00178313 56742.55342246 
-0.38000000 0.00000000 -3400.32662745 56740.37008889 
-0.36000000 0.00000000 -3400.20388712 56739.75899429 
-0.34000000 0.00000000 -3400.28640257 56739.83779139 
-0.32000000 0.00000000 -3400.54378525 56740.47864190 
-0.30000000 0.00000000 -2017.77436145 55384.38202774 
-0.28000000 0.00000000 -2017.44829372 55384.41239594 
-0.26000000 0.00000000 -3402.06860250 56744.29470659 
-0.24000000 0.00000000 -3402.45114364 56744.95345362 
-0.22000000 0.00000000 -3402.42336548 56744.25695881 
-0.20000000 0.00000000 -3402.65824153 56743.69718123 
-0.18000000 0.00000000 -2022.67182376 55382.75197832 
-0.16000000 0.00000000 -2027.77482400 55381.93375606 
-0.14000000 0.00000000 -3401.20284858 56732.26167558 
-0.12000000 0.00000000 -3402.54737910 56730.87125482 
-0.10000000 0.00000000 -3402.25095902 56724.27155119 
-0.08000000 0.00000000 -3402.10472941 56716.71422519 
-0.06000000 0.00000000 -2091.23862084 55374.75174173 
-0.04000000 0.00000000 -2113.52675418 55373.35059183 
-0.02000000 0.00000000 -3384.84672495 56646.89065519 
0.00000000 0.00000000 -3390.63516965 56648.03977075 
0.02000000 0.00000000 -3395.44941514 56646.08275850 
0.04000000 0.00000000 -3404.10153408 56652.46359795 
0.06000000 0.00000000 -3162.81759923 56186.82007189 
0.08000000 0.00000000 -3350.25990259 56506.51660923 
0.10000000 0.00000000 -3354.39376345 56501.98150759 
0.12000000 0.00000000 -3365.18174386 56511.96063020 
0.14000000 0.00000000 -1359.30028450 61827.10562041 
0.16000000 0.00000000 -1447.66420537 61794.15826493 
0.18000000 0.00000000 -3399.00766685 56551.28765892 
0.20000000 0.00000000 -3405.48020397 56555.61068661 
0.22000000 0.00000000 -3415.84894049 56569.36098302 
0.24000000 0.00000000 -3426.64542359 56584.74415587 
0.26000000 0.00000000 -3502.93615259 56769.13385837 
0.28000000 0.00000000 -3512.61657440 56786.22184832 
0.30000000 0.00000000 -3521.80435631 56802.75466631 
0.32000000 0.00000000 -3530.53193047 56819.09346502 
0.34000000 0.00000000 -3538.37004523 56834.34823822 
0.36000000 0.00000000 -3543.71756614 56844.02040096 
0.38000000 0.00000000 -3547.65143864 56851.67693766 
0.40000000 0.00000000 -523.98368273 61919.50529945 
0.42000000 0.00000000 -525.42808035 61919.82351163 
0.44000000 0.00000000 -3544.84079878 56845.81287774 
0.46000000 0.00000000 -3538.97604563 56834.19340783 
0.48000000 0.00000000 -3531.52628229 56820.17446795 
0.50000000 0.00000000 -3521.68026848 56801.07129333 
0.52000000 0.00000000 -3510.52671891 56779.83717102 
0.54000000 0.00000000 -3498.87885011 56758.45380524 
0.56000000 0.00000000 -3487.09635080 56737.57948427 
0.58000000 0.00000000 -3406.21690841 56549.72480276 
0.60000000 0.00000000 -3392.94746850 56530.26193468 
0.62000000 0.00000000 -3379.98671574 56511.98708959 
0.64000000 0.00000000 -3366.74368872 56493.70460118 
0.66000000 0.00000000 -1635.98499375 61708.66666076 
0.68000000 0.00000000 -1576.39199291 61736.71655269 
0.70000000 0.00000000 -3326.64049293 56442.84248973 
0.72000000 0.00000000 -3312.55007311 56426.23353924 
0.74000000 0.00000000 -3302.03509974 56417.24326060 
0.76000000 0.00000000 -3287.29302139 56400.79139072 
0.78000000 0.00000000 -3281.58329125 56401.45094616 
0.80000000 0.00000000 -3268.39805490 56388.29945848 
0.82000000 0.00000000 -3255.84990831 56376.28252922 
0.84000000 0.00000000 -3245.33491345 56367.60993141 
0.86000000 0.00000000 -3020.10675007 56040.79035994 
0.88000000 0.00000000 -3008.71439276 56034.25266106 
0.90000000 0.00000000 -3423.21328737 56767.04551404 
0.92000000 0.00000000 -3663.29364135 57957.56178593 
0.94000000 0.00000000 -2986.44067282 56025.32909870 
0.96000000 0.00000000 -2982.96142754 56025.72950601 
0.98000000 0.00000000 -2709.11500349 55750.18600088 

