-1.00000000 0.00000000 2765.89087207 59232.76317273 
-0.98000000 0.00000000 2766.40905857 59228.97325731 
-0.96000000 0.00000000 2766.35345059 59226.88930171 
-0.94000000 0.00000000 2808.31118351 59125.06953662 
-0.92000000 0.00000000 2807.57227660 59125.02100379 
-0.90000000 0.00000000 2724.15967880 59309.32350998 
-0.88000000 0.00000000 2723.10499470 59310.68924605 
-0.86000000 0.00000000 2721.77354107 59312.73066485 
-0.84000000 0.00000000 2859.60520843 58965.71682415 
-0.82000000 0.00000000 2859.62377720 58964.45393623 
-0.80000000 0.00000000 2757.99051879 59238.01435455 
-0.78000000 0.00000000 2697.46159018 59356.21154318 
-0.76000000 0.00000000 2696.44223646 59357.80134849 
-0.74000000 0.00000000 2695.65812172 59358.98590294 
-0.72000000 0.00000000 2693.31096953 59362.93723303 
-0.70000000 0.00000000 2759.43730127 59233.32702714 
-0.68000000 0.00000000 2759.11217484 59233.92675412 
-0.66000000 0.00000000 2859.00246714 58960.60179580 
-0.64000000 0.00000000 2858.76484342 58961.84121797 
-0.62000000 0.00000000 2758.48685818 59235.88783089 
-0.60000000 0.00000000 2858.61119782 58964.71250570 
-0.58000000 0.00000000 2858.71385678 58966.27215186 
-0.56000000 0.00000000 2758.23172270 59238.67512396 
-0.54000000 0.00000000 2691.61519576 59368.31785214 
-0.52000000 0.00000000 2693.52113885 59365.74832794 
-0.50000000 0.00000000 2693.80130201 59366.01232318 
-0.48000000 0.00000000 2694.12434970 59366.17904088 
-0.46000000 0.00000000 2694.77454271 59365.72790005 
-0.44000000 0.00000000 2857.71456381 58987.41240869 
-0.42000000 0.00000000 2857.63313040 58989.47971161 
-0.40000000 0.00000000 2695.40406647 59366.11660670 
-0.38000000 0.00000000 2695.59856174 59366.06038215 
-0.36000000 0.00000000 2695.68280485 59366.09734510 
-0.34000000 0.00000000 2695.73624557 59366.10923389 
-0.32000000 0.00000000 2695.76293124 59366.11612059 
-0.30000000 0.00000000 2858.98739029 58989.02938586 
-0.28000000 0.00000000 2859.10198626 58988.79521802 
-0.26000000 0.00000000 2695.69526844 59366.46449378 
-0.24000000 0.00000000 2695.68208676 59366.75067726 
-0.22000000 0.00000000 2695.73370857 59367.11637705 
-0.20000000 0.00000000 2695.67351233 59367.93719287 
-0.18000000 0.00000000 2859.20050919 58995.97957027 
-0.16000000 0.00000000 2858.86752592 59001.24789466 
-0.14000000 0.00000000 2695.47252845 59372.72257071 
-0.12000000 0.00000000 2694.71406030 59376.48356013 
-0.10000000 0.00000000 2694.15011522 59380.50542527 
-0.08000000 0.00000000 2693.33329974 59385.56908511 
-0.06000000 0.00000000 2852.32189161 59062.88777860 
-0.04000000 0.00000000 2849.38521902 59083.40650328 
-0.02000000 0.00000000 2693.04371697 59401.04033905 
0.00000000 0.00000000 2689.81468314 59412.17910240 
0.02000000 0.00000000 2686.53038110 59423.61374683 
0.04000000 0.00000000 2682.16991069 59436.68676477 
0.06000000 0.00000000 2723.12489973 59382.39991220 
0.08000000 0.00000000 2687.80253136 59442.27364306 
0.10000000 0.00000000 2684.03141925 59454.25173637 
0.12000000 0.00000000 2678.96623150 59467.45640300 
0.14000000 0.00000000 1786.82799999 59786.20731103 
0.16000000 0.00000000 1814.22848945 59804.24213960 
0.18000000 0.00000000 2663.80928498 59503.19246923 
0.20000000 0.00000000 2659.82057853 59512.70090070 
0.22000000 0.00000000 2655.03850055 59522.77054582 
0.24000000 0.00000000 2650.12092298 59532.66773178 
0.26000000 0.00000000 2630.31773642 59558.85630629 
0.28000000 0.00000000 2625.30992358 59567.98421875 
0.30000000 0.00000000 2620.42799986 59576.67421539 
0.32000000 0.00000000 2615.76828278 59584.73974267 
0.34000000 0.00000000 2611.57949364 59591.80560262 
0.36000000 0.00000000 2608.44013550 59597.15905539 
0.38000000 0.00000000 2606.22392040 59600.82148953 
0.40000000 0.00000000 1529.69678531 59363.20942341 
0.42000000 0.00000000 1530.05128172 59364.62083417 
0.44000000 0.00000000 2607.65097474 59598.42074305 
0.46000000 0.00000000 2610.81851004 59593.13186584 
0.48000000 0.00000000 2614.93259902 59586.09639426 
0.50000000 0.00000000 2620.03575309 59577.37365743 
0.52000000 0.00000000 2625.67185181 59567.55694768 
0.54000000 0.00000000 2631.48402861 59557.14989973 
0.56000000 0.00000000 2637.26920841 59546.48119075 
0.58000000 0.00000000 2657.86579581 59518.27269855 
0.60000000 0.00000000 2663.41173968 59507.06403492 
0.62000000 0.00000000 2668.74324551 59495.87909107 
0.64000000 0.00000000 2674.00565431 59484.48583413 
0.66000000 0.00000000 1870.59353610 59832.77561550 
0.68000000 0.00000000 1852.86745455 59824.52972009 
0.70000000 0.00000000 2689.47402216 59448.19664462 
0.72000000 0.00000000 2694.69535092 59434.98893834 
0.74000000 0.00000000 2699.21788444 59422.27006653 
0.76000000 0.00000000 2704.41970993 59408.11571090 
0.78000000 0.00000000 2707.87851080 59396.25524473 
0.80000000 0.00000000 2712.49447665 59382.42331413 
0.82000000 0.00000000 2716.77485393 59369.00295283 
0.84000000 0.00000000 2720.45239761 59356.59477780 
0.86000000 0.00000000 2756.23041546 59286.37805961 
0.88000000 0.00000000 2759.17513706 59274.11337269 
0.90000000 0.00000000 2688.55578454 59393.97973954 
0.92000000 0.00000000 2575.56163181 59548.97392958 
0.94000000 0.00000000 2764.92883021 59246.02727209 
0.96000000 0.00000000 2765.93023738 59239.60167485 
0.98000000 0.00000000 2798.26782790 59162.91416277 

