-1.00000000 0.00000000 314.49885113 63780.01772373 
-0.98000000 0.00000000 314.49885107 63780.01772372 
-0.96000000 0.00000000 314.49885059 63780.01772371 
-0.94000000 0.00000000 314.49891384 63780.01772530 
-0.92000000 0.00000000 314.49891219 63780.01772526 
-0.90000000 0.00000000 314.49880889 63780.01772266 
-0.88000000 0.00000000 314.49880830 63780.01772265 
-0.86000000 0.00000000 314.49880752 63780.01772263 
-0.84000000 0.00000000 314.49906264 63780.01772904 
-0.82000000 0.00000000 314.49906293 63780.01772905 
-0.80000000 0.00000000 314.49884213 63780.01772350 
-0.78000000 0.00000000 314.49879102 63780.01772222 
-0.76000000 0.00000000 314.49879061 63780.01772221 
-0.74000000 0.00000000 314.49879035 63780.01772220 
-0.72000000 0.00000000 314.49878904 63780.01772217 
-0.70000000 0.00000000 314.49884463 63780.01772356 
-0.68000000 0.00000000 314.49884441 63780.01772356 
-0.66000000 0.00000000 314.49906055 63780.01772899 
-0.64000000 0.00000000 314.49905967 63780.01772897 
-0.62000000 0.00000000 314.49884419 63780.01772355 
-0.60000000 0.00000000 314.49905971 63780.01772897 
-0.58000000 0.00000000 314.49906073 63780.01772899 
-0.56000000 0.00000000 314.49884456 63780.01772356 
-0.54000000 0.00000000 314.49878898 63780.01772216 
-0.52000000 0.00000000 314.49879026 63780.01772220 
-0.50000000 0.00000000 314.49879049 63780.01772220 
-0.48000000 0.00000000 314.49879073 63780.01772221 
-0.46000000 0.00000000 314.49879120 63780.01772222 
-0.44000000 0.00000000 314.49906237 63780.01772903 
-0.42000000 0.00000000 314.49906259 63780.01772904 
-0.40000000 0.00000000 314.49879166 63780.01772223 
-0.38000000 0.00000000 314.49879178 63780.01772223 
-0.36000000 0.00000000 314.49879182 63780.01772224 
-0.34000000 0.00000000 314.49879182 63780.01772224 
-0.32000000 0.00000000 314.49879179 63780.01772224 
-0.30000000 0.00000000 314.49906785 63780.01772917 
-0.28000000 0.00000000 314.49906782 63780.01772917 
-0.26000000 0.00000000 314.49879163 63780.01772223 
-0.24000000 0.00000000 314.49879163 63780.01772223 
-0.22000000 0.00000000 314.49879172 63780.01772223 
-0.20000000 0.00000000 314.49879182 63780.01772224 
-0.18000000 0.00000000 314.49906854 63780.01772919 
-0.16000000 0.00000000 314.49906876 63780.01772919 
-0.14000000 0.00000000 314.49879294 63780.01772226 
-0.12000000 0.00000000 314.49879328 63780.01772227 
-0.10000000 0.00000000 314.49879405 63780.01772229 
-0.08000000 0.00000000 314.49879501 63780.01772232 
-0.06000000 0.00000000 314.49907140 63780.01772926 
-0.04000000 0.00000000 314.49907219 63780.01772928 
-0.02000000 0.00000000 314.49880228 63780.01772250 
0.00000000 0.00000000 314.49880332 63780.01772252 
0.02000000 0.00000000 314.49880476 63780.01772256 
0.04000000 0.00000000 314.49880570 63780.01772258 
0.06000000 0.00000000 314.49885301 63780.01772377 
0.08000000 0.00000000 314.49882144 63780.01772298 
0.10000000 0.00000000 314.49882377 63780.01772304 
0.12000000 0.00000000 314.49882474 63780.01772306 
0.14000000 0.00000000 314.49862824 63780.01771813 
0.16000000 0.00000000 314.49862883 63780.01771815 
0.18000000 0.00000000 314.49882646 63780.01772310 
0.20000000 0.00000000 314.49882780 63780.01772314 
0.22000000 0.00000000 314.49882825 63780.01772315 
0.24000000 0.00000000 314.49882856 63780.01772316 
0.26000000 0.00000000 314.49881361 63780.01772278 
0.28000000 0.00000000 314.49881385 63780.01772279 
0.30000000 0.00000000 314.49881411 63780.01772279 
0.32000000 0.00000000 314.49881431 63780.01772280 
0.34000000 0.00000000 314.49881442 63780.01772280 
0.36000000 0.00000000 314.49881473 63780.01772281 
0.38000000 0.00000000 314.49881484 63780.01772281 
0.40000000 0.00000000 314.49861573 63780.01771782 
0.42000000 0.00000000 314.49861575 63780.01771782 
0.44000000 0.00000000 314.49881486 63780.01772281 
0.46000000 0.00000000 314.49881475 63780.01772281 
0.48000000 0.00000000 314.49881449 63780.01772280 
0.50000000 0.00000000 314.49881438 63780.01772280 
0.52000000 0.00000000 314.49881428 63780.01772280 
0.54000000 0.00000000 314.49881411 63780.01772279 
0.56000000 0.00000000 314.49881389 63780.01772279 
0.58000000 0.00000000 314.49882902 63780.01772317 
0.60000000 0.00000000 314.49882883 63780.01772316 
0.62000000 0.00000000 314.49882859 63780.01772316 
0.64000000 0.00000000 314.49882839 63780.01772315 
0.66000000 0.00000000 314.49863039 63780.01771819 
0.68000000 0.00000000 314.49862979 63780.01771817 
0.70000000 0.00000000 314.49882741 63780.01772313 
0.72000000 0.00000000 314.49882700 63780.01772312 
0.74000000 0.00000000 314.49882582 63780.01772309 
0.76000000 0.00000000 314.49882540 63780.01772308 
0.78000000 0.00000000 314.49882335 63780.01772303 
0.80000000 0.00000000 314.49882275 63780.01772301 
0.82000000 0.00000000 314.49882217 63780.01772300 
0.84000000 0.00000000 314.49882144 63780.01772298 
0.86000000 0.00000000 314.49885694 63780.01772387 
0.88000000 0.00000000 314.49885626 63780.01772385 
0.90000000 0.00000000 314.49878698 63780.01772212 
0.92000000 0.00000000 314.49873008 63780.01772069 
0.94000000 0.00000000 314.49885428 63780.01772380 
0.96000000 0.00000000 314.49885362 63780.01772379 
0.98000000 0.00000000 314.49889944 63780.01772494 

