-1.00000000 0.00000000 -1460.92027962 58909.89365282 
-0.98000000 0.00000000 -1461.27887807 58909.45672131 
-0.96000000 0.00000000 -1461.45687533 58909.05960627 
-0.94000000 0.00000000 -1471.53177339 58911.53822627 
-0.92000000 0.00000000 -1471.50875944 58911.19831069 
-0.90000000 0.00000000 -1452.74124953 58904.98510643 
-0.88000000 0.00000000 -1452.55076060 58904.76099855 
-0.86000000 0.00000000 -1452.29131956 58904.54465121 
-0.84000000 0.00000000 -1486.33784830 58913.18106784 
-0.82000000 0.00000000 -1486.43693084 58913.05305611 
-0.80000000 0.00000000 -1460.02944277 58907.18052500 
-0.78000000 0.00000000 -1447.45073491 58902.15145242 
-0.76000000 0.00000000 -1447.25300301 58902.01352984 
-0.74000000 0.00000000 -1447.10352511 58901.90075504 
-0.72000000 0.00000000 -1446.65300989 58901.64901765 
-0.70000000 0.00000000 -1460.43132830 58907.03699505 
-0.68000000 0.00000000 -1460.36445752 58906.99866250 
-0.66000000 0.00000000 -1486.74836338 58912.43019734 
-0.64000000 0.00000000 -1486.63343057 58912.47087022 
-0.62000000 0.00000000 -1460.16849128 58907.06542579 
-0.60000000 0.00000000 -1486.36018769 58912.72406465 
-0.58000000 0.00000000 -1486.20797436 58912.93623412 
-0.56000000 0.00000000 -1459.91588781 58907.43337671 
-0.54000000 0.00000000 -1446.13166326 58902.01686237 
-0.52000000 0.00000000 -1446.44288781 58902.35140042 
-0.50000000 0.00000000 -1446.44281434 58902.53517493 
-0.48000000 0.00000000 -1446.45409535 58902.71798772 
-0.46000000 0.00000000 -1446.53316416 58902.92099315 
-0.44000000 0.00000000 -1484.20328384 58914.83227509 
-0.42000000 0.00000000 -1484.01447534 58915.02809439 
-0.40000000 0.00000000 -1446.57471950 58903.29298753 
-0.38000000 0.00000000 -1446.60765449 58903.37287583 
-0.36000000 0.00000000 -1446.63014487 58903.42325221 
-0.34000000 0.00000000 -1446.65566035 58903.45593464 
-0.32000000 0.00000000 -1446.68249640 58903.47723922 
-0.30000000 0.00000000 -1484.15028278 58915.56443594 
-0.28000000 0.00000000 -1484.19832821 58915.60225587 
-0.26000000 0.00000000 -1446.73478065 58903.55623906 
-0.24000000 0.00000000 -1446.73579005 58903.62787774 
-0.22000000 0.00000000 -1446.72797730 58903.74869776 
-0.20000000 0.00000000 -1446.66822044 58903.91659558 
-0.18000000 0.00000000 -1483.57812566 58916.61083885 
-0.16000000 0.00000000 -1483.05382212 58917.12215042 
-0.14000000 0.00000000 -1446.19946468 58904.91249520 
-0.12000000 0.00000000 -1445.78387302 58905.38839729 
-0.10000000 0.00000000 -1445.32314480 58906.00844304 
-0.08000000 0.00000000 -1444.72858188 58906.73352457 
-0.06000000 0.00000000 -1476.63626045 58922.06471863 
-0.04000000 0.00000000 -1474.45701046 58923.48551193 
-0.02000000 0.00000000 -1442.77647366 58909.90494795 
0.00000000 0.00000000 -1441.42474344 58910.82986945 
0.02000000 0.00000000 -1440.02000915 58911.80431728 
0.04000000 0.00000000 -1438.41859725 58912.67586284 
0.06000000 0.00000000 -1444.02349847 58918.95851356 
0.08000000 0.00000000 -1437.43068287 58916.15081369 
0.10000000 0.00000000 -1435.92679612 58917.01867891 
0.12000000 0.00000000 -1434.28796519 58917.62731419 
0.14000000 0.00000000 -1373.33166467 58685.49159581 
0.16000000 0.00000000 -1371.54622319 58698.77356643 
0.18000000 0.00000000 -1429.77843449 58918.78848148 
0.20000000 0.00000000 -1428.52429486 58919.11701108 
0.22000000 0.00000000 -1427.19493876 58919.25258201 
0.24000000 0.00000000 -1425.86866483 58919.29979811 
0.26000000 0.00000000 -1422.69207196 58917.09150599 
0.28000000 0.00000000 -1421.41647249 58916.98532696 
0.30000000 0.00000000 -1420.18705939 58916.83879086 
0.32000000 0.00000000 -1419.03689733 58916.65531756 
0.34000000 0.00000000 -1418.02328785 58916.45632026 
0.36000000 0.00000000 -1417.24384324 58916.31295912 
0.38000000 0.00000000 -1416.71009402 58916.18877388 
0.40000000 0.00000000 -1440.03579946 58533.96822412 
0.42000000 0.00000000 -1439.78693015 58534.21583859 
0.44000000 0.00000000 -1417.04222791 58916.22153967 
0.46000000 0.00000000 -1417.80033605 58916.36573359 
0.48000000 0.00000000 -1418.81038885 58916.53090594 
0.50000000 0.00000000 -1420.05108027 58916.74118518 
0.52000000 0.00000000 -1421.43808452 58916.94617745 
0.54000000 0.00000000 -1422.89858900 58917.11090943 
0.56000000 0.00000000 -1424.38243600 58917.22037041 
0.58000000 0.00000000 -1427.80306214 58919.40864970 
0.60000000 0.00000000 -1429.30055153 58919.37045407 
0.62000000 0.00000000 -1430.77258944 58919.25546976 
0.64000000 0.00000000 -1432.24566447 58919.07426270 
0.66000000 0.00000000 -1369.62851782 58722.61775216 
0.68000000 0.00000000 -1370.16923447 58714.61378872 
0.70000000 0.00000000 -1436.79683236 58918.03715725 
0.72000000 0.00000000 -1438.41209312 58917.52979827 
0.74000000 0.00000000 -1439.96653438 58916.85708421 
0.76000000 0.00000000 -1441.66499986 58916.20299047 
0.78000000 0.00000000 -1443.10657416 58915.30055652 
0.80000000 0.00000000 -1444.74258594 58914.51533735 
0.82000000 0.00000000 -1446.31536793 58913.69611725 
0.84000000 0.00000000 -1447.75825301 58912.84086564 
0.86000000 0.00000000 -1455.16709337 58915.20272608 
0.88000000 0.00000000 -1456.53200301 58914.28517752 
0.90000000 0.00000000 -1443.91204483 58906.33198852 
0.92000000 0.00000000 -1425.75656639 58892.11792124 
0.94000000 0.00000000 -1459.57496959 58911.82270942 
0.96000000 0.00000000 -1460.24362375 58911.13159858 
0.98000000 0.00000000 -1467.88966717 58912.86849759 

