-1.00000000 0.00000000 2392.07512304 60874.73767154 
-0.98000000 0.00000000 2395.01760551 60871.97261293 
-0.96000000 0.00000000 2395.95854252 60870.34669382 
-0.94000000 0.00000000 2548.75985516 60794.83741357 
-0.92000000 0.00000000 2547.07758875 60794.79059536 
-0.90000000 0.00000000 2270.54899485 60916.38417403 
-0.88000000 0.00000000 2268.07921761 60916.87462017 
-0.86000000 0.00000000 2264.77888870 60917.72763262 
-0.84000000 0.00000000 2795.91893507 60633.45294321 
-0.82000000 0.00000000 2797.09226423 60632.08701422 
-0.80000000 0.00000000 2373.60110864 60876.16467816 
-0.78000000 0.00000000 2201.03587591 60936.89044197 
-0.76000000 0.00000000 2198.61987597 60937.45435202 
-0.74000000 0.00000000 2196.78457882 60937.85135531 
-0.72000000 0.00000000 2190.95908104 60939.37275259 
-0.70000000 0.00000000 2379.34627066 60872.86662300 
-0.68000000 0.00000000 2378.37428370 60873.20254272 
-0.66000000 0.00000000 2798.57004429 60628.23413837 
-0.64000000 0.00000000 2796.90457584 60629.63961175 
-0.62000000 0.00000000 2376.09244785 60874.48873799 
-0.60000000 0.00000000 2794.26561277 60632.63955850 
-0.58000000 0.00000000 2793.41079900 60634.14761320 
-0.56000000 0.00000000 2374.19859379 60876.60464672 
-0.54000000 0.00000000 2185.67923296 60942.41666731 
-0.52000000 0.00000000 2190.14016883 60941.69209501 
-0.50000000 0.00000000 2190.49832720 60942.09872041 
-0.48000000 0.00000000 2190.96855952 60942.45744383 
-0.46000000 0.00000000 2192.28157434 60942.54759958 
-0.44000000 0.00000000 2774.99160662 60655.94614120 
-0.42000000 0.00000000 2773.22907782 60658.05496779 
-0.40000000 0.00000000 2193.04379632 60943.28761499 
-0.38000000 0.00000000 2193.31968348 60943.37001763 
-0.36000000 0.00000000 2193.34119541 60943.44753835 
-0.34000000 0.00000000 2193.30176474 60943.47969549 
-0.32000000 0.00000000 2193.20175983 60943.48455916 
-0.30000000 0.00000000 2776.74571874 60657.00792957 
-0.28000000 0.00000000 2777.01103924 60656.74943675 
-0.26000000 0.00000000 2192.45447471 60943.61912552 
-0.24000000 0.00000000 2192.16455774 60943.78786022 
-0.22000000 0.00000000 2191.98795876 60944.05230990 
-0.20000000 0.00000000 2191.47100236 60944.58889188 
-0.18000000 0.00000000 2771.34135536 60663.62498496 
-0.16000000 0.00000000 2766.75046991 60668.78859101 
-0.14000000 0.00000000 2189.49321540 60947.93508045 
-0.12000000 0.00000000 2186.99021765 60950.26918793 
-0.10000000 0.00000000 2184.95331301 60952.93025824 
-0.08000000 0.00000000 2182.29061632 60956.24054452 
-0.06000000 0.00000000 2711.69468923 60727.79035339 
-0.04000000 0.00000000 2693.02685492 60746.78485839 
-0.02000000 0.00000000 2180.00690866 60967.90380949 
0.00000000 0.00000000 2171.81643334 60974.49548440 
0.02000000 0.00000000 2163.77013741 60981.32991062 
0.04000000 0.00000000 2153.45083844 60988.78651601 
0.06000000 0.00000000 2256.85157676 60970.92566378 
0.08000000 0.00000000 2167.81265595 60997.26723607 
0.10000000 0.00000000 2159.48569892 61004.49352832 
0.12000000 0.00000000 2148.34392627 61011.86892523 
0.14000000 0.00000000 1068.54588229 60417.85109613 
0.16000000 0.00000000 1086.97410007 60459.19188469 
0.18000000 0.00000000 2116.53613994 61030.99152774 
0.20000000 0.00000000 2108.80838991 61036.21251009 
0.22000000 0.00000000 2099.48994088 61041.34065742 
0.24000000 0.00000000 2090.10174271 61046.25797829 
0.26000000 0.00000000 2048.62943774 61053.11925509 
0.28000000 0.00000000 2039.75560900 61057.32074609 
0.30000000 0.00000000 2031.27240738 61061.27688086 
0.32000000 0.00000000 2023.28205671 61064.87921489 
0.34000000 0.00000000 2016.17318099 61067.97336844 
0.36000000 0.00000000 2010.99052574 61070.38775671 
0.38000000 0.00000000 2007.32675323 61071.98838106 
0.40000000 0.00000000 900.03978660 59756.47087203 
0.42000000 0.00000000 900.28802651 59758.39081652 
0.44000000 0.00000000 2009.79931566 61070.98106588 
0.46000000 0.00000000 2015.13584850 61068.69082286 
0.48000000 0.00000000 2022.07378114 61065.56532833 
0.50000000 0.00000000 2030.86264979 61061.73868086 
0.52000000 0.00000000 2040.72066575 61057.38450674 
0.54000000 0.00000000 2051.04007106 61052.67825609 
0.56000000 0.00000000 2061.49498005 61047.76358652 
0.58000000 0.00000000 2105.15068352 61039.66182200 
0.60000000 0.00000000 2116.01752182 61034.11472764 
0.62000000 0.00000000 2126.72163715 61028.47385760 
0.64000000 0.00000000 2137.58767042 61022.64844453 
0.66000000 0.00000000 1127.97993994 60538.28080438 
0.68000000 0.00000000 1115.62011955 60514.51727703 
0.70000000 0.00000000 2171.28428041 61003.36667681 
0.72000000 0.00000000 2183.30665058 60996.11265997 
0.74000000 0.00000000 2193.94368373 60988.81291202 
0.76000000 0.00000000 2206.63898003 60980.81252792 
0.78000000 0.00000000 2215.29415163 60973.57751973 
0.80000000 0.00000000 2227.27675112 60965.50046125 
0.82000000 0.00000000 2238.79831012 60957.54847303 
0.84000000 0.00000000 2249.10759883 60950.04029052 
0.86000000 0.00000000 2351.65073186 60912.23015922 
0.88000000 0.00000000 2361.96335228 60903.96556415 
0.90000000 0.00000000 2169.64145512 60959.87325063 
0.92000000 0.00000000 1930.98542905 60991.49037592 
0.94000000 0.00000000 2384.58205062 60884.52806573 
0.96000000 0.00000000 2389.34728915 60879.94199085 
0.98000000 0.00000000 2503.01887149 60825.50034201 

