-1.00000000 0.00000000 314.57868983 63810.51691408 
-0.98000000 0.00000000 314.57820940 63810.51690217 
-0.96000000 0.00000000 314.57711049 63810.51687480 
-0.94000000 0.00000000 314.67181099 63810.51924164 
-0.92000000 0.00000000 314.66899688 63810.51917143 
-0.90000000 0.00000000 314.51347297 63810.51528361 
-0.88000000 0.00000000 314.51228655 63810.51525401 
-0.86000000 0.00000000 314.51084734 63810.51521808 
-0.84000000 0.00000000 314.89397014 63810.52478705 
-0.82000000 0.00000000 314.89416104 63810.52479187 
-0.80000000 0.00000000 314.56212660 63810.51650076 
-0.78000000 0.00000000 314.48509061 63810.51457396 
-0.76000000 0.00000000 314.48425942 63810.51455323 
-0.74000000 0.00000000 314.48364284 63810.51453785 
-0.72000000 0.00000000 314.48149079 63810.51448406 
-0.70000000 0.00000000 314.56485358 63810.51656922 
-0.68000000 0.00000000 314.56438367 63810.51655751 
-0.66000000 0.00000000 314.88907177 63810.52466535 
-0.64000000 0.00000000 314.88770161 63810.52463120 
-0.62000000 0.00000000 314.56389174 63810.51654525 
-0.60000000 0.00000000 314.88781069 63810.52463391 
-0.58000000 0.00000000 314.88943647 63810.52467443 
-0.56000000 0.00000000 314.56473069 63810.51656615 
-0.54000000 0.00000000 314.48137352 63810.51448113 
-0.52000000 0.00000000 314.48348383 63810.51453388 
-0.50000000 0.00000000 314.48401540 63810.51454713 
-0.48000000 0.00000000 314.48457761 63810.51456114 
-0.46000000 0.00000000 314.48544691 63810.51458284 
-0.44000000 0.00000000 314.89308910 63810.52476519 
-0.42000000 0.00000000 314.89354414 63810.52477651 
-0.40000000 0.00000000 314.48649488 63810.51460897 
-0.38000000 0.00000000 314.48672813 63810.51461479 
-0.36000000 0.00000000 314.48679903 63810.51461656 
-0.34000000 0.00000000 314.48679449 63810.51461645 
-0.32000000 0.00000000 314.48672943 63810.51461483 
-0.30000000 0.00000000 314.90152091 63810.52497540 
-0.28000000 0.00000000 314.90143268 63810.52497322 
-0.26000000 0.00000000 314.48636718 63810.51460580 
-0.24000000 0.00000000 314.48634072 63810.51460515 
-0.22000000 0.00000000 314.48648526 63810.51460876 
-0.20000000 0.00000000 314.48667737 63810.51461356 
-0.18000000 0.00000000 314.90260594 63810.52500246 
-0.16000000 0.00000000 314.90308056 63810.52501425 
-0.14000000 0.00000000 314.48881999 63810.51466705 
-0.12000000 0.00000000 314.48960184 63810.51468654 
-0.10000000 0.00000000 314.49111460 63810.51472429 
-0.08000000 0.00000000 314.49297496 63810.51477072 
-0.06000000 0.00000000 314.90878191 63810.52515596 
-0.04000000 0.00000000 314.91051907 63810.52519913 
-0.02000000 0.00000000 314.50551160 63810.51508392 
0.00000000 0.00000000 314.50770259 63810.51513856 
0.02000000 0.00000000 314.51051272 63810.51520869 
0.04000000 0.00000000 314.51256888 63810.51525994 
0.06000000 0.00000000 314.58430374 63810.51705368 
0.08000000 0.00000000 314.53747859 63810.51588265 
0.10000000 0.00000000 314.54155284 63810.51598439 
0.12000000 0.00000000 314.54353911 63810.51603392 
0.14000000 0.00000000 314.24873104 63810.50865226 
0.16000000 0.00000000 314.25002062 63810.50868447 
0.18000000 0.00000000 314.54736270 63810.51612921 
0.20000000 0.00000000 314.54968455 63810.51618720 
0.22000000 0.00000000 314.55060354 63810.51621011 
0.24000000 0.00000000 314.55128747 63810.51622716 
0.26000000 0.00000000 314.52900011 63810.51566972 
0.28000000 0.00000000 314.52950503 63810.51568231 
0.30000000 0.00000000 314.53003009 63810.51569541 
0.32000000 0.00000000 314.53042892 63810.51570536 
0.34000000 0.00000000 314.53068195 63810.51571167 
0.36000000 0.00000000 314.53121314 63810.51572493 
0.38000000 0.00000000 314.53142786 63810.51573029 
0.40000000 0.00000000 314.23224158 63810.50823824 
0.42000000 0.00000000 314.23226558 63810.50823884 
0.44000000 0.00000000 314.53145014 63810.51573085 
0.46000000 0.00000000 314.53125815 63810.51572606 
0.48000000 0.00000000 314.53080120 63810.51571465 
0.50000000 0.00000000 314.53056720 63810.51570881 
0.52000000 0.00000000 314.53033500 63810.51570303 
0.54000000 0.00000000 314.52999271 63810.51569449 
0.56000000 0.00000000 314.52956690 63810.51568386 
0.58000000 0.00000000 314.55220054 63810.51624994 
0.60000000 0.00000000 314.55180060 63810.51623997 
0.62000000 0.00000000 314.55130953 63810.51622772 
0.64000000 0.00000000 314.55086912 63810.51621675 
0.66000000 0.00000000 314.25315366 63810.50876280 
0.68000000 0.00000000 314.25206348 63810.50873553 
0.70000000 0.00000000 314.54880963 63810.51616540 
0.72000000 0.00000000 314.54793642 63810.51614363 
0.74000000 0.00000000 314.54587849 63810.51609225 
0.76000000 0.00000000 314.54491787 63810.51606831 
0.78000000 0.00000000 314.54150127 63810.51598295 
0.80000000 0.00000000 314.54022972 63810.51595125 
0.82000000 0.00000000 314.53897197 63810.51591990 
0.84000000 0.00000000 314.53746604 63810.51588235 
0.86000000 0.00000000 314.59040121 63810.51720607 
0.88000000 0.00000000 314.58894994 63810.51716990 
0.90000000 0.00000000 314.48441037 63810.51455550 
0.92000000 0.00000000 314.39847444 63810.51240471 
0.94000000 0.00000000 314.58467424 63810.51706336 
0.96000000 0.00000000 314.58325958 63810.51702811 
0.98000000 0.00000000 314.65168495 63810.51873840 

