-1.00000000 0.00000000 2073.10503957 56870.95286177 
-0.98000000 0.00000000 2071.06790162 56873.62533705 
-0.96000000 0.00000000 2070.80879327 56875.26537346 
-0.94000000 0.00000000 1936.22386139 56940.82870716 
-0.92000000 0.00000000 1938.07439502 56940.96496166 
-0.90000000 0.00000000 2198.22944733 56838.85867879 
-0.88000000 0.00000000 2201.11549076 56838.66804162 
-0.86000000 0.00000000 2204.84896853 56838.18365486 
-0.84000000 0.00000000 1753.45259523 57072.94193648 
-0.82000000 0.00000000 1752.86656677 57074.02001269 
-0.80000000 0.00000000 2094.42345739 56871.15905875 
-0.78000000 0.00000000 2275.94949421 56826.41383833 
-0.76000000 0.00000000 2278.81849191 56826.19933733 
-0.74000000 0.00000000 2281.02148468 56826.07422483 
-0.72000000 0.00000000 2287.80739688 56825.37710679 
-0.70000000 0.00000000 2089.44893471 56874.08862491 
-0.68000000 0.00000000 2090.43127247 56873.81419789 
-0.66000000 0.00000000 1752.94321342 57077.10696403 
-0.64000000 0.00000000 1754.00671205 57076.01414080 
-0.62000000 0.00000000 2092.46557248 56872.64457679 
-0.60000000 0.00000000 1755.41805178 57073.63308325 
-0.58000000 0.00000000 1755.68528398 57072.41161077 
-0.56000000 0.00000000 2093.58929895 56870.57487432 
-0.54000000 0.00000000 2292.94753363 56822.68556405 
-0.52000000 0.00000000 2287.47341644 56822.67158037 
-0.50000000 0.00000000 2286.73968927 56822.10481626 
-0.48000000 0.00000000 2285.88552114 56821.57410864 
-0.46000000 0.00000000 2284.08123960 56821.20422861 
-0.44000000 0.00000000 1765.19318282 57054.97928578 
-0.42000000 0.00000000 1766.08446635 57053.27777172 
-0.40000000 0.00000000 2282.56183128 56820.13564211 
-0.38000000 0.00000000 2282.12023215 56819.96878690 
-0.36000000 0.00000000 2282.01347494 56819.85350999 
-0.34000000 0.00000000 2282.01135174 56819.80137173 
-0.32000000 0.00000000 2282.10300022 56819.79040463 
-0.30000000 0.00000000 1763.01866612 57053.96365112 
-0.28000000 0.00000000 1762.83289130 57054.15644918 
-0.26000000 0.00000000 2282.89473219 56819.67882758 
-0.24000000 0.00000000 2283.14731606 56819.49424242 
-0.22000000 0.00000000 2283.20548130 56819.17038516 
-0.20000000 0.00000000 2283.56824488 56818.58227557 
-0.18000000 0.00000000 1765.66952650 57048.48821436 
-0.16000000 0.00000000 1768.18705997 57044.27875279 
-0.14000000 0.00000000 2284.37897828 56814.80967586 
-0.12000000 0.00000000 2286.44750434 56812.43793958 
-0.10000000 0.00000000 2287.77416091 56809.58864298 
-0.08000000 0.00000000 2289.61287628 56806.08046328 
-0.06000000 0.00000000 1799.75512373 56995.38596051 
-0.04000000 0.00000000 1810.90272652 56979.27613550 
-0.02000000 0.00000000 2287.07003204 56792.49360130 
0.00000000 0.00000000 2294.55416954 56786.06327314 
0.02000000 0.00000000 2301.78911915 56779.31579286 
0.04000000 0.00000000 2311.74102143 56772.22662174 
0.06000000 0.00000000 2189.72888154 56778.76444724 
0.08000000 0.00000000 2289.23397673 56759.75279980 
0.10000000 0.00000000 2296.66474476 56752.54267482 
0.12000000 0.00000000 2307.73483857 56745.59663117 
0.14000000 0.00000000 3310.30760055 59787.07117659 
0.16000000 0.00000000 3370.84457411 59650.15400287 
0.18000000 0.00000000 2340.76215816 56728.16753271 
0.20000000 0.00000000 2348.66599425 56723.28763005 
0.22000000 0.00000000 2358.81847344 56718.83819960 
0.24000000 0.00000000 2369.26150479 56714.70378324 
0.26000000 0.00000000 2423.02054074 56715.24562942 
0.28000000 0.00000000 2433.55807528 56712.22133579 
0.30000000 0.00000000 2443.74985226 56709.46835993 
0.32000000 0.00000000 2453.48282926 56707.08679261 
0.34000000 0.00000000 2462.25342616 56705.15432780 
0.36000000 0.00000000 2468.61990448 56703.58007607 
0.38000000 0.00000000 2473.18581111 56702.61634420 
0.40000000 0.00000000 2284.20099289 60912.49385358 
0.42000000 0.00000000 2286.67879305 60911.24562462 
0.44000000 0.00000000 2470.08782798 56703.20157244 
0.46000000 0.00000000 2463.44620598 56704.58532793 
0.48000000 0.00000000 2454.91727922 56706.60113024 
0.50000000 0.00000000 2444.13060155 56709.04647328 
0.52000000 0.00000000 2432.15659805 56711.93986776 
0.54000000 0.00000000 2419.79832262 56715.23239095 
0.56000000 0.00000000 2407.46077620 56718.82994860 
0.58000000 0.00000000 2351.78849150 56719.77236264 
0.60000000 0.00000000 2339.74487276 56724.45348440 
0.62000000 0.00000000 2328.08253350 56729.33350640 
0.64000000 0.00000000 2316.40904321 56734.45735288 
0.66000000 0.00000000 3471.51486453 59358.79655230 
0.68000000 0.00000000 3442.90867871 59449.54858311 
0.70000000 0.00000000 2281.44970320 56752.01537207 
0.72000000 0.00000000 2269.36958044 56758.76852464 
0.74000000 0.00000000 2259.16770350 56765.77577984 
0.76000000 0.00000000 2246.77471270 56773.31570932 
0.78000000 0.00000000 2239.19208901 56780.50447938 
0.80000000 0.00000000 2227.90590892 56788.21525758 
0.82000000 0.00000000 2217.23244054 56795.83420604 
0.84000000 0.00000000 2207.94103861 56803.08960086 
0.86000000 0.00000000 2102.66700581 56834.46816918 
0.88000000 0.00000000 2094.39453664 56842.45133547 
0.90000000 0.00000000 2303.82835329 56804.23546438 
0.92000000 0.00000000 2622.24414732 56842.75680967 
0.94000000 0.00000000 2077.10795355 56861.23086121 
0.96000000 0.00000000 2073.75706905 56865.68324632 
0.98000000 0.00000000 1971.73213621 56913.49409545 

