-1.00000000 0.00000000 -2428.40457770 61215.15150974 
-0.98000000 0.00000000 -2429.82778794 61212.49978344 
-0.96000000 0.00000000 -2428.13790962 61212.88545253 
-0.94000000 0.00000000 -2731.04530390 60909.12249301 
-0.92000000 0.00000000 -2724.85646579 60915.06202841 
-0.90000000 0.00000000 -2175.96358559 61416.30217858 
-0.88000000 0.00000000 -2170.29930674 61420.16530258 
-0.86000000 0.00000000 -2163.28502841 61425.07639706 
-0.84000000 0.00000000 -3209.77069261 60253.01255159 
-0.82000000 0.00000000 -3210.69089412 60250.84658764 
-0.80000000 0.00000000 -2373.74548912 61257.03031668 
-0.78000000 0.00000000 -2039.86419949 61510.72792894 
-0.76000000 0.00000000 -2034.98403587 61513.82959409 
-0.74000000 0.00000000 -2031.20600004 61516.19193529 
-0.72000000 0.00000000 -2019.90304464 61523.50145133 
-0.70000000 0.00000000 -2382.63956365 61248.38092115 
-0.68000000 0.00000000 -2380.52522237 61250.11247088 
-0.66000000 0.00000000 -3206.12069720 60254.85755538 
-0.64000000 0.00000000 -3203.42780362 60259.52392295 
-0.62000000 0.00000000 -2376.98878235 61253.39916164 
-0.60000000 0.00000000 -3201.29811534 60264.28038746 
-0.58000000 0.00000000 -3202.09360241 60263.99843841 
-0.56000000 0.00000000 -2377.07008695 61254.51873011 
-0.54000000 0.00000000 -2014.12331303 61528.53570442 
-0.52000000 0.00000000 -2023.89674545 61522.58516537 
-0.50000000 0.00000000 -2025.90802548 61521.71048953 
-0.48000000 0.00000000 -2028.08757607 61520.70890820 
-0.46000000 0.00000000 -2031.77755987 61518.67730677 
-0.44000000 0.00000000 -3190.36034927 60293.43057185 
-0.42000000 0.00000000 -3189.34394903 60296.09688844 
-0.40000000 0.00000000 -2035.70152671 61516.91822897 
-0.38000000 0.00000000 -2036.62162791 61516.44385842 
-0.36000000 0.00000000 -2036.85063572 61516.35836098 
-0.34000000 0.00000000 -2036.79255711 61516.40596849 
-0.32000000 0.00000000 -2036.49729186 61516.56974015 
-0.30000000 0.00000000 -3199.87171373 60280.39477563 
-0.28000000 0.00000000 -3200.09586037 60279.88452158 
-0.26000000 0.00000000 -2034.74192267 61517.62109419 
-0.24000000 0.00000000 -2034.38790071 61517.91362967 
-0.22000000 0.00000000 -2034.60141151 61517.94044004 
-0.20000000 0.00000000 -2034.66237220 61518.22275879 
-0.18000000 0.00000000 -3196.93436032 60288.18372677 
-0.16000000 0.00000000 -3193.59895619 60295.89942868 
-0.14000000 0.00000000 -2038.58628299 61518.00505036 
-0.12000000 0.00000000 -2038.40720580 61519.54632492 
-0.10000000 0.00000000 -2040.43326897 61520.03086212 
-0.08000000 0.00000000 -2042.66681408 61520.80930338 
-0.06000000 0.00000000 -3151.43290240 60388.90976406 
-0.04000000 0.00000000 -3136.40635263 60420.37294197 
-0.02000000 0.00000000 -2070.10798051 61512.18297629 
0.00000000 0.00000000 -2067.24205683 61518.10768883 
0.02000000 0.00000000 -2065.68450340 61523.47276350 
0.04000000 0.00000000 -2060.09171838 61531.67860025 
0.06000000 0.00000000 -2300.57780962 61365.73683191 
0.08000000 0.00000000 -2124.86514105 61498.41728260 
0.10000000 0.00000000 -2124.23987437 61503.69506988 
0.12000000 0.00000000 -2116.60015634 61513.46165288 
0.14000000 0.00000000 -222.87511786 61715.67020852 
0.16000000 0.00000000 -248.00756955 61738.79396218 
0.18000000 0.00000000 -2090.54441828 61542.89051764 
0.20000000 0.00000000 -2086.45596495 61549.19232630 
0.22000000 0.00000000 -2078.04592613 61558.07217696 
0.24000000 0.00000000 -2069.01358877 61567.19879119 
0.26000000 0.00000000 -1984.65145458 61621.34871265 
0.28000000 0.00000000 -1975.75110068 61629.69816230 
0.30000000 0.00000000 -1967.22881554 61637.65644657 
0.32000000 0.00000000 -1958.96710614 61645.19485892 
0.34000000 0.00000000 -1951.39350778 61651.94263251 
0.36000000 0.00000000 -1946.43946709 61656.68712125 
0.38000000 0.00000000 -1942.64505946 61660.11969222 
0.40000000 0.00000000 13.23984890 61345.89953905 
0.42000000 0.00000000 12.82377413 61346.98688438 
0.44000000 0.00000000 -1945.46597141 61657.75498042 
0.46000000 0.00000000 -1951.18304035 61652.70856699 
0.48000000 0.00000000 -1958.24372455 61646.23289267 
0.50000000 0.00000000 -1967.75054417 61637.83109582 
0.52000000 0.00000000 -1978.42292860 61628.35673940 
0.54000000 0.00000000 -1989.36557649 61618.45686395 
0.56000000 0.00000000 -2000.24329904 61608.44226123 
0.58000000 0.00000000 -2087.72625006 61551.09128554 
0.60000000 0.00000000 -2099.02045306 61540.12808009 
0.62000000 0.00000000 -2109.87562286 61529.38569013 
0.64000000 0.00000000 -2120.88540791 61518.44246879 
0.66000000 0.00000000 -303.73749665 61782.00322031 
0.68000000 0.00000000 -286.46639202 61768.69259882 
0.70000000 0.00000000 -2153.14847546 61485.00161367 
0.72000000 0.00000000 -2164.19529886 61473.16849343 
0.74000000 0.00000000 -2171.52607160 61463.70284358 
0.76000000 0.00000000 -2182.88677938 61451.24749277 
0.78000000 0.00000000 -2185.36561226 61445.03639828 
0.80000000 0.00000000 -2195.13813067 61433.63854698 
0.82000000 0.00000000 -2204.32744506 61422.72481321 
0.84000000 0.00000000 -2211.66320797 61413.32348507 
0.86000000 0.00000000 -2411.67303291 61249.31688538 
0.88000000 0.00000000 -2419.32962525 61238.69087692 
0.90000000 0.00000000 -2019.07808537 61537.06587447 
0.92000000 0.00000000 -1562.01140361 61775.72340246 
0.94000000 0.00000000 -2433.33334409 61216.84095421 
0.96000000 0.00000000 -2435.04979110 61212.93101343 
0.98000000 0.00000000 -2658.78240691 60993.96969239 

