-1.00000000 0.00000000 2456.36506364 59370.36352077 
-0.98000000 0.00000000 2457.32290259 59367.96291886 
-0.96000000 0.00000000 2457.66126245 59366.43133096 
-0.94000000 0.00000000 2498.28730209 59322.16872719 
-0.92000000 0.00000000 2497.90023877 59321.64218288 
-0.90000000 0.00000000 2420.55675140 59399.57025249 
-0.88000000 0.00000000 2419.72571958 59399.94889659 
-0.86000000 0.00000000 2418.62951237 59400.65311392 
-0.84000000 0.00000000 2555.08757962 59249.66661827 
-0.82000000 0.00000000 2555.33519514 59248.85680368 
-0.80000000 0.00000000 2451.07552365 59369.22657609 
-0.78000000 0.00000000 2397.95303901 59417.96982848 
-0.76000000 0.00000000 2397.11531167 59418.55371355 
-0.74000000 0.00000000 2396.47699487 59418.97678278 
-0.72000000 0.00000000 2394.52394183 59420.50964725 
-0.70000000 0.00000000 2452.63890351 59366.85868398 
-0.68000000 0.00000000 2452.35664351 59367.08826603 
-0.66000000 0.00000000 2555.76765668 59245.90886066 
-0.64000000 0.00000000 2555.40184727 59246.56437298 
-0.62000000 0.00000000 2451.67290660 59368.10467426 
-0.60000000 0.00000000 2554.74745261 59248.37779167 
-0.58000000 0.00000000 2554.48197408 59249.50170799 
-0.56000000 0.00000000 2451.04065897 59369.93732063 
-0.54000000 0.00000000 2392.70729641 59423.46651519 
-0.52000000 0.00000000 2394.18477693 59422.68755045 
-0.50000000 0.00000000 2394.30117199 59423.03509345 
-0.48000000 0.00000000 2394.45811448 59423.33528178 
-0.46000000 0.00000000 2394.89767408 59423.37334054 
-0.44000000 0.00000000 2549.72435447 59262.96108499 
-0.42000000 0.00000000 2549.27330948 59264.28652649 
-0.40000000 0.00000000 2395.21263272 59423.98380869 
-0.38000000 0.00000000 2395.34391313 59424.03956247 
-0.36000000 0.00000000 2395.40158044 59424.09766305 
-0.34000000 0.00000000 2395.44874963 59424.11814850 
-0.32000000 0.00000000 2395.48414891 59424.11841864 
-0.30000000 0.00000000 2550.11908539 59264.89282213 
-0.28000000 0.00000000 2550.24768636 59264.80114094 
-0.26000000 0.00000000 2395.46196908 59424.27561802 
-0.24000000 0.00000000 2395.43009520 59424.46410728 
-0.22000000 0.00000000 2395.41671589 59424.75585882 
-0.20000000 0.00000000 2395.25979707 59425.32643809 
-0.18000000 0.00000000 2548.93887398 59269.73915965 
-0.16000000 0.00000000 2547.70697922 59273.10763132 
-0.14000000 0.00000000 2394.31640557 59428.83640121 
-0.12000000 0.00000000 2393.22571907 59431.24186186 
-0.10000000 0.00000000 2392.17059050 59433.98766429 
-0.08000000 0.00000000 2390.77366261 59437.38885076 
-0.06000000 0.00000000 2531.73120655 59311.14304532 
-0.04000000 0.00000000 2526.01228265 59323.44073630 
-0.02000000 0.00000000 2387.48485834 59449.30727511 
0.00000000 0.00000000 2383.63253458 59455.92647362 
0.02000000 0.00000000 2379.67549039 59462.77273553 
0.04000000 0.00000000 2374.85197144 59470.23829583 
0.06000000 0.00000000 2405.26742584 59454.97847940 
0.08000000 0.00000000 2376.19703819 59478.35972111 
0.10000000 0.00000000 2371.83226099 59485.37119277 
0.12000000 0.00000000 2366.59372738 59492.54721244 
0.14000000 0.00000000 1799.01832736 59329.50347666 
0.16000000 0.00000000 1813.83498711 59356.20423486 
0.18000000 0.00000000 2351.64056308 59511.28709615 
0.20000000 0.00000000 2347.62901666 59516.37612978 
0.22000000 0.00000000 2343.11072051 59521.44596773 
0.24000000 0.00000000 2338.54571407 59526.33016473 
0.26000000 0.00000000 2323.55004734 59535.12872167 
0.28000000 0.00000000 2319.06522452 59539.47340423 
0.30000000 0.00000000 2314.72493788 59543.56756678 
0.32000000 0.00000000 2310.62506779 59547.31189678 
0.34000000 0.00000000 2306.97561886 59550.54499743 
0.36000000 0.00000000 2304.21471480 59553.02780179 
0.38000000 0.00000000 2302.29204800 59554.68993085 
0.40000000 0.00000000 1702.45444120 58853.21232383 
0.42000000 0.00000000 1702.42306142 58854.58665550 
0.44000000 0.00000000 2303.51741599 59553.58789524 
0.46000000 0.00000000 2306.26211005 59551.17479494 
0.48000000 0.00000000 2309.86729070 59547.91645697 
0.50000000 0.00000000 2314.32628857 59543.90051176 
0.52000000 0.00000000 2319.28349213 59539.34426038 
0.54000000 0.00000000 2324.45029854 59534.44732955 
0.56000000 0.00000000 2329.65002773 59529.35712578 
0.58000000 0.00000000 2345.45475259 59519.55484447 
0.60000000 0.00000000 2350.60741915 59514.04521987 
0.62000000 0.00000000 2355.62993244 59508.46402994 
0.64000000 0.00000000 2360.63941570 59502.71956638 
0.66000000 0.00000000 1845.05685740 59403.00501066 
0.68000000 0.00000000 1835.06091298 59388.73593963 
0.70000000 0.00000000 2375.83821261 59483.89480091 
0.72000000 0.00000000 2381.13431093 59476.88300846 
0.74000000 0.00000000 2385.98736668 59469.84382253 
0.76000000 0.00000000 2391.44228801 59462.17687702 
0.78000000 0.00000000 2395.58778255 59455.19131525 
0.80000000 0.00000000 2400.66785582 59447.48431587 
0.82000000 0.00000000 2405.48688126 59439.92495251 
0.84000000 0.00000000 2409.79433463 59432.79317865 
0.86000000 0.00000000 2441.08458096 59403.66933080 
0.88000000 0.00000000 2444.98873102 59396.45660077 
0.90000000 0.00000000 2386.85639221 59440.64245084 
0.92000000 0.00000000 2299.91627809 59493.75683184 
0.94000000 0.00000000 2453.36865528 59379.45049535 
0.96000000 0.00000000 2455.10508479 59375.39211300 
0.98000000 0.00000000 2486.00745914 59342.02620997 

