-1.00000000 0.00000000 2175.54266256 58254.91047974 
-0.98000000 0.00000000 2174.45695682 58256.34350031 
-0.96000000 0.00000000 2173.99021206 58257.43627835 
-0.94000000 0.00000000 2135.38806885 58268.27212036 
-0.92000000 0.00000000 2135.63638068 58268.95599576 
-0.90000000 0.00000000 2208.71462041 58253.73435668 
-0.88000000 0.00000000 2209.45914280 58253.96884445 
-0.86000000 0.00000000 2210.46413509 58254.09906627 
-0.84000000 0.00000000 2080.71640988 58291.39099992 
-0.82000000 0.00000000 2080.41653332 58291.87446105 
-0.80000000 0.00000000 2179.79153012 58259.39262926 
-0.78000000 0.00000000 2229.84596665 58253.12416061 
-0.76000000 0.00000000 2230.62269295 58253.18779200 
-0.74000000 0.00000000 2231.21223870 58253.25534330 
-0.72000000 0.00000000 2233.03673790 58253.25889093 
-0.70000000 0.00000000 2178.22906188 58260.35940582 
-0.68000000 0.00000000 2178.49063426 58260.34823012 
-0.66000000 0.00000000 2079.68677871 58293.91158028 
-0.64000000 0.00000000 2080.06324856 58293.61653969 
-0.62000000 0.00000000 2179.17970954 58259.92802786 
-0.60000000 0.00000000 2080.82609053 58292.58138525 
-0.58000000 0.00000000 2081.18961870 58291.85359565 
-0.56000000 0.00000000 2179.92556385 58258.77633166 
-0.54000000 0.00000000 2234.91681972 58251.88398554 
-0.52000000 0.00000000 2233.58217651 58251.53925304 
-0.50000000 0.00000000 2233.52419949 58251.14710451 
-0.48000000 0.00000000 2233.42613449 58250.76911883 
-0.46000000 0.00000000 2233.05928755 58250.42701554 
-0.44000000 0.00000000 2086.75555328 58284.08724856 
-0.42000000 0.00000000 2087.28678725 58283.30986866 
-0.40000000 0.00000000 2232.85722792 58249.66549418 
-0.38000000 0.00000000 2232.74910539 58249.52590695 
-0.36000000 0.00000000 2232.70247626 58249.43615711 
-0.34000000 0.00000000 2232.65966939 58249.38748905 
-0.32000000 0.00000000 2232.62393155 58249.36504569 
-0.30000000 0.00000000 2086.67735347 58282.32464270 
-0.28000000 0.00000000 2086.55761843 58282.32114300 
-0.26000000 0.00000000 2232.64327479 58249.24388935 
-0.24000000 0.00000000 2232.68815159 58249.09575961 
-0.22000000 0.00000000 2232.73191055 58248.83930767 
-0.20000000 0.00000000 2232.93260215 58248.43005684 
-0.18000000 0.00000000 2088.24021079 58279.15678029 
-0.16000000 0.00000000 2089.66866131 58277.19825473 
-0.14000000 0.00000000 2234.17713688 58245.88549338 
-0.12000000 0.00000000 2235.40537916 58244.45624417 
-0.10000000 0.00000000 2236.65353609 58242.68360103 
-0.08000000 0.00000000 2238.27639038 58240.54722066 
-0.06000000 0.00000000 2107.42431482 58256.04266476 
-0.04000000 0.00000000 2113.59225076 58249.42595930 
-0.02000000 0.00000000 2242.64333666 58231.86233600 
0.00000000 0.00000000 2246.74527332 58228.46989187 
0.02000000 0.00000000 2250.96863811 58224.92203967 
0.04000000 0.00000000 2256.00143189 58221.39732535 
0.06000000 0.00000000 2228.67668122 58214.07965362 
0.08000000 0.00000000 2255.96923240 58212.80978782 
0.10000000 0.00000000 2260.55338669 58209.33263549 
0.12000000 0.00000000 2265.89879924 58206.30441524 
0.14000000 0.00000000 2610.38896667 58980.70915275 
0.16000000 0.00000000 2617.34457903 58931.92598293 
0.18000000 0.00000000 2280.98644942 58199.21798877 
0.20000000 0.00000000 2285.06210269 58197.23539340 
0.22000000 0.00000000 2289.57622976 58195.62949385 
0.24000000 0.00000000 2294.11794577 58194.23079247 
0.26000000 0.00000000 2308.09400169 58196.68882634 
0.28000000 0.00000000 2312.53462075 58195.76558932 
0.30000000 0.00000000 2316.82695565 58194.98163309 
0.32000000 0.00000000 2320.87267127 58194.36410794 
0.34000000 0.00000000 2324.46628580 58193.91520332 
0.36000000 0.00000000 2327.19482056 58193.54124395 
0.38000000 0.00000000 2329.08751361 58193.34806496 
0.40000000 0.00000000 2345.90878762 59515.64623524 
0.42000000 0.00000000 2346.80645370 59514.81288575 
0.44000000 0.00000000 2327.87894004 58193.51643030 
0.46000000 0.00000000 2325.17524916 58193.83465112 
0.48000000 0.00000000 2321.61503018 58194.34171598 
0.50000000 0.00000000 2317.22091953 58194.95765903 
0.52000000 0.00000000 2312.33232903 58195.73543009 
0.54000000 0.00000000 2307.22725388 58196.69352250 
0.56000000 0.00000000 2302.07925513 58197.81715110 
0.58000000 0.00000000 2287.30730165 58195.76117432 
0.60000000 0.00000000 2282.18918392 58197.33534863 
0.62000000 0.00000000 2277.18617724 58199.06595537 
0.64000000 0.00000000 2272.18670629 58200.95348320 
0.66000000 0.00000000 2623.85430694 58839.39150105 
0.68000000 0.00000000 2622.40105024 58868.59967097 
0.70000000 0.00000000 2256.91315453 58207.93012558 
0.72000000 0.00000000 2251.55522775 58210.75412242 
0.74000000 0.00000000 2246.57336982 58213.89773836 
0.76000000 0.00000000 2241.01535314 58217.17932615 
0.78000000 0.00000000 2236.64362732 58220.72942055 
0.80000000 0.00000000 2231.40658949 58224.26527902 
0.82000000 0.00000000 2226.41266563 58227.82398318 
0.84000000 0.00000000 2221.90478342 58231.32595225 
0.86000000 0.00000000 2192.36932280 58235.97232813 
0.88000000 0.00000000 2188.22924354 58239.72164704 
0.90000000 0.00000000 2241.91444017 58240.42620417 
0.92000000 0.00000000 2322.00347680 58255.68187098 
0.94000000 0.00000000 2179.16062276 58249.01754764 
0.96000000 0.00000000 2177.21702107 58251.38944615 
0.98000000 0.00000000 2147.84381190 58259.55823143 

