-1.00000000 0.00000000 -1543.39020169 60191.85656577 
-0.98000000 0.00000000 -1546.03318169 60189.45173743 
-0.96000000 0.00000000 -1547.27861094 60187.76500758 
-0.94000000 0.00000000 -1639.90103341 60153.51549999 
-0.92000000 0.00000000 -1639.43288584 60152.68605424 
-0.90000000 0.00000000 -1470.12147020 60206.22655383 
-0.88000000 0.00000000 -1468.70247950 60206.16768746 
-0.86000000 0.00000000 -1466.70617090 60206.33446676 
-0.84000000 0.00000000 -1783.94113873 60081.58714077 
-0.82000000 0.00000000 -1784.85696651 60080.57875368 
-0.80000000 0.00000000 -1535.29324974 60187.46069766 
-0.78000000 0.00000000 -1426.00568377 60213.92307208 
-0.76000000 0.00000000 -1424.47943441 60214.06527288 
-0.74000000 0.00000000 -1423.33007950 60214.14259184 
-0.72000000 0.00000000 -1419.58977219 60214.68291697 
-0.70000000 0.00000000 -1539.22692924 60185.35478576 
-0.68000000 0.00000000 -1538.65241581 60185.46304329 
-0.66000000 0.00000000 -1787.08580781 60076.67782694 
-0.64000000 0.00000000 -1786.04840896 60077.42705405 
-0.62000000 0.00000000 -1537.04818228 60186.31349759 
-0.60000000 0.00000000 -1783.97720741 60079.60856889 
-0.58000000 0.00000000 -1783.00973974 60081.00280615 
-0.56000000 0.00000000 -1535.18103198 60188.25543601 
-0.54000000 0.00000000 -1415.37601449 60217.09258939 
-0.52000000 0.00000000 -1418.03574423 60217.16969721 
-0.50000000 0.00000000 -1418.03411603 60217.69717513 
-0.48000000 0.00000000 -1418.11393634 60218.19362130 
-0.46000000 0.00000000 -1418.75592693 60218.55965138 
-0.44000000 0.00000000 -1768.00784346 60097.28142384 
-0.42000000 0.00000000 -1766.54988779 60098.88389082 
-0.40000000 0.00000000 -1418.82840473 60219.55433869 
-0.38000000 0.00000000 -1418.94438760 60219.71105735 
-0.36000000 0.00000000 -1418.93323048 60219.81383788 
-0.34000000 0.00000000 -1418.91328190 60219.85677537 
-0.32000000 0.00000000 -1418.87556720 60219.86050624 
-0.30000000 0.00000000 -1767.72541073 60099.89004636 
-0.28000000 0.00000000 -1767.91134194 60099.78072160 
-0.26000000 0.00000000 -1418.46570985 60219.94095057 
-0.24000000 0.00000000 -1418.23897151 60220.10799475 
-0.22000000 0.00000000 -1418.01455862 60220.41055204 
-0.20000000 0.00000000 -1417.47037869 60220.95443576 
-0.18000000 0.00000000 -1763.01067027 60105.43920839 
-0.16000000 0.00000000 -1759.28389865 60109.29415208 
-0.14000000 0.00000000 -1414.64454511 60224.47071441 
-0.12000000 0.00000000 -1412.10280345 60226.63667114 
-0.10000000 0.00000000 -1409.59764321 60229.25724965 
-0.08000000 0.00000000 -1406.40759338 60232.46584917 
-0.06000000 0.00000000 -1715.17440364 60151.92653035 
-0.04000000 0.00000000 -1700.35073660 60165.33764418 
-0.02000000 0.00000000 -1398.59453771 60245.02734145 
0.00000000 0.00000000 -1390.76259732 60250.64063647 
0.02000000 0.00000000 -1382.82605042 60256.50465060 
0.04000000 0.00000000 -1373.35653897 60262.55909432 
0.06000000 0.00000000 -1432.13668778 60265.21341857 
0.08000000 0.00000000 -1375.52498027 60274.32166422 
0.10000000 0.00000000 -1367.19628923 60280.30869716 
0.12000000 0.00000000 -1357.34408989 60285.87014980 
0.14000000 0.00000000 -591.58889949 59584.26067005 
0.16000000 0.00000000 -606.18213105 59630.91010072 
0.18000000 0.00000000 -1329.98678118 60299.57168007 
0.20000000 0.00000000 -1322.91277292 60303.41645998 
0.22000000 0.00000000 -1315.02489203 60306.85794965 
0.24000000 0.00000000 -1307.17495967 60310.04757903 
0.26000000 0.00000000 -1280.66251567 60309.93756438 
0.28000000 0.00000000 -1273.26091100 60312.50808228 
0.30000000 0.00000000 -1266.18344193 60314.88207029 
0.32000000 0.00000000 -1259.55750115 60316.98144835 
0.34000000 0.00000000 -1253.70138216 60318.73103940 
0.36000000 0.00000000 -1249.32581185 60320.13845040 
0.38000000 0.00000000 -1246.28663736 60321.02960717 
0.40000000 0.00000000 -486.07420942 58827.86192052 
0.42000000 0.00000000 -486.10151517 58830.02578886 
0.44000000 0.00000000 -1248.29748299 60320.46109652 
0.46000000 0.00000000 -1252.69350923 60319.17560260 
0.48000000 0.00000000 -1258.47514101 60317.36306800 
0.50000000 0.00000000 -1265.69090764 60315.17408488 
0.52000000 0.00000000 -1273.77778119 60312.64228257 
0.54000000 0.00000000 -1282.28057037 60309.82987726 
0.56000000 0.00000000 -1290.92852443 60306.81420011 
0.58000000 0.00000000 -1319.02836321 60306.16341885 
0.60000000 0.00000000 -1327.95974203 60302.60202344 
0.62000000 0.00000000 -1336.80053678 60298.88664618 
0.64000000 0.00000000 -1345.76846381 60294.98332629 
0.66000000 0.00000000 -638.82262332 59718.93766302 
0.68000000 0.00000000 -628.93505454 59692.50239895 
0.70000000 0.00000000 -1373.87571110 60281.46292747 
0.72000000 0.00000000 -1383.97206767 60276.20067698 
0.74000000 0.00000000 -1393.36371323 60270.58542758 
0.76000000 0.00000000 -1404.06689567 60264.62164348 
0.78000000 0.00000000 -1412.37176080 60258.59830877 
0.80000000 0.00000000 -1422.64618302 60252.34830316 
0.82000000 0.00000000 -1432.55768938 60246.11533706 
0.84000000 0.00000000 -1441.59141486 60240.08033339 
0.86000000 0.00000000 -1506.27099523 60223.95738367 
0.88000000 0.00000000 -1515.11118829 60217.36059253 
0.90000000 0.00000000 -1398.33402407 60233.89300994 
0.92000000 0.00000000 -1242.46995671 60233.60467685 
0.94000000 0.00000000 -1534.99848628 60201.29412158 
0.96000000 0.00000000 -1539.41386950 60197.30229958 
0.98000000 0.00000000 -1608.97334947 60172.40108635 

