-1.00000000 0.00000000 314.41448770 63788.47313441 
-0.98000000 0.00000000 314.41448735 63788.47313440 
-0.96000000 0.00000000 314.41448557 63788.47313436 
-0.94000000 0.00000000 314.41469883 63788.47313972 
-0.92000000 0.00000000 314.41469312 63788.47313957 
-0.90000000 0.00000000 314.41434453 63788.47313082 
-0.88000000 0.00000000 314.41434240 63788.47313076 
-0.86000000 0.00000000 314.41433967 63788.47313070 
-0.84000000 0.00000000 314.41520026 63788.47315231 
-0.82000000 0.00000000 314.41520114 63788.47315233 
-0.80000000 0.00000000 314.41445616 63788.47313362 
-0.78000000 0.00000000 314.41428364 63788.47312929 
-0.76000000 0.00000000 314.41428219 63788.47312925 
-0.74000000 0.00000000 314.41428120 63788.47312923 
-0.72000000 0.00000000 314.41427673 63788.47312912 
-0.70000000 0.00000000 314.41446420 63788.47313382 
-0.68000000 0.00000000 314.41446340 63788.47313380 
-0.66000000 0.00000000 314.41519252 63788.47315211 
-0.64000000 0.00000000 314.41518954 63788.47315204 
-0.62000000 0.00000000 314.41446259 63788.47313378 
-0.60000000 0.00000000 314.41518971 63788.47315204 
-0.58000000 0.00000000 314.41519318 63788.47315213 
-0.56000000 0.00000000 314.41446396 63788.47313382 
-0.54000000 0.00000000 314.41427651 63788.47312911 
-0.52000000 0.00000000 314.41428090 63788.47312922 
-0.50000000 0.00000000 314.41428173 63788.47312924 
-0.48000000 0.00000000 314.41428264 63788.47312927 
-0.46000000 0.00000000 314.41428426 63788.47312931 
-0.44000000 0.00000000 314.41519915 63788.47315228 
-0.42000000 0.00000000 314.41519995 63788.47315230 
-0.40000000 0.00000000 314.41428596 63788.47312935 
-0.38000000 0.00000000 314.41428639 63788.47312936 
-0.36000000 0.00000000 314.41428652 63788.47312936 
-0.34000000 0.00000000 314.41428652 63788.47312936 
-0.32000000 0.00000000 314.41428643 63788.47312936 
-0.30000000 0.00000000 314.41521772 63788.47315275 
-0.28000000 0.00000000 314.41521761 63788.47315274 
-0.26000000 0.00000000 314.41428585 63788.47312935 
-0.24000000 0.00000000 314.41428583 63788.47312935 
-0.22000000 0.00000000 314.41428614 63788.47312935 
-0.20000000 0.00000000 314.41428649 63788.47312936 
-0.18000000 0.00000000 314.41522008 63788.47315280 
-0.16000000 0.00000000 314.41522087 63788.47315282 
-0.14000000 0.00000000 314.41429046 63788.47312946 
-0.12000000 0.00000000 314.41429170 63788.47312949 
-0.10000000 0.00000000 314.41429445 63788.47312956 
-0.08000000 0.00000000 314.41429785 63788.47312965 
-0.06000000 0.00000000 314.41523044 63788.47315306 
-0.04000000 0.00000000 314.41523334 63788.47315314 
-0.02000000 0.00000000 314.41432299 63788.47313028 
0.00000000 0.00000000 314.41432675 63788.47313037 
0.02000000 0.00000000 314.41433185 63788.47313050 
0.04000000 0.00000000 314.41433525 63788.47313058 
0.06000000 0.00000000 314.41449510 63788.47313460 
0.08000000 0.00000000 314.41438884 63788.47313193 
0.10000000 0.00000000 314.41439691 63788.47313213 
0.12000000 0.00000000 314.41440039 63788.47313222 
0.14000000 0.00000000 314.41373767 63788.47311558 
0.16000000 0.00000000 314.41373980 63788.47311564 
0.18000000 0.00000000 314.41440667 63788.47313237 
0.20000000 0.00000000 314.41441133 63788.47313249 
0.22000000 0.00000000 314.41441292 63788.47313253 
0.24000000 0.00000000 314.41441406 63788.47313256 
0.26000000 0.00000000 314.41436370 63788.47313129 
0.28000000 0.00000000 314.41436455 63788.47313132 
0.30000000 0.00000000 314.41436549 63788.47313134 
0.32000000 0.00000000 314.41436619 63788.47313136 
0.34000000 0.00000000 314.41436660 63788.47313137 
0.36000000 0.00000000 314.41436767 63788.47313139 
0.38000000 0.00000000 314.41436808 63788.47313140 
0.40000000 0.00000000 314.41369636 63788.47311454 
0.42000000 0.00000000 314.41369641 63788.47311455 
0.44000000 0.00000000 314.41436812 63788.47313140 
0.46000000 0.00000000 314.41436777 63788.47313140 
0.48000000 0.00000000 314.41436685 63788.47313137 
0.50000000 0.00000000 314.41436645 63788.47313136 
0.52000000 0.00000000 314.41436608 63788.47313135 
0.54000000 0.00000000 314.41436547 63788.47313134 
0.56000000 0.00000000 314.41436469 63788.47313132 
0.58000000 0.00000000 314.41441570 63788.47313260 
0.60000000 0.00000000 314.41441502 63788.47313258 
0.62000000 0.00000000 314.41441415 63788.47313256 
0.64000000 0.00000000 314.41441343 63788.47313254 
0.66000000 0.00000000 314.41374537 63788.47311578 
0.68000000 0.00000000 314.41374329 63788.47311572 
0.70000000 0.00000000 314.41440990 63788.47313245 
0.72000000 0.00000000 314.41440842 63788.47313242 
0.74000000 0.00000000 314.41440433 63788.47313232 
0.76000000 0.00000000 314.41440276 63788.47313228 
0.78000000 0.00000000 314.41439573 63788.47313210 
0.80000000 0.00000000 314.41439356 63788.47313205 
0.82000000 0.00000000 314.41439146 63788.47313199 
0.84000000 0.00000000 314.41438883 63788.47313193 
0.86000000 0.00000000 314.41450844 63788.47313493 
0.88000000 0.00000000 314.41450598 63788.47313487 
0.90000000 0.00000000 314.41427209 63788.47312900 
0.92000000 0.00000000 314.41407997 63788.47312418 
0.94000000 0.00000000 314.41449880 63788.47313469 
0.96000000 0.00000000 314.41449642 63788.47313463 
0.98000000 0.00000000 314.41465082 63788.47313851 

