-1.00000000 0.00000000 -460.94534301 60607.60547785 
-0.98000000 0.00000000 -462.45767396 60607.74855846 
-0.96000000 0.00000000 -463.25908468 60607.03752619 
-0.94000000 0.00000000 -510.39976010 60691.28944166 
-0.92000000 0.00000000 -510.28773984 60689.46321745 
-0.90000000 0.00000000 -427.02298485 60529.13082722 
-0.88000000 0.00000000 -426.46910069 60527.25144878 
-0.86000000 0.00000000 -425.63421271 60524.94341513 
-0.84000000 0.00000000 -591.39415659 60814.08868068 
-0.82000000 0.00000000 -592.00058790 60814.24036667 
-0.80000000 0.00000000 -458.23115488 60590.43893184 
-0.78000000 0.00000000 -407.41436167 60483.45778795 
-0.76000000 0.00000000 -406.78406337 60481.76016147 
-0.74000000 0.00000000 -406.31873228 60480.44015064 
-0.72000000 0.00000000 -404.69321783 60476.49111636 
-0.70000000 0.00000000 -460.37688112 60592.98583556 
-0.68000000 0.00000000 -460.12000311 60592.35178626 
-0.66000000 0.00000000 -593.65224274 60812.61420165 
-0.64000000 0.00000000 -593.02651241 60811.96853103 
-0.62000000 0.00000000 -459.30456636 60591.37630111 
-0.60000000 0.00000000 -591.72228354 60811.64659163 
-0.58000000 0.00000000 -591.08389147 60812.02908643 
-0.56000000 0.00000000 -458.18562647 60591.65184305 
-0.54000000 0.00000000 -402.50781641 60474.77858202 
-0.52000000 0.00000000 -403.57739320 60478.28435897 
-0.50000000 0.00000000 -403.46118977 60479.07100134 
-0.48000000 0.00000000 -403.38372009 60479.91192229 
-0.46000000 0.00000000 -403.56349902 60481.27106898 
-0.44000000 0.00000000 -581.58556926 60810.70930106 
-0.42000000 0.00000000 -580.66050196 60810.61353820 
-0.40000000 0.00000000 -403.35337337 60482.78393651 
-0.38000000 0.00000000 -403.35370993 60483.12473686 
-0.36000000 0.00000000 -403.31093706 60483.21200946 
-0.34000000 0.00000000 -403.27519044 60483.18828442 
-0.32000000 0.00000000 -403.23891764 60483.07397673 
-0.30000000 0.00000000 -581.17218772 60813.55937519 
-0.28000000 0.00000000 -581.27108690 60813.59715373 
-0.26000000 0.00000000 -402.99544913 60482.42536994 
-0.24000000 0.00000000 -402.85474976 60482.30894956 
-0.22000000 0.00000000 -402.69499204 60482.41280502 
-0.20000000 0.00000000 -402.36594471 60482.49664462 
-0.18000000 0.00000000 -578.19699677 60813.32270221 
-0.16000000 0.00000000 -575.92020623 60812.84531191 
-0.14000000 0.00000000 -400.62198489 60484.35098076 
-0.12000000 0.00000000 -399.23501321 60484.58778846 
-0.10000000 0.00000000 -397.80994113 60485.67489179 
-0.08000000 0.00000000 -396.02497714 60486.92258957 
-0.06000000 0.00000000 -549.66834117 60806.23820730 
-0.04000000 0.00000000 -541.06908843 60803.69262616 
-0.02000000 0.00000000 -391.11862777 60498.36836903 
0.00000000 0.00000000 -387.09120171 60498.17692229 
0.02000000 0.00000000 -382.99890794 60498.47873756 
0.04000000 0.00000000 -378.23349908 60497.39859461 
0.06000000 0.00000000 -403.72346974 60577.65669566 
0.08000000 0.00000000 -377.89448057 60521.36349858 
0.10000000 0.00000000 -373.65320236 60521.98569671 
0.12000000 0.00000000 -368.79956534 60520.16673389 
0.14000000 0.00000000 -140.09533133 58861.49267839 
0.16000000 0.00000000 -140.20292607 58931.77578152 
0.18000000 0.00000000 -355.54372855 60513.18881016 
0.20000000 0.00000000 -352.10520220 60512.33079342 
0.22000000 0.00000000 -348.36527342 60509.93611811 
0.24000000 0.00000000 -344.67920728 60507.29123594 
0.26000000 0.00000000 -333.28779322 60477.64680531 
0.28000000 0.00000000 -329.88413678 60474.86648946 
0.30000000 0.00000000 -326.64679828 60472.18885568 
0.32000000 0.00000000 -323.63438458 60469.55776313 
0.34000000 0.00000000 -320.98652689 60467.11386095 
0.36000000 0.00000000 -319.00230979 60465.55853809 
0.38000000 0.00000000 -317.63340256 60464.33555683 
0.40000000 0.00000000 -197.02026733 57810.37827371 
0.42000000 0.00000000 -196.68040760 57813.28541446 
0.44000000 0.00000000 -318.54034130 60465.26882812 
0.46000000 0.00000000 -320.52182480 60467.12359224 
0.48000000 0.00000000 -323.14000177 60469.37177637 
0.50000000 0.00000000 -326.40445741 60472.43359985 
0.52000000 0.00000000 -330.07520198 60475.84908413 
0.54000000 0.00000000 -333.95531165 60479.30654958 
0.56000000 0.00000000 -337.92476405 60482.70043304 
0.58000000 0.00000000 -350.07603078 60513.11160606 
0.60000000 0.00000000 -354.25191434 60516.44565947 
0.62000000 0.00000000 -358.41655291 60519.60193145 
0.64000000 0.00000000 -362.66781702 60522.77769157 
0.66000000 0.00000000 -143.45328899 59069.14028648 
0.68000000 0.00000000 -142.87020270 59027.65307290 
0.70000000 0.00000000 -376.19262873 60531.74182460 
0.72000000 0.00000000 -381.11342794 60534.70133441 
0.74000000 0.00000000 -385.77053180 60536.36375953 
0.76000000 0.00000000 -391.04789977 60539.30918827 
0.78000000 0.00000000 -395.29106726 60539.29459114 
0.80000000 0.00000000 -400.43509304 60541.66095869 
0.82000000 0.00000000 -405.43394333 60543.82937089 
0.84000000 0.00000000 -410.04339132 60545.40993999 
0.86000000 0.00000000 -440.62449542 60606.61712363 
0.88000000 0.00000000 -445.28665656 60608.09493107 
0.90000000 0.00000000 -392.13182699 60478.56237093 
0.92000000 0.00000000 -327.71610518 60294.07264788 
0.94000000 0.00000000 -456.01191237 60610.28613721 
0.96000000 0.00000000 -458.47283082 60610.30202505 
0.98000000 0.00000000 -493.53501815 60673.05165833 

