-1.00000000 0.00000000 1920.53039464 58189.60993860 
-0.98000000 0.00000000 1919.82302740 58192.05396292 
-0.96000000 0.00000000 1919.70957804 58193.54747738 
-0.94000000 0.00000000 1877.56846682 58244.47578916 
-0.92000000 0.00000000 1878.13958438 58244.84600012 
-0.90000000 0.00000000 1959.81142460 58153.65311780 
-0.88000000 0.00000000 1960.77741011 58153.11875853 
-0.86000000 0.00000000 1962.01242838 58152.21588673 
-0.84000000 0.00000000 1820.28344529 58324.50566682 
-0.82000000 0.00000000 1820.10272800 58325.28900420 
-0.80000000 0.00000000 1927.36068680 58189.40533068 
-0.78000000 0.00000000 1984.72579910 58131.14867463 
-0.76000000 0.00000000 1985.66868802 58130.41616589 
-0.74000000 0.00000000 1986.39217047 58129.87958976 
-0.72000000 0.00000000 1988.56782126 58127.99176743 
-0.70000000 0.00000000 1925.85044962 58192.01546063 
-0.68000000 0.00000000 1926.15898774 58191.73571093 
-0.66000000 0.00000000 1820.02812497 58328.00170958 
-0.64000000 0.00000000 1820.37010826 58327.32887101 
-0.62000000 0.00000000 1926.81166123 58190.62873271 
-0.60000000 0.00000000 1820.87724238 58325.57297773 
-0.58000000 0.00000000 1821.01872709 58324.52642369 
-0.56000000 0.00000000 1927.22562279 58188.77509775 
-0.54000000 0.00000000 1990.24025934 58124.74322965 
-0.52000000 0.00000000 1988.50350326 58125.80445193 
-0.50000000 0.00000000 1988.27380452 58125.48795454 
-0.48000000 0.00000000 1988.00303180 58125.22526738 
-0.46000000 0.00000000 1987.42689545 58125.27574675 
-0.44000000 0.00000000 1824.59256474 58311.49128416 
-0.42000000 0.00000000 1824.92157677 58310.20725291 
-0.40000000 0.00000000 1986.89454373 58124.72831545 
-0.38000000 0.00000000 1986.72071381 58124.69217981 
-0.36000000 0.00000000 1986.64387092 58124.63687823 
-0.34000000 0.00000000 1986.59136744 58124.61463613 
-0.32000000 0.00000000 1986.56071456 58124.60855387 
-0.30000000 0.00000000 1823.83994833 58309.88533092 
-0.28000000 0.00000000 1823.71561482 58309.99145535 
-0.26000000 0.00000000 1986.60700742 58124.41110487 
-0.24000000 0.00000000 1986.62301454 58124.21113722 
-0.22000000 0.00000000 1986.58933972 58123.91886835 
-0.20000000 0.00000000 1986.67358554 58123.33180566 
-0.18000000 0.00000000 1824.55323650 58305.33881586 
-0.16000000 0.00000000 1825.48237222 58302.08754549 
-0.14000000 0.00000000 1987.07481406 58119.78599281 
-0.12000000 0.00000000 1987.90108734 58117.26692047 
-0.10000000 0.00000000 1988.58022020 58114.44251466 
-0.08000000 0.00000000 1989.52318777 58110.92592020 
-0.06000000 0.00000000 1837.91888561 58264.72628448 
-0.04000000 0.00000000 1842.44373802 58252.43152195 
-0.02000000 0.00000000 1990.56129777 58099.02951397 
0.00000000 0.00000000 1993.78131461 58091.89270292 
0.02000000 0.00000000 1997.04088677 58084.50571084 
0.04000000 0.00000000 2001.24517969 58076.29964374 
0.06000000 0.00000000 1964.97482196 58098.85631573 
0.08000000 0.00000000 1996.80200560 58069.13901235 
0.10000000 0.00000000 2000.42026393 58061.44424203 
0.12000000 0.00000000 2005.14348748 58053.33794414 
0.14000000 0.00000000 2813.93809216 58524.60685002 
0.16000000 0.00000000 2798.84437365 58460.76617403 
0.18000000 0.00000000 2019.07041196 58031.74786884 
0.20000000 0.00000000 2022.73508933 58025.88703365 
0.22000000 0.00000000 2027.08666578 58019.90238799 
0.24000000 0.00000000 2031.55135724 58014.07754207 
0.26000000 0.00000000 2049.08634652 58001.78000923 
0.28000000 0.00000000 2053.62431600 57996.49161508 
0.30000000 0.00000000 2058.04650881 57991.47725512 
0.32000000 0.00000000 2062.26379300 57986.85628675 
0.34000000 0.00000000 2066.05197582 57982.83714478 
0.36000000 0.00000000 2068.89574342 57979.76015867 
0.38000000 0.00000000 2070.90140633 57977.68140727 
0.40000000 0.00000000 2680.28109720 59449.16271295 
0.42000000 0.00000000 2681.29095798 59447.20140773 
0.44000000 0.00000000 2069.62227486 57979.05050725 
0.46000000 0.00000000 2066.76278400 57982.05765422 
0.48000000 0.00000000 2063.04282581 57986.09022360 
0.50000000 0.00000000 2058.42941832 57991.06073216 
0.52000000 0.00000000 2053.32956873 57996.66988556 
0.54000000 0.00000000 2048.06258464 58002.65239585 
0.56000000 0.00000000 2042.81179701 58008.82208872 
0.58000000 0.00000000 2024.54761873 58022.28190952 
0.60000000 0.00000000 2019.49591236 58028.83385031 
0.62000000 0.00000000 2014.62707874 58035.41318389 
0.64000000 0.00000000 2009.81059011 58042.13760783 
0.66000000 0.00000000 2760.33706772 58346.42774544 
0.68000000 0.00000000 2773.22999122 58381.02758423 
0.70000000 0.00000000 1995.53264884 58063.80050139 
0.72000000 0.00000000 1990.65590549 58071.74765608 
0.74000000 0.00000000 1986.36072305 58079.58151267 
0.76000000 0.00000000 1981.41967042 58088.14653357 
0.78000000 0.00000000 1977.99837192 58095.70309168 
0.80000000 0.00000000 1973.50586160 58104.16866046 
0.82000000 0.00000000 1969.28362746 58112.41192173 
0.84000000 0.00000000 1965.58524300 58120.11074617 
0.86000000 0.00000000 1932.26601517 58155.36081234 
0.88000000 0.00000000 1929.03311462 58162.94377509 
0.90000000 0.00000000 1993.86830140 58106.86851713 
0.92000000 0.00000000 2096.37417946 58037.71779282 
0.94000000 0.00000000 1922.32948942 58180.57480049 
0.96000000 0.00000000 1921.03158075 58184.71271290 
0.98000000 0.00000000 1889.02134408 58223.32202863 

