-1.00000000 0.00000000 -1310.03478907 58746.75522475 
-0.98000000 0.00000000 -1310.35596714 58747.49825599 
-0.96000000 0.00000000 -1310.68070579 58747.82004054 
-0.94000000 0.00000000 -1306.19807534 58773.21020918 
-0.92000000 0.00000000 -1306.51569192 58773.06259968 
-0.90000000 0.00000000 -1316.31982595 58725.19855087 
-0.88000000 0.00000000 -1316.56767429 58724.68595987 
-0.86000000 0.00000000 -1316.82361093 58724.00485373 
-0.84000000 0.00000000 -1301.37894603 58809.71673814 
-0.82000000 0.00000000 -1301.47598297 58809.92862581 
-0.80000000 0.00000000 -1312.72305357 58743.90323177 
-0.78000000 0.00000000 -1320.07979845 58711.38780349 
-0.76000000 0.00000000 -1320.25011472 58710.86968026 
-0.74000000 0.00000000 -1320.38668637 58710.47587951 
-0.72000000 0.00000000 -1320.71655900 58709.29077999 
-0.70000000 0.00000000 -1312.77137969 58744.88924016 
-0.68000000 0.00000000 -1312.82155030 58744.71623448 
-0.66000000 0.00000000 -1301.98847980 58810.51652297 
-0.64000000 0.00000000 -1301.97786498 58810.25307637 
-0.62000000 0.00000000 -1312.80392780 58744.25741120 
-0.60000000 0.00000000 -1301.80795544 58809.68049291 
-0.58000000 0.00000000 -1301.64755998 58809.38635897 
-0.56000000 0.00000000 -1312.52203748 58743.74734894 
-0.54000000 0.00000000 -1320.49619305 58708.09793639 
-0.52000000 0.00000000 -1320.12149777 58708.96456573 
-0.50000000 0.00000000 -1319.95324280 58709.01209215 
-0.48000000 0.00000000 -1319.78324554 58709.08651409 
-0.46000000 0.00000000 -1319.57969519 58709.33441422 
-0.44000000 0.00000000 -1300.35394199 58805.19102198 
-0.42000000 0.00000000 -1300.21524385 58804.79553178 
-0.40000000 0.00000000 -1319.22827821 58709.51233515 
-0.38000000 0.00000000 -1319.14708012 58709.60229948 
-0.36000000 0.00000000 -1319.09512442 58709.65549360 
-0.34000000 0.00000000 -1319.05865959 58709.70893381 
-0.32000000 0.00000000 -1319.03232282 58709.76042326 
-0.30000000 0.00000000 -1299.68374815 58805.21507960 
-0.28000000 0.00000000 -1299.63761678 58805.32153076 
-0.26000000 0.00000000 -1318.94630852 58709.84345939 
-0.24000000 0.00000000 -1318.88020613 58709.84547608 
-0.22000000 0.00000000 -1318.77136483 58709.84401283 
-0.20000000 0.00000000 -1318.63128703 58709.73416165 
-0.18000000 0.00000000 -1298.85755075 58804.10083576 
-0.16000000 0.00000000 -1298.51012101 58803.02319860 
-0.14000000 0.00000000 -1317.82710589 58708.90437750 
-0.12000000 0.00000000 -1317.48527492 58708.06235712 
-0.10000000 0.00000000 -1317.02153045 58707.17602659 
-0.08000000 0.00000000 -1316.49089904 58706.01561496 
-0.06000000 0.00000000 -1295.43161564 58789.60242572 
-0.04000000 0.00000000 -1294.61057208 58784.97927706 
-0.02000000 0.00000000 -1314.01680749 58702.60139373 
0.00000000 0.00000000 -1313.46384261 58699.72467744 
0.02000000 0.00000000 -1312.87442030 58696.74889269 
0.04000000 0.00000000 -1312.42010188 58693.25794663 
0.06000000 0.00000000 -1305.40015062 58709.63720471 
0.08000000 0.00000000 -1309.41801893 58692.43672629 
0.10000000 0.00000000 -1308.93523990 58689.20180685 
0.12000000 0.00000000 -1308.71955459 58685.52835625 
0.14000000 0.00000000 -1556.93058582 58452.71396942 
0.16000000 0.00000000 -1543.45748605 58451.37415304 
0.18000000 0.00000000 -1308.59091057 58675.23602330 
0.20000000 0.00000000 -1308.54460120 58672.40427642 
0.22000000 0.00000000 -1308.69230171 58669.31540231 
0.24000000 0.00000000 -1308.91942285 58666.20738082 
0.26000000 0.00000000 -1311.65756523 58657.57691140 
0.28000000 0.00000000 -1312.01465550 58654.54004919 
0.30000000 0.00000000 -1312.39823573 58651.60073199 
0.32000000 0.00000000 -1312.79918299 58648.83392257 
0.34000000 0.00000000 -1313.18655067 58646.38093704 
0.36000000 0.00000000 -1313.47395349 58644.50417844 
0.38000000 0.00000000 -1313.69478254 58643.20769837 
0.40000000 0.00000000 -1694.99954613 58605.85455364 
0.42000000 0.00000000 -1694.83475922 58605.20979310 
0.44000000 0.00000000 -1313.59473078 58644.00978108 
0.46000000 0.00000000 -1313.30829411 58645.84636212 
0.48000000 0.00000000 -1312.95220231 58648.27806034 
0.50000000 0.00000000 -1312.50676564 58651.27107525 
0.52000000 0.00000000 -1312.03589428 58654.60498421 
0.54000000 0.00000000 -1311.58655809 58658.09479861 
0.56000000 0.00000000 -1311.18235818 58661.61920365 
0.58000000 0.00000000 -1308.41353901 58670.80908922 
0.60000000 0.00000000 -1308.14109771 58674.31802606 
0.62000000 0.00000000 -1307.94286359 58677.74560295 
0.64000000 0.00000000 -1307.80337632 58681.16139667 
0.66000000 0.00000000 -1518.68810641 58452.65439386 
0.68000000 0.00000000 -1526.87857713 58451.82301579 
0.70000000 0.00000000 -1307.80186756 58691.58660833 
0.72000000 0.00000000 -1307.92627574 58695.24759055 
0.74000000 0.00000000 -1308.21505439 58698.69504949 
0.76000000 0.00000000 -1308.45318563 58702.50703484 
0.78000000 0.00000000 -1308.97423444 58705.59416702 
0.80000000 0.00000000 -1309.34241146 58709.21223624 
0.82000000 0.00000000 -1309.75350014 58712.67075139 
0.84000000 0.00000000 -1310.22405379 58715.80838187 
0.86000000 0.00000000 -1306.43797765 58734.77314539 
0.88000000 0.00000000 -1306.98068989 58737.70549065 
0.90000000 0.00000000 -1317.03795007 58703.79466593 
0.92000000 0.00000000 -1334.20081035 58653.64775024 
0.94000000 0.00000000 -1308.56665348 58744.14180307 
0.96000000 0.00000000 -1309.05156816 58745.52133336 
0.98000000 0.00000000 -1305.78272051 58764.76197131 

