-1.00000000 0.00000000 2098.10571900 58826.75696475 
-0.98000000 0.00000000 2098.28524136 58827.34447908 
-0.96000000 0.00000000 2098.50402038 58827.62811433 
-0.94000000 0.00000000 2092.96806460 58844.94944077 
-0.92000000 0.00000000 2093.21944146 58844.89527541 
-0.90000000 0.00000000 2104.66464449 58812.51828145 
-0.88000000 0.00000000 2104.89862260 58812.18580871 
-0.86000000 0.00000000 2105.15241218 58811.73564334 
-0.84000000 0.00000000 2086.20182842 58870.22495116 
-0.82000000 0.00000000 2086.25489765 58870.39002320 
-0.80000000 0.00000000 2100.39474196 58825.12472918 
-0.78000000 0.00000000 2108.66836699 58803.33455707 
-0.76000000 0.00000000 2108.84185959 58802.99130411 
-0.74000000 0.00000000 2108.97920414 58802.73143418 
-0.72000000 0.00000000 2109.32727170 58801.94755729 
-0.70000000 0.00000000 2100.35140914 58825.81443309 
-0.68000000 0.00000000 2100.40397282 58825.69880736 
-0.66000000 0.00000000 2086.57513956 58870.89749374 
-0.64000000 0.00000000 2086.59058993 58870.70511219 
-0.62000000 0.00000000 2100.42920901 58825.36814066 
-0.60000000 0.00000000 2086.51782806 58870.25642192 
-0.58000000 0.00000000 2086.42753204 58870.01053840 
-0.56000000 0.00000000 2100.25943947 58824.95608878 
-0.54000000 0.00000000 2109.25135030 58801.07280335 
-0.52000000 0.00000000 2108.89473712 58801.62315214 
-0.50000000 0.00000000 2108.76115658 58801.63158248 
-0.48000000 0.00000000 2108.62402293 58801.65917029 
-0.46000000 0.00000000 2108.44738983 58801.80378451 
-0.44000000 0.00000000 2085.86339736 58866.71703212 
-0.42000000 0.00000000 2085.79737900 58866.40624678 
-0.40000000 0.00000000 2108.15978216 58801.88712856 
-0.38000000 0.00000000 2108.08852341 58801.94431978 
-0.36000000 0.00000000 2108.04225291 58801.98152028 
-0.34000000 0.00000000 2108.00749424 58802.02247590 
-0.32000000 0.00000000 2107.98031248 58802.06465931 
-0.30000000 0.00000000 2085.36169599 58866.64466357 
-0.28000000 0.00000000 2085.31488850 58866.72316346 
-0.26000000 0.00000000 2107.89758440 58802.14250263 
-0.24000000 0.00000000 2107.84334792 58802.14323957 
-0.22000000 0.00000000 2107.75707152 58802.13244776 
-0.20000000 0.00000000 2107.65628682 58802.03675721 
-0.18000000 0.00000000 2084.83570667 58865.71778350 
-0.16000000 0.00000000 2084.67627429 58864.86335505 
-0.14000000 0.00000000 2107.10957894 58801.29708387 
-0.12000000 0.00000000 2106.92067938 58800.62221990 
-0.10000000 0.00000000 2106.64572719 58799.88354351 
-0.08000000 0.00000000 2106.34531171 58798.92746712 
-0.06000000 0.00000000 2083.64452031 58854.37545596 
-0.04000000 0.00000000 2083.46809252 58850.80312835 
-0.02000000 0.00000000 2104.79532928 58795.86796317 
0.00000000 0.00000000 2104.62915492 58793.64957306 
0.02000000 0.00000000 2104.44564356 58791.34717503 
0.04000000 0.00000000 2104.40566124 58788.70322167 
0.06000000 0.00000000 2097.88778012 58798.78207262 
0.08000000 0.00000000 2102.28112746 58787.33519629 
0.10000000 0.00000000 2102.20466185 58784.86072382 
0.12000000 0.00000000 2102.36074115 58782.13488492 
0.14000000 0.00000000 2293.36884476 58681.58514844 
0.16000000 0.00000000 2284.54443946 58676.99470956 
0.18000000 0.00000000 2103.15375191 58774.59674955 
0.20000000 0.00000000 2103.37096850 58772.50535194 
0.22000000 0.00000000 2103.75409308 58770.27084137 
0.24000000 0.00000000 2104.20034446 58768.03558808 
0.26000000 0.00000000 2106.92582273 58762.45530424 
0.28000000 0.00000000 2107.46563480 58760.29500857 
0.30000000 0.00000000 2108.01820413 58758.20985438 
0.32000000 0.00000000 2108.56876238 58756.25533670 
0.34000000 0.00000000 2109.08093581 58754.52967662 
0.36000000 0.00000000 2109.46824018 58753.20406049 
0.38000000 0.00000000 2109.75228567 58752.29394671 
0.40000000 0.00000000 2366.57251239 58825.03381760 
0.42000000 0.00000000 2366.53806871 58824.54479266 
0.44000000 0.00000000 2109.60968159 58752.85770069 
0.46000000 0.00000000 2109.23066638 58754.14831621 
0.48000000 0.00000000 2108.74462263 58755.86499445 
0.50000000 0.00000000 2108.14221545 58757.97451920 
0.52000000 0.00000000 2107.49022956 58760.33012856 
0.54000000 0.00000000 2106.84030574 58762.80607811 
0.56000000 0.00000000 2106.22165745 58765.31687598 
0.58000000 0.00000000 2103.42106982 58771.30620927 
0.60000000 0.00000000 2102.90453021 58773.82954018 
0.62000000 0.00000000 2102.45290349 58776.30493894 
0.64000000 0.00000000 2102.04908012 58778.77856531 
0.66000000 0.00000000 2268.07245585 58671.23470777 
0.68000000 0.00000000 2273.66407278 58672.86715493 
0.70000000 0.00000000 2101.14500228 58786.39290762 
0.72000000 0.00000000 2100.92304582 58789.08719492 
0.74000000 0.00000000 2100.84012524 58791.66508250 
0.76000000 0.00000000 2100.69039980 58794.49083220 
0.78000000 0.00000000 2100.80970327 58796.86000185 
0.80000000 0.00000000 2100.77320825 58799.57160915 
0.82000000 0.00000000 2100.78251987 58802.17482941 
0.84000000 0.00000000 2100.86375366 58804.55645897 
0.86000000 0.00000000 2096.45959213 58817.34973692 
0.88000000 0.00000000 2096.60696973 58819.59671374 
0.90000000 0.00000000 2106.92633524 58797.49272538 
0.92000000 0.00000000 2123.78815329 58765.50514929 
0.94000000 0.00000000 2097.22973534 58824.58973461 
0.96000000 0.00000000 2097.47357598 58825.68136234 
0.98000000 0.00000000 2093.38793881 58838.82096889 

