-1.00000000 0.00000000 46.71221410 61322.42011355 
-0.98000000 0.00000000 46.25172739 61321.48373506 
-0.96000000 0.00000000 46.12472210 61319.77935049 
-0.94000000 0.00000000 17.98157104 61421.64569311 
-0.92000000 0.00000000 18.35695400 61418.80707096 
-0.90000000 0.00000000 67.32448373 61228.18307337 
-0.88000000 0.00000000 67.70434688 61225.86079187 
-0.86000000 0.00000000 68.21643157 61223.12500572 
-0.84000000 0.00000000 -34.42927798 61581.45841253 
-0.82000000 0.00000000 -34.66727950 61581.49187827 
-0.80000000 0.00000000 49.97457945 61298.06972750 
-0.78000000 0.00000000 78.27331506 61176.56529267 
-0.76000000 0.00000000 78.62803497 61174.62576207 
-0.74000000 0.00000000 78.89339613 61173.09725513 
-0.72000000 0.00000000 79.78260863 61168.67769643 
-0.70000000 0.00000000 48.92359946 61300.54003556 
-0.68000000 0.00000000 49.08195153 61299.75024703 
-0.66000000 0.00000000 -34.81847701 61578.11535987 
-0.64000000 0.00000000 -34.45282417 61577.30855829 
-0.62000000 0.00000000 49.44445581 61298.85290416 
-0.60000000 0.00000000 -33.95492362 61577.38096752 
-0.58000000 0.00000000 -33.85037947 61578.34377394 
-0.56000000 0.00000000 49.72945617 61300.14958691 
-0.54000000 0.00000000 80.58094865 61168.13385911 
-0.52000000 0.00000000 79.89765267 61172.40179943 
-0.50000000 0.00000000 79.85446800 61173.68199998 
-0.48000000 0.00000000 79.79389194 61175.00660516 
-0.46000000 0.00000000 79.60075383 61176.87188874 
-0.44000000 0.00000000 -30.45452198 61580.78755285 
-0.42000000 0.00000000 -30.13461516 61581.07865488 
-0.40000000 0.00000000 79.51351727 61179.27869363 
-0.38000000 0.00000000 79.47916198 61179.75926398 
-0.36000000 0.00000000 79.48405025 61179.89161422 
-0.34000000 0.00000000 79.49801599 61179.84398687 
-0.32000000 0.00000000 79.52119734 61179.65448834 
-0.30000000 0.00000000 -31.09161771 61585.58892801 
-0.28000000 0.00000000 -31.14242807 61585.52728361 
-0.26000000 0.00000000 79.65962158 61178.72897272 
-0.24000000 0.00000000 79.71089854 61178.62868865 
-0.22000000 0.00000000 79.74261508 61178.88757722 
-0.20000000 0.00000000 79.82463546 61179.29203750 
-0.18000000 0.00000000 -30.13994527 61586.35915490 
-0.16000000 0.00000000 -29.29793716 61586.75135357 
-0.14000000 0.00000000 80.10055766 61183.83922753 
-0.12000000 0.00000000 80.46262735 61185.64986382 
-0.10000000 0.00000000 80.73640207 61188.86644627 
-0.08000000 0.00000000 81.09143328 61192.76885821 
-0.06000000 0.00000000 -19.31381464 61591.32673105 
-0.04000000 0.00000000 -15.97809933 61592.72792356 
-0.02000000 0.00000000 81.10994410 61216.48686388 
0.00000000 0.00000000 82.25872745 61220.90277573 
0.02000000 0.00000000 83.36649588 61226.29497943 
0.04000000 0.00000000 84.82826235 61230.40283570 
0.06000000 0.00000000 67.18323056 61331.20632047 
0.08000000 0.00000000 81.98375047 61269.74223003 
0.10000000 0.00000000 83.09507768 61276.18963999 
0.12000000 0.00000000 84.68616887 61279.55906165 
0.14000000 0.00000000 225.76218018 59684.33480345 
0.16000000 0.00000000 224.19317843 59744.08734641 
0.18000000 0.00000000 89.28423557 61286.27379243 
0.20000000 0.00000000 90.36134410 61289.83417443 
0.22000000 0.00000000 91.71215606 61291.41949023 
0.24000000 0.00000000 93.07729217 61292.64791799 
0.26000000 0.00000000 99.77902617 61261.34669305 
0.28000000 0.00000000 101.05832288 61262.34422676 
0.30000000 0.00000000 102.27652843 61263.34005364 
0.32000000 0.00000000 103.42353514 61264.11803832 
0.34000000 0.00000000 104.44451798 61264.64756982 
0.36000000 0.00000000 105.17790092 61265.54726044 
0.38000000 0.00000000 105.70040406 61265.94252516 
0.40000000 0.00000000 240.32623239 58826.24277460 
0.42000000 0.00000000 240.31332759 58828.62035895 
0.44000000 0.00000000 105.34646622 61265.96208721 
0.46000000 0.00000000 104.58421008 61265.59476356 
0.48000000 0.00000000 103.59768346 61264.80411825 
0.50000000 0.00000000 102.33586128 61264.31134154 
0.52000000 0.00000000 100.91663447 61263.79941821 
0.54000000 0.00000000 99.43026991 61263.11060039 
0.56000000 0.00000000 97.92287246 61262.28931651 
0.58000000 0.00000000 90.87829469 61294.02884454 
0.60000000 0.00000000 89.29145611 61293.28930632 
0.62000000 0.00000000 87.72862096 61292.42582353 
0.64000000 0.00000000 86.13851224 61291.62951685 
0.66000000 0.00000000 219.93123383 59860.57237768 
0.68000000 0.00000000 220.98956662 59824.22624373 
0.70000000 0.00000000 81.22351903 61288.19610368 
0.72000000 0.00000000 79.47302319 61286.76907071 
0.74000000 0.00000000 77.96490034 61283.68371285 
0.76000000 0.00000000 76.11488344 61282.08629351 
0.78000000 0.00000000 74.94283241 61277.01560373 
0.80000000 0.00000000 73.20373814 61274.91141999 
0.82000000 0.00000000 71.52833598 61272.79568440 
0.84000000 0.00000000 70.03696243 61270.29280794 
0.86000000 0.00000000 52.63251848 61338.98477365 
0.88000000 0.00000000 51.08914435 61336.94008549 
0.90000000 0.00000000 83.36434464 61183.40098473 
0.92000000 0.00000000 118.83879009 60982.57517739 
0.94000000 0.00000000 47.71024760 61330.79878661 
0.96000000 0.00000000 47.00590652 61328.73571765 
0.98000000 0.00000000 26.32902348 61403.32500567 

