-1.00000000 0.00000000 1893.78215063 62001.55507995 
-0.98000000 0.00000000 1895.20207924 62000.24644377 
-0.96000000 0.00000000 1894.52847392 61999.46325827 
-0.94000000 0.00000000 2099.23312774 61958.66171929 
-0.92000000 0.00000000 2095.22089889 61958.99516123 
-0.90000000 0.00000000 1737.50376154 62013.78592611 
-0.88000000 0.00000000 1734.20266613 62013.74802581 
-0.86000000 0.00000000 1730.05917984 62013.81321025 
-0.84000000 0.00000000 2478.27853951 61828.76157048 
-0.82000000 0.00000000 2479.35806957 61827.98990227 
-0.80000000 0.00000000 1861.10298083 62001.53886949 
-0.78000000 0.00000000 1656.42047281 62015.71906134 
-0.76000000 0.00000000 1653.60205784 62015.65575557 
-0.74000000 0.00000000 1651.43502868 62015.58128971 
-0.72000000 0.00000000 1644.82004339 62015.52035887 
-0.70000000 0.00000000 1867.19986866 62000.13735115 
-0.68000000 0.00000000 1865.89379572 62000.25048556 
-0.66000000 0.00000000 2476.72336472 61827.27065087 
-0.64000000 0.00000000 2474.25018168 61828.43812959 
-0.62000000 0.00000000 1863.56476741 62000.77924209 
-0.60000000 0.00000000 2471.88733960 61830.16628381 
-0.58000000 0.00000000 2472.20011066 61830.64591541 
-0.56000000 0.00000000 1863.17965882 62001.79519023 
-0.54000000 0.00000000 1640.97183568 62016.70730045 
-0.52000000 0.00000000 1646.56762724 62017.08735261 
-0.50000000 0.00000000 1647.58384346 62017.46901697 
-0.48000000 0.00000000 1648.70456320 62017.83612760 
-0.46000000 0.00000000 1650.72961063 62018.17115383 
-0.44000000 0.00000000 2457.92892660 61842.54712607 
-0.42000000 0.00000000 2456.64635616 61843.66666694 
-0.40000000 0.00000000 1652.71829502 62018.86176494 
-0.38000000 0.00000000 1653.20421557 62018.96557418 
-0.36000000 0.00000000 1653.30628139 62019.01039512 
-0.34000000 0.00000000 1653.25907751 62019.00513526 
-0.32000000 0.00000000 1653.08624001 62018.96382573 
-0.30000000 0.00000000 2465.31986030 61840.88604797 
-0.28000000 0.00000000 2465.56441297 61840.68000528 
-0.26000000 0.00000000 1652.06012670 62018.82883771 
-0.24000000 0.00000000 1651.82276682 62018.87068684 
-0.22000000 0.00000000 1651.88452815 62019.01289176 
-0.20000000 0.00000000 1651.80563755 62019.30091381 
-0.18000000 0.00000000 2461.57217201 61844.14506265 
-0.16000000 0.00000000 2457.78340519 61847.09078257 
-0.14000000 0.00000000 1653.32903875 62021.49635906 
-0.12000000 0.00000000 1652.76053576 62022.83782765 
-0.10000000 0.00000000 1653.37125059 62024.56448038 
-0.08000000 0.00000000 1653.97320802 62026.71196352 
-0.06000000 0.00000000 2411.75814028 61881.98583863 
-0.04000000 0.00000000 2396.02520085 61893.52892734 
-0.02000000 0.00000000 1667.17475085 62035.91988698 
0.00000000 0.00000000 1664.24701364 62039.79836771 
0.02000000 0.00000000 1662.00496619 62043.99375498 
0.04000000 0.00000000 1657.34535746 62048.36219739 
0.06000000 0.00000000 1799.46403631 62050.84014536 
0.08000000 0.00000000 1692.44780223 62058.34396059 
0.10000000 0.00000000 1690.61777721 62063.05495725 
0.12000000 0.00000000 1684.74052217 62067.50955123 
0.14000000 0.00000000 684.86418827 61385.78146252 
0.16000000 0.00000000 697.08941135 61418.87035529 
0.18000000 0.00000000 1665.90036003 62079.16527057 
0.20000000 0.00000000 1662.46766208 62082.69818831 
0.22000000 0.00000000 1656.59832854 62085.96823205 
0.24000000 0.00000000 1650.42338299 62089.12051078 
0.26000000 0.00000000 1601.35415188 62088.74994829 
0.28000000 0.00000000 1595.45370958 62091.53400357 
0.30000000 0.00000000 1589.82195736 62094.20226143 
0.32000000 0.00000000 1584.41553478 62096.64286327 
0.34000000 0.00000000 1579.50654737 62098.74128047 
0.36000000 0.00000000 1576.21212071 62100.47065553 
0.38000000 0.00000000 1573.74268956 62101.59551781 
0.40000000 0.00000000 569.08766447 60899.01252427 
0.42000000 0.00000000 569.28708295 60900.37977402 
0.44000000 0.00000000 1575.53395680 62100.95768325 
0.46000000 0.00000000 1579.22443099 62099.40364684 
0.48000000 0.00000000 1583.84654648 62097.25128916 
0.50000000 0.00000000 1589.98992534 62094.71379381 
0.52000000 0.00000000 1596.90141503 62091.86687343 
0.54000000 0.00000000 1604.04215734 62088.80873551 
0.56000000 0.00000000 1611.19355503 62085.64518525 
0.58000000 0.00000000 1662.35635706 62085.31053677 
0.60000000 0.00000000 1669.93586389 62081.87827990 
0.62000000 0.00000000 1677.28820423 62078.43468900 
0.64000000 0.00000000 1684.76884183 62074.95578631 
0.66000000 0.00000000 724.85473942 61483.23232328 
0.68000000 0.00000000 716.46751228 61463.31635929 
0.70000000 0.00000000 1707.13984093 62063.75561725 
0.72000000 0.00000000 1714.92727279 62059.66240833 
0.74000000 0.00000000 1720.58320491 62055.40980753 
0.76000000 0.00000000 1728.69219937 62051.02971383 
0.78000000 0.00000000 1731.52634594 62046.70555142 
0.80000000 0.00000000 1738.72693664 62042.35589164 
0.82000000 0.00000000 1745.56758900 62038.12856101 
0.84000000 0.00000000 1751.25261842 62034.13604890 
0.86000000 0.00000000 1876.48431608 62020.46951237 
0.88000000 0.00000000 1882.66459296 62016.22493759 
0.90000000 0.00000000 1639.51704978 62026.85992360 
0.92000000 0.00000000 1381.60801881 61997.42907092 
0.94000000 0.00000000 1894.82942639 62006.44132687 
0.96000000 0.00000000 1896.75649747 62004.17705041 
0.98000000 0.00000000 2046.36536676 61975.74403810 

