-1.00000000 0.00000000 -1770.31519138 58791.26265025 
-0.98000000 0.00000000 -1770.03080161 58789.53121492 
-0.96000000 0.00000000 -1769.64937658 58788.64222113 
-0.94000000 0.00000000 -1781.05370132 58739.53672381 
-0.92000000 0.00000000 -1780.56824346 58739.61864095 
-0.90000000 0.00000000 -1756.36586608 58830.71511210 
-0.88000000 0.00000000 -1755.90431208 58831.53422814 
-0.86000000 0.00000000 -1755.38599375 58832.69044495 
-0.84000000 0.00000000 -1793.16482501 58667.02563598 
-0.82000000 0.00000000 -1793.03481652 58666.51447672 
-0.80000000 0.00000000 -1765.96395691 58794.96897336 
-0.78000000 0.00000000 -1747.51511744 58855.77231969 
-0.76000000 0.00000000 -1747.14248568 58856.67092853 
-0.74000000 0.00000000 -1746.84956625 58857.34724880 
-0.72000000 0.00000000 -1746.06506656 58859.48748139 
-0.70000000 0.00000000 -1766.12459448 58792.84317204 
-0.68000000 0.00000000 -1766.01501653 58793.15608505 
-0.66000000 0.00000000 -1792.27124953 58664.97686877 
-0.64000000 0.00000000 -1792.26219902 58665.52323450 
-0.62000000 0.00000000 -1765.93527595 58794.10013801 
-0.60000000 0.00000000 -1792.47521572 58666.77918417 
-0.58000000 0.00000000 -1792.70046490 58667.45795535 
-0.56000000 0.00000000 -1766.21695136 58795.34014983 
-0.54000000 0.00000000 -1745.99438721 58862.08852259 
-0.52000000 0.00000000 -1746.74749195 58860.62550958 
-0.50000000 0.00000000 -1746.98199981 58860.67044818 
-0.48000000 0.00000000 -1747.22656241 58860.66378992 
-0.46000000 0.00000000 -1747.56724436 58860.33149030 
-0.44000000 0.00000000 -1794.33175687 58676.71219889 
-0.42000000 0.00000000 -1794.50773155 58677.60505928 
-0.40000000 0.00000000 -1748.07216978 58860.30116101 
-0.38000000 0.00000000 -1748.20004316 58860.20679250 
-0.36000000 0.00000000 -1748.27688285 58860.16800454 
-0.34000000 0.00000000 -1748.33194613 58860.11992643 
-0.32000000 0.00000000 -1748.37167237 58860.07083465 
-0.30000000 0.00000000 -1795.35004096 58677.16256719 
-0.28000000 0.00000000 -1795.42081704 58677.00593031 
-0.26000000 0.00000000 -1748.47238765 58860.08130677 
-0.24000000 0.00000000 -1748.54719755 58860.16154091 
-0.22000000 0.00000000 -1748.67858825 58860.27414978 
-0.20000000 0.00000000 -1748.82114849 58860.61876304 
-0.18000000 0.00000000 -1796.43140089 58680.01905383 
-0.16000000 0.00000000 -1796.84110954 58682.38423853 
-0.14000000 0.00000000 -1749.63588093 58862.83284749 
-0.12000000 0.00000000 -1749.84821601 58864.71411547 
-0.10000000 0.00000000 -1750.21841367 58866.73553434 
-0.08000000 0.00000000 -1750.60326748 58869.31942915 
-0.06000000 0.00000000 -1799.92588547 58710.91039708 
-0.04000000 0.00000000 -1800.53988777 58720.59871866 
-0.02000000 0.00000000 -1753.02920237 58877.30004838 
0.00000000 0.00000000 -1752.93037861 58883.22084331 
0.02000000 0.00000000 -1752.84041497 58889.34115116 
0.04000000 0.00000000 -1752.38201842 58896.39446691 
0.06000000 0.00000000 -1767.49145956 58867.42953944 
0.08000000 0.00000000 -1756.41357105 58899.40777632 
0.10000000 0.00000000 -1756.06933913 58905.95244415 
0.12000000 0.00000000 -1755.18147455 58913.21427317 
0.14000000 0.00000000 -1310.15944163 59219.66698945 
0.16000000 0.00000000 -1328.57415771 59225.25500655 
0.18000000 0.00000000 -1751.93688419 58933.19531479 
0.20000000 0.00000000 -1751.05978543 58938.63246545 
0.22000000 0.00000000 -1749.81415629 58944.44186803 
0.24000000 0.00000000 -1748.44986143 58950.21403134 
0.26000000 0.00000000 -1741.41996570 58965.38818396 
0.28000000 0.00000000 -1739.87516814 58970.87604011 
0.30000000 0.00000000 -1738.32527259 58976.14478100 
0.32000000 0.00000000 -1736.80614552 58981.06793796 
0.34000000 0.00000000 -1735.41032716 58985.40514151 
0.36000000 0.00000000 -1734.35817982 58988.71357105 
0.38000000 0.00000000 -1733.59886598 58990.98463859 
0.40000000 0.00000000 -1130.32209684 58998.85676787 
0.42000000 0.00000000 -1130.56426729 58999.68950948 
0.44000000 0.00000000 -1734.04414299 58989.53283194 
0.46000000 0.00000000 -1735.09757436 58986.28219301 
0.48000000 0.00000000 -1736.44961732 58981.96621027 
0.50000000 0.00000000 -1738.11847717 58976.64306325 
0.52000000 0.00000000 -1739.93183543 58970.68604418 
0.54000000 0.00000000 -1741.75752227 58964.41114521 
0.56000000 0.00000000 -1743.52222219 58958.02685748 
0.58000000 0.00000000 -1750.73607461 58941.77333406 
0.60000000 0.00000000 -1752.27430131 58935.26172265 
0.62000000 0.00000000 -1753.67725753 58928.83215679 
0.64000000 0.00000000 -1754.99137865 58922.35683906 
0.66000000 0.00000000 -1364.32295357 59231.03997450 
0.68000000 0.00000000 -1352.71134446 59229.66555986 
0.70000000 0.00000000 -1758.36319741 58902.17116122 
0.72000000 0.00000000 -1759.34519396 58894.96174916 
0.74000000 0.00000000 -1760.00608960 58888.07275479 
0.76000000 0.00000000 -1760.83491798 58880.47097460 
0.78000000 0.00000000 -1761.01737563 58874.14712282 
0.80000000 0.00000000 -1761.56160487 58866.83089324 
0.82000000 0.00000000 -1761.97726334 58859.79124604 
0.84000000 0.00000000 -1762.19848162 58853.33970027 
0.86000000 0.00000000 -1772.65751286 58817.35242196 
0.88000000 0.00000000 -1772.58383774 58811.21442685 
0.90000000 0.00000000 -1749.15128655 58873.57536355 
0.92000000 0.00000000 -1708.79447769 58961.82505114 
0.94000000 0.00000000 -1771.80928107 58797.43747083 
0.96000000 0.00000000 -1771.43054467 58794.37100993 
0.98000000 0.00000000 -1780.13940441 58757.10311563 

