-1.00000000 0.00000000 2093.26797442 59057.73264639 
-0.98000000 0.00000000 2093.86069871 59057.72987056 
-0.96000000 0.00000000 2094.25948225 59057.52570091 
-0.94000000 0.00000000 2102.58782876 59074.40217085 
-0.92000000 0.00000000 2102.76343432 59073.98291556 
-0.90000000 0.00000000 2088.09802906 59040.67144036 
-0.88000000 0.00000000 2088.04720871 59040.16190983 
-0.86000000 0.00000000 2087.92452056 59039.56368069 
-0.84000000 0.00000000 2115.85016529 59096.81455038 
-0.82000000 0.00000000 2116.02287036 59096.80553235 
-0.80000000 0.00000000 2093.99385902 59053.45911445 
-0.78000000 0.00000000 2084.56041243 59030.04396914 
-0.76000000 0.00000000 2084.44878376 59029.61463159 
-0.74000000 0.00000000 2084.36930847 59029.28061394 
-0.72000000 0.00000000 2084.07129295 59028.36006490 
-0.70000000 0.00000000 2094.48199943 59053.87609796 
-0.68000000 0.00000000 2094.43989790 59053.73979112 
-0.66000000 0.00000000 2116.69081540 59096.50451807 
-0.64000000 0.00000000 2116.55903128 59096.39430135 
-0.62000000 0.00000000 2094.21321587 59053.54323319 
-0.60000000 0.00000000 2116.15768337 59096.32077233 
-0.58000000 0.00000000 2115.89424387 59096.36566686 
-0.56000000 0.00000000 2093.76034637 59053.61263758 
-0.54000000 0.00000000 2083.35226127 59028.03134464 
-0.52000000 0.00000000 2083.46843175 59028.84976358 
-0.50000000 0.00000000 2083.36307765 59029.05420640 
-0.48000000 0.00000000 2083.26897891 59029.27317299 
-0.46000000 0.00000000 2083.22968176 59029.61097812 
-0.44000000 0.00000000 2112.92057170 59095.87776049 
-0.42000000 0.00000000 2112.62825117 59095.84931976 
-0.40000000 0.00000000 2083.04886558 59030.07211343 
-0.38000000 0.00000000 2083.03062416 59030.20078289 
-0.36000000 0.00000000 2083.01790777 59030.27985422 
-0.34000000 0.00000000 2083.01733907 59030.34188476 
-0.32000000 0.00000000 2083.02378004 59030.39167556 
-0.30000000 0.00000000 2112.42107374 59096.62865481 
-0.28000000 0.00000000 2112.43743762 59096.72631689 
-0.26000000 0.00000000 2083.00503830 59030.51357067 
-0.24000000 0.00000000 2082.95797703 59030.58281885 
-0.22000000 0.00000000 2082.87611193 59030.69736557 
-0.20000000 0.00000000 2082.71931888 59030.79519798 
-0.18000000 0.00000000 2111.26007219 59097.02173292 
-0.16000000 0.00000000 2110.48067708 59096.91118895 
-0.14000000 0.00000000 2081.71488100 59031.27776338 
-0.12000000 0.00000000 2081.05765782 59031.25427699 
-0.10000000 0.00000000 2080.28392287 59031.34522760 
-0.08000000 0.00000000 2079.32927337 59031.38138401 
-0.06000000 0.00000000 2101.74627908 59094.13771064 
-0.04000000 0.00000000 2098.92938139 59092.90583103 
-0.02000000 0.00000000 2075.80299139 59032.50003615 
0.00000000 0.00000000 2074.02805017 59031.75008116 
0.02000000 0.00000000 2072.17861678 59030.99227523 
0.04000000 0.00000000 2070.19501445 59029.83939299 
0.06000000 0.00000000 2072.32576043 59045.37465242 
0.08000000 0.00000000 2067.46400121 59032.76734239 
0.10000000 0.00000000 2065.57925443 59031.76413873 
0.12000000 0.00000000 2063.69937550 59030.25626428 
0.14000000 0.00000000 2124.29201832 58641.84712828 
0.16000000 0.00000000 2115.41840403 58657.00969418 
0.18000000 0.00000000 2058.80120357 59025.50682427 
0.20000000 0.00000000 2057.44281056 59024.21553915 
0.22000000 0.00000000 2056.11471084 59022.59000700 
0.24000000 0.00000000 2054.83831637 59020.87025308 
0.26000000 0.00000000 2052.94104269 59013.75125335 
0.28000000 0.00000000 2051.79569488 59011.92645053 
0.30000000 0.00000000 2050.71604113 59010.11991735 
0.32000000 0.00000000 2049.73040774 59008.37631219 
0.34000000 0.00000000 2048.88113185 59006.79586008 
0.36000000 0.00000000 2048.22407090 59005.59758621 
0.38000000 0.00000000 2047.78740684 59004.74552262 
0.40000000 0.00000000 2279.26277181 58532.20799832 
0.42000000 0.00000000 2278.84847033 58532.18832718 
0.44000000 0.00000000 2048.08499138 59005.23681957 
0.46000000 0.00000000 2048.72344731 59006.41755472 
0.48000000 0.00000000 2049.58691353 59007.95465843 
0.50000000 0.00000000 2050.64397250 59009.85473264 
0.52000000 0.00000000 2051.84094444 59011.94348383 
0.54000000 0.00000000 2053.12757462 59014.08221269 
0.56000000 0.00000000 2054.46518727 59016.18824592 
0.58000000 0.00000000 2056.59901953 59023.60447834 
0.60000000 0.00000000 2058.02884310 59025.56164081 
0.62000000 0.00000000 2059.47737556 59027.40061351 
0.64000000 0.00000000 2060.96485280 59029.17157519 
0.66000000 0.00000000 2100.76724044 58686.29695559 
0.68000000 0.00000000 2105.50455125 58676.48626967 
0.70000000 0.00000000 2065.82826065 59034.11890420 
0.72000000 0.00000000 2067.63196413 59035.71961578 
0.74000000 0.00000000 2069.46456412 59037.03666316 
0.76000000 0.00000000 2071.42724014 59038.58177969 
0.78000000 0.00000000 2073.27392481 59039.46883135 
0.80000000 0.00000000 2075.24831631 59040.77543675 
0.82000000 0.00000000 2077.18201544 59041.95758583 
0.84000000 0.00000000 2079.01262450 59042.92095011 
0.86000000 0.00000000 2084.87940816 59056.07361877 
0.88000000 0.00000000 2086.67200067 59056.85241610 
0.90000000 0.00000000 2078.72924039 59029.71697479 
0.92000000 0.00000000 2068.56668255 58987.08093210 
0.94000000 0.00000000 2090.91153015 59058.12348899 
0.96000000 0.00000000 2091.93141667 59058.23633416 
0.98000000 0.00000000 2098.33607281 59070.90043742 

