-1.00000000 0.00000000 2142.90036222 59094.32539690 
-0.98000000 0.00000000 2143.48492823 59093.99091454 
-0.96000000 0.00000000 2143.82904290 59093.59671937 
-0.94000000 0.00000000 2156.11296818 59103.00924865 
-0.92000000 0.00000000 2156.18473749 59102.55935024 
-0.90000000 0.00000000 2133.73023096 59082.94609323 
-0.88000000 0.00000000 2133.55661313 59082.54855749 
-0.86000000 0.00000000 2133.29127522 59082.11677135 
-0.84000000 0.00000000 2174.68639757 59114.17352800 
-0.82000000 0.00000000 2174.85492289 59114.06653615 
-0.80000000 0.00000000 2142.57955290 59090.34712374 
-0.78000000 0.00000000 2127.71684716 59076.02138641 
-0.76000000 0.00000000 2127.50420214 59075.72415135 
-0.74000000 0.00000000 2127.34600543 59075.48881791 
-0.72000000 0.00000000 2126.83456642 59074.88364931 
-0.70000000 0.00000000 2143.15698264 59090.42191722 
-0.68000000 0.00000000 2143.08261634 59090.33153642 
-0.66000000 0.00000000 2175.44424648 59113.42907067 
-0.64000000 0.00000000 2175.28627718 59113.41269617 
-0.62000000 0.00000000 2142.81182425 59090.29427511 
-0.60000000 0.00000000 2174.86832023 59113.58222806 
-0.58000000 0.00000000 2174.61637670 59113.77146191 
-0.56000000 0.00000000 2142.38173120 59090.60632801 
-0.54000000 0.00000000 2126.05185698 59075.00579368 
-0.52000000 0.00000000 2126.36028265 59075.62623013 
-0.50000000 0.00000000 2126.30597809 59075.85541455 
-0.48000000 0.00000000 2126.26625304 59076.09052752 
-0.46000000 0.00000000 2126.30854485 59076.39478676 
-0.44000000 0.00000000 2171.53403165 59115.07405992 
-0.42000000 0.00000000 2171.23635666 59115.21823669 
-0.40000000 0.00000000 2126.24371630 59076.88017867 
-0.38000000 0.00000000 2126.25777089 59076.99775197 
-0.36000000 0.00000000 2126.26569724 59077.07073759 
-0.34000000 0.00000000 2126.28170532 59077.12271157 
-0.32000000 0.00000000 2126.30187742 59077.16052438 
-0.30000000 0.00000000 2171.22633957 59115.98861089 
-0.28000000 0.00000000 2171.26842632 59116.06051734 
-0.26000000 0.00000000 2126.31917190 59077.27169415 
-0.24000000 0.00000000 2126.29155505 59077.35514924 
-0.22000000 0.00000000 2126.24018995 59077.49570373 
-0.20000000 0.00000000 2126.11074899 59077.66365411 
-0.18000000 0.00000000 2170.17373274 59116.97963850 
-0.16000000 0.00000000 2169.36944580 59117.33299196 
-0.14000000 0.00000000 2125.23661252 59078.62079945 
-0.12000000 0.00000000 2124.58194519 59078.96361438 
-0.10000000 0.00000000 2123.83778882 59079.46649162 
-0.08000000 0.00000000 2122.90069015 59080.02321428 
-0.06000000 0.00000000 2159.96731707 59119.99627909 
-0.04000000 0.00000000 2156.85296820 59120.56635319 
-0.02000000 0.00000000 2119.66100029 59082.90381172 
0.00000000 0.00000000 2117.72390589 59083.25217535 
0.02000000 0.00000000 2115.71062563 59083.63357389 
0.04000000 0.00000000 2113.47272776 59083.75567214 
0.06000000 0.00000000 2119.17373964 59095.61987861 
0.08000000 0.00000000 2111.42829417 59087.71199408 
0.10000000 0.00000000 2109.32127651 59087.90280223 
0.12000000 0.00000000 2107.10336842 59087.66531606 
0.14000000 0.00000000 2077.83832435 58726.21784740 
0.16000000 0.00000000 2072.85421651 58743.95785028 
0.18000000 0.00000000 2101.13487869 59086.34859302 
0.20000000 0.00000000 2099.48359675 59086.00347889 
0.22000000 0.00000000 2097.78529466 59085.36008625 
0.24000000 0.00000000 2096.11602057 59084.60875275 
0.26000000 0.00000000 2092.60381735 59079.64801969 
0.28000000 0.00000000 2091.04108290 59078.73493439 
0.30000000 0.00000000 2089.54782326 59077.80114560 
0.32000000 0.00000000 2088.16293826 59076.86885019 
0.34000000 0.00000000 2086.95184092 59075.99950404 
0.36000000 0.00000000 2086.02012668 59075.34743638 
0.38000000 0.00000000 2085.38817992 59074.86713112 
0.40000000 0.00000000 2197.12929365 58543.45197314 
0.42000000 0.00000000 2196.74147461 58543.68824066 
0.44000000 0.00000000 2085.79630688 59075.12030393 
0.46000000 0.00000000 2086.70418652 59075.76829896 
0.48000000 0.00000000 2087.91899267 59076.59382936 
0.50000000 0.00000000 2089.41057441 59077.61932431 
0.52000000 0.00000000 2091.08562491 59078.72692635 
0.54000000 0.00000000 2092.86213299 59079.82705481 
0.56000000 0.00000000 2094.68222459 59080.87115122 
0.58000000 0.00000000 2098.50170058 59085.95002066 
0.60000000 0.00000000 2100.38025887 59086.81572338 
0.62000000 0.00000000 2102.24954532 59087.57106448 
0.64000000 0.00000000 2104.14104130 59088.24714706 
0.66000000 0.00000000 2065.50814142 58776.85738466 
0.68000000 0.00000000 2067.81623494 58765.96116135 
0.70000000 0.00000000 2110.12620709 59089.74231764 
0.72000000 0.00000000 2112.29103822 59090.09713527 
0.74000000 0.00000000 2114.41929209 59090.19617233 
0.76000000 0.00000000 2116.72947882 59090.41332719 
0.78000000 0.00000000 2118.77236856 59090.14030311 
0.80000000 0.00000000 2121.03903536 59090.14714793 
0.82000000 0.00000000 2123.23628872 59090.07020068 
0.84000000 0.00000000 2125.27995053 59089.86514763 
0.86000000 0.00000000 2134.18191858 59097.62553020 
0.88000000 0.00000000 2136.14812120 59097.27772282 
0.90000000 0.00000000 2121.92465472 59078.95981771 
0.92000000 0.00000000 2102.02668488 59048.77311426 
0.94000000 0.00000000 2140.65952003 59095.97192024 
0.96000000 0.00000000 2141.69744980 59095.49532620 
0.98000000 0.00000000 2151.06027962 59102.48580375 

