-1.00000000 0.00000000 -2555.15097637 59845.28415913 
-0.98000000 0.00000000 -2557.06146017 59839.65081921 
-0.96000000 0.00000000 -2557.17323338 59837.41781318 
-0.94000000 0.00000000 -2696.06175754 59580.09445287 
-0.92000000 0.00000000 -2693.98601144 59582.48469697 
-0.90000000 0.00000000 -2426.10438622 60032.67129929 
-0.88000000 0.00000000 -2423.15841805 60036.19035242 
-0.86000000 0.00000000 -2419.36248226 60041.00960044 
-0.84000000 0.00000000 -2873.30642658 59128.06900465 
-0.82000000 0.00000000 -2873.66661836 59125.58170089 
-0.80000000 0.00000000 -2532.40514662 59871.27210916 
-0.78000000 0.00000000 -2347.81370156 60134.83283177 
-0.76000000 0.00000000 -2344.95232888 60138.24469166 
-0.74000000 0.00000000 -2342.75535994 60140.81382121 
-0.72000000 0.00000000 -2335.99666949 60149.13498360 
-0.70000000 0.00000000 -2537.46101797 59861.50009785 
-0.68000000 0.00000000 -2536.44070332 59863.01482279 
-0.66000000 0.00000000 -2872.69142538 59121.34310442 
-0.64000000 0.00000000 -2871.80056259 59124.59394066 
-0.62000000 0.00000000 -2534.37597871 59866.86191530 
-0.60000000 0.00000000 -2870.88481255 59130.13435308 
-0.58000000 0.00000000 -2870.93263790 59132.19952936 
-0.56000000 0.00000000 -2533.35213626 59870.67249501 
-0.54000000 0.00000000 -2330.95075472 60157.68712054 
-0.52000000 0.00000000 -2336.41546620 60151.59758903 
-0.50000000 0.00000000 -2337.16560548 60151.39921775 
-0.48000000 0.00000000 -2338.03455941 60151.02920149 
-0.46000000 0.00000000 -2339.84853966 60149.42437504 
-0.44000000 0.00000000 -2864.99817027 59171.32996360 
-0.42000000 0.00000000 -2864.44249942 59175.08585064 
-0.40000000 0.00000000 -2341.38837789 60148.92460804 
-0.38000000 0.00000000 -2341.82803680 60148.62787398 
-0.36000000 0.00000000 -2341.92950115 60148.65045090 
-0.34000000 0.00000000 -2341.92321031 60148.72198592 
-0.32000000 0.00000000 -2341.82130011 60148.85324547 
-0.30000000 0.00000000 -2867.70882549 59169.19413245 
-0.28000000 0.00000000 -2867.86038190 59168.65714512 
-0.26000000 0.00000000 -2341.00906794 60149.88728116 
-0.24000000 0.00000000 -2340.76316771 60150.35970864 
-0.22000000 0.00000000 -2340.72517056 60150.74705189 
-0.20000000 0.00000000 -2340.40351413 60151.73337594 
-0.18000000 0.00000000 -2866.22512541 59180.76502991 
-0.16000000 0.00000000 -2864.53174009 59190.37111890 
-0.14000000 0.00000000 -2339.89926006 60156.29816607 
-0.12000000 0.00000000 -2338.02037508 60160.90527274 
-0.10000000 0.00000000 -2336.93332733 60165.12045610 
-0.08000000 0.00000000 -2335.39018382 60170.52586644 
-0.06000000 0.00000000 -2841.12266424 59303.98710210 
-0.04000000 0.00000000 -2832.12196844 59341.93298832 
-0.02000000 0.00000000 -2339.14772263 60180.58116875 
0.00000000 0.00000000 -2332.15558556 60194.99949622 
0.02000000 0.00000000 -2325.44512755 60209.36630341 
0.04000000 0.00000000 -2316.04233073 60226.95493880 
0.06000000 0.00000000 -2440.67265425 60083.27021729 
0.08000000 0.00000000 -2339.68056837 60214.09700242 
0.10000000 0.00000000 -2332.73181519 60229.08168407 
0.12000000 0.00000000 -2322.10516714 60247.67837177 
0.14000000 0.00000000 -644.13922671 60763.81492834 
0.16000000 0.00000000 -678.63726636 60787.20034606 
0.18000000 0.00000000 -2290.35923739 60299.30994155 
0.20000000 0.00000000 -2282.86572831 60312.15405063 
0.22000000 0.00000000 -2273.15220641 60326.87818823 
0.24000000 0.00000000 -2263.17644781 60341.51873877 
0.26000000 0.00000000 -2210.98614012 60396.27381775 
0.28000000 0.00000000 -2201.11979874 60409.61190523 
0.30000000 0.00000000 -2191.61071289 60422.29122354 
0.32000000 0.00000000 -2182.55277139 60434.12476728 
0.34000000 0.00000000 -2174.40861963 60444.55715848 
0.36000000 0.00000000 -2168.52952116 60452.25026978 
0.38000000 0.00000000 -2164.31151617 60457.61290319 
0.40000000 0.00000000 -308.59127360 60304.29028129 
0.42000000 0.00000000 -309.17132228 60305.76131290 
0.44000000 0.00000000 -2167.18076912 60454.04064449 
0.46000000 0.00000000 -2173.32916456 60446.24737734 
0.48000000 0.00000000 -2181.23131529 60436.00087024 
0.50000000 0.00000000 -2191.27307511 60423.07457142 
0.52000000 0.00000000 -2202.46000368 60408.49426699 
0.54000000 0.00000000 -2214.04251729 60393.09001422 
0.56000000 0.00000000 -2225.64374392 60377.34197175 
0.58000000 0.00000000 -2279.92758744 60318.84312106 
0.60000000 0.00000000 -2291.49671027 60301.91630036 
0.62000000 0.00000000 -2302.73011934 60285.08433712 
0.64000000 0.00000000 -2314.01095808 60267.88757606 
0.66000000 0.00000000 -753.06016179 60827.84203788 
0.68000000 0.00000000 -730.15004838 60815.86578159 
0.70000000 0.00000000 -2347.91985952 60213.50342276 
0.72000000 0.00000000 -2359.67077609 60193.76289446 
0.74000000 0.00000000 -2369.51645404 60175.71359348 
0.76000000 0.00000000 -2381.58776882 60154.55428582 
0.78000000 0.00000000 -2388.76478349 60139.01535028 
0.80000000 0.00000000 -2399.72476454 60118.64012841 
0.82000000 0.00000000 -2410.08212553 60098.89116065 
0.84000000 0.00000000 -2419.05698175 60080.94685224 
0.86000000 0.00000000 -2527.41493858 59922.12591626 
0.88000000 0.00000000 -2535.42728206 59903.31593630 
0.90000000 0.00000000 -2321.13752880 60188.82845934 
0.92000000 0.00000000 -2018.08689328 60492.96360967 
0.94000000 0.00000000 -2551.92805335 59861.20188480 
0.96000000 0.00000000 -2555.03718460 59852.02848011 
0.98000000 0.00000000 -2660.73643459 59662.46628525 

