-1.00000000 0.00000000 214.99411200 60298.26426358 
-0.98000000 0.00000000 214.71899003 60296.86790601 
-0.96000000 0.00000000 214.55789535 60294.32647099 
-0.94000000 0.00000000 207.34469841 60445.96676303 
-0.92000000 0.00000000 207.34427859 60441.73690091 
-0.90000000 0.00000000 219.76563485 60158.53444027 
-0.88000000 0.00000000 219.82025962 60155.07238142 
-0.86000000 0.00000000 219.91876820 60151.00102511 
-0.84000000 0.00000000 194.25040418 60685.80802922 
-0.82000000 0.00000000 194.15034599 60685.87239843 
-0.80000000 0.00000000 215.13090741 60261.95692123 
-0.78000000 0.00000000 222.43477235 60082.12139333 
-0.76000000 0.00000000 222.50652648 60079.23738554 
-0.74000000 0.00000000 222.55560245 60076.96147170 
-0.72000000 0.00000000 222.76847555 60070.42090625 
-0.70000000 0.00000000 214.74922495 60265.55527054 
-0.68000000 0.00000000 214.77914382 60264.37465709 
-0.66000000 0.00000000 193.86565495 60680.86466091 
-0.64000000 0.00000000 193.96659229 60679.63421981 
-0.62000000 0.00000000 214.90101030 60263.03479099 
-0.60000000 0.00000000 194.17526761 60679.67991336 
-0.58000000 0.00000000 194.27640090 60681.08152925 
-0.56000000 0.00000000 215.11303919 60264.97781072 
-0.54000000 0.00000000 223.15089044 60069.67480262 
-0.52000000 0.00000000 223.03409794 60076.00225361 
-0.50000000 0.00000000 223.08434239 60077.92216109 
-0.48000000 0.00000000 223.12813372 60079.90672384 
-0.46000000 0.00000000 223.13323557 60082.68674329 
-0.44000000 0.00000000 195.82276006 60684.29422258 
-0.42000000 0.00000000 195.97285791 60684.68746124 
-0.40000000 0.00000000 223.22776057 60086.29883287 
-0.38000000 0.00000000 223.23908808 60087.01937751 
-0.36000000 0.00000000 223.25170623 60087.22201682 
-0.34000000 0.00000000 223.25933772 60087.15557704 
-0.32000000 0.00000000 223.26417819 60086.87711172 
-0.30000000 0.00000000 195.86240518 60691.42467190 
-0.28000000 0.00000000 195.84141291 60691.34167449 
-0.26000000 0.00000000 223.29601909 60085.50906299 
-0.24000000 0.00000000 223.32091743 60085.36206258 
-0.22000000 0.00000000 223.35523474 60085.74774793 
-0.20000000 0.00000000 223.42291672 60086.35198362 
-0.18000000 0.00000000 196.31747788 60692.43740857 
-0.16000000 0.00000000 196.68655204 60692.90624163 
-0.14000000 0.00000000 223.81578942 60093.11239371 
-0.12000000 0.00000000 224.09709324 60095.81188893 
-0.10000000 0.00000000 224.40560980 60100.58969748 
-0.08000000 0.00000000 224.78824187 60106.38251404 
-0.06000000 0.00000000 201.01126210 60698.35253686 
-0.04000000 0.00000000 202.44115681 60699.99105527 
-0.02000000 0.00000000 226.00653023 60141.46100905 
0.00000000 0.00000000 226.79378856 60148.00404728 
0.02000000 0.00000000 227.60445804 60155.97989285 
0.04000000 0.00000000 228.52130474 60162.05997598 
0.06000000 0.00000000 224.98051108 60310.48824539 
0.08000000 0.00000000 229.02537960 60219.95818202 
0.10000000 0.00000000 229.86075013 60229.43741214 
0.12000000 0.00000000 230.77702339 60234.38690701 
0.14000000 0.00000000 242.39388731 57917.00384139 
0.16000000 0.00000000 244.59021174 58003.55710954 
0.18000000 0.00000000 233.26868350 60244.23871459 
0.20000000 0.00000000 233.93555389 60249.45813139 
0.22000000 0.00000000 234.64107233 60251.77706321 
0.24000000 0.00000000 235.33475889 60253.57023318 
0.26000000 0.00000000 237.16592393 60207.69068022 
0.28000000 0.00000000 237.81369967 60209.15188984 
0.30000000 0.00000000 238.43040560 60210.60872421 
0.32000000 0.00000000 239.00292779 60211.74549909 
0.34000000 0.00000000 239.50483886 60212.51827938 
0.36000000 0.00000000 239.88561657 60213.83332926 
0.38000000 0.00000000 240.14652237 60214.41101932 
0.40000000 0.00000000 187.73028249 56684.16536899 
0.42000000 0.00000000 187.97455645 56687.56197112 
0.44000000 0.00000000 239.97954286 60214.44720409 
0.46000000 0.00000000 239.60621198 60213.91597368 
0.48000000 0.00000000 239.11006400 60212.76680605 
0.50000000 0.00000000 238.49593546 60212.05525144 
0.52000000 0.00000000 237.80610932 60211.31679082 
0.54000000 0.00000000 237.07611587 60210.31970180 
0.56000000 0.00000000 236.32897970 60209.12823234 
0.58000000 0.00000000 234.37214187 60255.68294462 
0.60000000 0.00000000 233.59817810 60254.62267622 
0.62000000 0.00000000 232.82755680 60253.37955565 
0.64000000 0.00000000 232.04457957 60252.23430749 
0.66000000 0.00000000 247.43887289 58171.62126625 
0.68000000 0.00000000 246.28309638 58118.85564161 
0.70000000 0.00000000 229.56640686 60247.26446101 
0.72000000 0.00000000 228.67015291 60245.19326367 
0.74000000 0.00000000 227.80836726 60240.68194988 
0.76000000 0.00000000 226.85223966 60238.35812875 
0.78000000 0.00000000 226.04825059 60230.91619069 
0.80000000 0.00000000 225.11424150 60227.83770142 
0.82000000 0.00000000 224.20722572 60224.73709885 
0.84000000 0.00000000 223.36583904 60221.05903935 
0.86000000 0.00000000 218.66460870 60322.60601757 
0.88000000 0.00000000 217.84129345 60319.64447649 
0.90000000 0.00000000 225.49121424 60092.85835314 
0.92000000 0.00000000 234.10750406 59797.73828716 
0.94000000 0.00000000 215.93352874 60310.66830251 
0.96000000 0.00000000 215.48799446 60307.62697343 
0.98000000 0.00000000 210.08281058 60418.53108097 

