-1.00000000 0.00000000 2273.69249441 58566.63234239 
-0.98000000 0.00000000 2272.99312764 58567.08455918 
-0.96000000 0.00000000 2272.61302664 58567.58008324 
-0.94000000 0.00000000 2255.10422053 58558.20907807 
-0.92000000 0.00000000 2255.08985920 58558.73696070 
-0.90000000 0.00000000 2287.39275494 58579.15258072 
-0.88000000 0.00000000 2287.67426151 58579.60578289 
-0.86000000 0.00000000 2288.07975594 58580.09332772 
-0.84000000 0.00000000 2229.08040915 58548.55199768 
-0.82000000 0.00000000 2228.88226505 58548.70595880 
-0.80000000 0.00000000 2274.73826698 58571.22861316 
-0.78000000 0.00000000 2296.20312113 58586.95737383 
-0.76000000 0.00000000 2296.51973489 58587.29784337 
-0.74000000 0.00000000 2296.75721023 58587.56806083 
-0.72000000 0.00000000 2297.50682615 58588.26105684 
-0.70000000 0.00000000 2273.97117715 58571.19812094 
-0.68000000 0.00000000 2274.08176241 58571.29603696 
-0.66000000 0.00000000 2228.24369949 58549.54954043 
-0.64000000 0.00000000 2228.44949218 58549.53824933 
-0.62000000 0.00000000 2274.43780542 58571.31239334 
-0.60000000 0.00000000 2228.95171283 58549.26548535 
-0.58000000 0.00000000 2229.23710103 58549.00166805 
-0.56000000 0.00000000 2274.94286898 58570.90476712 
-0.54000000 0.00000000 2298.50515698 58588.08349224 
-0.52000000 0.00000000 2298.01594721 58587.36165667 
-0.50000000 0.00000000 2298.05410964 58587.08820316 
-0.48000000 0.00000000 2298.07267935 58586.80839137 
-0.46000000 0.00000000 2297.97491535 58586.45023515 
-0.44000000 0.00000000 2232.93454047 58546.92615695 
-0.42000000 0.00000000 2233.28949185 58546.70516180 
-0.40000000 0.00000000 2297.99473108 58585.87479665 
-0.38000000 0.00000000 2297.96233720 58585.73739240 
-0.36000000 0.00000000 2297.94487959 58585.65283882 
-0.34000000 0.00000000 2297.92044742 58585.59383410 
-0.32000000 0.00000000 2297.89307407 58585.55208179 
-0.30000000 0.00000000 2233.16789827 58545.82914213 
-0.28000000 0.00000000 2233.10403254 58545.75765464 
-0.26000000 0.00000000 2297.86843545 58585.42873418 
-0.24000000 0.00000000 2297.89629107 58585.33107241 
-0.22000000 0.00000000 2297.94571932 58585.16423627 
-0.20000000 0.00000000 2298.09100336 58584.96057489 
-0.18000000 0.00000000 2234.33978552 58544.52003625 
-0.16000000 0.00000000 2235.29974220 58543.96893735 
-0.14000000 0.00000000 2299.07542159 58583.78033631 
-0.12000000 0.00000000 2299.86438741 58583.33754061 
-0.10000000 0.00000000 2300.74099691 58582.69717698 
-0.08000000 0.00000000 2301.85502766 58581.98051934 
-0.06000000 0.00000000 2246.79205739 58539.20418709 
-0.04000000 0.00000000 2250.66462678 58537.99770296 
-0.02000000 0.00000000 2305.53817448 58578.33795032 
0.00000000 0.00000000 2307.96546678 58577.81392952 
0.02000000 0.00000000 2310.48488284 58577.24868369 
0.04000000 0.00000000 2313.33604902 58576.99201235 
0.06000000 0.00000000 2303.95221606 58562.90422880 
0.08000000 0.00000000 2315.29116427 58572.05289870 
0.10000000 0.00000000 2317.96379681 58571.71202794 
0.12000000 0.00000000 2320.85148092 58571.89769766 
0.14000000 0.00000000 2353.10949052 59047.06626405 
0.16000000 0.00000000 2361.78954385 59025.40809323 
0.18000000 0.00000000 2328.72630354 58573.26774435 
0.20000000 0.00000000 2330.89567113 58573.62744293 
0.22000000 0.00000000 2333.17165102 58574.35936980 
0.24000000 0.00000000 2335.42442321 58575.22976637 
0.26000000 0.00000000 2340.71579124 58581.36402301 
0.28000000 0.00000000 2342.84569801 58582.46485571 
0.30000000 0.00000000 2344.88751461 58583.59794411 
0.32000000 0.00000000 2346.78911642 58584.73688377 
0.34000000 0.00000000 2348.45860652 58585.80516965 
0.36000000 0.00000000 2349.73873656 58586.60724024 
0.38000000 0.00000000 2350.61210879 58587.20045127 
0.40000000 0.00000000 2184.58378732 59237.59304266 
0.42000000 0.00000000 2185.04657391 59237.42561948 
0.44000000 0.00000000 2350.05331444 58586.88088516 
0.46000000 0.00000000 2348.80240961 58586.07800970 
0.48000000 0.00000000 2347.13441133 58585.06159875 
0.50000000 0.00000000 2345.08266320 58583.80444585 
0.52000000 0.00000000 2342.78306537 58582.45611760 
0.54000000 0.00000000 2340.35319829 58581.12849471 
0.56000000 0.00000000 2337.87377961 58579.88044782 
0.58000000 0.00000000 2332.16218792 58573.64574205 
0.60000000 0.00000000 2329.62322801 58572.65521250 
0.62000000 0.00000000 2327.11043600 58571.80624459 
0.64000000 0.00000000 2324.57829879 58571.06060403 
0.66000000 0.00000000 2375.32707794 58983.98440190 
0.68000000 0.00000000 2371.08900107 58997.70151215 
0.70000000 0.00000000 2316.65248314 58569.52496043 
0.72000000 0.00000000 2313.81207630 58569.21039315 
0.74000000 0.00000000 2311.06161463 58569.21342925 
0.76000000 0.00000000 2308.05601266 58569.09001491 
0.78000000 0.00000000 2305.47870029 58569.55198741 
0.80000000 0.00000000 2302.56474601 58569.69417726 
0.82000000 0.00000000 2299.75417932 58569.93938987 
0.84000000 0.00000000 2297.16275803 58570.33306725 
0.86000000 0.00000000 2284.33341736 58561.84245435 
0.88000000 0.00000000 2281.86812834 58562.45435966 
0.90000000 0.00000000 2303.29348400 58583.22230365 
0.92000000 0.00000000 2333.14657143 58619.83815737 
0.94000000 0.00000000 2276.29626327 58564.46581272 
0.96000000 0.00000000 2275.04260148 58565.13566412 
0.98000000 0.00000000 2261.71842478 58558.11527430 

