-1.00000000 0.00000000 -1487.74411838 58537.30351032 
-0.98000000 0.00000000 -1487.33593785 58537.84181944 
-0.96000000 0.00000000 -1487.15026524 58538.31383804 
-0.94000000 0.00000000 -1474.19482186 58536.80247223 
-0.92000000 0.00000000 -1474.25811217 58537.18366571 
-0.90000000 0.00000000 -1498.55843740 58542.02852835 
-0.88000000 0.00000000 -1498.81656669 58542.26650949 
-0.86000000 0.00000000 -1499.16133666 58542.48935452 
-0.84000000 0.00000000 -1455.43049343 58537.22577927 
-0.82000000 0.00000000 -1455.31945041 58537.38699225 
-0.80000000 0.00000000 -1489.11507067 58540.28801637 
-0.78000000 0.00000000 -1505.50250889 58544.80643302 
-0.76000000 0.00000000 -1505.76354515 58544.94858379 
-0.74000000 0.00000000 -1505.96158368 58545.06585400 
-0.72000000 0.00000000 -1506.55435905 58545.31889497 
-0.70000000 0.00000000 -1488.61546095 58540.49861168 
-0.68000000 0.00000000 -1488.70331839 58540.53474051 
-0.66000000 0.00000000 -1454.99807493 58538.14402170 
-0.64000000 0.00000000 -1455.13688079 58538.07966387 
-0.62000000 0.00000000 -1488.94387963 58540.43695114 
-0.60000000 0.00000000 -1455.44795729 58537.75074464 
-0.58000000 0.00000000 -1455.61257761 58537.48755219 
-0.56000000 0.00000000 -1489.22636502 58539.99022691 
-0.54000000 0.00000000 -1507.18463021 58544.85811861 
-0.52000000 0.00000000 -1506.76064242 58544.49896081 
-0.50000000 0.00000000 -1506.74535555 58544.28858326 
-0.48000000 0.00000000 -1506.71588773 58544.08013862 
-0.46000000 0.00000000 -1506.59868013 58543.85377117 
-0.44000000 0.00000000 -1457.89160950 58535.02566006 
-0.42000000 0.00000000 -1458.10527060 58534.77396242 
-0.40000000 0.00000000 -1506.51826961 58543.43065336 
-0.38000000 0.00000000 -1506.47183824 58543.34155237 
-0.36000000 0.00000000 -1506.44169315 58543.28542469 
-0.34000000 0.00000000 -1506.40966343 58543.24980310 
-0.32000000 0.00000000 -1506.37732024 58543.22733629 
-0.30000000 0.00000000 -1457.88550089 58534.18943819 
-0.28000000 0.00000000 -1457.82460451 58534.15462666 
-0.26000000 0.00000000 -1506.31594203 58543.14065940 
-0.24000000 0.00000000 -1506.31205047 58543.05864870 
-0.22000000 0.00000000 -1506.31433528 58542.91960298 
-0.20000000 0.00000000 -1506.37728002 58542.72246243 
-0.18000000 0.00000000 -1458.49165856 58532.92406476 
-0.16000000 0.00000000 -1459.08463366 58532.26599728 
-0.14000000 0.00000000 -1506.87754198 58541.54290604 
-0.12000000 0.00000000 -1507.35491168 58540.96347845 
-0.10000000 0.00000000 -1507.87250563 58540.21446283 
-0.08000000 0.00000000 -1508.54628586 58539.33354613 
-0.06000000 0.00000000 -1466.47488459 58525.68601056 
-0.04000000 0.00000000 -1469.01652020 58523.74288063 
-0.02000000 0.00000000 -1510.65914996 58535.52346993 
0.00000000 0.00000000 -1512.26191433 58534.34944973 
0.02000000 0.00000000 -1513.92555340 58533.11426519 
0.04000000 0.00000000 -1515.84998671 58531.98450434 
0.06000000 0.00000000 -1507.99149027 58525.15301845 
0.08000000 0.00000000 -1516.68535592 58527.86570492 
0.10000000 0.00000000 -1518.48464666 58526.74088470 
0.12000000 0.00000000 -1520.48651902 58525.91021206 
0.14000000 0.00000000 -1597.83891488 58822.27875627 
0.16000000 0.00000000 -1601.22013200 58805.53892542 
0.18000000 0.00000000 -1526.05370522 58524.23559545 
0.20000000 0.00000000 -1527.59754936 58523.76369832 
0.22000000 0.00000000 -1529.25839972 58523.51505850 
0.24000000 0.00000000 -1530.92395966 58523.37168504 
0.26000000 0.00000000 -1535.21075800 58525.81347018 
0.28000000 0.00000000 -1536.82681429 58525.86580953 
0.30000000 0.00000000 -1538.38834934 58525.97043198 
0.32000000 0.00000000 -1539.85400098 58526.12546390 
0.34000000 0.00000000 -1541.14959498 58526.30832442 
0.36000000 0.00000000 -1542.14389259 58526.43791099 
0.38000000 0.00000000 -1542.82762097 58526.55815870 
0.40000000 0.00000000 -1500.74853870 58996.70528866 
0.42000000 0.00000000 -1501.06504154 58996.46384568 
0.44000000 0.00000000 -1542.40406519 58526.53186219 
0.46000000 0.00000000 -1541.43462784 58526.39726374 
0.48000000 0.00000000 -1540.14671874 58526.25255880 
0.50000000 0.00000000 -1538.56355211 58526.06855654 
0.52000000 0.00000000 -1536.79705950 58525.90215263 
0.54000000 0.00000000 -1534.94271581 58525.79138558 
0.56000000 0.00000000 -1533.06493214 58525.75086514 
0.58000000 0.00000000 -1528.47353747 58523.36456856 
0.60000000 0.00000000 -1526.59290883 58523.51399996 
0.62000000 0.00000000 -1524.75176617 58523.75375787 
0.64000000 0.00000000 -1522.91513344 58524.07266756 
0.66000000 0.00000000 -1605.47117515 58774.92938922 
0.68000000 0.00000000 -1604.22102934 58785.15968181 
0.70000000 0.00000000 -1517.28751499 58525.62558570 
0.72000000 0.00000000 -1515.30479542 58526.34307275 
0.74000000 0.00000000 -1513.41896177 58527.25030056 
0.76000000 0.00000000 -1511.34826196 58528.14938285 
0.78000000 0.00000000 -1509.63281083 58529.31672669 
0.80000000 0.00000000 -1507.65685963 58530.36594040 
0.82000000 0.00000000 -1505.76481336 58531.45067520 
0.84000000 0.00000000 -1504.04085934 58532.56660371 
0.86000000 0.00000000 -1494.39862710 58530.60308907 
0.88000000 0.00000000 -1492.78592691 58531.80269327 
0.90000000 0.00000000 -1509.63199535 58539.73796356 
0.92000000 0.00000000 -1534.01850031 58555.40259323 
0.94000000 0.00000000 -1489.23231118 58534.95443094 
0.96000000 0.00000000 -1488.46555695 58535.81784990 
0.98000000 0.00000000 -1478.63421203 58534.80194968 

