-1.00000000 0.00000000 -507.13469276 56446.61087474 
-0.98000000 0.00000000 -507.33429379 56448.61143869 
-0.96000000 0.00000000 -508.57246041 56448.18075382 
-0.94000000 0.00000000 -407.55132289 56664.36010557 
-0.92000000 0.00000000 -409.84012325 56660.60825852 
-0.90000000 0.00000000 -614.50394998 56265.41373112 
-0.88000000 0.00000000 -617.36782802 56261.43501709 
-0.86000000 0.00000000 -620.82564576 56256.39482541 
-0.84000000 0.00000000 -280.71751899 57007.48609813 
-0.82000000 0.00000000 -280.66142803 57008.50316733 
-0.80000000 0.00000000 -531.39689116 56411.19320814 
-0.78000000 0.00000000 -682.58862285 56164.62663864 
-0.76000000 0.00000000 -685.27211377 56161.04398530 
-0.74000000 0.00000000 -687.37822349 56158.28846959 
-0.72000000 0.00000000 -693.50816700 56149.86345664 
-0.70000000 0.00000000 -528.48561090 56418.24175349 
-0.68000000 0.00000000 -529.35081531 56416.76400513 
-0.66000000 0.00000000 -282.67873715 57007.12274353 
-0.64000000 0.00000000 -283.27956465 57005.03527915 
-0.62000000 0.00000000 -530.54386819 56414.00464854 
-0.60000000 0.00000000 -283.46353652 57002.76288290 
-0.58000000 0.00000000 -282.99042329 57002.74591117 
-0.56000000 0.00000000 -529.76329553 56413.21009325 
-0.54000000 0.00000000 -695.47533685 56144.47233107 
-0.52000000 0.00000000 -689.85860645 56151.49213247 
-0.50000000 0.00000000 -688.41485221 56152.66625671 
-0.48000000 0.00000000 -686.89526158 56153.97790766 
-0.46000000 0.00000000 -684.60236892 56156.44815949 
-0.44000000 0.00000000 -283.13802389 56988.32322277 
-0.42000000 0.00000000 -283.10662903 56986.99951051 
-0.40000000 0.00000000 -681.80745158 56158.76408860 
-0.38000000 0.00000000 -681.19059356 56159.35215282 
-0.36000000 0.00000000 -680.98997297 56159.47255843 
-0.34000000 0.00000000 -680.98388672 56159.41993096 
-0.32000000 0.00000000 -681.13452884 56159.21940983 
-0.30000000 0.00000000 -280.04275820 56993.79724558 
-0.28000000 0.00000000 -280.01035123 56994.04711616 
-0.26000000 0.00000000 -682.07760689 56157.96797777 
-0.24000000 0.00000000 -682.21473635 56157.64721039 
-0.22000000 0.00000000 -681.98526476 56157.66531009 
-0.20000000 0.00000000 -681.74302469 56157.44516150 
-0.18000000 0.00000000 -280.08942484 56989.96184072 
-0.16000000 0.00000000 -280.41235220 56986.21991034 
-0.14000000 0.00000000 -678.20709199 56158.46602566 
-0.12000000 0.00000000 -677.44515686 56157.18477252 
-0.10000000 0.00000000 -675.29723281 56157.23589310 
-0.08000000 0.00000000 -672.80298992 56157.09610623 
-0.06000000 0.00000000 -285.00943806 56940.46623024 
-0.04000000 0.00000000 -286.79784460 56924.70899249 
-0.02000000 0.00000000 -653.16774797 56169.88202451 
0.00000000 0.00000000 -652.40079149 56164.55039860 
0.02000000 0.00000000 -650.80843459 56159.93730769 
0.04000000 0.00000000 -651.19359472 56152.17727422 
0.06000000 0.00000000 -537.28022302 56322.26268756 
0.08000000 0.00000000 -613.64950861 56191.91313338 
0.10000000 0.00000000 -611.48446605 56187.64295330 
0.12000000 0.00000000 -612.86424502 56178.43893576 
0.14000000 0.00000000 -3621.44126082 58575.28593124 
0.16000000 0.00000000 -3641.20314231 58299.26837180 
0.18000000 0.00000000 -619.68258173 56149.76445318 
0.20000000 0.00000000 -620.00086556 56143.86747690 
0.22000000 0.00000000 -622.62825949 56134.95981974 
0.24000000 0.00000000 -625.68724430 56125.66589148 
0.26000000 0.00000000 -669.26332251 56061.86374444 
0.28000000 0.00000000 -672.78677781 56052.74029792 
0.30000000 0.00000000 -676.20981716 56043.98787902 
0.32000000 0.00000000 -679.63289402 56035.60662246 
0.34000000 0.00000000 -682.86317461 56028.02224999 
0.36000000 0.00000000 -684.83916515 56022.76821625 
0.38000000 0.00000000 -686.44855563 56018.90126692 
0.40000000 0.00000000 -2337.75011783 61214.28185681 
0.42000000 0.00000000 -2341.74419144 61210.53470840 
0.44000000 0.00000000 -685.18646876 56021.62267874 
0.46000000 0.00000000 -682.72058869 56027.33305988 
0.48000000 0.00000000 -679.79133872 56034.56054273 
0.50000000 0.00000000 -675.72229316 56043.98213950 
0.52000000 0.00000000 -671.19854144 56054.53045305 
0.54000000 0.00000000 -666.67333340 56065.42904227 
0.56000000 0.00000000 -662.28804325 56076.33468898 
0.58000000 0.00000000 -617.93384778 56142.64651908 
0.60000000 0.00000000 -613.89372316 56153.78340365 
0.62000000 0.00000000 -610.15130454 56164.57418283 
0.64000000 0.00000000 -606.43272393 56175.47611871 
0.66000000 0.00000000 -3621.09445961 57746.45364188 
0.68000000 0.00000000 -3634.49301330 57916.34764165 
0.70000000 0.00000000 -596.47962504 56208.02997655 
0.72000000 0.00000000 -593.33565758 56219.30939853 
0.74000000 0.00000000 -592.06361539 56228.01003073 
0.76000000 0.00000000 -589.01499039 56239.68036788 
0.78000000 0.00000000 -590.11361207 56244.93573608 
0.80000000 0.00000000 -587.86042414 56255.40697838 
0.82000000 0.00000000 -585.85298971 56265.34090265 
0.84000000 0.00000000 -584.61728775 56273.75672720 
0.86000000 0.00000000 -504.10019825 56420.52485325 
0.88000000 0.00000000 -503.02497489 56428.89076195 
0.90000000 0.00000000 -684.60222185 56139.18336589 
0.92000000 0.00000000 -1005.36010975 55798.55096607 
0.94000000 0.00000000 -502.25596171 56445.80339087 
0.96000000 0.00000000 -502.78216676 56448.74390891 
0.98000000 0.00000000 -427.12195929 56609.08316708 

