-1.00000000 0.00000000 314.47502886 63782.32171735 
-0.98000000 0.00000000 314.47502895 63782.32171735 
-0.96000000 0.00000000 314.47502962 63782.32171737 
-0.94000000 0.00000000 314.47494393 63782.32171522 
-0.92000000 0.00000000 314.47494618 63782.32171527 
-0.90000000 0.00000000 314.47508616 63782.32171879 
-0.88000000 0.00000000 314.47508698 63782.32171881 
-0.86000000 0.00000000 314.47508805 63782.32171883 
-0.84000000 0.00000000 314.47474236 63782.32171016 
-0.82000000 0.00000000 314.47474198 63782.32171015 
-0.80000000 0.00000000 314.47504117 63782.32171766 
-0.78000000 0.00000000 314.47511044 63782.32171940 
-0.76000000 0.00000000 314.47511099 63782.32171941 
-0.74000000 0.00000000 314.47511137 63782.32171942 
-0.72000000 0.00000000 314.47511314 63782.32171946 
-0.70000000 0.00000000 314.47503782 63782.32171757 
-0.68000000 0.00000000 314.47503813 63782.32171758 
-0.66000000 0.00000000 314.47474527 63782.32171023 
-0.64000000 0.00000000 314.47474645 63782.32171026 
-0.62000000 0.00000000 314.47503843 63782.32171759 
-0.60000000 0.00000000 314.47474639 63782.32171026 
-0.58000000 0.00000000 314.47474501 63782.32171022 
-0.56000000 0.00000000 314.47503792 63782.32171758 
-0.54000000 0.00000000 314.47511322 63782.32171947 
-0.52000000 0.00000000 314.47511148 63782.32171942 
-0.50000000 0.00000000 314.47511117 63782.32171942 
-0.48000000 0.00000000 314.47511083 63782.32171941 
-0.46000000 0.00000000 314.47511020 63782.32171939 
-0.44000000 0.00000000 314.47474275 63782.32171016 
-0.42000000 0.00000000 314.47474244 63782.32171016 
-0.40000000 0.00000000 314.47510956 63782.32171937 
-0.38000000 0.00000000 314.47510939 63782.32171937 
-0.36000000 0.00000000 314.47510934 63782.32171937 
-0.34000000 0.00000000 314.47510934 63782.32171937 
-0.32000000 0.00000000 314.47510937 63782.32171937 
-0.30000000 0.00000000 314.47473531 63782.32170998 
-0.28000000 0.00000000 314.47473535 63782.32170998 
-0.26000000 0.00000000 314.47510959 63782.32171938 
-0.24000000 0.00000000 314.47510960 63782.32171938 
-0.22000000 0.00000000 314.47510948 63782.32171937 
-0.20000000 0.00000000 314.47510934 63782.32171937 
-0.18000000 0.00000000 314.47473437 63782.32170995 
-0.16000000 0.00000000 314.47473407 63782.32170995 
-0.14000000 0.00000000 314.47510780 63782.32171933 
-0.12000000 0.00000000 314.47510733 63782.32171932 
-0.10000000 0.00000000 314.47510627 63782.32171929 
-0.08000000 0.00000000 314.47510495 63782.32171926 
-0.06000000 0.00000000 314.47473043 63782.32170986 
-0.04000000 0.00000000 314.47472933 63782.32170983 
-0.02000000 0.00000000 314.47509504 63782.32171901 
0.00000000 0.00000000 314.47509360 63782.32171898 
0.02000000 0.00000000 314.47509163 63782.32171893 
0.04000000 0.00000000 314.47509034 63782.32171889 
0.06000000 0.00000000 314.47502621 63782.32171728 
0.08000000 0.00000000 314.47506896 63782.32171836 
0.10000000 0.00000000 314.47506578 63782.32171828 
0.12000000 0.00000000 314.47506445 63782.32171824 
0.14000000 0.00000000 314.47533068 63782.32172494 
0.16000000 0.00000000 314.47532988 63782.32172492 
0.18000000 0.00000000 314.47506206 63782.32171818 
0.20000000 0.00000000 314.47506023 63782.32171814 
0.22000000 0.00000000 314.47505962 63782.32171812 
0.24000000 0.00000000 314.47505919 63782.32171811 
0.26000000 0.00000000 314.47507944 63782.32171862 
0.28000000 0.00000000 314.47507911 63782.32171861 
0.30000000 0.00000000 314.47507875 63782.32171860 
0.32000000 0.00000000 314.47507848 63782.32171860 
0.34000000 0.00000000 314.47507833 63782.32171859 
0.36000000 0.00000000 314.47507790 63782.32171858 
0.38000000 0.00000000 314.47507775 63782.32171858 
0.40000000 0.00000000 314.47534755 63782.32172536 
0.42000000 0.00000000 314.47534753 63782.32172536 
0.44000000 0.00000000 314.47507773 63782.32171858 
0.46000000 0.00000000 314.47507787 63782.32171858 
0.48000000 0.00000000 314.47507823 63782.32171859 
0.50000000 0.00000000 314.47507838 63782.32171859 
0.52000000 0.00000000 314.47507852 63782.32171860 
0.54000000 0.00000000 314.47507875 63782.32171860 
0.56000000 0.00000000 314.47507906 63782.32171861 
0.58000000 0.00000000 314.47505856 63782.32171810 
0.60000000 0.00000000 314.47505882 63782.32171810 
0.62000000 0.00000000 314.47505915 63782.32171811 
0.64000000 0.00000000 314.47505942 63782.32171812 
0.66000000 0.00000000 314.47532773 63782.32172486 
0.68000000 0.00000000 314.47532855 63782.32172488 
0.70000000 0.00000000 314.47506077 63782.32171815 
0.72000000 0.00000000 314.47506134 63782.32171817 
0.74000000 0.00000000 314.47506295 63782.32171821 
0.76000000 0.00000000 314.47506354 63782.32171822 
0.78000000 0.00000000 314.47506632 63782.32171829 
0.80000000 0.00000000 314.47506715 63782.32171831 
0.82000000 0.00000000 314.47506795 63782.32171833 
0.84000000 0.00000000 314.47506896 63782.32171836 
0.86000000 0.00000000 314.47502087 63782.32171715 
0.88000000 0.00000000 314.47502181 63782.32171717 
0.90000000 0.00000000 314.47511570 63782.32171954 
0.92000000 0.00000000 314.47519282 63782.32172147 
0.94000000 0.00000000 314.47502454 63782.32171724 
0.96000000 0.00000000 314.47502545 63782.32171726 
0.98000000 0.00000000 314.47496339 63782.32171570 

