-1.00000000 0.00000000 -2774.69524362 57557.39229087 
-0.98000000 0.00000000 -2771.65410258 57553.11402431 
-0.96000000 0.00000000 -2770.09488685 57552.59142881 
-0.94000000 0.00000000 -2657.44820797 57267.75671387 
-0.92000000 0.00000000 -2658.16443541 57271.73345566 
-0.90000000 0.00000000 -2836.55527667 57823.59723005 
-0.88000000 0.00000000 -2837.30995848 57829.61407785 
-0.86000000 0.00000000 -2838.49430356 57837.42502802 
-0.84000000 0.00000000 -2428.73136356 56902.61781492 
-0.82000000 0.00000000 -2427.29665850 56901.65164753 
-0.80000000 0.00000000 -2780.96496494 57602.55241197 
-0.78000000 0.00000000 -2861.82874901 57986.70492396 
-0.76000000 0.00000000 -2862.45528331 57992.63719093 
-0.74000000 0.00000000 -2862.89757149 57997.18113108 
-0.72000000 0.00000000 -2864.54694252 58011.29801542 
-0.70000000 0.00000000 -2776.74508054 57591.76860045 
-0.68000000 0.00000000 -2777.28742397 57593.84042415 
-0.66000000 0.00000000 -2424.43667327 56902.55714889 
-0.64000000 0.00000000 -2426.19646516 56904.48137799 
-0.62000000 0.00000000 -2778.95470284 57598.15126143 
-0.60000000 0.00000000 -2429.38407279 56906.75637623 
-0.58000000 0.00000000 -2430.69409435 56906.95377547 
-0.56000000 0.00000000 -2781.15996644 57600.57724551 
-0.54000000 0.00000000 -2867.63284849 58022.24058266 
-0.52000000 0.00000000 -2866.81593084 58010.91761945 
-0.50000000 0.00000000 -2867.19674171 58009.48704695 
-0.48000000 0.00000000 -2867.52883185 58007.80374302 
-0.46000000 0.00000000 -2867.57542579 58004.12967316 
-0.44000000 0.00000000 -2453.37174972 56922.16286264 
-0.42000000 0.00000000 -2455.56280088 56923.59850623 
-0.40000000 0.00000000 -2868.29352202 58001.18577717 
-0.38000000 0.00000000 -2868.38382738 58000.31831457 
-0.36000000 0.00000000 -2868.48424259 58000.14091060 
-0.34000000 0.00000000 -2868.54858001 58000.17384021 
-0.32000000 0.00000000 -2868.59359163 58000.39634449 
-0.30000000 0.00000000 -2452.94356687 56917.36470259 
-0.28000000 0.00000000 -2452.67022763 56917.04783091 
-0.26000000 0.00000000 -2868.87469190 58002.12371708 
-0.24000000 0.00000000 -2869.08586214 58002.67264994 
-0.22000000 0.00000000 -2869.37743846 58002.81330206 
-0.20000000 0.00000000 -2869.92951154 58003.58643803 
-0.18000000 0.00000000 -2459.88344512 56921.37489310 
-0.16000000 0.00000000 -2465.43080540 56925.44957315 
-0.14000000 0.00000000 -2873.12605655 58005.26807873 
-0.12000000 0.00000000 -2875.35389351 58009.55681410 
-0.10000000 0.00000000 -2877.82766524 58012.27095603 
-0.08000000 0.00000000 -2880.88738482 58016.03139538 
-0.06000000 0.00000000 -2530.36569690 56979.05339135 
-0.04000000 0.00000000 -2551.86876348 56998.91295463 
-0.02000000 0.00000000 -2891.12312318 58010.27960352 
0.00000000 0.00000000 -2897.26245853 58025.79944958 
0.02000000 0.00000000 -2903.53612648 58040.79202113 
0.04000000 0.00000000 -2910.36887442 58061.47562229 
0.06000000 0.00000000 -2883.37760465 57802.27949855 
0.08000000 0.00000000 -2916.76864673 58013.91095540 
0.10000000 0.00000000 -2923.36746645 58029.42998839 
0.12000000 0.00000000 -2930.17061341 58052.62304646 
0.14000000 0.00000000 -1317.39277413 60882.73222383 
0.16000000 0.00000000 -1382.11831399 60863.05580575 
0.18000000 0.00000000 -2947.19095928 58121.68770175 
0.20000000 0.00000000 -2951.60907944 58138.14889155 
0.22000000 0.00000000 -2955.83312082 58159.24953265 
0.24000000 0.00000000 -2959.73941300 58180.88978686 
0.26000000 0.00000000 -2962.86084692 58291.43615412 
0.28000000 0.00000000 -2965.45705031 58312.87445877 
0.30000000 0.00000000 -2967.75653950 58333.54064486 
0.32000000 0.00000000 -2969.70134879 58353.21656929 
0.34000000 0.00000000 -2971.24326745 58370.89803608 
0.36000000 0.00000000 -2972.44259235 58383.70134676 
0.38000000 0.00000000 -2973.16994497 58392.86921679 
0.40000000 0.00000000 -654.32637780 60829.12919460 
0.42000000 0.00000000 -655.52998196 60829.85305223 
0.44000000 0.00000000 -2972.71236605 58386.64551871 
0.46000000 0.00000000 -2971.64082451 58373.29479190 
0.48000000 0.00000000 -2970.05639349 58356.11837265 
0.50000000 0.00000000 -2968.04895416 58334.33700098 
0.52000000 0.00000000 -2965.59542010 58310.08479326 
0.54000000 0.00000000 -2962.73277073 58284.97440061 
0.56000000 0.00000000 -2959.53175737 58259.82396461 
0.58000000 0.00000000 -2954.60062333 58144.90059174 
0.60000000 0.00000000 -2949.99659883 58119.90812997 
0.62000000 0.00000000 -2945.14191224 58095.63947185 
0.64000000 0.00000000 -2939.96122999 58071.28201062 
0.66000000 0.00000000 -1516.87992596 60809.06593851 
0.68000000 0.00000000 -1475.03934862 60826.70766666 
0.70000000 0.00000000 -2921.90260682 57998.04673609 
0.72000000 0.00000000 -2914.83069625 57972.67427294 
0.74000000 0.00000000 -2907.72375744 57951.27367820 
0.76000000 0.00000000 -2899.68188196 57925.22253775 
0.78000000 0.00000000 -2892.65617447 57909.39377476 
0.80000000 0.00000000 -2884.40405194 57885.69255606 
0.82000000 0.00000000 -2876.19615334 57863.28349107 
0.84000000 0.00000000 -2868.43264846 57843.79948836 
0.86000000 0.00000000 -2815.23067771 57618.57205642 
0.88000000 0.00000000 -2805.98211539 57601.30663153 
0.90000000 0.00000000 -2884.76197641 58046.42290395 
0.92000000 0.00000000 -2875.75052983 58683.59541038 
0.94000000 0.00000000 -2784.47080152 57565.40344102 
0.96000000 0.00000000 -2779.51951063 57558.48375646 
0.98000000 0.00000000 -2698.28655054 57341.41260961 

