-1.00000000 0.00000000 315.49095789 63681.57402653 
-0.98000000 0.00000000 315.49095789 63681.57402653 
-0.96000000 0.00000000 315.49095789 63681.57402653 
-0.94000000 0.00000000 315.49095778 63681.57402653 
-0.92000000 0.00000000 315.49095778 63681.57402653 
-0.90000000 0.00000000 315.49095796 63681.57402653 
-0.88000000 0.00000000 315.49095796 63681.57402653 
-0.86000000 0.00000000 315.49095796 63681.57402653 
-0.84000000 0.00000000 315.49095751 63681.57402652 
-0.82000000 0.00000000 315.49095751 63681.57402652 
-0.80000000 0.00000000 315.49095790 63681.57402653 
-0.78000000 0.00000000 315.49095799 63681.57402653 
-0.76000000 0.00000000 315.49095799 63681.57402653 
-0.74000000 0.00000000 315.49095799 63681.57402653 
-0.72000000 0.00000000 315.49095800 63681.57402653 
-0.70000000 0.00000000 315.49095790 63681.57402653 
-0.68000000 0.00000000 315.49095790 63681.57402653 
-0.66000000 0.00000000 315.49095751 63681.57402652 
-0.64000000 0.00000000 315.49095751 63681.57402652 
-0.62000000 0.00000000 315.49095790 63681.57402653 
-0.60000000 0.00000000 315.49095751 63681.57402652 
-0.58000000 0.00000000 315.49095751 63681.57402652 
-0.56000000 0.00000000 315.49095790 63681.57402653 
-0.54000000 0.00000000 315.49095800 63681.57402653 
-0.52000000 0.00000000 315.49095799 63681.57402653 
-0.50000000 0.00000000 315.49095799 63681.57402653 
-0.48000000 0.00000000 315.49095799 63681.57402653 
-0.46000000 0.00000000 315.49095799 63681.57402653 
-0.44000000 0.00000000 315.49095751 63681.57402652 
-0.42000000 0.00000000 315.49095751 63681.57402652 
-0.40000000 0.00000000 315.49095799 63681.57402653 
-0.38000000 0.00000000 315.49095799 63681.57402653 
-0.36000000 0.00000000 315.49095799 63681.57402653 
-0.34000000 0.00000000 315.49095799 63681.57402653 
-0.32000000 0.00000000 315.49095799 63681.57402653 
-0.30000000 0.00000000 315.49095750 63681.57402652 
-0.28000000 0.00000000 315.49095750 63681.57402652 
-0.26000000 0.00000000 315.49095799 63681.57402653 
-0.24000000 0.00000000 315.49095799 63681.57402653 
-0.22000000 0.00000000 315.49095799 63681.57402653 
-0.20000000 0.00000000 315.49095799 63681.57402653 
-0.18000000 0.00000000 315.49095750 63681.57402652 
-0.16000000 0.00000000 315.49095750 63681.57402652 
-0.14000000 0.00000000 315.49095799 63681.57402653 
-0.12000000 0.00000000 315.49095799 63681.57402653 
-0.10000000 0.00000000 315.49095799 63681.57402653 
-0.08000000 0.00000000 315.49095799 63681.57402653 
-0.06000000 0.00000000 315.49095750 63681.57402652 
-0.04000000 0.00000000 315.49095750 63681.57402652 
-0.02000000 0.00000000 315.49095798 63681.57402653 
0.00000000 0.00000000 315.49095798 63681.57402653 
0.02000000 0.00000000 315.49095797 63681.57402653 
0.04000000 0.00000000 315.49095797 63681.57402653 
0.06000000 0.00000000 315.49095789 63681.57402653 
0.08000000 0.00000000 315.49095795 63681.57402653 
0.10000000 0.00000000 315.49095794 63681.57402653 
0.12000000 0.00000000 315.49095794 63681.57402653 
0.14000000 0.00000000 315.49095829 63681.57402654 
0.16000000 0.00000000 315.49095829 63681.57402654 
0.18000000 0.00000000 315.49095794 63681.57402653 
0.20000000 0.00000000 315.49095794 63681.57402653 
0.22000000 0.00000000 315.49095794 63681.57402653 
0.24000000 0.00000000 315.49095794 63681.57402653 
0.26000000 0.00000000 315.49095796 63681.57402653 
0.28000000 0.00000000 315.49095796 63681.57402653 
0.30000000 0.00000000 315.49095796 63681.57402653 
0.32000000 0.00000000 315.49095796 63681.57402653 
0.34000000 0.00000000 315.49095796 63681.57402653 
0.36000000 0.00000000 315.49095796 63681.57402653 
0.38000000 0.00000000 315.49095796 63681.57402653 
0.40000000 0.00000000 315.49095832 63681.57402654 
0.42000000 0.00000000 315.49095832 63681.57402654 
0.44000000 0.00000000 315.49095796 63681.57402653 
0.46000000 0.00000000 315.49095796 63681.57402653 
0.48000000 0.00000000 315.49095796 63681.57402653 
0.50000000 0.00000000 315.49095796 63681.57402653 
0.52000000 0.00000000 315.49095796 63681.57402653 
0.54000000 0.00000000 315.49095796 63681.57402653 
0.56000000 0.00000000 315.49095796 63681.57402653 
0.58000000 0.00000000 315.49095794 63681.57402653 
0.60000000 0.00000000 315.49095794 63681.57402653 
0.62000000 0.00000000 315.49095794 63681.57402653 
0.64000000 0.00000000 315.49095794 63681.57402653 
0.66000000 0.00000000 315.49095829 63681.57402654 
0.68000000 0.00000000 315.49095829 63681.57402654 
0.70000000 0.00000000 315.49095794 63681.57402653 
0.72000000 0.00000000 315.49095794 63681.57402653 
0.74000000 0.00000000 315.49095794 63681.57402653 
0.76000000 0.00000000 315.49095794 63681.57402653 
0.78000000 0.00000000 315.49095794 63681.57402653 
0.80000000 0.00000000 315.49095795 63681.57402653 
0.82000000 0.00000000 315.49095795 63681.57402653 
0.84000000 0.00000000 315.49095795 63681.57402653 
0.86000000 0.00000000 315.49095788 63681.57402653 
0.88000000 0.00000000 315.49095788 63681.57402653 
0.90000000 0.00000000 315.49095801 63681.57402653 
0.92000000 0.00000000 315.49095811 63681.57402654 
0.94000000 0.00000000 315.49095789 63681.57402653 
0.96000000 0.00000000 315.49095789 63681.57402653 
0.98000000 0.00000000 315.49095780 63681.57402652 

