-1.00000000 0.00000000 -1374.63450322 59249.05284836 
-0.98000000 0.00000000 -1375.78174475 59248.40934284 
-0.96000000 0.00000000 -1376.44502886 59247.73657341 
-0.94000000 0.00000000 -1402.65796483 59258.90336537 
-0.92000000 0.00000000 -1402.76702497 59258.19447423 
-0.90000000 0.00000000 -1354.70462307 59233.91141652 
-0.88000000 0.00000000 -1354.33999124 59233.37013457 
-0.86000000 0.00000000 -1353.78401401 59232.79400123 
-0.84000000 0.00000000 -1442.22649747 59270.47062030 
-0.82000000 0.00000000 -1442.57662435 59270.23931666 
-0.80000000 0.00000000 -1373.73377548 59243.21072997 
-0.78000000 0.00000000 -1341.84499061 59224.75421843 
-0.76000000 0.00000000 -1341.39740647 59224.35659256 
-0.74000000 0.00000000 -1341.06398983 59224.03965214 
-0.72000000 0.00000000 -1339.96520119 59223.22794784 
-0.70000000 0.00000000 -1374.98446473 59243.19515491 
-0.68000000 0.00000000 -1374.82688985 59243.07492310 
-0.66000000 0.00000000 -1443.75355098 59268.95745501 
-0.64000000 0.00000000 -1443.42976231 59268.98599269 
-0.62000000 0.00000000 -1374.27390537 59243.08089977 
-0.60000000 0.00000000 -1442.60630643 59269.41485415 
-0.58000000 0.00000000 -1442.12407495 59269.81794672 
-0.56000000 0.00000000 -1373.42888433 59243.66139678 
-0.54000000 0.00000000 -1338.36997221 59223.51910593 
-0.52000000 0.00000000 -1339.05869221 59224.38884680 
-0.50000000 0.00000000 -1338.96222888 59224.73335790 
-0.48000000 0.00000000 -1338.89479883 59225.08393651 
-0.46000000 0.00000000 -1339.00132225 59225.52425119 
-0.44000000 0.00000000 -1436.04237627 59273.10423073 
-0.42000000 0.00000000 -1435.44931034 59273.44752658 
-0.40000000 0.00000000 -1338.87100219 59226.23183556 
-0.38000000 0.00000000 -1338.89123651 59226.39298609 
-0.36000000 0.00000000 -1338.89163711 59226.48651461 
-0.34000000 0.00000000 -1338.90389355 59226.54518040 
-0.32000000 0.00000000 -1338.92097640 59226.57970416 
-0.30000000 0.00000000 -1435.42383377 59274.64046024 
-0.28000000 0.00000000 -1435.49137092 59274.71727231 
-0.26000000 0.00000000 -1338.87803006 59226.67382576 
-0.24000000 0.00000000 -1338.80353632 59226.77715060 
-0.22000000 0.00000000 -1338.69224472 59226.96996225 
-0.20000000 0.00000000 -1338.43367090 59227.21839094 
-0.18000000 0.00000000 -1433.33301094 59276.44276760 
-0.16000000 0.00000000 -1431.77727376 59277.27168687 
-0.14000000 0.00000000 -1336.81370240 59228.75497900 
-0.12000000 0.00000000 -1335.58272320 59229.38037430 
-0.10000000 0.00000000 -1334.21976081 59230.27567139 
-0.08000000 0.00000000 -1332.50481786 59231.29970259 
-0.06000000 0.00000000 -1413.67610604 59284.81409570 
-0.04000000 0.00000000 -1407.67753907 59286.81692847 
-0.02000000 0.00000000 -1326.86288316 59236.40898388 
0.00000000 0.00000000 -1323.22460387 59237.34714111 
0.02000000 0.00000000 -1319.45969606 59238.35861847 
0.04000000 0.00000000 -1315.21841568 59239.00740442 
0.06000000 0.00000000 -1328.82772546 59256.85996034 
0.08000000 0.00000000 -1312.24084756 59245.80599318 
0.10000000 0.00000000 -1308.29033384 59246.57876157 
0.12000000 0.00000000 -1304.04131078 59246.68321901 
0.14000000 0.00000000 -1155.94279384 58625.92356282 
0.16000000 0.00000000 -1152.35231450 58659.45093056 
0.18000000 0.00000000 -1292.53703953 59245.90397548 
0.20000000 0.00000000 -1289.39855215 59245.75814395 
0.22000000 0.00000000 -1286.12255475 59245.15189056 
0.24000000 0.00000000 -1282.89689495 59244.38482443 
0.26000000 0.00000000 -1275.24878045 59237.02794789 
0.28000000 0.00000000 -1272.22263616 59236.00147002 
0.30000000 0.00000000 -1269.33032348 59234.93778388 
0.32000000 0.00000000 -1266.64160190 59233.85417819 
0.34000000 0.00000000 -1264.28381288 59232.82574208 
0.36000000 0.00000000 -1262.48068499 59232.07394843 
0.38000000 0.00000000 -1261.25094326 59231.50540615 
0.40000000 0.00000000 -1308.21617667 58200.96553126 
0.42000000 0.00000000 -1307.59378010 58201.80589645 
0.44000000 0.00000000 -1262.04973016 59231.82433663 
0.46000000 0.00000000 -1263.81852676 59232.60141238 
0.48000000 0.00000000 -1266.17491701 59233.56798754 
0.50000000 0.00000000 -1269.07651210 59234.78036540 
0.52000000 0.00000000 -1272.33120343 59236.07538470 
0.54000000 0.00000000 -1275.77434254 59237.33483265 
0.56000000 0.00000000 -1279.29485761 59238.50221331 
0.58000000 0.00000000 -1287.53443230 59245.95051845 
0.60000000 0.00000000 -1291.16361566 59246.83993632 
0.62000000 0.00000000 -1294.77278676 59247.57446347 
0.64000000 0.00000000 -1298.42926799 59248.19783992 
0.66000000 0.00000000 -1148.71552902 58721.93423845 
0.68000000 0.00000000 -1149.73127019 58702.14132911 
0.70000000 0.00000000 -1309.99280133 59249.23158464 
0.72000000 0.00000000 -1314.17268383 59249.32451563 
0.74000000 0.00000000 -1318.23905856 59249.01395080 
0.76000000 0.00000000 -1322.69371835 59248.85714072 
0.78000000 0.00000000 -1326.53952506 59247.97109383 
0.80000000 0.00000000 -1330.89162823 59247.48819729 
0.82000000 0.00000000 -1335.10700537 59246.88719111 
0.84000000 0.00000000 -1339.01430384 59246.11831168 
0.86000000 0.00000000 -1357.97407676 59256.31900115 
0.88000000 0.00000000 -1361.74564465 59255.27950799 
0.90000000 0.00000000 -1330.28556868 59229.80253340 
0.92000000 0.00000000 -1285.80266306 59186.18244456 
0.94000000 0.00000000 -1370.39734298 59252.12198074 
0.96000000 0.00000000 -1372.38759438 59251.13227295 
0.98000000 0.00000000 -1392.31223575 59259.51331693 

