-1.00000000 0.00000000 -1371.29416563 58680.15359549 
-0.98000000 0.00000000 -1371.41101676 58680.80486711 
-0.96000000 0.00000000 -1371.59639006 58681.14936269 
-0.94000000 0.00000000 -1364.48753599 58697.87560411 
-0.92000000 0.00000000 -1364.73825373 58697.87651641 
-0.90000000 0.00000000 -1379.11318873 58666.87985596 
-0.88000000 0.00000000 -1379.37496724 58666.58803397 
-0.86000000 0.00000000 -1379.66788397 58666.17871268 
-0.84000000 0.00000000 -1355.42477371 58722.61129005 
-0.82000000 0.00000000 -1355.46080429 58722.79494560 
-0.80000000 0.00000000 -1373.69091247 58678.97961305 
-0.78000000 0.00000000 -1383.94361633 58658.27333545 
-0.76000000 0.00000000 -1384.14761640 58657.95705402 
-0.74000000 0.00000000 -1384.30792154 58657.71898052 
-0.72000000 0.00000000 -1384.72670649 58656.98632784 
-0.70000000 0.00000000 -1373.58073257 58679.68473084 
-0.68000000 0.00000000 -1373.64354047 58679.57668963 
-0.66000000 0.00000000 -1355.72522068 58723.39612864 
-0.64000000 0.00000000 -1355.75895550 58723.19946447 
-0.62000000 0.00000000 -1373.70103700 58679.23914482 
-0.60000000 0.00000000 -1355.73143809 58722.71568424 
-0.58000000 0.00000000 -1355.66714242 58722.43893028 
-0.56000000 0.00000000 -1373.57625522 58678.77239852 
-0.54000000 0.00000000 -1384.74102058 58656.06239319 
-0.52000000 0.00000000 -1384.33744861 58656.55090756 
-0.50000000 0.00000000 -1384.20621536 58656.52909509 
-0.48000000 0.00000000 -1384.06956684 58656.52635124 
-0.46000000 0.00000000 -1383.88254736 58656.63584320 
-0.44000000 0.00000000 -1355.43519114 58718.88086305 
-0.42000000 0.00000000 -1355.40074449 58718.54234374 
-0.40000000 0.00000000 -1383.59320078 58656.65704633 
-0.38000000 0.00000000 -1383.51776847 58656.70036649 
-0.36000000 0.00000000 -1383.46872540 58656.72877612 
-0.34000000 0.00000000 -1383.43052748 58656.76378739 
-0.32000000 0.00000000 -1383.39959437 58656.80187190 
-0.30000000 0.00000000 -1354.95147747 58718.69272091 
-0.28000000 0.00000000 -1354.89806206 58718.76433694 
-0.26000000 0.00000000 -1383.31059840 58656.86556679 
-0.24000000 0.00000000 -1383.25751197 58656.85449581 
-0.22000000 0.00000000 -1383.17437410 58656.82399709 
-0.20000000 0.00000000 -1383.08571662 58656.70196747 
-0.18000000 0.00000000 -1354.52828417 58717.61048205 
-0.16000000 0.00000000 -1354.45599906 58716.68452134 
-0.14000000 0.00000000 -1382.62758761 58655.80840628 
-0.12000000 0.00000000 -1382.51187912 58655.06401356 
-0.10000000 0.00000000 -1382.31878848 58654.23295353 
-0.08000000 0.00000000 -1382.12295597 58653.16991139 
-0.06000000 0.00000000 -1354.47259260 58705.52531367 
-0.04000000 0.00000000 -1354.64944526 58701.76431582 
-0.02000000 0.00000000 -1380.92207261 58649.62778829 
0.00000000 0.00000000 -1380.98530985 58647.28430125 
0.02000000 0.00000000 -1381.04027952 58644.84933870 
0.04000000 0.00000000 -1381.27023028 58642.09346599 
0.06000000 0.00000000 -1373.88485826 58651.02510537 
0.08000000 0.00000000 -1379.33439433 58640.16878007 
0.10000000 0.00000000 -1379.51106984 58637.57957903 
0.12000000 0.00000000 -1379.94075131 58634.78432504 
0.14000000 0.00000000 -1578.25952289 58580.19477326 
0.16000000 0.00000000 -1570.11389030 58572.99279172 
0.18000000 0.00000000 -1381.48377737 58627.13896214 
0.20000000 0.00000000 -1381.90940984 58625.01617442 
0.22000000 0.00000000 -1382.51212235 58622.78377343 
0.24000000 0.00000000 -1383.17684969 58620.56516998 
0.26000000 0.00000000 -1386.41640743 58615.41788146 
0.28000000 0.00000000 -1387.16611688 58613.29944374 
0.30000000 0.00000000 -1387.92080596 58611.26204756 
0.32000000 0.00000000 -1388.66033200 58609.36006468 
0.34000000 0.00000000 -1389.33896894 58607.68705560 
0.36000000 0.00000000 -1389.85432722 58606.40025041 
0.38000000 0.00000000 -1390.22595143 58605.52113118 
0.40000000 0.00000000 -1633.51288128 58749.38460950 
0.42000000 0.00000000 -1633.53475217 58748.86853615 
0.44000000 0.00000000 -1390.02798684 58606.07272183 
0.46000000 0.00000000 -1389.52407579 58607.32452109 
0.48000000 0.00000000 -1388.87174510 58608.99417556 
0.50000000 0.00000000 -1388.06533921 58611.04475017 
0.52000000 0.00000000 -1387.18544026 58613.33964399 
0.54000000 0.00000000 -1386.29555819 58615.76037128 
0.56000000 0.00000000 -1385.43304399 58618.22484222 
0.58000000 0.00000000 -1382.07951019 58623.78089717 
0.60000000 0.00000000 -1381.31701687 58626.28292557 
0.62000000 0.00000000 -1380.62316131 58628.75014260 
0.64000000 0.00000000 -1379.97647571 58631.22637794 
0.66000000 0.00000000 -1554.55035477 58562.47295710 
0.68000000 0.00000000 -1559.86086837 58565.69778191 
0.70000000 0.00000000 -1378.31883163 58638.92658243 
0.72000000 0.00000000 -1377.82861067 58641.67388329 
0.74000000 0.00000000 -1377.48632789 58644.33303666 
0.76000000 0.00000000 -1377.05397012 58647.23384062 
0.78000000 0.00000000 -1376.93079183 58649.72371522 
0.80000000 0.00000000 -1376.62109555 58652.53252616 
0.82000000 0.00000000 -1376.36734871 58655.23944850 
0.84000000 0.00000000 -1376.20639711 58657.73293681 
0.86000000 0.00000000 -1370.62613970 58669.99596560 
0.88000000 0.00000000 -1370.54553358 58672.36601514 
0.90000000 0.00000000 -1382.83467912 58651.81903390 
0.92000000 0.00000000 -1402.57576954 58622.62546599 
0.94000000 0.00000000 -1370.65525108 58677.69996102 
0.96000000 0.00000000 -1370.78446986 58678.89059990 
0.98000000 0.00000000 -1365.49942115 58691.60243603 

