-1.00000000 0.00000000 314.32777914 63796.59298851 
-0.98000000 0.00000000 314.32778160 63796.59298857 
-0.96000000 0.00000000 314.32779055 63796.59298879 
-0.94000000 0.00000000 314.32681403 63796.59296428 
-0.92000000 0.00000000 314.32684090 63796.59296496 
-0.90000000 0.00000000 314.32843903 63796.59300506 
-0.88000000 0.00000000 314.32844943 63796.59300532 
-0.86000000 0.00000000 314.32846253 63796.59300565 
-0.84000000 0.00000000 314.32451925 63796.59290668 
-0.82000000 0.00000000 314.32451574 63796.59290659 
-0.80000000 0.00000000 314.32793029 63796.59299229 
-0.78000000 0.00000000 314.32872139 63796.59301215 
-0.76000000 0.00000000 314.32872853 63796.59301232 
-0.74000000 0.00000000 314.32873353 63796.59301245 
-0.72000000 0.00000000 314.32875443 63796.59301297 
-0.70000000 0.00000000 314.32789569 63796.59299142 
-0.68000000 0.00000000 314.32789964 63796.59299152 
-0.66000000 0.00000000 314.32455853 63796.59290766 
-0.64000000 0.00000000 314.32457228 63796.59290801 
-0.62000000 0.00000000 314.32790370 63796.59299162 
-0.60000000 0.00000000 314.32457144 63796.59290799 
-0.58000000 0.00000000 314.32455531 63796.59290758 
-0.56000000 0.00000000 314.32789683 63796.59299145 
-0.54000000 0.00000000 314.32875550 63796.59301300 
-0.52000000 0.00000000 314.32873499 63796.59301249 
-0.50000000 0.00000000 314.32873076 63796.59301238 
-0.48000000 0.00000000 314.32872620 63796.59301227 
-0.46000000 0.00000000 314.32871837 63796.59301207 
-0.44000000 0.00000000 314.32452540 63796.59290683 
-0.42000000 0.00000000 314.32452147 63796.59290674 
-0.40000000 0.00000000 314.32870984 63796.59301186 
-0.38000000 0.00000000 314.32870775 63796.59301180 
-0.36000000 0.00000000 314.32870713 63796.59301179 
-0.34000000 0.00000000 314.32870711 63796.59301179 
-0.32000000 0.00000000 314.32870759 63796.59301180 
-0.30000000 0.00000000 314.32443983 63796.59290469 
-0.28000000 0.00000000 314.32444045 63796.59290470 
-0.26000000 0.00000000 314.32871050 63796.59301187 
-0.24000000 0.00000000 314.32871064 63796.59301188 
-0.22000000 0.00000000 314.32870919 63796.59301184 
-0.20000000 0.00000000 314.32870750 63796.59301180 
-0.18000000 0.00000000 314.32442890 63796.59290441 
-0.16000000 0.00000000 314.32442495 63796.59290431 
-0.14000000 0.00000000 314.32868829 63796.59301132 
-0.12000000 0.00000000 314.32868201 63796.59301116 
-0.10000000 0.00000000 314.32866865 63796.59301083 
-0.08000000 0.00000000 314.32865215 63796.59301041 
-0.06000000 0.00000000 314.32437729 63796.59290312 
-0.04000000 0.00000000 314.32436286 63796.59290276 
-0.02000000 0.00000000 314.32853343 63796.59300744 
0.00000000 0.00000000 314.32851487 63796.59300697 
0.02000000 0.00000000 314.32849008 63796.59300635 
0.04000000 0.00000000 314.32847307 63796.59300593 
0.06000000 0.00000000 314.32773913 63796.59298751 
0.08000000 0.00000000 314.32822479 63796.59299970 
0.10000000 0.00000000 314.32818653 63796.59299874 
0.12000000 0.00000000 314.32816944 63796.59299832 
0.14000000 0.00000000 314.33120548 63796.59307452 
0.16000000 0.00000000 314.33119483 63796.59307426 
0.18000000 0.00000000 314.32813795 63796.59299753 
0.20000000 0.00000000 314.32811597 63796.59299698 
0.22000000 0.00000000 314.32810811 63796.59299678 
0.24000000 0.00000000 314.32810242 63796.59299664 
0.26000000 0.00000000 314.32833284 63796.59300242 
0.28000000 0.00000000 314.32832859 63796.59300232 
0.30000000 0.00000000 314.32832399 63796.59300220 
0.32000000 0.00000000 314.32832055 63796.59300212 
0.34000000 0.00000000 314.32831849 63796.59300206 
0.36000000 0.00000000 314.32831343 63796.59300194 
0.38000000 0.00000000 314.32831150 63796.59300189 
0.40000000 0.00000000 314.33138974 63796.59307915 
0.42000000 0.00000000 314.33138949 63796.59307915 
0.44000000 0.00000000 314.32831128 63796.59300188 
0.46000000 0.00000000 314.32831300 63796.59300193 
0.48000000 0.00000000 314.32831734 63796.59300204 
0.50000000 0.00000000 314.32831930 63796.59300208 
0.52000000 0.00000000 314.32832118 63796.59300213 
0.54000000 0.00000000 314.32832415 63796.59300221 
0.56000000 0.00000000 314.32832792 63796.59300230 
0.58000000 0.00000000 314.32809440 63796.59299644 
0.60000000 0.00000000 314.32809780 63796.59299652 
0.62000000 0.00000000 314.32810204 63796.59299663 
0.64000000 0.00000000 314.32810565 63796.59299672 
0.66000000 0.00000000 314.33116755 63796.59307357 
0.68000000 0.00000000 314.33117753 63796.59307382 
0.70000000 0.00000000 314.32812311 63796.59299716 
0.72000000 0.00000000 314.32813048 63796.59299734 
0.74000000 0.00000000 314.32814983 63796.59299783 
0.76000000 0.00000000 314.32815771 63796.59299802 
0.78000000 0.00000000 314.32819068 63796.59299885 
0.80000000 0.00000000 314.32820143 63796.59299912 
0.82000000 0.00000000 314.32821191 63796.59299938 
0.84000000 0.00000000 314.32822484 63796.59299970 
0.86000000 0.00000000 314.32767758 63796.59298597 
0.88000000 0.00000000 314.32768980 63796.59298627 
0.90000000 0.00000000 314.32876259 63796.59301320 
0.92000000 0.00000000 314.32964396 63796.59303532 
0.94000000 0.00000000 314.32772554 63796.59298716 
0.96000000 0.00000000 314.32773737 63796.59298746 
0.98000000 0.00000000 314.32703073 63796.59296972 

