-1.00000000 0.00000000 -1389.05088610 58969.31334217 
-0.98000000 0.00000000 -1389.65147236 58969.10417279 
-0.96000000 0.00000000 -1390.02576420 58968.77511860 
-0.94000000 0.00000000 -1400.93502763 58981.56894092 
-0.92000000 0.00000000 -1401.05158072 58981.11693342 
-0.90000000 0.00000000 -1381.33667544 58955.23042292 
-0.88000000 0.00000000 -1381.21029478 58954.77392845 
-0.86000000 0.00000000 -1380.99837853 58954.25977349 
-0.84000000 0.00000000 -1417.70038907 58997.75107104 
-0.82000000 0.00000000 -1417.87438013 58997.68121477 
-0.80000000 0.00000000 -1389.15829401 58965.08308474 
-0.78000000 0.00000000 -1376.21526562 58946.56357986 
-0.76000000 0.00000000 -1376.03977997 58946.20258362 
-0.74000000 0.00000000 -1375.91070598 58945.91918448 
-0.72000000 0.00000000 -1375.47615347 58945.16529579 
-0.70000000 0.00000000 -1389.71173926 58965.30085118 
-0.68000000 0.00000000 -1389.64914221 58965.18864280 
-0.66000000 0.00000000 -1418.50923011 58997.16257652 
-0.64000000 0.00000000 -1418.35878701 58997.10674270 
-0.62000000 0.00000000 -1389.39075021 58965.08473078 
-0.60000000 0.00000000 -1417.93889240 58997.18097545 
-0.58000000 0.00000000 -1417.67686446 58997.31650191 
-0.56000000 0.00000000 -1388.94189014 58965.30733931 
-0.54000000 0.00000000 -1374.70236584 58945.10734977 
-0.52000000 0.00000000 -1374.93820457 58945.82902062 
-0.50000000 0.00000000 -1374.86156186 58946.05563780 
-0.48000000 0.00000000 -1374.79843739 58946.29188922 
-0.46000000 0.00000000 -1374.80789811 58946.61985148 
-0.44000000 0.00000000 -1414.57464275 58997.91901060 
-0.42000000 0.00000000 -1414.27285874 58997.99633177 
-0.40000000 0.00000000 -1374.69337955 58947.11133495 
-0.38000000 0.00000000 -1374.69424095 58947.23733010 
-0.36000000 0.00000000 -1374.69362277 58947.31523401 
-0.34000000 0.00000000 -1374.70291740 58947.37306492 
-0.32000000 0.00000000 -1374.71761847 58947.41706144 
-0.30000000 0.00000000 -1414.17979339 58998.79568405 
-0.28000000 0.00000000 -1414.21181943 58998.88067393 
-0.26000000 0.00000000 -1374.71958652 58947.53644931 
-0.24000000 0.00000000 -1374.68306627 58947.61691152 
-0.22000000 0.00000000 -1374.61774858 58947.75152610 
-0.20000000 0.00000000 -1374.47400108 58947.89641464 
-0.18000000 0.00000000 -1413.05872682 58999.57164872 
-0.16000000 0.00000000 -1412.24789481 58999.74436204 
-0.14000000 0.00000000 -1373.52711087 58948.69124909 
-0.12000000 0.00000000 -1372.85745801 58948.89572286 
-0.10000000 0.00000000 -1372.08548349 58949.24685575 
-0.08000000 0.00000000 -1371.12160341 58949.60923443 
-0.06000000 0.00000000 -1402.92928278 59000.24410013 
-0.04000000 0.00000000 -1399.87485105 59000.08785572 
-0.02000000 0.00000000 -1367.69800881 58951.86452652 
0.00000000 0.00000000 -1365.78764707 58951.77615675 
0.02000000 0.00000000 -1363.80038409 58951.70541889 
0.04000000 0.00000000 -1361.62095061 58951.31187777 
0.06000000 0.00000000 -1365.98131583 58965.05697071 
0.08000000 0.00000000 -1359.25621531 58954.97708997 
0.10000000 0.00000000 -1357.19777609 58954.68779158 
0.12000000 0.00000000 -1355.07339781 58953.92558467 
0.14000000 0.00000000 -1361.03160193 58569.79712999 
0.16000000 0.00000000 -1354.38465198 58587.11204770 
0.18000000 0.00000000 -1349.42245153 58951.17083022 
0.20000000 0.00000000 -1347.85806089 58950.43026149 
0.22000000 0.00000000 -1346.27723265 58949.36738562 
0.24000000 0.00000000 -1344.73535470 58948.19882157 
0.26000000 0.00000000 -1341.80876148 58942.20403136 
0.28000000 0.00000000 -1340.38545676 58940.89210152 
0.30000000 0.00000000 -1339.03148862 58939.57472813 
0.32000000 0.00000000 -1337.78215590 58938.28391096 
0.34000000 0.00000000 -1336.69473565 58937.09875045 
0.36000000 0.00000000 -1335.85672623 58936.20465233 
0.38000000 0.00000000 -1335.29197907 58935.55847594 
0.40000000 0.00000000 -1498.05422695 58409.97586316 
0.42000000 0.00000000 -1497.64298903 58410.11701088 
0.44000000 0.00000000 -1335.66328744 58935.91603804 
0.46000000 0.00000000 -1336.47929289 58936.80040895 
0.48000000 0.00000000 -1337.57480132 58937.94049240 
0.50000000 0.00000000 -1338.91862983 58939.35308380 
0.52000000 0.00000000 -1340.43172837 58940.89376358 
0.54000000 0.00000000 -1342.04340663 58942.45021814 
0.56000000 0.00000000 -1343.70251563 58943.95851328 
0.58000000 0.00000000 -1346.91319856 58950.14861837 
0.60000000 0.00000000 -1348.64556204 58951.48552875 
0.62000000 0.00000000 -1350.37998649 58952.70554861 
0.64000000 0.00000000 -1352.14402803 58953.84852962 
0.66000000 0.00000000 -1343.97654034 58619.67385852 
0.68000000 0.00000000 -1347.30011531 58608.84394747 
0.70000000 0.00000000 -1357.79057713 58956.79673917 
0.72000000 0.00000000 -1359.85134280 58957.67055945 
0.74000000 0.00000000 -1361.90154846 58958.26927916 
0.76000000 0.00000000 -1364.11629986 58959.03506472 
0.78000000 0.00000000 -1366.12017858 58959.22662370 
0.80000000 0.00000000 -1368.31327896 58959.76438818 
0.82000000 0.00000000 -1370.44741084 58960.19933405 
0.84000000 0.00000000 -1372.44561057 58960.46521917 
0.86000000 0.00000000 -1380.28617411 58970.68557655 
0.88000000 0.00000000 -1382.22142669 58970.78856251 
0.90000000 0.00000000 -1370.27843959 58948.26589365 
0.92000000 0.00000000 -1353.93393577 58912.03237448 
0.94000000 0.00000000 -1386.71470924 58970.49793705 
0.96000000 0.00000000 -1387.76708974 58970.24786473 
0.98000000 0.00000000 -1396.10612589 58979.80064695 

