-1.00000000 0.00000000 2395.26767094 58957.48621467 
-0.98000000 0.00000000 2395.17820908 58956.25192378 
-0.96000000 0.00000000 2394.95488645 58955.57536148 
-0.94000000 0.00000000 2407.07750984 58924.81172042 
-0.92000000 0.00000000 2406.71083803 58924.77110150 
-0.90000000 0.00000000 2382.21782533 58981.37679840 
-0.88000000 0.00000000 2381.81187662 58981.85952840 
-0.86000000 0.00000000 2381.34286571 58982.55882609 
-0.84000000 0.00000000 2422.10947199 58878.67695489 
-0.82000000 0.00000000 2422.06111592 58878.31234243 
-0.80000000 0.00000000 2391.72136801 58959.21976546 
-0.78000000 0.00000000 2374.02138726 58996.69217250 
-0.76000000 0.00000000 2373.68483637 58997.23910181 
-0.74000000 0.00000000 2373.42212468 58997.64896058 
-0.72000000 0.00000000 2372.70685054 58998.95147635 
-0.70000000 0.00000000 2391.98066463 58957.85242864 
-0.68000000 0.00000000 2391.87699117 58958.04417528 
-0.66000000 0.00000000 2421.66066986 58877.12255279 
-0.64000000 0.00000000 2421.60378758 58877.49017296 
-0.62000000 0.00000000 2391.75174969 58958.66850796 
-0.60000000 0.00000000 2421.63772320 58878.39450238 
-0.58000000 0.00000000 2421.73354722 58878.91147797 
-0.56000000 0.00000000 2391.87379044 58959.56333949 
-0.54000000 0.00000000 2372.51282810 59000.68884821 
-0.52000000 0.00000000 2373.16478348 58999.83946844 
-0.50000000 0.00000000 2373.34153323 58999.90843419 
-0.48000000 0.00000000 2373.52900422 58999.94368626 
-0.46000000 0.00000000 2373.80736669 58999.77683149 
-0.44000000 0.00000000 2422.02502044 58885.58203910 
-0.42000000 0.00000000 2422.06863323 58886.22502450 
-0.40000000 0.00000000 2374.20139145 58999.82314490 
-0.38000000 0.00000000 2374.30822406 58999.77137730 
-0.36000000 0.00000000 2374.37426993 58999.74589520 
-0.34000000 0.00000000 2374.42524317 58999.70855343 
-0.32000000 0.00000000 2374.46553801 58999.66630590 
-0.30000000 0.00000000 2422.73650086 58886.06084145 
-0.28000000 0.00000000 2422.81035522 58885.95421145 
-0.26000000 0.00000000 2374.56751640 58999.63914917 
-0.24000000 0.00000000 2374.62860441 58999.69162593 
-0.22000000 0.00000000 2374.72978492 58999.78015746 
-0.20000000 0.00000000 2374.82478810 59000.03311181 
-0.18000000 0.00000000 2423.29770902 58888.19760763 
-0.16000000 0.00000000 2423.37710260 58889.91569840 
-0.14000000 0.00000000 2375.31524786 59001.72344600 
-0.12000000 0.00000000 2375.36013962 59003.07703957 
-0.10000000 0.00000000 2375.50855474 59004.57599012 
-0.08000000 0.00000000 2375.62875700 59006.47970706 
-0.06000000 0.00000000 2422.96002290 58910.36205021 
-0.04000000 0.00000000 2422.51868846 58917.22278513 
-0.02000000 0.00000000 2376.86828764 59012.74187376 
0.00000000 0.00000000 2376.41276252 59016.89212305 
0.02000000 0.00000000 2375.95038821 59021.19443650 
0.04000000 0.00000000 2375.16647594 59026.06214128 
0.06000000 0.00000000 2387.76449668 59009.89355463 
0.08000000 0.00000000 2377.80538203 59029.35205587 
0.10000000 0.00000000 2377.12561593 59033.90902590 
0.12000000 0.00000000 2376.01887496 59038.82939672 
0.14000000 0.00000000 2054.11021637 59154.29288002 
0.16000000 0.00000000 2066.36397597 59162.75117522 
0.18000000 0.00000000 2372.41099967 59052.21043844 
0.20000000 0.00000000 2371.42297853 59055.88419459 
0.22000000 0.00000000 2370.14967764 59059.73411810 
0.24000000 0.00000000 2368.79057453 59063.53945411 
0.26000000 0.00000000 2362.92114589 59072.49387337 
0.28000000 0.00000000 2361.45228801 59076.07880623 
0.30000000 0.00000000 2359.99205465 59079.51238993 
0.32000000 0.00000000 2358.57674027 59082.70803789 
0.34000000 0.00000000 2357.28921116 59085.51218016 
0.36000000 0.00000000 2356.31261877 59087.66079513 
0.38000000 0.00000000 2355.61617599 59089.12668343 
0.40000000 0.00000000 1950.99985080 58942.52623462 
0.42000000 0.00000000 1951.07794785 58943.22277711 
0.44000000 0.00000000 2356.02002233 59088.19029464 
0.46000000 0.00000000 2356.98543247 59086.09123523 
0.48000000 0.00000000 2358.23788456 59083.29130473 
0.50000000 0.00000000 2359.78300872 59079.84445622 
0.52000000 0.00000000 2361.47509331 59075.97833896 
0.54000000 0.00000000 2363.19915231 59071.88991114 
0.56000000 0.00000000 2364.88758927 59067.71419115 
0.58000000 0.00000000 2370.97447011 59058.04180623 
0.60000000 0.00000000 2372.51355003 59053.74957177 
0.62000000 0.00000000 2373.94746404 59049.49530757 
0.64000000 0.00000000 2375.31674859 59045.20134225 
0.66000000 0.00000000 2090.18682091 59175.13389659 
0.68000000 0.00000000 2082.28132271 59171.44838293 
0.70000000 0.00000000 2379.05400235 59031.71600387 
0.72000000 0.00000000 2380.23006249 59026.86757820 
0.74000000 0.00000000 2381.16041821 59022.16657944 
0.76000000 0.00000000 2382.25817250 59017.02050258 
0.78000000 0.00000000 2382.81564815 59012.60440500 
0.80000000 0.00000000 2383.69687108 59007.60152906 
0.82000000 0.00000000 2384.47015473 59002.76890516 
0.84000000 0.00000000 2385.06615335 58998.30694639 
0.86000000 0.00000000 2395.07558046 58976.06630571 
0.88000000 0.00000000 2395.47276540 58971.78014283 
0.90000000 0.00000000 2374.32947506 59009.00510961 
0.92000000 0.00000000 2340.05159003 59060.81717392 
0.94000000 0.00000000 2395.92006546 58962.06039006 
0.96000000 0.00000000 2395.86591879 58959.86414711 
0.98000000 0.00000000 2405.02512990 58936.51047760 

