-1.00000000 0.00000000 -1574.25997910 61795.86369566 
-0.98000000 0.00000000 -1575.76563336 61794.15518618 
-0.96000000 0.00000000 -1574.78166096 61793.64419564 
-0.94000000 0.00000000 -1819.54499164 61682.71462444 
-0.92000000 0.00000000 -1814.64706033 61684.51764814 
-0.90000000 0.00000000 -1383.96101310 61857.83075977 
-0.88000000 0.00000000 -1379.87456759 61858.81018575 
-0.86000000 0.00000000 -1374.77108726 61860.14410963 
-0.84000000 0.00000000 -2259.98232350 61407.26027140 
-0.82000000 0.00000000 -2261.13284932 61406.06071017 
-0.80000000 0.00000000 -1533.82954500 61806.71936874 
-0.78000000 0.00000000 -1284.56741714 61884.12620762 
-0.76000000 0.00000000 -1281.08214582 61884.89349968 
-0.74000000 0.00000000 -1278.39612176 61885.45762974 
-0.72000000 0.00000000 -1270.25656721 61887.33957926 
-0.70000000 0.00000000 -1541.02707035 61803.36265665 
-0.68000000 0.00000000 -1539.43107005 61803.90001674 
-0.66000000 0.00000000 -2257.68134455 61406.51950952 
-0.64000000 0.00000000 -2254.88553386 61408.69315080 
-0.62000000 0.00000000 -1536.64705191 61805.16439002 
-0.60000000 0.00000000 -2252.33980467 61411.34055698 
-0.58000000 0.00000000 -2252.82150585 61411.65091901 
-0.56000000 0.00000000 -1536.36258507 61806.24534678 
-0.54000000 0.00000000 -1265.73015560 61889.57289763 
-0.52000000 0.00000000 -1272.66958287 61888.29207647 
-0.50000000 0.00000000 -1273.99121167 61888.35388539 
-0.48000000 0.00000000 -1275.43880752 61888.37120699 
-0.46000000 0.00000000 -1277.99043222 61888.09217441 
-0.44000000 0.00000000 -2237.76899609 61429.00301985 
-0.42000000 0.00000000 -2236.42736631 61430.60796963 
-0.40000000 0.00000000 -1280.57356044 61888.15977939 
-0.38000000 0.00000000 -1281.19448210 61888.11533401 
-0.36000000 0.00000000 -1281.33369646 61888.12846508 
-0.34000000 0.00000000 -1281.28079042 61888.13849498 
-0.32000000 0.00000000 -1281.06735286 61888.15168635 
-0.30000000 0.00000000 -2246.52454002 61424.23259197 
-0.28000000 0.00000000 -2246.78820050 61423.93459120 
-0.26000000 0.00000000 -1279.80198065 61888.33070082 
-0.24000000 0.00000000 -1279.52303776 61888.44119628 
-0.22000000 0.00000000 -1279.62739170 61888.55783304 
-0.20000000 0.00000000 -1279.58213087 61888.85259650 
-0.18000000 0.00000000 -2242.61219503 61428.91776301 
-0.16000000 0.00000000 -2238.55775989 61433.31955091 
-0.14000000 0.00000000 -1281.81036702 61890.46540884 
-0.12000000 0.00000000 -1281.32307460 61891.89048909 
-0.10000000 0.00000000 -1282.33906227 61893.32829798 
-0.08000000 0.00000000 -1283.40464683 61895.16196708 
-0.06000000 0.00000000 -2188.94156566 61485.75223379 
-0.04000000 0.00000000 -2171.84926319 61503.23245215 
-0.02000000 0.00000000 -1300.98385133 61899.87144280 
0.00000000 0.00000000 -1297.95505534 61904.36897587 
0.02000000 0.00000000 -1295.80896706 61908.95793709 
0.04000000 0.00000000 -1290.71208940 61914.42251630 
0.06000000 0.00000000 -1465.83663451 61872.93875318 
0.08000000 0.00000000 -1335.28703489 61913.27401639 
0.10000000 0.00000000 -1333.70855576 61918.23126142 
0.12000000 0.00000000 -1327.11079680 61924.16565376 
0.14000000 0.00000000 -63.64658844 61495.07439512 
0.16000000 0.00000000 -79.80826709 61524.66150058 
0.18000000 0.00000000 -1305.55464392 61940.69332189 
0.20000000 0.00000000 -1301.81071931 61945.01462234 
0.22000000 0.00000000 -1295.02460814 61949.80783040 
0.24000000 0.00000000 -1287.83847437 61954.57398968 
0.26000000 0.00000000 -1227.38020465 61968.45430809 
0.28000000 0.00000000 -1220.46509221 61972.73604220 
0.30000000 0.00000000 -1213.86045809 61976.82671442 
0.32000000 0.00000000 -1207.50056891 61980.63510694 
0.34000000 0.00000000 -1201.70812117 61983.97848568 
0.36000000 0.00000000 -1197.85766190 61986.51946659 
0.38000000 0.00000000 -1194.94965841 61988.26269637 
0.40000000 0.00000000 92.17715726 61050.45688196 
0.42000000 0.00000000 91.89643032 61051.72227713 
0.44000000 0.00000000 -1197.07861144 61987.16402935 
0.46000000 0.00000000 -1201.43837942 61984.67556872 
0.48000000 0.00000000 -1206.87255159 61981.36321448 
0.50000000 0.00000000 -1214.13168855 61977.25657748 
0.52000000 0.00000000 -1222.29559716 61972.63569630 
0.54000000 0.00000000 -1230.71118565 61967.74342125 
0.56000000 0.00000000 -1239.12115680 61962.74033662 
0.58000000 0.00000000 -1302.06655740 61947.49640803 
0.60000000 0.00000000 -1310.94964202 61942.03971676 
0.62000000 0.00000000 -1319.54384170 61936.62970980 
0.64000000 0.00000000 -1328.28351248 61931.13811860 
0.66000000 0.00000000 -116.00662480 61581.65726850 
0.68000000 0.00000000 -104.96104531 61564.02556048 
0.70000000 0.00000000 -1354.26796962 61913.91043272 
0.72000000 0.00000000 -1363.27283238 61907.71077136 
0.74000000 0.00000000 -1369.62735622 61902.00588899 
0.76000000 0.00000000 -1378.97421617 61895.42058579 
0.78000000 0.00000000 -1381.83629981 61890.50696065 
0.80000000 0.00000000 -1390.05663286 61884.21581664 
0.82000000 0.00000000 -1397.84440416 61878.14145524 
0.84000000 0.00000000 -1404.23804574 61872.63860404 
0.86000000 0.00000000 -1556.12834205 61819.37159226 
0.88000000 0.00000000 -1563.05442180 61813.33492069 
0.90000000 0.00000000 -1265.88820165 61899.60170551 
0.92000000 0.00000000 -946.27729415 61941.45608682 
0.94000000 0.00000000 -1576.41083775 61800.09138091 
0.96000000 0.00000000 -1578.39360768 61797.32021328 
0.98000000 0.00000000 -1757.60854957 61718.20418131 

