-1.00000000 0.00000000 -1397.76717000 58613.81576475 
-0.98000000 0.00000000 -1397.70657755 58614.54277143 
-0.96000000 0.00000000 -1397.78346932 58614.99940477 
-0.94000000 0.00000000 -1387.33796710 58627.75938693 
-0.92000000 0.00000000 -1387.55913994 58627.90631630 
-0.90000000 0.00000000 -1408.00631170 58605.01720077 
-0.88000000 0.00000000 -1408.31077020 58604.87575716 
-0.86000000 0.00000000 -1408.67249137 58604.63435100 
-0.84000000 0.00000000 -1373.23761198 58647.57656285 
-0.82000000 0.00000000 -1373.22485682 58647.78380004 
-0.80000000 0.00000000 -1400.17497614 58614.02789189 
-0.78000000 0.00000000 -1414.44804633 58599.19352040 
-0.76000000 0.00000000 -1414.70828972 58598.99500557 
-0.74000000 0.00000000 -1414.91013137 58598.84955366 
-0.72000000 0.00000000 -1415.46578327 58598.35967447 
-0.70000000 0.00000000 -1399.90116580 58614.67296766 
-0.68000000 0.00000000 -1399.98372743 58614.60059331 
-0.66000000 0.00000000 -1373.31366919 58648.54908774 
-0.64000000 0.00000000 -1373.39165382 58648.36865187 
-0.62000000 0.00000000 -1400.11932143 58614.29333261 
-0.60000000 0.00000000 -1373.48554232 58647.85986527 
-0.58000000 0.00000000 -1373.49621601 58647.54025591 
-0.56000000 0.00000000 -1400.12660332 58613.74857765 
-0.54000000 0.00000000 -1415.71496368 58597.43983257 
-0.52000000 0.00000000 -1415.23501311 58597.69294526 
-0.50000000 0.00000000 -1415.12516860 58597.59396828 
-0.48000000 0.00000000 -1415.00566990 58597.51103016 
-0.46000000 0.00000000 -1414.81313454 58597.51124015 
-0.44000000 0.00000000 -1374.15973892 58643.78107288 
-0.42000000 0.00000000 -1374.21188579 58643.41657654 
-0.40000000 0.00000000 -1414.55313294 58597.36402533 
-0.38000000 0.00000000 -1414.47569003 58597.36405379 
-0.36000000 0.00000000 -1414.42529182 58597.36481312 
-0.34000000 0.00000000 -1414.38276538 58597.37875162 
-0.32000000 0.00000000 -1414.34586840 58597.40019870 
-0.30000000 0.00000000 -1373.77678017 58643.31186899 
-0.28000000 0.00000000 -1373.71208333 58643.35499733 
-0.26000000 0.00000000 -1414.25163832 58597.41637618 
-0.24000000 0.00000000 -1414.20795008 58597.37535438 
-0.22000000 0.00000000 -1414.14281866 58597.29679187 
-0.20000000 0.00000000 -1414.09625857 58597.12247385 
-0.18000000 0.00000000 -1373.66915251 58641.96924576 
-0.16000000 0.00000000 -1373.83266486 58640.98391123 
-0.14000000 0.00000000 -1413.92235869 58595.95060888 
-0.12000000 0.00000000 -1414.01113500 58595.13035107 
-0.10000000 0.00000000 -1414.05390088 58594.17552296 
-0.08000000 0.00000000 -1414.15354430 58592.98397583 
-0.06000000 0.00000000 -1376.59144955 58629.61824859 
-0.04000000 0.00000000 -1377.67486110 58625.88850434 
-0.02000000 0.00000000 -1414.00112329 58588.67889695 
0.00000000 0.00000000 -1414.65683339 58586.34633050 
0.02000000 0.00000000 -1415.32907276 58583.91612498 
0.04000000 0.00000000 -1416.23874653 58581.26728963 
0.06000000 0.00000000 -1407.42068199 58585.84085249 
0.08000000 0.00000000 -1415.01810389 58578.14473617 
0.10000000 0.00000000 -1415.83756420 58575.63074847 
0.12000000 0.00000000 -1416.93470296 58573.06210768 
0.14000000 0.00000000 -1606.76135018 58646.43568050 
0.16000000 0.00000000 -1601.60159431 58633.77720408 
0.18000000 0.00000000 -1420.26494714 58566.25991022 
0.20000000 0.00000000 -1421.18734843 58564.36791599 
0.22000000 0.00000000 -1422.29537415 58562.47236551 
0.24000000 0.00000000 -1423.45506150 58560.62789416 
0.26000000 0.00000000 -1427.66183846 58557.40190521 
0.28000000 0.00000000 -1428.87287730 58555.71175495 
0.30000000 0.00000000 -1430.06772682 58554.10673909 
0.32000000 0.00000000 -1431.21456936 58552.63001114 
0.34000000 0.00000000 -1432.24863531 58551.34856323 
0.36000000 0.00000000 -1433.03810444 58550.35865177 
0.38000000 0.00000000 -1433.59487413 58549.69442238 
0.40000000 0.00000000 -1609.25233746 58852.22537598 
0.42000000 0.00000000 -1609.40646628 58851.72514654 
0.44000000 0.00000000 -1433.27555428 58550.13073485 
0.46000000 0.00000000 -1432.50451230 58551.09090549 
0.48000000 0.00000000 -1431.49418788 58552.38448031 
0.50000000 0.00000000 -1430.24913047 58553.97036538 
0.52000000 0.00000000 -1428.87641950 58555.75973138 
0.54000000 0.00000000 -1427.46310336 58557.67131872 
0.56000000 0.00000000 -1426.06343763 58559.64445009 
0.58000000 0.00000000 -1421.65300146 58563.21928189 
0.60000000 0.00000000 -1420.33482260 58565.29333243 
0.62000000 0.00000000 -1419.08682267 58567.37337081 
0.64000000 0.00000000 -1417.87862885 58569.49050897 
0.66000000 0.00000000 -1590.77207546 58612.81214161 
0.68000000 0.00000000 -1594.54990012 58619.58582078 
0.70000000 0.00000000 -1414.43725006 58576.28508493 
0.72000000 0.00000000 -1413.30028491 58578.77013423 
0.74000000 0.00000000 -1412.31765856 58581.25571251 
0.76000000 0.00000000 -1411.19426401 58583.93155839 
0.78000000 0.00000000 -1410.45015165 58586.37845861 
0.80000000 0.00000000 -1409.46030535 58589.03563937 
0.82000000 0.00000000 -1408.54668468 58591.62354483 
0.84000000 0.00000000 -1407.77007253 58594.05118874 
0.86000000 0.00000000 -1399.73496243 58603.12926466 
0.88000000 0.00000000 -1399.06637899 58605.48412397 
0.90000000 0.00000000 -1415.12680795 58592.05258356 
0.92000000 0.00000000 -1440.07915849 58574.58548180 
0.94000000 0.00000000 -1397.82054768 58610.95477081 
0.96000000 0.00000000 -1397.63517200 58612.23696490 
0.98000000 0.00000000 -1389.79112251 58621.99509829 

