-1.00000000 0.00000000 1795.69649727 58445.15799697 
-0.98000000 0.00000000 1795.56544804 58447.60152691 
-0.96000000 0.00000000 1795.78231781 58448.94826764 
-0.94000000 0.00000000 1767.20181933 58512.39766550 
-0.92000000 0.00000000 1767.81466642 58512.46172688 
-0.90000000 0.00000000 1824.22987310 58395.57089502 
-0.88000000 0.00000000 1825.00576491 58394.65406410 
-0.86000000 0.00000000 1825.94762838 58393.28983256 
-0.84000000 0.00000000 1729.45164875 58607.30906036 
-0.82000000 0.00000000 1729.43486335 58608.06955988 
-0.80000000 0.00000000 1802.01443852 58441.83138980 
-0.78000000 0.00000000 1842.14741360 58364.18517397 
-0.76000000 0.00000000 1842.84900090 58363.09922121 
-0.74000000 0.00000000 1843.39280145 58362.28800574 
-0.72000000 0.00000000 1844.96342968 58359.60463984 
-0.70000000 0.00000000 1801.17416439 58444.80576175 
-0.68000000 0.00000000 1801.40010951 58444.42035829 
-0.66000000 0.00000000 1729.88912311 58610.45797380 
-0.64000000 0.00000000 1730.07998383 58609.72502858 
-0.62000000 0.00000000 1801.76748671 58443.15762076 
-0.60000000 0.00000000 1730.21572089 58607.98251398 
-0.58000000 0.00000000 1730.14548992 58607.01506648 
-0.56000000 0.00000000 1801.75456918 58441.35784618 
-0.54000000 0.00000000 1845.76149837 58355.98044564 
-0.52000000 0.00000000 1844.40889751 58357.73713146 
-0.50000000 0.00000000 1844.12658979 58357.57200092 
-0.48000000 0.00000000 1843.81870536 58357.47310743 
-0.46000000 0.00000000 1843.30145258 58357.79272012 
-0.44000000 0.00000000 1730.97354616 58594.16094615 
-0.42000000 0.00000000 1731.03224137 58592.90354542 
-0.40000000 0.00000000 1842.68699243 58357.56743631 
-0.38000000 0.00000000 1842.51783042 58357.61684581 
-0.36000000 0.00000000 1842.43283096 58357.60258514 
-0.34000000 0.00000000 1842.37715304 58357.60496101 
-0.32000000 0.00000000 1842.34468391 58357.61057968 
-0.30000000 0.00000000 1729.94079018 58593.08573465 
-0.28000000 0.00000000 1729.84030869 58593.22835421 
-0.26000000 0.00000000 1842.33081118 58357.40552397 
-0.24000000 0.00000000 1842.29564704 58357.22155229 
-0.22000000 0.00000000 1842.19386182 58356.98273409 
-0.20000000 0.00000000 1842.13357114 58356.43350488 
-0.18000000 0.00000000 1729.68858516 58588.82681224 
-0.16000000 0.00000000 1729.91868207 58585.60947328 
-0.14000000 0.00000000 1841.68769619 58353.18689983 
-0.12000000 0.00000000 1841.87278277 58350.62130810 
-0.10000000 0.00000000 1841.85520922 58347.86824920 
-0.08000000 0.00000000 1841.92388219 58344.39479420 
-0.06000000 0.00000000 1734.20190170 58547.88647241 
-0.04000000 0.00000000 1735.99520827 58535.27896096 
-0.02000000 0.00000000 1840.20477408 58333.71781021 
0.00000000 0.00000000 1841.53819077 58326.03390417 
0.02000000 0.00000000 1842.84704333 58318.11676672 
0.04000000 0.00000000 1844.82223452 58309.03148597 
0.06000000 0.00000000 1816.94423994 58346.12444471 
0.08000000 0.00000000 1839.23297929 58305.13448476 
0.10000000 0.00000000 1840.79736077 58296.78267918 
0.12000000 0.00000000 1843.25766020 58287.53023739 
0.14000000 0.00000000 2678.70915949 58164.02126284 
0.16000000 0.00000000 2645.82984917 58124.31903711 
0.18000000 0.00000000 1850.98017869 58262.21031385 
0.20000000 0.00000000 1852.96840026 58255.39760474 
0.22000000 0.00000000 1855.53860733 58248.13555714 
0.24000000 0.00000000 1858.24147793 58240.95270363 
0.26000000 0.00000000 1871.07135442 58221.63187822 
0.28000000 0.00000000 1873.93150164 58214.85185152 
0.30000000 0.00000000 1876.74494171 58208.36059428 
0.32000000 0.00000000 1879.45868138 58202.30363073 
0.34000000 0.00000000 1881.92115009 58196.97164172 
0.36000000 0.00000000 1883.75537937 58192.91780371 
0.38000000 0.00000000 1885.06811918 58190.13493670 
0.40000000 0.00000000 2841.14949312 59012.28724808 
0.42000000 0.00000000 2841.54938116 59009.90605030 
0.44000000 0.00000000 1884.25018579 58191.95026551 
0.46000000 0.00000000 1882.39284502 58195.95588228 
0.48000000 0.00000000 1879.99794274 58201.26534654 
0.50000000 0.00000000 1877.01536308 58207.82092834 
0.52000000 0.00000000 1873.73569499 58215.15984502 
0.54000000 0.00000000 1870.38170216 58222.89456687 
0.56000000 0.00000000 1867.07517324 58230.77518976 
0.58000000 0.00000000 1853.81585544 58251.42077807 
0.60000000 0.00000000 1850.73631792 58259.50528267 
0.62000000 0.00000000 1847.82077284 58267.52085285 
0.64000000 0.00000000 1844.97931642 58275.63379906 
0.66000000 0.00000000 2578.01042124 58061.15235470 
0.68000000 0.00000000 2599.56716754 58079.42747651 
0.70000000 0.00000000 1836.90362976 58301.15542978 
0.72000000 0.00000000 1834.25161003 58310.33813173 
0.74000000 0.00000000 1832.09096690 58319.13585626 
0.76000000 0.00000000 1829.49858316 58328.87410520 
0.78000000 0.00000000 1828.05305473 58337.00387911 
0.80000000 0.00000000 1825.82791820 58346.43458946 
0.82000000 0.00000000 1823.79059514 58355.54199180 
0.84000000 0.00000000 1822.10351516 58363.92805557 
0.86000000 0.00000000 1799.20024700 58410.16026748 
0.88000000 0.00000000 1797.84533241 58418.20192601 
0.90000000 0.00000000 1844.97450601 58338.75042926 
0.92000000 0.00000000 1921.41331763 58227.60782196 
0.94000000 0.00000000 1795.42554323 58436.52300371 
0.96000000 0.00000000 1795.10959598 58440.69711667 
0.98000000 0.00000000 1773.50532394 58488.87346691 

