-1.00000000 0.00000000 316.20720073 63610.82039994 
-0.98000000 0.00000000 316.20720073 63610.82039994 
-0.96000000 0.00000000 316.20720073 63610.82039994 
-0.94000000 0.00000000 316.20720074 63610.82039994 
-0.92000000 0.00000000 316.20720074 63610.82039994 
-0.90000000 0.00000000 316.20720072 63610.82039994 
-0.88000000 0.00000000 316.20720072 63610.82039994 
-0.86000000 0.00000000 316.20720072 63610.82039994 
-0.84000000 0.00000000 316.20720077 63610.82039994 
-0.82000000 0.00000000 316.20720077 63610.82039994 
-0.80000000 0.00000000 316.20720072 63610.82039994 
-0.78000000 0.00000000 316.20720071 63610.82039994 
-0.76000000 0.00000000 316.20720071 63610.82039994 
-0.74000000 0.00000000 316.20720071 63610.82039994 
-0.72000000 0.00000000 316.20720071 63610.82039994 
-0.70000000 0.00000000 316.20720073 63610.82039994 
-0.68000000 0.00000000 316.20720073 63610.82039994 
-0.66000000 0.00000000 316.20720077 63610.82039994 
-0.64000000 0.00000000 316.20720077 63610.82039994 
-0.62000000 0.00000000 316.20720073 63610.82039994 
-0.60000000 0.00000000 316.20720077 63610.82039994 
-0.58000000 0.00000000 316.20720077 63610.82039994 
-0.56000000 0.00000000 316.20720073 63610.82039994 
-0.54000000 0.00000000 316.20720071 63610.82039994 
-0.52000000 0.00000000 316.20720071 63610.82039994 
-0.50000000 0.00000000 316.20720071 63610.82039994 
-0.48000000 0.00000000 316.20720071 63610.82039994 
-0.46000000 0.00000000 316.20720071 63610.82039994 
-0.44000000 0.00000000 316.20720077 63610.82039994 
-0.42000000 0.00000000 316.20720077 63610.82039994 
-0.40000000 0.00000000 316.20720071 63610.82039994 
-0.38000000 0.00000000 316.20720071 63610.82039994 
-0.36000000 0.00000000 316.20720071 63610.82039994 
-0.34000000 0.00000000 316.20720071 63610.82039994 
-0.32000000 0.00000000 316.20720071 63610.82039994 
-0.30000000 0.00000000 316.20720077 63610.82039994 
-0.28000000 0.00000000 316.20720077 63610.82039994 
-0.26000000 0.00000000 316.20720071 63610.82039994 
-0.24000000 0.00000000 316.20720071 63610.82039994 
-0.22000000 0.00000000 316.20720071 63610.82039994 
-0.20000000 0.00000000 316.20720071 63610.82039994 
-0.18000000 0.00000000 316.20720078 63610.82039994 
-0.16000000 0.00000000 316.20720078 63610.82039994 
-0.14000000 0.00000000 316.20720071 63610.82039994 
-0.12000000 0.00000000 316.20720071 63610.82039994 
-0.10000000 0.00000000 316.20720071 63610.82039994 
-0.08000000 0.00000000 316.20720071 63610.82039994 
-0.06000000 0.00000000 316.20720078 63610.82039994 
-0.04000000 0.00000000 316.20720078 63610.82039994 
-0.02000000 0.00000000 316.20720072 63610.82039994 
0.00000000 0.00000000 316.20720072 63610.82039994 
0.02000000 0.00000000 316.20720072 63610.82039994 
0.04000000 0.00000000 316.20720072 63610.82039994 
0.06000000 0.00000000 316.20720073 63610.82039994 
0.08000000 0.00000000 316.20720072 63610.82039994 
0.10000000 0.00000000 316.20720072 63610.82039994 
0.12000000 0.00000000 316.20720072 63610.82039994 
0.14000000 0.00000000 316.20720068 63610.82039994 
0.16000000 0.00000000 316.20720068 63610.82039994 
0.18000000 0.00000000 316.20720072 63610.82039994 
0.20000000 0.00000000 316.20720072 63610.82039994 
0.22000000 0.00000000 316.20720072 63610.82039994 
0.24000000 0.00000000 316.20720072 63610.82039994 
0.26000000 0.00000000 316.20720072 63610.82039994 
0.28000000 0.00000000 316.20720072 63610.82039994 
0.30000000 0.00000000 316.20720072 63610.82039994 
0.32000000 0.00000000 316.20720072 63610.82039994 
0.34000000 0.00000000 316.20720072 63610.82039994 
0.36000000 0.00000000 316.20720072 63610.82039994 
0.38000000 0.00000000 316.20720072 63610.82039994 
0.40000000 0.00000000 316.20720067 63610.82039994 
0.42000000 0.00000000 316.20720067 63610.82039994 
0.44000000 0.00000000 316.20720072 63610.82039994 
0.46000000 0.00000000 316.20720072 63610.82039994 
0.48000000 0.00000000 316.20720072 63610.82039994 
0.50000000 0.00000000 316.20720072 63610.82039994 
0.52000000 0.00000000 316.20720072 63610.82039994 
0.54000000 0.00000000 316.20720072 63610.82039994 
0.56000000 0.00000000 316.20720072 63610.82039994 
0.58000000 0.00000000 316.20720072 63610.82039994 
0.60000000 0.00000000 316.20720072 63610.82039994 
0.62000000 0.00000000 316.20720072 63610.82039994 
0.64000000 0.00000000 316.20720072 63610.82039994 
0.66000000 0.00000000 316.20720068 63610.82039994 
0.68000000 0.00000000 316.20720068 63610.82039994 
0.70000000 0.00000000 316.20720072 63610.82039994 
0.72000000 0.00000000 316.20720072 63610.82039994 
0.74000000 0.00000000 316.20720072 63610.82039994 
0.76000000 0.00000000 316.20720072 63610.82039994 
0.78000000 0.00000000 316.20720072 63610.82039994 
0.80000000 0.00000000 316.20720072 63610.82039994 
0.82000000 0.00000000 316.20720072 63610.82039994 
0.84000000 0.00000000 316.20720072 63610.82039994 
0.86000000 0.00000000 316.20720073 63610.82039994 
0.88000000 0.00000000 316.20720073 63610.82039994 
0.90000000 0.00000000 316.20720071 63610.82039995 
0.92000000 0.00000000 316.20720070 63610.82039995 
0.94000000 0.00000000 316.20720073 63610.82039994 
0.96000000 0.00000000 316.20720073 63610.82039994 
0.98000000 0.00000000 316.20720074 63610.82039994 

