-1.00000000 0.00000000 -1563.18540504 58797.15354648 
-0.98000000 0.00000000 -1563.10135279 58796.56460214 
-0.96000000 0.00000000 -1562.94721548 58796.24467472 
-0.94000000 0.00000000 -1569.67865733 58781.91948124 
-0.92000000 0.00000000 -1569.45615485 58781.90165310 
-0.90000000 0.00000000 -1555.90175351 58808.27140796 
-0.88000000 0.00000000 -1555.66050438 58808.51263744 
-0.86000000 0.00000000 -1555.38838848 58808.85482329 
-0.84000000 0.00000000 -1578.26647084 58760.44755819 
-0.82000000 0.00000000 -1578.23776282 58760.28236815 
-0.80000000 0.00000000 -1561.02625514 58798.03323666 
-0.78000000 0.00000000 -1551.38166641 58815.47859682 
-0.76000000 0.00000000 -1551.19156576 58815.74239985 
-0.74000000 0.00000000 -1551.04250524 58815.94045007 
-0.72000000 0.00000000 -1550.65140113 58816.55087440 
-0.70000000 0.00000000 -1561.14092301 58797.42591054 
-0.68000000 0.00000000 -1561.08232342 58797.51718235 
-0.66000000 0.00000000 -1578.01637006 58759.72835820 
-0.64000000 0.00000000 -1577.98254464 58759.90329815 
-0.62000000 0.00000000 -1561.02188560 58797.81237345 
-0.60000000 0.00000000 -1577.99647341 58760.34292653 
-0.58000000 0.00000000 -1578.04707208 58760.59861343 
-0.56000000 0.00000000 -1561.11833790 58798.23666114 
-0.54000000 0.00000000 -1550.61098044 58817.36040664 
-0.52000000 0.00000000 -1550.98098546 58816.96414466 
-0.50000000 0.00000000 -1551.09611699 58816.99312285 
-0.48000000 0.00000000 -1551.21666525 58817.00557164 
-0.46000000 0.00000000 -1551.38498537 58816.92340969 
-0.44000000 0.00000000 -1578.17022921 58763.83254895 
-0.42000000 0.00000000 -1578.19292339 58764.13982819 
-0.40000000 0.00000000 -1551.64258501 58816.92177466 
-0.38000000 0.00000000 -1551.71144501 58816.88670104 
-0.36000000 0.00000000 -1551.75686741 58816.86200860 
-0.34000000 0.00000000 -1551.79317537 58816.83011524 
-0.32000000 0.00000000 -1551.82339996 58816.79446602 
-0.30000000 0.00000000 -1578.59861351 58764.02099513 
-0.28000000 0.00000000 -1578.64934671 58763.95564249 
-0.26000000 0.00000000 -1551.91000468 58816.73021591 
-0.24000000 0.00000000 -1551.95842451 58816.73949918 
-0.22000000 0.00000000 -1552.03236128 58816.76921894 
-0.20000000 0.00000000 -1552.10776865 58816.88130624 
-0.18000000 0.00000000 -1578.95767727 58765.01421219 
-0.16000000 0.00000000 -1578.99982874 58765.86025371 
-0.14000000 0.00000000 -1552.47980262 58817.71333060 
-0.12000000 0.00000000 -1552.55382460 58818.38795800 
-0.10000000 0.00000000 -1552.69037144 58819.15081084 
-0.08000000 0.00000000 -1552.81884222 58820.12378592 
-0.06000000 0.00000000 -1578.67277677 58776.02732756 
-0.04000000 0.00000000 -1578.39744783 58779.44203689 
-0.02000000 0.00000000 -1553.70723991 58823.44781567 
0.00000000 0.00000000 -1553.55100843 58825.54697261 
0.02000000 0.00000000 -1553.39472547 58827.73063215 
0.04000000 0.00000000 -1553.07101975 58830.18095266 
0.06000000 0.00000000 -1559.79216693 58823.10800443 
0.08000000 0.00000000 -1554.62665247 58832.17541798 
0.10000000 0.00000000 -1554.34703899 58834.48692284 
0.12000000 0.00000000 -1553.83920561 58836.94956713 
0.14000000 0.00000000 -1390.62622340 58871.17824428 
0.16000000 0.00000000 -1396.80443758 58876.87889285 
0.18000000 0.00000000 -1552.12136839 58843.63674985 
0.20000000 0.00000000 -1551.64027926 58845.49733328 
0.22000000 0.00000000 -1551.00073876 58847.43333733 
0.24000000 0.00000000 -1550.30652085 58849.34983933 
0.26000000 0.00000000 -1547.28170274 58853.52935934 
0.28000000 0.00000000 -1546.51664981 58855.34334062 
0.30000000 0.00000000 -1545.75039669 58857.08368006 
0.32000000 0.00000000 -1545.00415948 58858.70330352 
0.34000000 0.00000000 -1544.32309590 58860.12366504 
0.36000000 0.00000000 -1543.80355451 58861.21754752 
0.38000000 0.00000000 -1543.43187387 58861.96195553 
0.40000000 0.00000000 -1346.21539622 58744.67102458 
0.42000000 0.00000000 -1346.21630648 58745.05989473 
0.44000000 0.00000000 -1543.63247793 58861.49279098 
0.46000000 0.00000000 -1544.13840305 58860.43077088 
0.48000000 0.00000000 -1544.79662165 58859.01024897 
0.50000000 0.00000000 -1545.60823845 58857.26589116 
0.52000000 0.00000000 -1546.49628723 58855.30954409 
0.54000000 0.00000000 -1547.39921369 58853.23960297 
0.56000000 0.00000000 -1548.27972371 58851.12571034 
0.58000000 0.00000000 -1551.42469335 58846.58586542 
0.60000000 0.00000000 -1552.21725648 58844.42258601 
0.62000000 0.00000000 -1552.94635832 58842.28267605 
0.64000000 0.00000000 -1553.63242526 58840.12991313 
0.66000000 0.00000000 -1408.58285184 58885.43587794 
0.68000000 0.00000000 -1404.51971271 58882.75190734 
0.70000000 0.00000000 -1555.44522439 58833.39678509 
0.72000000 0.00000000 -1555.99939860 58830.98279824 
0.74000000 0.00000000 -1556.42034121 58828.62873498 
0.76000000 0.00000000 -1556.92640115 58826.06911337 
0.78000000 0.00000000 -1557.14616703 58823.83974053 
0.80000000 0.00000000 -1557.53662496 58821.34800618 
0.82000000 0.00000000 -1557.87128740 58818.94171692 
0.84000000 0.00000000 -1558.11386364 58816.71726194 
0.86000000 0.00000000 -1563.41793081 58806.34383440 
0.88000000 0.00000000 -1563.57704441 58804.21620945 
0.90000000 0.00000000 -1552.15721607 58821.23686478 
0.92000000 0.00000000 -1534.01443098 58844.90242052 
0.94000000 0.00000000 -1563.66842694 58799.40810809 
0.96000000 0.00000000 -1563.59396815 58798.32856135 
0.98000000 0.00000000 -1568.61649973 58787.44513879 

