-1.00000000 0.00000000 314.26799386 63801.57043805 
-0.98000000 0.00000000 314.26800447 63801.57043831 
-0.96000000 0.00000000 314.26803692 63801.57043912 
-0.94000000 0.00000000 314.26473371 63801.57035623 
-0.92000000 0.00000000 314.26482659 63801.57035856 
-0.90000000 0.00000000 314.27023758 63801.57049434 
-0.88000000 0.00000000 314.27027443 63801.57049526 
-0.86000000 0.00000000 314.27032035 63801.57049641 
-0.84000000 0.00000000 314.25697496 63801.57016150 
-0.82000000 0.00000000 314.25696449 63801.57016124 
-0.80000000 0.00000000 314.26852315 63801.57045130 
-0.78000000 0.00000000 314.27120216 63801.57051853 
-0.76000000 0.00000000 314.27122761 63801.57051916 
-0.74000000 0.00000000 314.27124576 63801.57051962 
-0.72000000 0.00000000 314.27131764 63801.57052142 
-0.70000000 0.00000000 314.26841202 63801.57044850 
-0.68000000 0.00000000 314.26842620 63801.57044886 
-0.66000000 0.00000000 314.25711809 63801.57016508 
-0.64000000 0.00000000 314.25716496 63801.57016625 
-0.62000000 0.00000000 314.26844086 63801.57044923 
-0.60000000 0.00000000 314.25716184 63801.57016618 
-0.58000000 0.00000000 314.25710673 63801.57016479 
-0.56000000 0.00000000 314.26841603 63801.57044860 
-0.54000000 0.00000000 314.27132141 63801.57052151 
-0.52000000 0.00000000 314.27125089 63801.57051975 
-0.50000000 0.00000000 314.27123547 63801.57051936 
-0.48000000 0.00000000 314.27121890 63801.57051895 
-0.46000000 0.00000000 314.27119139 63801.57051826 
-0.44000000 0.00000000 314.25699852 63801.57016209 
-0.42000000 0.00000000 314.25698454 63801.57016174 
-0.40000000 0.00000000 314.27116046 63801.57051749 
-0.38000000 0.00000000 314.27115311 63801.57051730 
-0.36000000 0.00000000 314.27115090 63801.57051725 
-0.34000000 0.00000000 314.27115089 63801.57051725 
-0.32000000 0.00000000 314.27115266 63801.57051729 
-0.30000000 0.00000000 314.25670778 63801.57015479 
-0.28000000 0.00000000 314.25671011 63801.57015485 
-0.26000000 0.00000000 314.27116323 63801.57051755 
-0.24000000 0.00000000 314.27116380 63801.57051757 
-0.22000000 0.00000000 314.27115885 63801.57051744 
-0.20000000 0.00000000 314.27115284 63801.57051729 
-0.18000000 0.00000000 314.25667047 63801.57015386 
-0.16000000 0.00000000 314.25665623 63801.57015350 
-0.14000000 0.00000000 314.27108521 63801.57051560 
-0.12000000 0.00000000 314.27106232 63801.57051503 
-0.10000000 0.00000000 314.27101507 63801.57051385 
-0.08000000 0.00000000 314.27095681 63801.57051239 
-0.06000000 0.00000000 314.25648482 63801.57014922 
-0.04000000 0.00000000 314.25643283 63801.57014792 
-0.02000000 0.00000000 314.27054559 63801.57050209 
0.00000000 0.00000000 314.27047914 63801.57050043 
0.02000000 0.00000000 314.27039146 63801.57049823 
0.04000000 0.00000000 314.27033011 63801.57049670 
0.06000000 0.00000000 314.26784219 63801.57043427 
0.08000000 0.00000000 314.26948243 63801.57047544 
0.10000000 0.00000000 314.26934960 63801.57047211 
0.12000000 0.00000000 314.26928869 63801.57047059 
0.14000000 0.00000000 314.27956210 63801.57072839 
0.16000000 0.00000000 314.27952364 63801.57072743 
0.18000000 0.00000000 314.26917491 63801.57046775 
0.20000000 0.00000000 314.26909875 63801.57046584 
0.22000000 0.00000000 314.26907069 63801.57046514 
0.24000000 0.00000000 314.26905018 63801.57046462 
0.26000000 0.00000000 314.26982906 63801.57048417 
0.28000000 0.00000000 314.26981380 63801.57048379 
0.30000000 0.00000000 314.26979748 63801.57048338 
0.32000000 0.00000000 314.26978523 63801.57048307 
0.34000000 0.00000000 314.26977775 63801.57048289 
0.36000000 0.00000000 314.26976026 63801.57048245 
0.38000000 0.00000000 314.26975346 63801.57048228 
0.40000000 0.00000000 314.28017230 63801.57074373 
0.42000000 0.00000000 314.28017146 63801.57074370 
0.44000000 0.00000000 314.26975268 63801.57048226 
0.46000000 0.00000000 314.26975874 63801.57048241 
0.48000000 0.00000000 314.26977376 63801.57048279 
0.50000000 0.00000000 314.26978081 63801.57048296 
0.52000000 0.00000000 314.26978765 63801.57048313 
0.54000000 0.00000000 314.26979819 63801.57048340 
0.56000000 0.00000000 314.26981152 63801.57048373 
0.58000000 0.00000000 314.26902174 63801.57046391 
0.60000000 0.00000000 314.26903389 63801.57046422 
0.62000000 0.00000000 314.26904900 63801.57046459 
0.64000000 0.00000000 314.26906206 63801.57046492 
0.66000000 0.00000000 314.27942671 63801.57072501 
0.68000000 0.00000000 314.27946163 63801.57072588 
0.70000000 0.00000000 314.26912460 63801.57046648 
0.72000000 0.00000000 314.26915102 63801.57046714 
0.74000000 0.00000000 314.26921820 63801.57046883 
0.76000000 0.00000000 314.26924670 63801.57046954 
0.78000000 0.00000000 314.26936030 63801.57047239 
0.80000000 0.00000000 314.26939882 63801.57047335 
0.82000000 0.00000000 314.26943654 63801.57047429 
0.84000000 0.00000000 314.26948265 63801.57047545 
0.86000000 0.00000000 314.26763276 63801.57042902 
0.88000000 0.00000000 314.26767662 63801.57043012 
0.90000000 0.00000000 314.27131020 63801.57052130 
0.92000000 0.00000000 314.27429592 63801.57059622 
0.94000000 0.00000000 314.26780514 63801.57043333 
0.96000000 0.00000000 314.26784768 63801.57043439 
0.98000000 0.00000000 314.26545834 63801.57037443 

