-1.00000000 0.00000000 294.45580752 63815.21999215 
-0.98000000 0.00000000 294.49199677 63815.22102947 
-0.96000000 0.00000000 294.56051155 63815.22300727 
-0.94000000 0.00000000 289.53760017 63815.07437180 
-0.92000000 0.00000000 289.69603714 63815.07912326 
-0.90000000 0.00000000 297.96895800 63815.32090157 
-0.88000000 0.00000000 298.03974852 63815.32289953 
-0.86000000 0.00000000 298.12350109 63815.32526467 
-0.84000000 0.00000000 277.77120591 63814.70607483 
-0.82000000 0.00000000 277.76769818 63814.70594701 
-0.80000000 0.00000000 295.41846775 63815.24778754 
-0.78000000 0.00000000 299.51850503 63815.36458663 
-0.76000000 0.00000000 299.56877440 63815.36598906 
-0.74000000 0.00000000 299.60735268 63815.36706342 
-0.72000000 0.00000000 299.72708866 63815.37041374 
-0.70000000 0.00000000 295.30185280 63815.24437185 
-0.68000000 0.00000000 295.33066996 63815.24519949 
-0.66000000 0.00000000 278.07947615 63814.71598102 
-0.64000000 0.00000000 278.15375547 63814.71838597 
-0.62000000 0.00000000 295.36110227 63815.24607227 
-0.60000000 0.00000000 278.14667957 63814.71815841 
-0.58000000 0.00000000 278.05759928 63814.71527500 
-0.56000000 0.00000000 295.30863923 63815.24456509 
-0.54000000 0.00000000 299.73357005 63815.37059152 
-0.52000000 0.00000000 299.61613005 63815.36730482 
-0.50000000 0.00000000 299.58237889 63815.36636468 
-0.48000000 0.00000000 299.54714561 63815.36538255 
-0.46000000 0.00000000 299.49604971 63815.36395422 
-0.44000000 0.00000000 277.82967841 63814.70794253 
-0.42000000 0.00000000 277.80220460 63814.70705639 
-0.40000000 0.00000000 299.43056932 63815.36212713 
-0.38000000 0.00000000 299.41686059 63815.36174347 
-0.36000000 0.00000000 299.41270213 63815.36162689 
-0.34000000 0.00000000 299.41333706 63815.36164398 
-0.32000000 0.00000000 299.41777884 63815.36176726 
-0.30000000 0.00000000 277.37703375 63814.69322767 
-0.28000000 0.00000000 277.38316192 63814.69342417 
-0.26000000 0.00000000 299.44106619 63815.36241566 
-0.24000000 0.00000000 299.44325111 63815.36247591 
-0.22000000 0.00000000 299.43558285 63815.36226042 
-0.20000000 0.00000000 299.42433919 63815.36194588 
-0.18000000 0.00000000 277.31948618 63814.69135191 
-0.16000000 0.00000000 277.29038323 63814.69041131 
-0.14000000 0.00000000 299.29863612 63815.35842846 
-0.12000000 0.00000000 299.24958866 63815.35705895 
-0.10000000 0.00000000 299.15974855 63815.35454358 
-0.08000000 0.00000000 299.04949271 63815.35145416 
-0.06000000 0.00000000 276.94021155 63814.67908224 
-0.04000000 0.00000000 276.83299929 63814.67560969 
-0.02000000 0.00000000 298.33886685 63815.33144577 
0.00000000 0.00000000 298.20514876 63815.32768140 
0.02000000 0.00000000 298.03793150 63815.32296405 
0.04000000 0.00000000 297.91064272 63815.31937531 
0.06000000 0.00000000 294.08089947 63815.20916506 
0.08000000 0.00000000 296.55226133 63815.28066409 
0.10000000 0.00000000 296.31991098 63815.27401902 
0.12000000 0.00000000 296.19991201 63815.27059161 
0.14000000 0.00000000 311.85344608 63815.69561025 
0.16000000 0.00000000 311.77368331 63815.69358088 
0.18000000 0.00000000 295.96299077 63815.26382364 
0.20000000 0.00000000 295.83147924 63815.26004731 
0.22000000 0.00000000 295.77584601 63815.25845344 
0.24000000 0.00000000 295.73382832 63815.25724997 
0.26000000 0.00000000 296.91345064 63815.29112781 
0.28000000 0.00000000 296.88263472 63815.29025188 
0.30000000 0.00000000 296.85138305 63815.28936241 
0.32000000 0.00000000 296.82739492 63815.28867979 
0.34000000 0.00000000 296.81169147 63815.28823341 
0.36000000 0.00000000 296.78175285 63815.28737886 
0.38000000 0.00000000 296.76919784 63815.28702099 
0.40000000 0.00000000 312.66772159 63815.71640925 
0.42000000 0.00000000 312.66648480 63815.71637784 
0.44000000 0.00000000 296.76810151 63815.28698956 
0.46000000 0.00000000 296.77942915 63815.28731239 
0.48000000 0.00000000 296.80528126 63815.28805029 
0.50000000 0.00000000 296.81963381 63815.28845860 
0.52000000 0.00000000 296.83415649 63815.28887142 
0.54000000 0.00000000 296.85473524 63815.28945717 
0.56000000 0.00000000 296.87993597 63815.29017481 
0.58000000 0.00000000 295.67994923 63815.25570472 
0.60000000 0.00000000 295.70425374 63815.25640183 
0.62000000 0.00000000 295.73376760 63815.25724857 
0.64000000 0.00000000 295.76107978 63815.25803105 
0.66000000 0.00000000 311.58651110 63815.68881175 
0.68000000 0.00000000 311.64969675 63815.69042573 
0.70000000 0.00000000 295.88636422 63815.26162115 
0.72000000 0.00000000 295.93968947 63815.26314803 
0.74000000 0.00000000 296.05683584 63815.26650972 
0.76000000 0.00000000 296.11649939 63815.26821488 
0.78000000 0.00000000 296.30742683 63815.27368983 
0.80000000 0.00000000 296.38503094 63815.27590513 
0.82000000 0.00000000 296.46246743 63815.27811363 
0.84000000 0.00000000 296.55354805 63815.28071148 
0.86000000 0.00000000 293.75194683 63815.19957715 
0.88000000 0.00000000 293.84073084 63815.20215608 
0.90000000 0.00000000 299.40786081 63815.36167413 
0.92000000 0.00000000 303.98646372 63815.48815010 
0.94000000 0.00000000 294.10349810 63815.20977743 
0.96000000 0.00000000 294.19038766 63815.21229440 
0.98000000 0.00000000 290.56569993 63815.10527507 

