-1.00000000 0.00000000 1687.62462247 58055.43327283 
-0.98000000 0.00000000 1687.16471369 58058.49138310 
-0.96000000 0.00000000 1687.30122738 58060.12223600 
-0.94000000 0.00000000 1640.40928427 58147.16176679 
-0.92000000 0.00000000 1641.23592145 58147.07830281 
-0.90000000 0.00000000 1733.13839441 57987.85472414 
-0.88000000 0.00000000 1734.29181447 57986.62605843 
-0.86000000 0.00000000 1735.73235009 57984.81326075 
-0.84000000 0.00000000 1577.72972107 58280.02365583 
-0.82000000 0.00000000 1577.61589090 58281.02046192 
-0.80000000 0.00000000 1696.57449065 58050.11134936 
-0.78000000 0.00000000 1761.78763272 57946.24678528 
-0.76000000 0.00000000 1762.88358202 57944.82839409 
-0.74000000 0.00000000 1763.72987401 57943.76903938 
-0.72000000 0.00000000 1766.24798762 57940.23833121 
-0.70000000 0.00000000 1695.02073202 58054.11081697 
-0.68000000 0.00000000 1695.37943200 58053.58746381 
-0.66000000 0.00000000 1578.01823178 58283.94679119 
-0.64000000 0.00000000 1578.35951761 58282.94729643 
-0.62000000 0.00000000 1696.03605291 58051.93782214 
-0.60000000 0.00000000 1578.71197958 58280.70513738 
-0.58000000 0.00000000 1578.69671763 58279.52278310 
-0.56000000 0.00000000 1696.21255214 58049.68922783 
-0.54000000 0.00000000 1767.81615465 57935.60879676 
-0.52000000 0.00000000 1765.70905595 57937.95840840 
-0.50000000 0.00000000 1765.33865558 57937.77312202 
-0.48000000 0.00000000 1764.92565742 57937.67212005 
-0.46000000 0.00000000 1764.16944862 57938.11934226 
-0.44000000 0.00000000 1580.98727068 58263.05800960 
-0.42000000 0.00000000 1581.18621032 58261.44717990 
-0.40000000 0.00000000 1763.37859081 57937.84825623 
-0.38000000 0.00000000 1763.15771738 57937.90330220 
-0.36000000 0.00000000 1763.06731517 57937.86483989 
-0.34000000 0.00000000 1763.02069494 57937.84045149 
-0.32000000 0.00000000 1763.01077167 57937.81463726 
-0.30000000 0.00000000 1579.75726863 58261.96263696 
-0.28000000 0.00000000 1579.64608625 58262.14247566 
-0.26000000 0.00000000 1763.14579897 57937.44652612 
-0.24000000 0.00000000 1763.16411601 57937.19034120 
-0.22000000 0.00000000 1763.09254207 57936.88418839 
-0.20000000 0.00000000 1763.10984761 57936.20084089 
-0.18000000 0.00000000 1580.03679882 58256.62875626 
-0.16000000 0.00000000 1580.66669434 58252.56610474 
-0.14000000 0.00000000 1762.89092725 57932.35364980 
-0.12000000 0.00000000 1763.41525873 57929.25623459 
-0.10000000 0.00000000 1763.63811100 57926.00730870 
-0.08000000 0.00000000 1764.02316066 57921.90957326 
-0.06000000 0.00000000 1589.65687314 58204.91594411 
-0.04000000 0.00000000 1593.05387719 58188.98732622 
-0.02000000 0.00000000 1762.13398520 57909.98765101 
0.00000000 0.00000000 1764.57291766 57900.72530852 
0.02000000 0.00000000 1766.94759914 57891.23034821 
0.04000000 0.00000000 1770.36356163 57880.22209994 
0.06000000 0.00000000 1725.59190811 57932.13078115 
0.08000000 0.00000000 1761.68723059 57877.56451307 
0.10000000 0.00000000 1764.30953095 57867.57585179 
0.12000000 0.00000000 1768.33103683 57856.30365795 
0.14000000 0.00000000 3028.39482770 58072.69612593 
0.16000000 0.00000000 2990.68771475 57990.25916497 
0.18000000 0.00000000 1780.69071521 57825.37550539 
0.20000000 0.00000000 1783.77882100 57817.17416844 
0.22000000 0.00000000 1787.76185866 57808.32755896 
0.24000000 0.00000000 1791.91365915 57799.57533144 
0.26000000 0.00000000 1812.39303597 57774.27096201 
0.28000000 0.00000000 1816.72249369 57766.05721703 
0.30000000 0.00000000 1820.95358363 57758.20572805 
0.32000000 0.00000000 1825.02017332 57750.87958211 
0.34000000 0.00000000 1828.70177377 57744.42818120 
0.36000000 0.00000000 1831.41571689 57739.55149839 
0.38000000 0.00000000 1833.36037393 57736.19444423 
0.40000000 0.00000000 3009.64810355 59452.02522369 
0.42000000 0.00000000 3010.89441528 59448.80251417 
0.44000000 0.00000000 1832.10107892 57738.40104365 
0.46000000 0.00000000 1829.31687560 57743.24571021 
0.48000000 0.00000000 1825.73562062 57749.65456841 
0.50000000 0.00000000 1821.24987486 57757.59663817 
0.52000000 0.00000000 1816.30181819 57766.49685149 
0.54000000 0.00000000 1811.22629396 57775.87827606 
0.56000000 0.00000000 1806.19984613 57785.44112247 
0.58000000 0.00000000 1785.05003130 57812.43648842 
0.60000000 0.00000000 1780.30059387 57822.31557544 
0.62000000 0.00000000 1775.76322430 57832.11925683 
0.64000000 0.00000000 1771.29306879 57842.06420798 
0.66000000 0.00000000 2904.93419357 57847.76620663 
0.68000000 0.00000000 2932.40539471 57889.41277521 
0.70000000 0.00000000 1758.31514239 57873.40294496 
0.72000000 0.00000000 1753.96224229 57884.69797914 
0.74000000 0.00000000 1750.35783378 57895.43049476 
0.76000000 0.00000000 1746.01226515 57907.42500719 
0.78000000 0.00000000 1743.47502472 57917.22671925 
0.80000000 0.00000000 1739.63902202 57928.82540645 
0.82000000 0.00000000 1736.07064739 57940.03103198 
0.84000000 0.00000000 1733.03909220 57950.32628046 
0.86000000 0.00000000 1695.64209275 58012.38214428 
0.88000000 0.00000000 1693.08538757 58022.34220444 
0.90000000 0.00000000 1769.06789834 57914.26345360 
0.92000000 0.00000000 1892.17202830 57770.48882362 
0.94000000 0.00000000 1688.08805680 58045.00596782 
0.96000000 0.00000000 1687.24736700 58050.15129083 
0.98000000 0.00000000 1651.73337542 58115.95303666 

