-1.00000000 0.00000000 1509.45669247 58806.96056588 
-0.98000000 0.00000000 1510.03969134 58809.42716013 
-0.96000000 0.00000000 1510.67522599 58810.50062350 
-0.94000000 0.00000000 1497.57714612 58902.35726728 
-0.92000000 0.00000000 1498.27172321 58901.77921044 
-0.90000000 0.00000000 1525.87319507 58729.49783951 
-0.88000000 0.00000000 1526.42985941 58727.88422542 
-0.86000000 0.00000000 1527.03220665 58725.66802753 
-0.84000000 0.00000000 1482.22717081 59036.50843669 
-0.82000000 0.00000000 1482.41832269 59037.29572086 
-0.80000000 0.00000000 1515.35389636 58797.48580094 
-0.78000000 0.00000000 1535.74712407 58681.24003016 
-0.76000000 0.00000000 1536.17020829 58679.51797519 
-0.74000000 0.00000000 1536.50790272 58678.21374392 
-0.72000000 0.00000000 1537.38456490 58674.05150434 
-0.70000000 0.00000000 1515.30646002 58801.35060520 
-0.68000000 0.00000000 1515.44197451 58800.74876922 
-0.66000000 0.00000000 1483.62484065 59039.13963179 
-0.64000000 0.00000000 1483.63550853 59038.21396369 
-0.62000000 0.00000000 1515.47253448 58799.15387140 
-0.60000000 0.00000000 1483.29180171 59036.39895738 
-0.58000000 0.00000000 1482.93178850 59035.56930237 
-0.56000000 0.00000000 1514.91528377 58797.44073821 
-0.54000000 0.00000000 1537.12984748 58669.72890434 
-0.52000000 0.00000000 1536.20238291 58672.78376721 
-0.50000000 0.00000000 1535.84350898 58672.89311671 
-0.48000000 0.00000000 1535.47783544 58673.08986990 
-0.46000000 0.00000000 1535.01465943 58673.90155977 
-0.44000000 0.00000000 1480.15585991 59022.42745937 
-0.42000000 0.00000000 1479.86125751 59021.15461772 
-0.40000000 0.00000000 1534.28665254 58674.21390072 
-0.38000000 0.00000000 1534.12496465 58674.39164002 
-0.36000000 0.00000000 1534.03721851 58674.41628337 
-0.34000000 0.00000000 1533.98858651 58674.42136011 
-0.32000000 0.00000000 1533.96816320 58674.40064341 
-0.30000000 0.00000000 1478.72777286 59022.38014887 
-0.28000000 0.00000000 1478.67433968 59022.56793612 
-0.26000000 0.00000000 1533.93751405 58674.02294670 
-0.24000000 0.00000000 1533.85894691 58673.82161086 
-0.22000000 0.00000000 1533.68949854 58673.64647575 
-0.20000000 0.00000000 1533.46597070 58673.14903959 
-0.18000000 0.00000000 1477.33176549 59018.37811205 
-0.16000000 0.00000000 1476.67487281 59015.10305171 
-0.14000000 0.00000000 1531.97250775 58670.60016817 
-0.12000000 0.00000000 1531.35603871 58668.08869230 
-0.10000000 0.00000000 1530.44437284 58665.68160291 
-0.08000000 0.00000000 1529.38317666 58662.57987159 
-0.06000000 0.00000000 1470.44313052 58975.78167466 
-0.04000000 0.00000000 1468.69628104 58962.40314092 
-0.02000000 0.00000000 1523.88116439 58655.63831426 
0.00000000 0.00000000 1522.78045696 58647.57888975 
0.02000000 0.00000000 1521.54884706 58639.40773323 
0.04000000 0.00000000 1520.64527340 58629.48368824 
0.06000000 0.00000000 1501.54738228 58695.81145057 
0.08000000 0.00000000 1512.89593937 58633.61686022 
0.10000000 0.00000000 1511.73052371 58624.95440222 
0.12000000 0.00000000 1511.24494089 58614.45727390 
0.14000000 0.00000000 2344.83453213 57509.19039907 
0.16000000 0.00000000 2290.56676931 57518.92713339 
0.18000000 0.00000000 1510.88629470 58584.80284939 
0.20000000 0.00000000 1510.63431459 58577.09700849 
0.22000000 0.00000000 1510.85707463 58568.34450809 
0.24000000 0.00000000 1511.23145064 58559.55156149 
0.26000000 0.00000000 1518.58229850 58528.12749462 
0.28000000 0.00000000 1519.19617547 58519.58809510 
0.30000000 0.00000000 1519.84289134 58511.36620369 
0.32000000 0.00000000 1520.52530547 58503.61399421 
0.34000000 0.00000000 1521.19281279 58496.71807258 
0.36000000 0.00000000 1521.64285194 58491.55760793 
0.38000000 0.00000000 1522.00743592 58487.95175877 
0.40000000 0.00000000 3063.88496279 58029.73995005 
0.42000000 0.00000000 3062.65351540 58026.85300509 
0.44000000 0.00000000 1521.79915693 58490.32215316 
0.46000000 0.00000000 1521.29750282 58495.51883158 
0.48000000 0.00000000 1520.69966907 58502.31901962 
0.50000000 0.00000000 1519.91132646 58510.78103497 
0.52000000 0.00000000 1519.07092160 58520.20910127 
0.54000000 0.00000000 1518.27302361 58530.05004025 
0.56000000 0.00000000 1517.55426302 58539.98186126 
0.58000000 0.00000000 1510.14487568 58573.00115751 
0.60000000 0.00000000 1509.65277010 58582.96524232 
0.62000000 0.00000000 1509.28772866 58592.74364902 
0.64000000 0.00000000 1509.00882470 58602.58593390 
0.66000000 0.00000000 2189.70207250 57553.33720803 
0.68000000 0.00000000 2220.29750166 57541.38686952 
0.70000000 0.00000000 1508.92234597 58632.92589595 
0.72000000 0.00000000 1509.11930475 58643.66357513 
0.74000000 0.00000000 1509.71641844 58653.51170973 
0.76000000 0.00000000 1510.11711061 58664.74322812 
0.78000000 0.00000000 1511.24928035 58673.23721651 
0.80000000 0.00000000 1511.90831020 58683.86245820 
0.82000000 0.00000000 1512.64415348 58694.04049160 
0.84000000 0.00000000 1513.51158972 58703.23065609 
0.86000000 0.00000000 1502.50966351 58771.47497714 
0.88000000 0.00000000 1503.53343163 58780.12600857 
0.90000000 0.00000000 1530.94987187 58653.76057584 
0.92000000 0.00000000 1577.53543111 58468.51813094 
0.94000000 0.00000000 1506.52961319 58799.30301236 
0.96000000 0.00000000 1507.45454015 58803.47468133 
0.98000000 0.00000000 1497.73670512 58872.96835477 

