-1.00000000 0.00000000 -1326.19813862 58644.92978518 
-0.98000000 0.00000000 -1326.30796658 58645.86973617 
-0.96000000 0.00000000 -1326.52095021 58646.37977108 
-0.94000000 0.00000000 -1316.55353395 58669.91293060 
-0.92000000 0.00000000 -1316.87121852 58669.93748241 
-0.90000000 0.00000000 -1336.91793239 58626.38936045 
-0.88000000 0.00000000 -1337.26157466 58626.00250941 
-0.86000000 0.00000000 -1337.65271287 58625.44820053 
-0.84000000 0.00000000 -1303.76371792 58704.75627840 
-0.82000000 0.00000000 -1303.80161153 58705.02792018 
-0.80000000 0.00000000 -1329.27074309 58643.49861414 
-0.78000000 0.00000000 -1343.57548184 58614.38938251 
-0.76000000 0.00000000 -1343.85191973 58613.95548546 
-0.74000000 0.00000000 -1344.06840489 58613.62969103 
-0.72000000 0.00000000 -1344.64709580 58612.60572429 
-0.70000000 0.00000000 -1329.08199191 58644.53249057 
-0.68000000 0.00000000 -1329.16777760 58644.38329360 
-0.66000000 0.00000000 -1304.12430650 58705.91909865 
-0.64000000 0.00000000 -1304.17599184 58705.64193909 
-0.62000000 0.00000000 -1329.26090024 58643.90377918 
-0.60000000 0.00000000 -1304.15759785 58704.95709948 
-0.58000000 0.00000000 -1304.08305875 58704.56422633 
-0.56000000 0.00000000 -1329.13054568 58643.22430989 
-0.54000000 0.00000000 -1344.73765567 58611.26748815 
-0.52000000 0.00000000 -1344.19550637 58611.94147480 
-0.50000000 0.00000000 -1344.03406177 58611.89628928 
-0.48000000 0.00000000 -1343.86455935 58611.87761299 
-0.46000000 0.00000000 -1343.62344804 58612.01703866 
-0.44000000 0.00000000 -1303.90305518 58699.51839094 
-0.42000000 0.00000000 -1303.87092154 58699.03378487 
-0.40000000 0.00000000 -1343.26668014 58612.00437318 
-0.38000000 0.00000000 -1343.17231698 58612.05177288 
-0.36000000 0.00000000 -1343.11279796 58612.07821084 
-0.34000000 0.00000000 -1343.06699037 58612.11372534 
-0.32000000 0.00000000 -1343.03065918 58612.15307249 
-0.30000000 0.00000000 -1303.29764835 58699.17465241 
-0.28000000 0.00000000 -1303.23150444 58699.26031567 
-0.26000000 0.00000000 -1342.93276412 58612.19501236 
-0.24000000 0.00000000 -1342.87315553 58612.16186974 
-0.22000000 0.00000000 -1342.77651528 58612.10105288 
-0.20000000 0.00000000 -1342.67837714 58611.91185956 
-0.18000000 0.00000000 -1302.82165704 58697.57525141 
-0.16000000 0.00000000 -1302.76393611 58696.27166392 
-0.14000000 0.00000000 -1342.16472173 58610.61475376 
-0.12000000 0.00000000 -1342.06480489 58609.56233015 
-0.10000000 0.00000000 -1341.86761490 58608.39480708 
-0.08000000 0.00000000 -1341.67741645 58606.90862745 
-0.06000000 0.00000000 -1303.15784849 58680.71819599 
-0.04000000 0.00000000 -1303.50740987 58675.49365971 
-0.02000000 0.00000000 -1340.30758746 58602.01115538 
0.00000000 0.00000000 -1340.51253593 58598.75604051 
0.02000000 0.00000000 -1340.70939632 58595.37857889 
0.04000000 0.00000000 -1341.15161603 58591.55210865 
0.06000000 0.00000000 -1330.94915137 58604.27887802 
0.08000000 0.00000000 -1338.67823002 58588.98967697 
0.10000000 0.00000000 -1339.03187786 58585.40594282 
0.12000000 0.00000000 -1339.73060985 58581.52754954 
0.14000000 0.00000000 -1621.92715042 58504.73554608 
0.16000000 0.00000000 -1610.34519931 58494.23602698 
0.18000000 0.00000000 -1342.11807411 58570.93271941 
0.20000000 0.00000000 -1342.76653777 58568.00894462 
0.22000000 0.00000000 -1343.65176537 58564.93350535 
0.24000000 0.00000000 -1344.61344711 58561.88326049 
0.26000000 0.00000000 -1349.17569789 58554.65646198 
0.28000000 0.00000000 -1350.23999894 58551.75502119 
0.30000000 0.00000000 -1351.30479238 58548.96848456 
0.32000000 0.00000000 -1352.34344988 58546.36875256 
0.34000000 0.00000000 -1353.29340150 58544.08266281 
0.36000000 0.00000000 -1354.01243947 58542.32796479 
0.38000000 0.00000000 -1354.52925061 58541.12883587 
0.40000000 0.00000000 -1699.78768204 58751.86107405 
0.42000000 0.00000000 -1699.82500064 58751.10972740 
0.44000000 0.00000000 -1354.24144193 58541.88908788 
0.46000000 0.00000000 -1353.53262046 58543.60145308 
0.48000000 0.00000000 -1352.61542885 58545.88308052 
0.50000000 0.00000000 -1351.48087518 58548.68758129 
0.52000000 0.00000000 -1350.24072065 58551.82690291 
0.54000000 0.00000000 -1348.98261525 58555.13898541 
0.56000000 0.00000000 -1347.75746816 58558.51298137 
0.58000000 0.00000000 -1343.03514997 58566.29913286 
0.60000000 0.00000000 -1341.93624267 58569.73528709 
0.62000000 0.00000000 -1340.92447502 58573.13010049 
0.64000000 0.00000000 -1339.96904399 58576.54554585 
0.66000000 0.00000000 -1587.88569332 58478.71656773 
0.68000000 0.00000000 -1595.40547664 58483.39573277 
0.70000000 0.00000000 -1337.43788927 58587.20786630 
0.72000000 0.00000000 -1336.66263452 58591.02269646 
0.74000000 0.00000000 -1336.08647018 58594.71338819 
0.76000000 0.00000000 -1335.37806484 58598.74765760 
0.78000000 0.00000000 -1335.09720451 58602.20261827 
0.80000000 0.00000000 -1334.55300776 58606.11294108 
0.82000000 0.00000000 -1334.08626217 58609.88457464 
0.84000000 0.00000000 -1333.75029851 58613.36171603 
0.86000000 0.00000000 -1325.84996356 58630.62740483 
0.88000000 0.00000000 -1325.63393503 58633.93958643 
0.90000000 0.00000000 -1342.69683350 58604.95759928 
0.92000000 0.00000000 -1370.20950169 58563.73634875 
0.94000000 0.00000000 -1325.51300667 58641.42960505 
0.96000000 0.00000000 -1325.61657076 58643.11539963 
0.98000000 0.00000000 -1318.16743082 58661.01120058 

