-1.00000000 0.00000000 3629.84213005 58336.52092733 
-0.98000000 0.00000000 3628.14447382 58330.82218557 
-0.96000000 0.00000000 3626.87686618 58329.47685613 
-0.94000000 0.00000000 3592.87247437 57998.09114861 
-0.92000000 0.00000000 3592.57082101 58002.25378775 
-0.90000000 0.00000000 3622.27207863 58620.76758911 
-0.88000000 0.00000000 3621.53026016 58626.83820331 
-0.86000000 0.00000000 3620.74968046 58634.82581244 
-0.84000000 0.00000000 3467.29449854 57522.47135756 
-0.82000000 0.00000000 3466.15435802 57520.73484337 
-0.80000000 0.00000000 3624.72120835 58382.53468508 
-0.78000000 0.00000000 3606.73760529 58787.66372193 
-0.76000000 0.00000000 3605.91694137 58793.57368421 
-0.74000000 0.00000000 3605.25456180 58798.08005918 
-0.72000000 0.00000000 3603.45706109 58812.22428712 
-0.70000000 0.00000000 3623.46121999 58370.05625084 
-0.68000000 0.00000000 3623.45086284 58372.30300893 
-0.66000000 0.00000000 3463.16642345 57519.94275466 
-0.64000000 0.00000000 3464.37322567 57522.77166451 
-0.62000000 0.00000000 3623.91014676 58377.27010724 
-0.60000000 0.00000000 3466.84786415 57526.74622724 
-0.58000000 0.00000000 3468.04073926 57527.67931588 
-0.56000000 0.00000000 3625.30045260 58380.75662193 
-0.54000000 0.00000000 3603.62113067 58824.11087077 
-0.52000000 0.00000000 3605.49756556 58813.02983369 
-0.50000000 0.00000000 3606.15798160 58811.88084784 
-0.48000000 0.00000000 3606.83410317 58810.46868819 
-0.46000000 0.00000000 3607.71706149 58807.03461981 
-0.44000000 0.00000000 3485.87208430 57555.06224938 
-0.42000000 0.00000000 3487.60037098 57557.67497248 
-0.40000000 0.00000000 3609.02299882 58804.63245151 
-0.38000000 0.00000000 3609.30253915 58803.86006008 
-0.36000000 0.00000000 3609.43300761 58803.74152791 
-0.34000000 0.00000000 3609.48392601 58803.80145194 
-0.32000000 0.00000000 3609.47458969 58804.02909433 
-0.30000000 0.00000000 3486.62839197 57550.23800868 
-0.28000000 0.00000000 3486.44806256 57549.77415297 
-0.26000000 0.00000000 3609.32940128 58805.78337584 
-0.24000000 0.00000000 3609.38766699 58806.40432434 
-0.22000000 0.00000000 3609.60747657 58806.68387730 
-0.20000000 0.00000000 3609.90653988 58807.69568784 
-0.18000000 0.00000000 3492.21217597 57557.96959861 
-0.16000000 0.00000000 3496.45778975 57565.00373199 
-0.14000000 0.00000000 3612.26207548 58810.95050625 
-0.12000000 0.00000000 3613.19162687 58816.15605226 
-0.10000000 0.00000000 3614.68580937 58820.01473124 
-0.08000000 0.00000000 3616.43935276 58825.16923926 
-0.06000000 0.00000000 3544.36964629 57653.01530690 
-0.04000000 0.00000000 3559.58492632 57684.15798064 
-0.02000000 0.00000000 3626.44809777 58825.23488792 
0.00000000 0.00000000 3628.13514816 58843.07471961 
0.02000000 0.00000000 3630.04923157 58860.48909529 
0.04000000 0.00000000 3631.13830964 58883.53047136 
0.06000000 0.00000000 3667.46512788 58626.23133951 
0.08000000 0.00000000 3647.37570049 58842.46025756 
0.10000000 0.00000000 3649.42467125 58860.55345166 
0.12000000 0.00000000 3649.89138987 58885.92829354 
0.14000000 0.00000000 1793.59770992 60997.40551437 
0.16000000 0.00000000 1849.81369090 60995.45789413 
0.18000000 0.00000000 3648.52988189 58959.70283760 
0.20000000 0.00000000 3648.50654738 58977.48108316 
0.22000000 0.00000000 3647.26528874 58999.48981479 
0.24000000 0.00000000 3645.63491326 59021.83250500 
0.26000000 0.00000000 3623.29897051 59126.84122178 
0.28000000 0.00000000 3620.64635449 59148.29705439 
0.30000000 0.00000000 3617.92283286 59168.87464093 
0.32000000 0.00000000 3615.12954141 59188.33767989 
0.34000000 0.00000000 3612.45146400 59205.71962926 
0.36000000 0.00000000 3610.58262786 59218.35337858 
0.38000000 0.00000000 3609.13657854 59227.33005600 
0.40000000 0.00000000 1235.23466910 60781.58896919 
0.42000000 0.00000000 1236.21827675 60782.59109779 
0.44000000 0.00000000 3610.14948240 59221.26192755 
0.46000000 0.00000000 3612.24740163 59208.18740729 
0.48000000 0.00000000 3614.77852653 59191.25583527 
0.50000000 0.00000000 3617.99364991 59169.78839356 
0.52000000 0.00000000 3621.39724821 59145.77063523 
0.54000000 0.00000000 3624.65839670 59120.73180949 
0.56000000 0.00000000 3627.65125166 59095.47582179 
0.58000000 0.00000000 3649.51212132 58985.39995422 
0.60000000 0.00000000 3651.32700020 58959.53857083 
0.62000000 0.00000000 3652.76736231 58934.21837226 
0.64000000 0.00000000 3653.95362077 58908.63851022 
0.66000000 0.00000000 1968.42568423 60980.17666434 
0.68000000 0.00000000 1931.56615499 60985.66648478 
0.70000000 0.00000000 3655.41896009 58830.36529136 
0.72000000 0.00000000 3655.23044244 58802.79283108 
0.74000000 0.00000000 3654.09818230 58778.90819443 
0.76000000 0.00000000 3653.22835931 58750.15549749 
0.78000000 0.00000000 3650.87410706 58731.51495042 
0.80000000 0.00000000 3649.26775333 58704.82977576 
0.82000000 0.00000000 3647.39135508 58679.36920059 
0.84000000 0.00000000 3645.21242486 58656.88335722 
0.86000000 0.00000000 3651.18348937 58416.41143939 
0.88000000 0.00000000 3647.12099599 58395.07950556 
0.90000000 0.00000000 3612.97514046 58855.77309808 
0.92000000 0.00000000 3465.00106989 59450.39825724 
0.94000000 0.00000000 3636.60805059 58349.44154974 
0.96000000 0.00000000 3633.85692898 58340.20015704 
0.98000000 0.00000000 3612.40577902 58090.51982808 

