-1.00000000 0.00000000 2201.34144324 57509.85763743 
-0.98000000 0.00000000 2199.19671065 57511.94336541 
-0.96000000 0.00000000 2198.38769943 57513.49615345 
-0.94000000 0.00000000 2108.38431295 57536.21826785 
-0.92000000 0.00000000 2109.17178623 57537.05932215 
-0.90000000 0.00000000 2280.16437200 57507.48693285 
-0.88000000 0.00000000 2281.87437034 57507.85726290 
-0.86000000 0.00000000 2284.17762435 57508.10214031 
-0.84000000 0.00000000 1982.04489081 57591.01694847 
-0.82000000 0.00000000 1981.44311822 57591.83688434 
-0.80000000 0.00000000 2212.19712707 57515.67789153 
-0.78000000 0.00000000 2329.46790500 57508.94734569 
-0.76000000 0.00000000 2331.25180627 57509.16677143 
-0.74000000 0.00000000 2332.60829941 57509.36572297 
-0.72000000 0.00000000 2336.87745895 57509.69120705 
-0.70000000 0.00000000 2208.55854389 57517.21891583 
-0.68000000 0.00000000 2209.17379418 57517.19168284 
-0.66000000 0.00000000 1980.39579144 57595.03517373 
-0.64000000 0.00000000 1981.21140300 57594.44178586 
-0.62000000 0.00000000 2210.69320220 57516.55804978 
-0.60000000 0.00000000 1982.65018531 57592.67117366 
-0.58000000 0.00000000 1983.21854419 57591.52287307 
-0.56000000 0.00000000 2212.12353898 57514.85742876 
-0.54000000 0.00000000 2341.01858794 57508.00858915 
-0.52000000 0.00000000 2337.80915616 57507.24817663 
-0.50000000 0.00000000 2337.60748643 57506.65120961 
-0.48000000 0.00000000 2337.31880358 57506.06845785 
-0.46000000 0.00000000 2336.40707812 57505.49233966 
-0.44000000 0.00000000 1993.50784954 57578.24638359 
-0.42000000 0.00000000 1994.49604471 57576.92966026 
-0.40000000 0.00000000 2335.90794231 57504.33258250 
-0.38000000 0.00000000 2335.69218648 57504.11596888 
-0.36000000 0.00000000 2335.64532908 57503.98883437 
-0.34000000 0.00000000 2335.62862284 57503.92844154 
-0.32000000 0.00000000 2335.64542947 57503.91364500 
-0.30000000 0.00000000 1992.93590838 57575.96309289 
-0.28000000 0.00000000 1992.75629223 57576.03407207 
-0.26000000 0.00000000 2336.01970025 57503.84672277 
-0.24000000 0.00000000 2336.20444542 57503.68331185 
-0.22000000 0.00000000 2336.34329770 57503.36461746 
-0.20000000 0.00000000 2336.78565153 57502.85160738 
-0.18000000 0.00000000 1995.95792620 57571.24296554 
-0.16000000 0.00000000 1998.59515057 57568.03381752 
-0.14000000 0.00000000 2338.96048566 57499.48411711 
-0.12000000 0.00000000 2341.28815270 57497.63901902 
-0.10000000 0.00000000 2343.44666516 57495.27613224 
-0.08000000 0.00000000 2346.25393195 57492.42317403 
-0.06000000 0.00000000 2031.13593643 57532.32513027 
-0.04000000 0.00000000 2042.47209637 57520.96508790 
-0.02000000 0.00000000 2351.79625392 57480.15520631 
0.00000000 0.00000000 2359.48868334 57475.74339502 
0.02000000 0.00000000 2367.27553935 57471.08715721 
0.04000000 0.00000000 2376.89831513 57466.61590048 
0.06000000 0.00000000 2306.21417911 57450.85754886 
0.08000000 0.00000000 2370.82352400 57452.80853417 
0.10000000 0.00000000 2379.12817224 57448.09270247 
0.12000000 0.00000000 2389.45864300 57444.25237327 
0.14000000 0.00000000 2979.29548970 59430.26917325 
0.16000000 0.00000000 3014.13378496 59334.03863896 
0.18000000 0.00000000 2419.01707940 57435.80049101 
0.20000000 0.00000000 2426.67438133 57433.34325547 
0.22000000 0.00000000 2435.51493494 57431.62235767 
0.24000000 0.00000000 2444.44318817 57430.24019861 
0.26000000 0.00000000 2477.95468282 57438.72670156 
0.28000000 0.00000000 2486.70965861 57438.23637388 
0.30000000 0.00000000 2495.15676960 57437.93319742 
0.32000000 0.00000000 2503.14253246 57437.85497221 
0.34000000 0.00000000 2510.26319247 57437.96089963 
0.36000000 0.00000000 2515.58067962 57437.95465755 
0.38000000 0.00000000 2519.30755530 57438.07011509 
0.40000000 0.00000000 2290.59047982 60293.61847156 
0.42000000 0.00000000 2292.41072542 60292.59211472 
0.44000000 0.00000000 2516.84744163 57437.99096639 
0.46000000 0.00000000 2511.47158223 57437.84893515 
0.48000000 0.00000000 2504.45524525 57437.84100285 
0.50000000 0.00000000 2495.71942721 57437.80303562 
0.52000000 0.00000000 2486.00236592 57437.92898194 
0.54000000 0.00000000 2475.88711665 57438.32252581 
0.56000000 0.00000000 2465.70829486 57438.99122088 
0.58000000 0.00000000 2430.59655185 57431.24018988 
0.60000000 0.00000000 2420.47647971 57432.81942337 
0.62000000 0.00000000 2410.58742011 57434.67110074 
0.64000000 0.00000000 2400.66880040 57436.76822526 
0.66000000 0.00000000 3068.56749098 59136.63911982 
0.68000000 0.00000000 3053.20854348 59197.98250108 
0.70000000 0.00000000 2370.39099624 57445.13253697 
0.72000000 0.00000000 2359.77716625 57448.68612346 
0.74000000 0.00000000 2350.17859184 57452.82542466 
0.76000000 0.00000000 2339.18278165 57457.09033890 
0.78000000 0.00000000 2331.11503213 57461.95752458 
0.80000000 0.00000000 2320.84266791 57466.67292589 
0.82000000 0.00000000 2311.06051785 57471.46429181 
0.84000000 0.00000000 2302.30930051 57476.23063334 
0.86000000 0.00000000 2232.97974310 57482.20543805 
0.88000000 0.00000000 2225.01071517 57487.72629216 
0.90000000 0.00000000 2355.21997719 57492.89701150 
0.92000000 0.00000000 2547.42179438 57549.01378173 
0.94000000 0.00000000 2207.67139007 57501.38249822 
0.96000000 0.00000000 2204.00600150 57504.84354777 
0.98000000 0.00000000 2135.55705568 57521.12095287 

