-1.00000000 0.00000000 -1367.38709949 58817.49681752 
-0.98000000 0.00000000 -1367.75967989 58817.76548138 
-0.96000000 0.00000000 -1368.06021002 58817.78417071 
-0.94000000 0.00000000 -1369.10769505 58834.84662017 
-0.92000000 0.00000000 -1369.31855488 58834.59613856 
-0.90000000 0.00000000 -1368.33342807 58801.77083520 
-0.88000000 0.00000000 -1368.42810474 58801.33710013 
-0.86000000 0.00000000 -1368.49901642 58800.80227738 
-0.84000000 0.00000000 -1371.79184626 58858.62355064 
-0.82000000 0.00000000 -1371.89787791 58858.69688623 
-0.80000000 0.00000000 -1368.89765089 58814.40755695 
-0.78000000 0.00000000 -1368.71617224 58791.82078599 
-0.76000000 0.00000000 -1368.75166127 58791.42932093 
-0.74000000 0.00000000 -1368.78397437 58791.12791911 
-0.72000000 0.00000000 -1368.82183813 58790.27280091 
-0.70000000 0.00000000 -1369.10012234 58814.94039959 
-0.68000000 0.00000000 -1369.10710973 58814.81344167 
-0.66000000 0.00000000 -1372.36758710 58858.78747988 
-0.64000000 0.00000000 -1372.31398977 58858.63730132 
-0.62000000 0.00000000 -1369.01291898 58814.55566132 
-0.60000000 0.00000000 -1372.08896225 58858.37997998 
-0.58000000 0.00000000 -1371.91928012 58858.28205081 
-0.56000000 0.00000000 -1368.71171560 58814.40421255 
-0.54000000 0.00000000 -1368.44070927 58789.70866951 
-0.52000000 0.00000000 -1368.31175592 58790.40366912 
-0.50000000 0.00000000 -1368.19310775 58790.52179694 
-0.48000000 0.00000000 -1368.07809944 58790.65658362 
-0.46000000 0.00000000 -1367.96881947 58790.90855612 
-0.44000000 0.00000000 -1370.24219833 58856.41806432 
-0.42000000 0.00000000 -1370.07257015 58856.25254638 
-0.40000000 0.00000000 -1367.73752552 58791.20808488 
-0.38000000 0.00000000 -1367.69351547 58791.30801661 
-0.36000000 0.00000000 -1367.66525388 58791.37239052 
-0.34000000 0.00000000 -1367.64890014 58791.42960366 
-0.32000000 0.00000000 -1367.63994925 58791.48116817 
-0.30000000 0.00000000 -1369.76009051 58856.78690107 
-0.28000000 0.00000000 -1369.74545775 58856.88093691 
-0.26000000 0.00000000 -1367.59468638 58791.60141363 
-0.24000000 0.00000000 -1367.54613666 58791.64596980 
-0.22000000 0.00000000 -1367.46404780 58791.70952293 
-0.20000000 0.00000000 -1367.33816364 58791.72486207 
-0.18000000 0.00000000 -1368.95120989 58856.56626054 
-0.16000000 0.00000000 -1368.50239149 58856.09355498 
-0.14000000 0.00000000 -1366.57335650 58791.65720690 
-0.12000000 0.00000000 -1366.15837344 58791.33544190 
-0.10000000 0.00000000 -1365.64131931 58791.04209084 
-0.08000000 0.00000000 -1365.02272016 58790.61596641 
-0.06000000 0.00000000 -1363.84265097 58849.51554854 
-0.04000000 0.00000000 -1362.41710625 58847.12594306 
-0.02000000 0.00000000 -1362.50259827 58789.75857520 
0.00000000 0.00000000 -1361.55415032 58788.31944275 
0.02000000 0.00000000 -1360.55965145 58786.83537873 
0.04000000 0.00000000 -1359.57406302 58784.98508990 
0.06000000 0.00000000 -1357.21090655 58797.74471816 
0.08000000 0.00000000 -1357.13895093 58785.82830302 
0.10000000 0.00000000 -1356.18224110 58784.13037030 
0.12000000 0.00000000 -1355.34788852 58782.05447335 
0.14000000 0.00000000 -1484.98308811 58540.05434506 
0.16000000 0.00000000 -1475.80971044 58545.13144785 
0.18000000 0.00000000 -1353.36831525 58776.00833767 
0.20000000 0.00000000 -1352.81590281 58774.33585904 
0.22000000 0.00000000 -1352.36291761 58772.42078149 
0.24000000 0.00000000 -1351.96671348 58770.45262425 
0.26000000 0.00000000 -1352.43937132 58764.14897556 
0.28000000 0.00000000 -1352.15275554 58762.15637928 
0.30000000 0.00000000 -1351.90436936 58760.20695488 
0.32000000 0.00000000 -1351.70079057 58758.35224719 
0.34000000 0.00000000 -1351.54441615 58756.69268788 
0.36000000 0.00000000 -1351.41858930 58755.42366589 
0.38000000 0.00000000 -1351.34858807 58754.53699747 
0.40000000 0.00000000 -1601.73008985 58566.73080836 
0.42000000 0.00000000 -1601.51039301 58566.43812899 
0.44000000 0.00000000 -1351.42281993 58755.05972505 
0.46000000 0.00000000 -1351.54396553 58756.29803489 
0.48000000 0.00000000 -1351.72117758 58757.92934457 
0.50000000 0.00000000 -1351.93385864 58759.93863086 
0.52000000 0.00000000 -1352.18959251 58762.16479657 
0.54000000 0.00000000 -1352.48993548 58764.47472614 
0.56000000 0.00000000 -1352.83067413 58766.78315163 
0.58000000 0.00000000 -1352.43403202 58773.44087711 
0.60000000 0.00000000 -1352.86927562 58775.67301873 
0.62000000 0.00000000 -1353.34592144 58777.81700293 
0.64000000 0.00000000 -1353.86496379 58779.92040827 
0.66000000 0.00000000 -1459.78951296 58556.43728566 
0.68000000 0.00000000 -1465.14160613 58552.40215906 
0.70000000 0.00000000 -1355.76869037 58786.11340962 
0.72000000 0.00000000 -1356.53072606 58788.22293163 
0.74000000 0.00000000 -1357.37787613 58790.13101863 
0.76000000 0.00000000 -1358.25224471 58792.27326035 
0.78000000 0.00000000 -1359.20940072 58793.86016076 
0.80000000 0.00000000 -1360.14608794 58795.82460933 
0.82000000 0.00000000 -1361.08568007 58797.67282088 
0.84000000 0.00000000 -1362.01171490 58799.30185223 
0.86000000 0.00000000 -1362.52987097 58812.18385225 
0.88000000 0.00000000 -1363.46538424 58813.66007186 
0.90000000 0.00000000 -1365.04340192 58789.09082199 
0.92000000 0.00000000 -1368.90436582 58751.84728937 
0.94000000 0.00000000 -1365.81379053 58816.69151995 
0.96000000 0.00000000 -1366.42549837 58817.26381246 
0.98000000 0.00000000 -1367.32865140 58830.11351369 

