-1.00000000 0.00000000 -1260.42835720 58596.13900121 
-0.98000000 0.00000000 -1260.52492372 58597.46603821 
-0.96000000 0.00000000 -1260.76820079 58598.19305359 
-0.94000000 0.00000000 -1247.17790544 58631.48527715 
-0.92000000 0.00000000 -1247.57701395 58631.52891092 
-0.90000000 0.00000000 -1274.81445802 58569.93087249 
-0.88000000 0.00000000 -1275.25717537 58569.40575907 
-0.86000000 0.00000000 -1275.76881451 58568.64268016 
-0.84000000 0.00000000 -1229.67677459 58680.76141344 
-0.82000000 0.00000000 -1229.71609821 58681.15346628 
-0.80000000 0.00000000 -1264.31674620 58594.25507887 
-0.78000000 0.00000000 -1283.78273473 58553.03330283 
-0.76000000 0.00000000 -1284.14949243 58552.43048988 
-0.74000000 0.00000000 -1284.43595919 58551.97856305 
-0.72000000 0.00000000 -1285.21799442 58550.53335774 
-0.70000000 0.00000000 -1264.02186038 58595.75914343 
-0.68000000 0.00000000 -1264.13657570 58595.55080062 
-0.66000000 0.00000000 -1230.11486757 58682.42818019 
-0.64000000 0.00000000 -1230.18909115 58682.03942627 
-0.62000000 0.00000000 -1264.27592287 58594.87389432 
-0.60000000 0.00000000 -1230.18025323 58681.08539668 
-0.58000000 0.00000000 -1230.09087277 58680.54131585 
-0.56000000 0.00000000 -1264.14135684 58593.90873876 
-0.54000000 0.00000000 -1285.41540231 58548.61890469 
-0.52000000 0.00000000 -1284.69856341 58549.56756982 
-0.50000000 0.00000000 -1284.50150873 58549.49428470 
-0.48000000 0.00000000 -1284.29306152 58549.45782322 
-0.46000000 0.00000000 -1283.98573681 58549.64526103 
-0.44000000 0.00000000 -1229.95727722 58673.50390295 
-0.42000000 0.00000000 -1229.92688504 58672.82303754 
-0.40000000 0.00000000 -1283.55178604 58549.58991939 
-0.38000000 0.00000000 -1283.43622510 58549.64254541 
-0.36000000 0.00000000 -1283.36643654 58549.66407831 
-0.34000000 0.00000000 -1283.31418874 58549.69715138 
-0.32000000 0.00000000 -1283.27448672 58549.73437301 
-0.30000000 0.00000000 -1229.20725646 58672.96436307 
-0.28000000 0.00000000 -1229.12906185 58673.06754406 
-0.26000000 0.00000000 -1283.17790959 58549.73365315 
-0.24000000 0.00000000 -1283.11497261 58549.66770943 
-0.22000000 0.00000000 -1283.00639310 58549.56539629 
-0.20000000 0.00000000 -1282.90168115 58549.28598442 
-0.18000000 0.00000000 -1228.68198669 58670.68145736 
-0.16000000 0.00000000 -1228.64055729 58668.87944172 
-0.14000000 0.00000000 -1282.33267004 58547.46928550 
-0.12000000 0.00000000 -1282.25706446 58546.01191910 
-0.10000000 0.00000000 -1282.05725333 58544.41110152 
-0.08000000 0.00000000 -1281.87516232 58542.37951014 
-0.06000000 0.00000000 -1229.43963124 58647.51822011 
-0.04000000 0.00000000 -1229.97674353 58640.35367919 
-0.02000000 0.00000000 -1280.27410983 58535.81220977 
0.00000000 0.00000000 -1280.65193288 58531.35256351 
0.02000000 0.00000000 -1281.01926508 58526.73361123 
0.04000000 0.00000000 -1281.72113678 58521.48087119 
0.06000000 0.00000000 -1267.83158894 58540.02406050 
0.08000000 0.00000000 -1278.50458432 58518.31258425 
0.10000000 0.00000000 -1279.06482606 58513.41602331 
0.12000000 0.00000000 -1280.09054123 58508.08189805 
0.14000000 0.00000000 -1681.90157043 58389.47238733 
0.16000000 0.00000000 -1665.12562564 58374.53446485 
0.18000000 0.00000000 -1283.50893131 58493.49984074 
0.20000000 0.00000000 -1284.42227389 58489.50384228 
0.22000000 0.00000000 -1285.64965657 58485.28556808 
0.24000000 0.00000000 -1286.97053009 58481.10538433 
0.26000000 0.00000000 -1293.25519914 58470.81929862 
0.28000000 0.00000000 -1294.70020000 58466.84969778 
0.30000000 0.00000000 -1296.13931777 58463.04031223 
0.32000000 0.00000000 -1297.53918670 58459.48568153 
0.34000000 0.00000000 -1298.81712240 58456.35847117 
0.36000000 0.00000000 -1299.78018261 58453.96442122 
0.38000000 0.00000000 -1300.47163618 58452.32613299 
0.40000000 0.00000000 -1795.63774660 58749.49657971 
0.42000000 0.00000000 -1795.69427309 58748.39629020 
0.44000000 0.00000000 -1300.07206582 58453.37406857 
0.46000000 0.00000000 -1299.11447920 58455.71907488 
0.48000000 0.00000000 -1297.87736649 58458.83838503 
0.50000000 0.00000000 -1296.34493689 58462.67667543 
0.52000000 0.00000000 -1294.66805611 58466.97234774 
0.54000000 0.00000000 -1292.96410163 58471.50208602 
0.56000000 0.00000000 -1291.29994480 58476.11588139 
0.58000000 0.00000000 -1284.80177393 58487.16461530 
0.60000000 0.00000000 -1283.29574269 58491.86987744 
0.62000000 0.00000000 -1281.89831519 58496.52320174 
0.64000000 0.00000000 -1280.56661215 58501.21291735 
0.66000000 0.00000000 -1632.19504994 58352.39819413 
0.68000000 0.00000000 -1643.00368202 58358.92503699 
0.70000000 0.00000000 -1276.96588351 58515.88551447 
0.72000000 0.00000000 -1275.84051810 58521.14288981 
0.74000000 0.00000000 -1274.98057440 58526.21511666 
0.76000000 0.00000000 -1273.93259182 58531.77765458 
0.78000000 0.00000000 -1273.46501539 58536.50805004 
0.80000000 0.00000000 -1272.63252612 58541.89684413 
0.82000000 0.00000000 -1271.90348826 58547.09561356 
0.84000000 0.00000000 -1271.35211131 58551.88661008 
0.86000000 0.00000000 -1260.47594141 58576.34952835 
0.88000000 0.00000000 -1260.09580922 58580.91723688 
0.90000000 0.00000000 -1283.29820040 58539.53562755 
0.92000000 0.00000000 -1320.92294064 58480.52726610 
0.94000000 0.00000000 -1259.69128673 58591.27317328 
0.96000000 0.00000000 -1259.76134546 58593.61478923 
0.98000000 0.00000000 -1249.56152256 58618.93579243 

