-1.00000000 0.00000000 -525.94034298 61929.06330715 
-0.98000000 0.00000000 -526.92750404 61928.14575487 
-0.96000000 0.00000000 -526.76894474 61927.00813135 
-0.94000000 0.00000000 -635.69422683 61966.46989622 
-0.92000000 0.00000000 -633.70975315 61965.08738520 
-0.90000000 0.00000000 -444.48681703 61885.03297076 
-0.88000000 0.00000000 -442.82599872 61883.84643560 
-0.86000000 0.00000000 -440.70987653 61882.48557092 
-0.84000000 0.00000000 -842.35985951 62009.62383139 
-0.82000000 0.00000000 -843.04968264 62009.38903698 
-0.80000000 0.00000000 -509.81362867 61916.55777373 
-0.78000000 0.00000000 -402.27105856 61859.64926448 
-0.76000000 0.00000000 -400.83175858 61858.65559908 
-0.74000000 0.00000000 -399.73217774 61857.86483340 
-0.72000000 0.00000000 -396.29993521 61855.62642099 
-0.70000000 0.00000000 -513.23745040 61917.36330122 
-0.68000000 0.00000000 -512.56927116 61916.99686365 
-0.66000000 0.00000000 -842.11625597 62007.29927852 
-0.64000000 0.00000000 -840.72266091 62007.23828905 
-0.62000000 0.00000000 -511.30661231 61916.71394971 
-0.60000000 0.00000000 -839.24658433 62007.84142773 
-0.58000000 0.00000000 -839.27571916 62008.52475243 
-0.56000000 0.00000000 -510.89710238 61917.71556060 
-0.54000000 0.00000000 -394.06735307 61855.75009363 
-0.52000000 0.00000000 -396.91221062 61858.01902488 
-0.50000000 0.00000000 -397.35794334 61858.78789727 
-0.48000000 0.00000000 -397.86076565 61859.57437104 
-0.46000000 0.00000000 -398.84277971 61860.62221772 
-0.44000000 0.00000000 -829.97646601 62013.74085394 
-0.42000000 0.00000000 -829.12680821 62014.26512344 
-0.40000000 0.00000000 -399.71653145 61862.05942013 
-0.38000000 0.00000000 -399.94122664 61862.33516323 
-0.36000000 0.00000000 -399.97734373 61862.41638006 
-0.34000000 0.00000000 -399.94551975 61862.39064189 
-0.32000000 0.00000000 -399.85515332 61862.28178235 
-0.30000000 0.00000000 -833.68787298 62015.83607573 
-0.28000000 0.00000000 -833.83953016 62015.73734854 
-0.26000000 0.00000000 -399.32059556 61861.77353941 
-0.24000000 0.00000000 -399.18073474 61861.73844642 
-0.22000000 0.00000000 -399.17896729 61861.91790599 
-0.20000000 0.00000000 -399.07796127 61862.21981954 
-0.18000000 0.00000000 -831.19250062 62017.33076779 
-0.16000000 0.00000000 -828.78857955 62018.50459005 
-0.14000000 0.00000000 -399.46813635 61865.25243258 
-0.12000000 0.00000000 -398.93552875 61866.61781072 
-0.10000000 0.00000000 -398.95762358 61868.82136901 
-0.08000000 0.00000000 -398.90926868 61871.51309542 
-0.06000000 0.00000000 -799.91729193 62032.31961886 
-0.04000000 0.00000000 -790.15921993 62036.81460612 
-0.02000000 0.00000000 -404.28063123 61886.59037999 
0.00000000 0.00000000 -402.13519765 61890.13070615 
0.02000000 0.00000000 -400.30390469 61894.27217130 
0.04000000 0.00000000 -397.19494106 61897.82288163 
0.06000000 0.00000000 -469.88735980 61950.04747372 
0.08000000 0.00000000 -413.84849579 61921.13691195 
0.10000000 0.00000000 -412.17483906 61925.99773977 
0.12000000 0.00000000 -408.45585774 61929.20633689 
0.14000000 0.00000000 116.91652801 60912.04479781 
0.16000000 0.00000000 110.11962113 60952.63542675 
0.18000000 0.00000000 -396.96824427 61936.52957407 
0.20000000 0.00000000 -394.67887135 61939.52458050 
0.22000000 0.00000000 -391.17553367 61941.42581538 
0.24000000 0.00000000 -387.53925278 61943.10565904 
0.26000000 0.00000000 -362.10835092 61927.09058357 
0.28000000 0.00000000 -358.66923307 61928.53266725 
0.30000000 0.00000000 -355.39120699 61929.93492942 
0.32000000 0.00000000 -352.26433817 61931.15027886 
0.34000000 0.00000000 -349.44313697 61932.12467181 
0.36000000 0.00000000 -347.51165389 61933.16203538 
0.38000000 0.00000000 -346.08625888 61933.74046557 
0.40000000 0.00000000 186.39781681 60322.19083491 
0.42000000 0.00000000 186.26855731 60323.83667387 
0.44000000 0.00000000 -347.10043067 61933.53336577 
0.46000000 0.00000000 -349.21614513 61932.82305864 
0.48000000 0.00000000 -351.89237876 61931.69689319 
0.50000000 0.00000000 -355.41087194 61930.59168999 
0.52000000 0.00000000 -359.37089408 61929.37259782 
0.54000000 0.00000000 -363.48075972 61927.99282150 
0.56000000 0.00000000 -367.61450707 61926.51043610 
0.58000000 0.00000000 -394.19209958 61942.51850342 
0.60000000 0.00000000 -398.58256340 61940.99188278 
0.62000000 0.00000000 -402.86411124 61939.39801606 
0.64000000 0.00000000 -407.22372375 61937.82616690 
0.66000000 0.00000000 94.46975276 61031.84601548 
0.68000000 0.00000000 99.04716514 61007.26261692 
0.70000000 0.00000000 -420.41341465 61932.31995230 
0.72000000 0.00000000 -425.04420904 61930.21909982 
0.74000000 0.00000000 -428.60717213 61927.21879114 
0.76000000 0.00000000 -433.45790946 61924.93422607 
0.78000000 0.00000000 -435.59340552 61920.89729247 
0.80000000 0.00000000 -439.98601712 61918.36426178 
0.82000000 0.00000000 -444.18160816 61915.86644337 
0.84000000 0.00000000 -447.75413760 61913.25026611 
0.86000000 0.00000000 -513.72138869 61943.90406577 
0.88000000 0.00000000 -517.58090625 61941.43538093 
0.90000000 0.00000000 -391.05877856 61866.79757888 
0.92000000 0.00000000 -257.11001202 61756.87968099 
0.94000000 0.00000000 -525.48761394 61935.00837479 
0.96000000 0.00000000 -526.89128707 61933.19044132 
0.98000000 0.00000000 -606.43032618 61962.50139760 

