-1.00000000 0.00000000 -1012.15643048 58493.02261683 
-0.98000000 0.00000000 -1012.33743775 58495.36248520 
-0.96000000 0.00000000 -1012.72442472 58496.56987248 
-0.94000000 0.00000000 -992.26397136 58564.49214486 
-0.92000000 0.00000000 -992.88245594 58564.37985069 
-0.90000000 0.00000000 -1034.08607690 58438.03086366 
-0.88000000 0.00000000 -1034.73599620 58436.94303671 
-0.86000000 0.00000000 -1035.49195570 58435.38474252 
-0.84000000 0.00000000 -966.18339586 58664.43702022 
-0.82000000 0.00000000 -966.25764790 58665.15799600 
-0.80000000 0.00000000 -1018.00873694 58488.08677077 
-0.78000000 0.00000000 -1047.71732398 58403.19920798 
-0.76000000 0.00000000 -1048.26811982 58401.96996143 
-0.74000000 0.00000000 -1048.69891971 58401.04592775 
-0.72000000 0.00000000 -1049.89794714 58398.05303515 
-0.70000000 0.00000000 -1017.55210847 58491.13605511 
-0.68000000 0.00000000 -1017.72712314 58490.70801814 
-0.66000000 0.00000000 -966.99442053 58667.27812419 
-0.64000000 0.00000000 -967.09706549 58666.53555019 
-0.62000000 0.00000000 -1017.93099612 58489.41227966 
-0.60000000 0.00000000 -967.02392118 58664.85989419 
-0.58000000 0.00000000 -966.83813226 58663.97069454 
-0.56000000 0.00000000 -1017.69025012 58487.71968685 
-0.54000000 0.00000000 -1050.20953245 58394.39680133 
-0.52000000 0.00000000 -1049.10490336 58396.45157911 
-0.50000000 0.00000000 -1048.80455767 58396.37783174 
-0.48000000 0.00000000 -1048.48765458 58396.37400195 
-0.46000000 0.00000000 -1048.01894414 58396.82655245 
-0.44000000 0.00000000 -966.12756795 58651.65858916 
-0.42000000 0.00000000 -966.03563941 58650.45977723 
-0.40000000 0.00000000 -1047.38246601 58396.79042731 
-0.38000000 0.00000000 -1047.22166564 58396.88507038 
-0.36000000 0.00000000 -1047.13548125 58396.89471549 
-0.34000000 0.00000000 -1047.08028593 58396.91126119 
-0.32000000 0.00000000 -1047.04826626 58396.92387749 
-0.30000000 0.00000000 -964.96657608 58650.92844331 
-0.28000000 0.00000000 -964.88217163 58651.08820360 
-0.26000000 0.00000000 -1047.00430917 58396.72726453 
-0.24000000 0.00000000 -1046.94379831 58396.56179049 
-0.22000000 0.00000000 -1046.80997973 58396.36454364 
-0.20000000 0.00000000 -1046.67601823 58395.86290505 
-0.18000000 0.00000000 -964.19071476 58646.98579349 
-0.16000000 0.00000000 -964.03017088 58643.89837105 
-0.14000000 0.00000000 -1045.80009552 58392.93479714 
-0.12000000 0.00000000 -1045.64183199 58390.46477599 
-0.10000000 0.00000000 -1045.25846803 58387.88007784 
-0.08000000 0.00000000 -1044.86517172 58384.59315953 
-0.06000000 0.00000000 -963.73104838 58607.27419138 
-0.04000000 0.00000000 -963.98698659 58594.93308371 
-0.02000000 0.00000000 -1041.75381321 58375.07682249 
0.00000000 0.00000000 -1042.05335518 58367.45672331 
0.02000000 0.00000000 -1042.29660983 58359.62548325 
0.04000000 0.00000000 -1043.03974580 58350.49585416 
0.06000000 0.00000000 -1020.44938986 58393.71766141 
0.08000000 0.00000000 -1037.03267499 58348.53246083 
0.10000000 0.00000000 -1037.47232844 58340.22038850 
0.12000000 0.00000000 -1038.67067936 58330.79170347 
0.14000000 0.00000000 -1826.13748625 57899.56178699 
0.16000000 0.00000000 -1787.48788870 57877.25959405 
0.18000000 0.00000000 -1042.90441743 58304.69321559 
0.20000000 0.00000000 -1043.95310180 58297.70245461 
0.22000000 0.00000000 -1045.50988309 58290.11380041 
0.24000000 0.00000000 -1047.20490812 58282.56024646 
0.26000000 0.00000000 -1057.15740962 58260.49726701 
0.28000000 0.00000000 -1059.04689371 58253.26978269 
0.30000000 0.00000000 -1060.92706339 58246.32705372 
0.32000000 0.00000000 -1062.76560149 58239.82096659 
0.34000000 0.00000000 -1064.45391179 58234.07021692 
0.36000000 0.00000000 -1065.69991737 58229.71016486 
0.38000000 0.00000000 -1066.60696626 58226.70023530 
0.40000000 0.00000000 -2144.26617924 58612.21514007 
0.42000000 0.00000000 -2144.21687149 58609.81176368 
0.44000000 0.00000000 -1066.05611819 58228.65530691 
0.46000000 0.00000000 -1064.78344109 58232.97970124 
0.48000000 0.00000000 -1063.15961087 58238.68947219 
0.50000000 0.00000000 -1061.12730874 58245.74649144 
0.52000000 0.00000000 -1058.90662978 58253.62703713 
0.54000000 0.00000000 -1056.66253056 58261.89952577 
0.56000000 0.00000000 -1054.48061690 58270.29302413 
0.58000000 0.00000000 -1044.26812314 58293.71918605 
0.60000000 0.00000000 -1042.31922293 58302.22938204 
0.62000000 0.00000000 -1040.51901018 58310.62608737 
0.64000000 0.00000000 -1038.80167560 58319.09315455 
0.66000000 0.00000000 -1711.67304508 57848.06022531 
0.68000000 0.00000000 -1735.44407288 57855.75983507 
0.70000000 0.00000000 -1034.22880713 58345.47656474 
0.72000000 0.00000000 -1032.82613767 58354.89487750 
0.74000000 0.00000000 -1031.85280078 58363.80395893 
0.76000000 0.00000000 -1030.57471188 58373.72656072 
0.78000000 0.00000000 -1030.21265902 58381.79429184 
0.80000000 0.00000000 -1029.25004160 58391.31832043 
0.82000000 0.00000000 -1028.42732553 58400.48262711 
0.84000000 0.00000000 -1027.85368704 58408.86506181 
0.86000000 0.00000000 -1011.16449806 58459.08791770 
0.88000000 0.00000000 -1010.84960585 58467.04208633 
0.90000000 0.00000000 -1047.13524243 58378.35687828 
0.92000000 0.00000000 -1107.20095276 58250.35977271 
0.94000000 0.00000000 -1010.78700807 58484.97386606 
0.96000000 0.00000000 -1011.00519380 58488.99278433 
0.98000000 0.00000000 -995.60868188 58540.55333054 

