-1.00000000 0.00000000 310.95207279 63813.73903713 
-0.98000000 0.00000000 310.95707623 63813.73916471 
-0.96000000 0.00000000 310.96728348 63813.73942624 
-0.94000000 0.00000000 310.16415698 63813.71869573 
-0.92000000 0.00000000 310.18881948 63813.71933323 
-0.90000000 0.00000000 311.50984824 63813.75335326 
-0.88000000 0.00000000 311.52059295 63813.75362768 
-0.86000000 0.00000000 311.53344278 63813.75395605 
-0.84000000 0.00000000 308.28155223 63813.66958531 
-0.82000000 0.00000000 308.28050796 63813.66955704 
-0.80000000 0.00000000 311.09984667 63813.74282839 
-0.78000000 0.00000000 311.75438329 63813.75960753 
-0.76000000 0.00000000 311.76196840 63813.75980082 
-0.74000000 0.00000000 311.76770646 63813.75994690 
-0.72000000 0.00000000 311.78644152 63813.76042529 
-0.70000000 0.00000000 311.07914849 63813.74229321 
-0.68000000 0.00000000 311.08347068 63813.74240389 
-0.66000000 0.00000000 308.32729557 63813.67078101 
-0.64000000 0.00000000 308.33905496 63813.67108968 
-0.62000000 0.00000000 311.08801930 63813.74252032 
-0.60000000 0.00000000 308.33801969 63813.67106262 
-0.58000000 0.00000000 308.32398636 63813.67069435 
-0.56000000 0.00000000 311.08021854 63813.74232061 
-0.54000000 0.00000000 311.78746504 63813.76045133 
-0.52000000 0.00000000 311.76909298 63813.75998220 
-0.50000000 0.00000000 311.76410552 63813.75985525 
-0.48000000 0.00000000 311.75887038 63813.75972195 
-0.46000000 0.00000000 311.75106736 63813.75952294 
-0.44000000 0.00000000 308.29005942 63813.66980717 
-0.42000000 0.00000000 308.28591141 63813.66969858 
-0.40000000 0.00000000 311.74132347 63813.75927478 
-0.38000000 0.00000000 311.73922858 63813.75922134 
-0.36000000 0.00000000 311.73859130 63813.75920508 
-0.34000000 0.00000000 311.73866188 63813.75920684 
-0.32000000 0.00000000 311.73929693 63813.75922297 
-0.30000000 0.00000000 308.21807124 63813.66791578 
-0.28000000 0.00000000 308.21894174 63813.66793848 
-0.26000000 0.00000000 311.74271239 63813.75930988 
-0.24000000 0.00000000 311.74300094 63813.75931717 
-0.22000000 0.00000000 311.74177148 63813.75928573 
-0.20000000 0.00000000 311.74004752 63813.75924176 
-0.18000000 0.00000000 308.20884921 63813.66767332 
-0.16000000 0.00000000 308.20448074 63813.66755895 
-0.14000000 0.00000000 311.72082342 63813.75875136 
-0.12000000 0.00000000 311.71353427 63813.75856571 
-0.10000000 0.00000000 311.69987157 63813.75821723 
-0.08000000 0.00000000 311.68309013 63813.75778912 
-0.06000000 0.00000000 308.15198274 63813.66618427 
-0.04000000 0.00000000 308.13594448 63813.66576426 
-0.02000000 0.00000000 311.57281346 63813.75497127 
0.00000000 0.00000000 311.55271641 63813.75445845 
0.02000000 0.00000000 311.52731160 63813.75380966 
0.04000000 0.00000000 311.50829555 63813.75332443 
0.06000000 0.00000000 310.89777488 63813.73764759 
0.08000000 0.00000000 311.29382491 63813.74782895 
0.10000000 0.00000000 311.25786444 63813.74690768 
0.12000000 0.00000000 311.23975004 63813.74644421 
0.14000000 0.00000000 313.74138613 63813.81003456 
0.16000000 0.00000000 313.72946364 63813.80973558 
0.18000000 0.00000000 311.20436298 63813.74553921 
0.20000000 0.00000000 311.18394547 63813.74501571 
0.22000000 0.00000000 311.17555243 63813.74480087 
0.24000000 0.00000000 311.16925227 63813.74463965 
0.26000000 0.00000000 311.35804578 63813.74948611 
0.28000000 0.00000000 311.35341192 63813.74936768 
0.30000000 0.00000000 311.34866234 63813.74924621 
0.32000000 0.00000000 311.34503279 63813.74915340 
0.34000000 0.00000000 311.34268775 63813.74909348 
0.36000000 0.00000000 311.33802890 63813.74897415 
0.38000000 0.00000000 311.33610592 63813.74892494 
0.40000000 0.00000000 313.87597815 63813.81342549 
0.42000000 0.00000000 313.87577714 63813.81342044 
0.44000000 0.00000000 311.33592245 63813.74892023 
0.46000000 0.00000000 311.33764943 63813.74896442 
0.48000000 0.00000000 311.34166443 63813.74906725 
0.50000000 0.00000000 311.34381714 63813.74912227 
0.52000000 0.00000000 311.34597781 63813.74917747 
0.54000000 0.00000000 311.34909121 63813.74925709 
0.56000000 0.00000000 311.35292982 63813.74935528 
0.58000000 0.00000000 311.16102530 63813.74442892 
0.60000000 0.00000000 311.16468632 63813.74452265 
0.62000000 0.00000000 311.16915291 63813.74463703 
0.64000000 0.00000000 311.17323207 63813.74474140 
0.66000000 0.00000000 313.70106037 63813.80902271 
0.68000000 0.00000000 313.71077213 63813.80926669 
0.70000000 0.00000000 311.19209355 63813.74522420 
0.72000000 0.00000000 311.20010786 63813.74542930 
0.74000000 0.00000000 311.21825449 63813.74589448 
0.76000000 0.00000000 311.22715733 63813.74612218 
0.78000000 0.00000000 311.25697499 63813.74688670 
0.80000000 0.00000000 311.26864002 63813.74718508 
0.82000000 0.00000000 311.28023686 63813.74748161 
0.84000000 0.00000000 311.29398007 63813.74783316 
0.86000000 0.00000000 310.84558025 63813.73630452 
0.88000000 0.00000000 310.85891212 63813.73664659 
0.90000000 0.00000000 311.74741829 63813.75944496 
0.92000000 0.00000000 312.47799593 63813.77807069 
0.94000000 0.00000000 310.89829384 63813.73765671 
0.96000000 0.00000000 310.91131945 63813.73799074 
0.98000000 0.00000000 310.33142235 63813.72302848 

