-1.00000000 0.00000000 -1495.73366252 59230.62241095 
-0.98000000 0.00000000 -1496.75211079 59229.40319294 
-0.96000000 0.00000000 -1497.26200612 59228.44717080 
-0.94000000 0.00000000 -1527.21846116 59222.00280370 
-0.92000000 0.00000000 -1527.14522732 59221.34554270 
-0.90000000 0.00000000 -1471.31810643 59229.76807791 
-0.88000000 0.00000000 -1470.79999146 59229.52995274 
-0.86000000 0.00000000 -1470.07644617 59229.37484015 
-0.84000000 0.00000000 -1571.18558728 59207.35336548 
-0.82000000 0.00000000 -1571.48602679 59206.94253556 
-0.80000000 0.00000000 -1493.27285188 59226.28296592 
-0.78000000 0.00000000 -1455.75187637 59229.63348099 
-0.76000000 0.00000000 -1455.18899378 59229.56135357 
-0.74000000 0.00000000 -1454.76434451 59229.49020223 
-0.72000000 0.00000000 -1453.42963815 59229.45043492 
-0.70000000 0.00000000 -1494.55079334 59225.52388063 
-0.68000000 0.00000000 -1494.35701733 59225.51714765 
-0.66000000 0.00000000 -1572.36851732 59205.13946520 
-0.64000000 0.00000000 -1572.04019887 59205.36437001 
-0.62000000 0.00000000 -1493.78797065 59225.85097983 
-0.60000000 0.00000000 -1571.29680970 59206.23333435 
-0.58000000 0.00000000 -1570.90041325 59206.86883739 
-0.56000000 0.00000000 -1493.06528201 59226.83836211 
-0.54000000 0.00000000 -1451.86851722 59230.61930274 
-0.52000000 0.00000000 -1452.79643642 59230.94628754 
-0.50000000 0.00000000 -1452.78610647 59231.29023172 
-0.48000000 0.00000000 -1452.80728592 59231.62242505 
-0.46000000 0.00000000 -1453.02982398 59231.92863587 
-0.44000000 0.00000000 -1565.43684618 59213.38118231 
-0.42000000 0.00000000 -1564.91088382 59214.03486054 
-0.40000000 0.00000000 -1453.08239479 59232.59614747 
-0.38000000 0.00000000 -1453.14706615 59232.71929483 
-0.36000000 0.00000000 -1453.17469774 59232.79745614 
-0.34000000 0.00000000 -1453.20610259 59232.83959071 
-0.32000000 0.00000000 -1453.23676930 59232.85871650 
-0.30000000 0.00000000 -1565.21014712 59215.04673830 
-0.28000000 0.00000000 -1565.30507348 59215.06891003 
-0.26000000 0.00000000 -1453.23149348 59232.96233339 
-0.24000000 0.00000000 -1453.18621370 59233.09156893 
-0.22000000 0.00000000 -1453.12532958 59233.31663501 
-0.20000000 0.00000000 -1452.92640658 59233.67325209 
-0.18000000 0.00000000 -1563.53083340 59217.83717424 
-0.16000000 0.00000000 -1562.12982144 59219.48682690 
-0.14000000 0.00000000 -1451.65168252 59235.89045054 
-0.12000000 0.00000000 -1450.54014914 59237.12291021 
-0.10000000 0.00000000 -1449.35688368 59238.65600293 
-0.08000000 0.00000000 -1447.83986850 59240.49880970 
-0.06000000 0.00000000 -1545.21503104 59236.87560465 
-0.04000000 0.00000000 -1539.46891159 59242.20123745 
-0.02000000 0.00000000 -1443.25459792 59248.00732897 
0.00000000 0.00000000 -1439.72002929 59250.87840726 
0.02000000 0.00000000 -1436.06982646 59253.87847679 
0.04000000 0.00000000 -1431.83831578 59256.84228143 
0.06000000 0.00000000 -1450.19332081 59263.95320744 
0.08000000 0.00000000 -1430.36970611 59264.22123388 
0.10000000 0.00000000 -1426.45957173 59267.11441485 
0.12000000 0.00000000 -1422.08112351 59269.61157769 
0.14000000 0.00000000 -1141.39203007 58822.29786247 
0.16000000 0.00000000 -1144.55024511 58852.62997836 
0.18000000 0.00000000 -1409.96913585 59275.44553667 
0.20000000 0.00000000 -1406.67551163 59277.08294008 
0.22000000 0.00000000 -1403.12978686 59278.40727077 
0.24000000 0.00000000 -1399.59637473 59279.56424159 
0.26000000 0.00000000 -1389.96500601 59277.64776322 
0.28000000 0.00000000 -1386.57832441 59278.46137227 
0.30000000 0.00000000 -1383.32098774 59279.16636944 
0.32000000 0.00000000 -1380.27049429 59279.73931042 
0.34000000 0.00000000 -1377.57725209 59280.17379756 
0.36000000 0.00000000 -1375.52458460 59280.53375467 
0.38000000 0.00000000 -1374.11175569 59280.73168683 
0.40000000 0.00000000 -1198.08088491 58383.00973298 
0.42000000 0.00000000 -1197.68954833 58384.05115173 
0.44000000 0.00000000 -1375.01359020 59280.56101656 
0.46000000 0.00000000 -1377.03385037 59280.24142818 
0.48000000 0.00000000 -1379.71056145 59279.75609172 
0.50000000 0.00000000 -1383.01167444 59279.17400671 
0.52000000 0.00000000 -1386.69987850 59278.46264513 
0.54000000 0.00000000 -1390.57622737 59277.61280265 
0.56000000 0.00000000 -1394.51130136 59276.63809211 
0.58000000 0.00000000 -1404.78626328 59278.28589970 
0.60000000 0.00000000 -1408.77039597 59276.99912421 
0.62000000 0.00000000 -1412.69512649 59275.58839009 
0.64000000 0.00000000 -1416.64024285 59274.05233686 
0.66000000 0.00000000 -1153.32453522 58907.74092989 
0.68000000 0.00000000 -1150.37717921 58890.39262945 
0.70000000 0.00000000 -1428.88161949 59268.37135318 
0.72000000 0.00000000 -1433.23659516 59266.06881025 
0.74000000 0.00000000 -1437.37694140 59263.48663275 
0.76000000 0.00000000 -1441.95465147 59260.80357015 
0.78000000 0.00000000 -1445.72591663 59257.85381186 
0.80000000 0.00000000 -1450.11598987 59254.94315801 
0.82000000 0.00000000 -1454.33414456 59252.00574386 
0.84000000 0.00000000 -1458.19057230 59249.10022663 
0.86000000 0.00000000 -1480.31270755 59246.53330691 
0.88000000 0.00000000 -1483.96410386 59243.44525287 
0.90000000 0.00000000 -1445.19730622 59240.53316187 
0.92000000 0.00000000 -1389.00330292 59229.27361921 
0.94000000 0.00000000 -1492.13289558 59235.69706167 
0.96000000 0.00000000 -1493.94123913 59233.69106969 
0.98000000 0.00000000 -1516.67464810 59228.76109421 

