-1.00000000 0.00000000 2058.52726893 58991.34963119 
-0.98000000 0.00000000 2059.05153140 58991.68134715 
-0.96000000 0.00000000 2059.45323585 58991.69515820 
-0.94000000 0.00000000 2062.75893384 59013.88770882 
-0.92000000 0.00000000 2063.01476448 59013.55377339 
-0.90000000 0.00000000 2058.03064262 58970.75767402 
-0.88000000 0.00000000 2058.10929244 58970.20121641 
-0.86000000 0.00000000 2058.14532170 58969.51239186 
-0.84000000 0.00000000 2069.02293325 59044.62578353 
-0.82000000 0.00000000 2069.17694750 59044.71574528 
-0.80000000 0.00000000 2060.20323164 58987.33466212 
-0.78000000 0.00000000 2057.43719426 58957.75472748 
-0.76000000 0.00000000 2057.44150469 58957.24712552 
-0.74000000 0.00000000 2057.45141606 58956.85636653 
-0.72000000 0.00000000 2057.40675708 58955.73488908 
-0.70000000 0.00000000 2060.53832133 58988.04365717 
-0.68000000 0.00000000 2060.53390545 58987.87875899 
-0.66000000 0.00000000 2069.83468183 59044.78967824 
-0.64000000 0.00000000 2069.74609233 59044.60047374 
-0.62000000 0.00000000 2060.38065681 58987.54705696 
-0.60000000 0.00000000 2069.41378440 59044.29479747 
-0.58000000 0.00000000 2069.17347026 59044.19032990 
-0.56000000 0.00000000 2059.96359321 58987.36268891 
-0.54000000 0.00000000 2056.84472901 58954.99046787 
-0.52000000 0.00000000 2056.75225714 58955.90392305 
-0.50000000 0.00000000 2056.60914415 58956.05661151 
-0.48000000 0.00000000 2056.47249972 58956.23065856 
-0.46000000 0.00000000 2056.35618679 58956.55862445 
-0.44000000 0.00000000 2066.69593232 59041.98424663 
-0.42000000 0.00000000 2066.44710196 59041.78755012 
-0.40000000 0.00000000 2056.08232981 58956.93469470 
-0.38000000 0.00000000 2056.03413303 58957.05766600 
-0.36000000 0.00000000 2056.00252486 58957.13232994 
-0.34000000 0.00000000 2055.98563214 58957.19615432 
-0.32000000 0.00000000 2055.97774896 58957.25124114 
-0.30000000 0.00000000 2066.07307558 59042.47291424 
-0.28000000 0.00000000 2066.06222282 59042.58311726 
-0.26000000 0.00000000 2055.92629682 58957.36688884 
-0.24000000 0.00000000 2055.86611320 58957.41233464 
-0.22000000 0.00000000 2055.76443751 58957.48531346 
-0.20000000 0.00000000 2055.60057920 58957.49907689 
-0.18000000 0.00000000 2064.95823247 59042.21884391 
-0.16000000 0.00000000 2064.30501929 59041.66146546 
-0.14000000 0.00000000 2054.59410873 58957.43807183 
-0.12000000 0.00000000 2054.01829619 58957.04653601 
-0.10000000 0.00000000 2053.31327817 58956.70875092 
-0.08000000 0.00000000 2052.46216045 58956.21334742 
-0.06000000 0.00000000 2057.35843154 59033.83935990 
-0.04000000 0.00000000 2055.19633650 59030.97181390 
-0.02000000 0.00000000 2049.09135605 58955.40692474 
0.00000000 0.00000000 2047.70313838 58953.64081885 
0.02000000 0.00000000 2046.25085688 58951.82600457 
0.04000000 0.00000000 2044.77212886 58949.52800811 
0.06000000 0.00000000 2043.02732570 58966.81555128 
0.08000000 0.00000000 2041.68414629 58951.04559067 
0.10000000 0.00000000 2040.25739949 58948.95966841 
0.12000000 0.00000000 2038.95183296 58946.35439284 
0.14000000 0.00000000 2187.34735741 58584.79686008 
0.16000000 0.00000000 2175.44181370 58594.67295422 
0.18000000 0.00000000 2035.74060970 58938.72015746 
0.20000000 0.00000000 2034.84534360 58936.63056728 
0.22000000 0.00000000 2034.05503924 58934.21164512 
0.24000000 0.00000000 2033.33296219 58931.72377413 
0.26000000 0.00000000 2033.31266080 58923.30084979 
0.28000000 0.00000000 2032.73108231 58920.77690578 
0.30000000 0.00000000 2032.20332514 58918.30813484 
0.32000000 0.00000000 2031.74361446 58915.95650896 
0.34000000 0.00000000 2031.36569832 58913.84930049 
0.36000000 0.00000000 2031.06786109 58912.24425129 
0.38000000 0.00000000 2030.88296276 58911.11977819 
0.40000000 0.00000000 2356.12106542 58576.35041957 
0.42000000 0.00000000 2355.75576619 58576.04665540 
0.44000000 0.00000000 2031.03157234 58911.79252331 
0.46000000 0.00000000 2031.31812563 58913.36862657 
0.48000000 0.00000000 2031.71912399 58915.43847320 
0.50000000 0.00000000 2032.20557193 58917.99148608 
0.52000000 0.00000000 2032.77074087 58920.81745871 
0.54000000 0.00000000 2033.40279378 58923.74490810 
0.56000000 0.00000000 2034.08720036 58926.66676513 
0.58000000 0.00000000 2034.24464091 58935.52941296 
0.60000000 0.00000000 2035.04492858 58938.34863171 
0.62000000 0.00000000 2035.88982270 58941.05590787 
0.64000000 0.00000000 2036.78560013 58943.71452931 
0.66000000 0.00000000 2154.76780751 58615.37335829 
0.68000000 0.00000000 2161.52419575 58608.28116379 
0.70000000 0.00000000 2039.91449026 58951.53677813 
0.72000000 0.00000000 2041.12985374 58954.19681746 
0.74000000 0.00000000 2042.43644648 58956.57989711 
0.76000000 0.00000000 2043.80407014 58959.27268595 
0.78000000 0.00000000 2045.22258479 58961.21997440 
0.80000000 0.00000000 2046.65524072 58963.67429284 
0.82000000 0.00000000 2048.08072303 58965.97808007 
0.84000000 0.00000000 2049.46640586 58967.99864963 
0.86000000 0.00000000 2051.54003963 58984.91422142 
0.88000000 0.00000000 2052.93138087 58986.72682696 
0.90000000 0.00000000 2052.31882982 58954.15165794 
0.92000000 0.00000000 2053.34661925 58904.30357912 
0.94000000 0.00000000 2056.35811855 58990.42670137 
0.96000000 0.00000000 2057.22914703 58991.11795440 
0.98000000 0.00000000 2059.85553645 59007.85228116 

