-1.00000000 0.00000000 613.57615162 63815.88852823 
-0.98000000 0.00000000 612.89789022 63815.91076709 
-0.96000000 0.00000000 611.71948747 63815.95094430 
-0.94000000 0.00000000 690.19253942 63812.50910707 
-0.92000000 0.00000000 687.62235501 63812.63936382 
-0.90000000 0.00000000 558.08077532 63817.57461057 
-0.88000000 0.00000000 556.89131931 63817.60253833 
-0.86000000 0.00000000 555.50381915 63817.63509994 
-0.84000000 0.00000000 873.46257404 63799.55787864 
-0.82000000 0.00000000 873.44798153 63799.55678564 
-0.80000000 0.00000000 597.64549182 63816.42136122 
-0.78000000 0.00000000 533.38132235 63818.12002525 
-0.76000000 0.00000000 532.52972460 63818.13571178 
-0.74000000 0.00000000 531.86412154 63818.14766902 
-0.72000000 0.00000000 529.93187071 63818.18413733 
-0.70000000 0.00000000 599.17238126 63816.36425482 
-0.68000000 0.00000000 598.68059700 63816.37971406 
-0.66000000 0.00000000 868.15467939 63800.01223049 
-0.64000000 0.00000000 866.98166817 63800.11512585 
-0.62000000 0.00000000 598.15926604 63816.39583154 
-0.60000000 0.00000000 867.10614858 63800.10442122 
-0.58000000 0.00000000 868.52338173 63799.98015159 
-0.56000000 0.00000000 599.06558998 63816.36710666 
-0.54000000 0.00000000 529.83065495 63818.18517859 
-0.52000000 0.00000000 531.72701270 63818.14923337 
-0.50000000 0.00000000 532.31470502 63818.13856257 
-0.48000000 0.00000000 532.92396211 63818.12737284 
-0.46000000 0.00000000 533.77666872 63818.11117032 
-0.44000000 0.00000000 872.43693781 63799.64357403 
-0.42000000 0.00000000 872.89990461 63799.60329891 
-0.40000000 0.00000000 534.90613114 63818.08994274 
-0.38000000 0.00000000 535.13430864 63818.08548319 
-0.36000000 0.00000000 535.20288492 63818.08409464 
-0.34000000 0.00000000 535.18785048 63818.08426825 
-0.32000000 0.00000000 535.10673200 63818.08568279 
-0.30000000 0.00000000 879.53383394 63799.00633750 
-0.28000000 0.00000000 879.42173185 63799.01593142 
-0.26000000 0.00000000 534.69501323 63818.09316613 
-0.24000000 0.00000000 534.65096390 63818.09388668 
-0.22000000 0.00000000 534.76934264 63818.09146991 
-0.20000000 0.00000000 534.95483012 63818.08788187 
-0.18000000 0.00000000 880.42012619 63798.92550257 
-0.16000000 0.00000000 880.91313307 63798.88198513 
-0.14000000 0.00000000 537.04483988 63818.04719837 
-0.12000000 0.00000000 537.89133213 63818.03095468 
-0.10000000 0.00000000 539.39756016 63818.00102124 
-0.08000000 0.00000000 541.24430631 63817.96367231 
-0.06000000 0.00000000 886.86237663 63798.35347835 
-0.04000000 0.00000000 888.68949095 63798.18990530 
-0.02000000 0.00000000 552.84258037 63817.70873949 
0.00000000 0.00000000 555.11955876 63817.65707817 
0.02000000 0.00000000 557.92744499 63817.59133775 
0.04000000 0.00000000 560.11147080 63817.53987325 
0.06000000 0.00000000 620.25020176 63815.65494395 
0.08000000 0.00000000 581.74671101 63816.95189335 
0.10000000 0.00000000 585.55154060 63816.84060273 
0.12000000 0.00000000 587.58245208 63816.78118250 
0.14000000 0.00000000 342.44874829 63818.23437304 
0.16000000 0.00000000 343.81715683 63818.26102396 
0.18000000 0.00000000 591.64547067 63816.66080976 
0.20000000 0.00000000 593.78892308 63816.59408857 
0.22000000 0.00000000 594.73045334 63816.56511919 
0.24000000 0.00000000 595.44695477 63816.54304578 
0.26000000 0.00000000 577.02901408 63817.10648062 
0.28000000 0.00000000 577.55255515 63817.09216629 
0.30000000 0.00000000 578.07633872 63817.07766553 
0.32000000 0.00000000 578.48066051 63817.06646343 
0.34000000 0.00000000 578.74972668 63817.05905430 
0.36000000 0.00000000 579.23600253 63817.04521460 
0.38000000 0.00000000 579.44422735 63817.03934294 
0.40000000 0.00000000 330.32846890 63817.99365480 
0.42000000 0.00000000 330.34716394 63817.99406215 
0.44000000 0.00000000 579.45959466 63817.03889246 
0.46000000 0.00000000 579.27019344 63817.04423206 
0.48000000 0.00000000 578.84877853 63817.05623455 
0.50000000 0.00000000 578.60382686 63817.06303511 
0.52000000 0.00000000 578.35351615 63817.06993699 
0.54000000 0.00000000 578.00634611 63817.07959117 
0.56000000 0.00000000 577.58500231 63817.09132832 
0.58000000 0.00000000 596.34176649 63816.51525076 
0.60000000 0.00000000 595.92972422 63816.52815918 
0.62000000 0.00000000 595.43234673 63816.54374130 
0.64000000 0.00000000 594.96431062 63816.55824562 
0.66000000 0.00000000 346.96342456 63818.32125721 
0.68000000 0.00000000 345.91816866 63818.30200292 
0.70000000 0.00000000 592.83815395 63816.62389938 
0.72000000 0.00000000 591.93098824 63816.65160604 
0.74000000 0.00000000 590.01555330 63816.71069352 
0.76000000 0.00000000 588.99114367 63816.74124783 
0.78000000 0.00000000 585.90382313 63816.83481492 
0.80000000 0.00000000 584.58344861 63816.87323082 
0.82000000 0.00000000 583.25968410 63816.91129092 
0.84000000 0.00000000 581.71747465 63816.95539186 
0.86000000 0.00000000 625.44800334 63815.46118765 
0.88000000 0.00000000 623.93601179 63815.51700026 
0.90000000 0.00000000 536.65453215 63818.08018617 
0.92000000 0.00000000 464.79907056 63819.02776027 
0.94000000 0.00000000 619.45009460 63815.67955572 
0.96000000 0.00000000 617.96717991 63815.73235842 
0.98000000 0.00000000 674.55099587 63813.30506820 

