-1.00000000 0.00000000 -935.46584254 60180.28297719 
-0.98000000 0.00000000 -937.60683170 60180.15465574 
-0.96000000 0.00000000 -938.83097033 60179.54584816 
-0.94000000 0.00000000 -993.90291865 60227.07683430 
-0.92000000 0.00000000 -994.02056131 60225.85292184 
-0.90000000 0.00000000 -895.31129210 60132.19189719 
-0.88000000 0.00000000 -894.66495039 60130.94954558 
-0.86000000 0.00000000 -893.65270938 60129.45002827 
-0.84000000 0.00000000 -1083.26352662 60289.46197053 
-0.82000000 0.00000000 -1084.03845477 60289.37266913 
-0.80000000 0.00000000 -933.46995082 60168.97973524 
-0.78000000 0.00000000 -870.90613284 60103.13258532 
-0.76000000 0.00000000 -870.10637692 60102.01799254 
-0.74000000 0.00000000 -869.51549383 60101.14936824 
-0.72000000 0.00000000 -867.46070219 60098.60034304 
-0.70000000 0.00000000 -936.13470769 60170.30468104 
-0.68000000 0.00000000 -935.82777626 60169.91988679 
-0.66000000 0.00000000 -1086.47721057 60287.79474707 
-0.64000000 0.00000000 -1085.76028041 60287.53499863 
-0.62000000 0.00000000 -934.75985682 60169.39137409 
-0.60000000 0.00000000 -1084.06897344 60287.67226338 
-0.58000000 0.00000000 -1083.13719879 60288.09595333 
-0.56000000 0.00000000 -933.15479993 60169.72831746 
-0.54000000 0.00000000 -864.45908553 60097.58366672 
-0.52000000 0.00000000 -865.75175343 60099.86730320 
-0.50000000 0.00000000 -865.54886526 60100.40400700 
-0.48000000 0.00000000 -865.39759641 60100.97583821 
-0.46000000 0.00000000 -865.57457237 60101.87987152 
-0.44000000 0.00000000 -1070.69495700 60289.63381667 
-0.42000000 0.00000000 -1069.47380423 60289.80753732 
-0.40000000 0.00000000 -865.21580621 60102.94189484 
-0.38000000 0.00000000 -865.20509962 60103.19058069 
-0.36000000 0.00000000 -865.14991199 60103.27724260 
-0.34000000 0.00000000 -865.11132599 60103.29408878 
-0.32000000 0.00000000 -865.07715462 60103.25497498 
-0.30000000 0.00000000 -1069.53531195 60291.81159854 
-0.28000000 0.00000000 -1069.63956172 60291.86578818 
-0.26000000 0.00000000 -864.79436514 60102.96021213 
-0.24000000 0.00000000 -864.60210010 60102.93271266 
-0.22000000 0.00000000 -864.36139327 60103.04897868 
-0.20000000 0.00000000 -863.87363672 60103.15237091 
-0.18000000 0.00000000 -1065.37088064 60292.69425857 
-0.16000000 0.00000000 -1062.34121287 60292.94665063 
-0.14000000 0.00000000 -861.14357331 60104.45950679 
-0.12000000 0.00000000 -859.08136345 60104.61888468 
-0.10000000 0.00000000 -856.88037425 60105.29659479 
-0.08000000 0.00000000 -854.13198343 60106.03769410 
-0.06000000 0.00000000 -1027.68865215 60293.90055918 
-0.04000000 0.00000000 -1016.36701611 60293.63092996 
-0.02000000 0.00000000 -845.79240862 60112.89957308 
0.00000000 0.00000000 -839.88229799 60112.43313772 
0.02000000 0.00000000 -833.83166523 60112.19011063 
0.04000000 0.00000000 -826.92826239 60110.94593837 
0.06000000 0.00000000 -855.77538029 60162.07572429 
0.08000000 0.00000000 -824.09046790 60125.32114278 
0.10000000 0.00000000 -817.81946039 60125.00573670 
0.12000000 0.00000000 -810.89733672 60123.05261275 
0.14000000 0.00000000 -509.21737208 58772.92222553 
0.16000000 0.00000000 -508.98448180 58837.06551559 
0.18000000 0.00000000 -792.18560545 60116.04986143 
0.20000000 0.00000000 -787.23947215 60114.64631787 
0.22000000 0.00000000 -781.99441276 60112.19801857 
0.24000000 0.00000000 -776.84759198 60109.54315232 
0.26000000 0.00000000 -762.80203443 60088.78543076 
0.28000000 0.00000000 -758.04915179 60085.92018710 
0.30000000 0.00000000 -753.52841458 60083.11590146 
0.32000000 0.00000000 -749.33129663 60080.37777233 
0.34000000 0.00000000 -745.65143821 60077.85864353 
0.36000000 0.00000000 -742.87054069 60076.09994608 
0.38000000 0.00000000 -740.96470456 60074.78829581 
0.40000000 0.00000000 -622.26219891 57818.94026456 
0.42000000 0.00000000 -621.63900291 57821.46092569 
0.44000000 0.00000000 -742.22688661 60075.68869782 
0.46000000 0.00000000 -744.98505115 60077.60129653 
0.48000000 0.00000000 -748.64471809 60079.99368125 
0.50000000 0.00000000 -753.18396359 60083.08267389 
0.52000000 0.00000000 -758.28771157 60086.48657956 
0.54000000 0.00000000 -763.69265112 60089.93329232 
0.56000000 0.00000000 -769.23138704 60093.30503824 
0.58000000 0.00000000 -784.28314865 60114.57837388 
0.60000000 0.00000000 -790.09200869 60117.71979723 
0.62000000 0.00000000 -795.89783393 60120.66770692 
0.64000000 0.00000000 -801.82505235 60123.55971845 
0.66000000 0.00000000 -512.52283730 58960.98800338 
0.68000000 0.00000000 -511.64931688 58923.63715608 
0.70000000 0.00000000 -820.77147288 60131.54359571 
0.72000000 0.00000000 -827.68766227 60134.08749901 
0.74000000 0.00000000 -834.35017132 60135.73529324 
0.76000000 0.00000000 -841.78437237 60138.14222433 
0.78000000 0.00000000 -848.01663690 60138.57019734 
0.80000000 0.00000000 -855.31138429 60140.43760130 
0.82000000 0.00000000 -862.40878881 60142.08337165 
0.84000000 0.00000000 -868.99360949 60143.26314084 
0.86000000 0.00000000 -906.23120321 60181.18282007 
0.88000000 0.00000000 -912.80377134 60181.93952957 
0.90000000 0.00000000 -849.48648575 60100.78696645 
0.92000000 0.00000000 -767.21135238 59975.25632630 
0.94000000 0.00000000 -928.03347125 60182.59252541 
0.96000000 0.00000000 -931.57617021 60182.35074821 
0.98000000 0.00000000 -972.89850671 60218.24536719 

