-1.00000000 0.00000000 2285.77219066 59527.96907162 
-0.98000000 0.00000000 2287.17410172 59526.20264628 
-0.96000000 0.00000000 2287.86020989 59524.91175649 
-0.94000000 0.00000000 2331.37097151 59506.72184605 
-0.92000000 0.00000000 2331.22245899 59505.96971214 
-0.90000000 0.00000000 2250.14622625 59534.96315496 
-0.88000000 0.00000000 2249.40528982 59534.84404018 
-0.86000000 0.00000000 2248.36990995 59534.88569545 
-0.84000000 0.00000000 2395.28972534 59472.16168597 
-0.82000000 0.00000000 2395.70880159 59471.53747656 
-0.80000000 0.00000000 2282.04456873 59523.67813857 
-0.78000000 0.00000000 2227.65806973 59539.59553214 
-0.76000000 0.00000000 2226.85239275 59539.67686196 
-0.74000000 0.00000000 2226.24448407 59539.71771235 
-0.72000000 0.00000000 2224.31520097 59540.07021609 
-0.70000000 0.00000000 2283.90696548 59522.32375518 
-0.68000000 0.00000000 2283.62636353 59522.37747463 
-0.66000000 0.00000000 2396.86811768 59468.95686435 
-0.64000000 0.00000000 2396.40263374 59469.35826206 
-0.62000000 0.00000000 2282.81908720 59522.95730788 
-0.60000000 0.00000000 2395.39144134 59470.70170631 
-0.58000000 0.00000000 2394.87315135 59471.62575096 
-0.56000000 0.00000000 2281.82642906 59524.36731992 
-0.54000000 0.00000000 2222.09746327 59541.90008526 
-0.52000000 0.00000000 2223.45263479 59542.00653039 
-0.50000000 0.00000000 2223.44623886 59542.41482990 
-0.48000000 0.00000000 2223.48404923 59542.80031319 
-0.46000000 0.00000000 2223.81214214 59543.09521289 
-0.44000000 0.00000000 2387.45463700 59481.67292009 
-0.42000000 0.00000000 2386.73722865 59482.67296105 
-0.40000000 0.00000000 2223.88278299 59543.87136908 
-0.38000000 0.00000000 2223.96656382 59543.99955793 
-0.36000000 0.00000000 2223.99241022 59544.08595173 
-0.34000000 0.00000000 2224.02006177 59544.12863461 
-0.32000000 0.00000000 2224.04375491 59544.14397717 
-0.30000000 0.00000000 2387.20576078 59483.78566867 
-0.28000000 0.00000000 2387.32600111 59483.77255476 
-0.26000000 0.00000000 2223.97060262 59544.26581577 
-0.24000000 0.00000000 2223.88960395 59544.42590531 
-0.22000000 0.00000000 2223.79472181 59544.69927547 
-0.20000000 0.00000000 2223.51285945 59545.16327815 
-0.18000000 0.00000000 2384.91815683 59487.71930500 
-0.16000000 0.00000000 2383.02798984 59490.21253024 
-0.14000000 0.00000000 2221.81578607 59548.06103312 
-0.12000000 0.00000000 2220.31529827 59549.79173879 
-0.10000000 0.00000000 2218.75225903 59551.88513653 
-0.08000000 0.00000000 2216.74914472 59554.42903609 
-0.06000000 0.00000000 2360.18712787 59517.20780063 
-0.04000000 0.00000000 2352.40005742 59525.63446126 
-0.02000000 0.00000000 2210.99795056 59564.33622658 
0.00000000 0.00000000 2206.23426970 59568.63719469 
0.02000000 0.00000000 2201.33221623 59573.11320556 
0.04000000 0.00000000 2195.59341920 59577.70260140 
0.06000000 0.00000000 2223.35727826 59580.73987488 
0.08000000 0.00000000 2194.50997838 59586.64788200 
0.10000000 0.00000000 2189.26031556 59591.07583755 
0.12000000 0.00000000 2183.28664309 59595.16107885 
0.14000000 0.00000000 1743.21389952 59119.36892708 
0.16000000 0.00000000 1751.02265635 59154.73887660 
0.18000000 0.00000000 2166.70190393 59605.15476714 
0.20000000 0.00000000 2162.24184948 59607.92290402 
0.22000000 0.00000000 2157.39179297 59610.38514221 
0.24000000 0.00000000 2152.55597194 59612.64586957 
0.26000000 0.00000000 2138.50725672 59612.77545784 
0.28000000 0.00000000 2133.87572186 59614.57874265 
0.30000000 0.00000000 2129.42394694 59616.22258500 
0.32000000 0.00000000 2125.25161137 59617.65933673 
0.34000000 0.00000000 2121.56398991 59618.84365085 
0.36000000 0.00000000 2118.76626611 59619.78228928 
0.38000000 0.00000000 2116.83513819 59620.37013614 
0.40000000 0.00000000 1747.33649978 58566.63150164 
0.42000000 0.00000000 1747.03899970 58568.07828151 
0.44000000 0.00000000 2118.07987286 59619.95677305 
0.46000000 0.00000000 2120.84882961 59619.08149342 
0.48000000 0.00000000 2124.50801208 59617.84567747 
0.50000000 0.00000000 2129.03129426 59616.33973398 
0.52000000 0.00000000 2134.08424990 59614.58295491 
0.54000000 0.00000000 2139.38994819 59612.61381509 
0.56000000 0.00000000 2144.77288396 59610.48122432 
0.58000000 0.00000000 2159.70913776 59609.84457440 
0.60000000 0.00000000 2165.16598482 59607.30989268 
0.62000000 0.00000000 2170.54270376 59604.64197776 
0.64000000 0.00000000 2175.95487980 59601.81759849 
0.66000000 0.00000000 1769.22279720 59219.29251646 
0.68000000 0.00000000 1763.37319910 59199.39351178 
0.70000000 0.00000000 2192.75591410 59591.93809699 
0.72000000 0.00000000 2198.73358236 59588.07316445 
0.74000000 0.00000000 2204.37472087 59583.93012213 
0.76000000 0.00000000 2210.65398885 59579.53534325 
0.78000000 0.00000000 2215.73471767 59575.04801154 
0.80000000 0.00000000 2221.73877999 59570.41731408 
0.82000000 0.00000000 2227.50387467 59565.79150623 
0.84000000 0.00000000 2232.76053033 59561.29621010 
0.86000000 0.00000000 2264.87942946 59551.46535608 
0.88000000 0.00000000 2269.85371667 59546.71762111 
0.90000000 0.00000000 2212.82126337 59555.29678845 
0.92000000 0.00000000 2130.63866224 59557.30722085 
0.94000000 0.00000000 2280.96266010 59535.06728345 
0.96000000 0.00000000 2283.41537381 59532.13717407 
0.98000000 0.00000000 2316.41616724 59518.48687718 

