-1.00000000 0.00000000 2110.16688729 59583.10911383 
-0.98000000 0.00000000 2111.73711168 59582.13145587 
-0.96000000 0.00000000 2112.61843238 59581.22501606 
-0.94000000 0.00000000 2151.70426732 59588.15387096 
-0.92000000 0.00000000 2151.78695423 59587.31400014 
-0.90000000 0.00000000 2080.06273255 59569.88449167 
-0.88000000 0.00000000 2079.50861253 59569.35047761 
-0.86000000 0.00000000 2078.67777506 59568.81263073 
-0.84000000 0.00000000 2210.89210066 59591.50635787 
-0.82000000 0.00000000 2211.38585430 59591.13799230 
-0.80000000 0.00000000 2108.36560812 59576.67782189 
-0.78000000 0.00000000 2060.92939794 59561.93697060 
-0.76000000 0.00000000 2060.26626520 59561.57093520 
-0.74000000 0.00000000 2059.77123744 59561.27423861 
-0.72000000 0.00000000 2058.13665839 59560.55268212 
-0.70000000 0.00000000 2110.20139765 59576.39076485 
-0.68000000 0.00000000 2109.96545412 59576.28470072 
-0.66000000 0.00000000 2212.97233134 59589.26552047 
-0.64000000 0.00000000 2212.50308726 59589.38631635 
-0.62000000 0.00000000 2109.17525756 59576.40720434 
-0.60000000 0.00000000 2211.36131376 59590.12147865 
-0.58000000 0.00000000 2210.71508441 59590.73455097 
-0.56000000 0.00000000 2108.02248623 59577.26009636 
-0.54000000 0.00000000 2055.88565934 59561.16515539 
-0.52000000 0.00000000 2056.94298408 59562.02990454 
-0.50000000 0.00000000 2056.83108508 59562.43847697 
-0.48000000 0.00000000 2056.76030620 59562.84844282 
-0.46000000 0.00000000 2056.94531339 59563.32887304 
-0.44000000 0.00000000 2202.29396095 59596.33449701 
-0.42000000 0.00000000 2201.47126314 59596.90455923 
-0.40000000 0.00000000 2056.79431908 59564.14695594 
-0.38000000 0.00000000 2056.82511571 59564.32035651 
-0.36000000 0.00000000 2056.81979290 59564.41857192 
-0.34000000 0.00000000 2056.82669592 59564.47310276 
-0.32000000 0.00000000 2056.83698682 59564.49734658 
-0.30000000 0.00000000 2201.53011187 59598.28125013 
-0.28000000 0.00000000 2201.62218542 59598.33521019 
-0.26000000 0.00000000 2056.73042026 59564.56510625 
-0.24000000 0.00000000 2056.61847049 59564.67749052 
-0.22000000 0.00000000 2056.46653136 59564.89774629 
-0.20000000 0.00000000 2056.11643217 59565.20803659 
-0.18000000 0.00000000 2198.68440046 59600.83114660 
-0.16000000 0.00000000 2196.55420231 59602.20117667 
-0.14000000 0.00000000 2054.00637697 59567.20503642 
-0.12000000 0.00000000 2052.36252140 59568.13206024 
-0.10000000 0.00000000 2050.57941929 59569.39830067 
-0.08000000 0.00000000 2048.33238913 59570.88323575 
-0.06000000 0.00000000 2171.70300807 59615.79511843 
-0.04000000 0.00000000 2163.44356838 59619.70786796 
-0.02000000 0.00000000 2041.25174080 59577.84247382 
0.00000000 0.00000000 2036.35977923 59579.61286251 
0.02000000 0.00000000 2031.31512489 59581.49769064 
0.04000000 0.00000000 2025.56899360 59583.04798680 
0.06000000 0.00000000 2047.18898325 59601.61720204 
0.08000000 0.00000000 2022.53411893 59591.67540313 
0.10000000 0.00000000 2017.23095591 59593.35272229 
0.12000000 0.00000000 2011.42478976 59594.29140984 
0.14000000 0.00000000 1732.48146897 58868.89208910 
0.16000000 0.00000000 1732.69510675 58910.24613241 
0.18000000 0.00000000 1995.62299630 59595.58432133 
0.20000000 0.00000000 1991.35609947 59596.03864134 
0.22000000 0.00000000 1986.84616142 59595.97533356 
0.24000000 0.00000000 1982.39651039 59595.72190126 
0.26000000 0.00000000 1970.94076876 59588.31673017 
0.28000000 0.00000000 1966.75931782 59587.72928830 
0.30000000 0.00000000 1962.76161035 59587.07986368 
0.32000000 0.00000000 1959.03893293 59586.36976961 
0.34000000 0.00000000 1955.76823306 59585.65824066 
0.36000000 0.00000000 1953.27820545 59585.16414767 
0.38000000 0.00000000 1951.57322198 59584.76214970 
0.40000000 0.00000000 1848.21814020 58285.57617259 
0.42000000 0.00000000 1847.62180131 58286.94344718 
0.44000000 0.00000000 1952.68414523 59584.98909728 
0.46000000 0.00000000 1955.13837550 59585.53566041 
0.48000000 0.00000000 1958.39838283 59586.17858291 
0.50000000 0.00000000 1962.42249869 59587.00226400 
0.52000000 0.00000000 1966.93382558 59587.85286285 
0.54000000 0.00000000 1971.69856622 59588.62585788 
0.56000000 0.00000000 1976.56352822 59589.28044590 
0.58000000 0.00000000 1988.84365876 59596.66151296 
0.60000000 0.00000000 1993.85595683 59596.97638040 
0.62000000 0.00000000 1998.83583526 59597.12287723 
0.64000000 0.00000000 2003.88255694 59597.14011541 
0.66000000 0.00000000 1736.69847235 58987.52271205 
0.68000000 0.00000000 1735.33294569 58963.57531178 
0.70000000 0.00000000 2019.81644895 59596.12960361 
0.72000000 0.00000000 2025.56871431 59595.43874565 
0.74000000 0.00000000 2031.11595725 59594.28956722 
0.76000000 0.00000000 2037.23794193 59593.25007935 
0.78000000 0.00000000 2042.41762698 59591.46284462 
0.80000000 0.00000000 2048.37579149 59590.05740926 
0.82000000 0.00000000 2054.14121279 59588.53862327 
0.84000000 0.00000000 2059.46749653 59586.88254735 
0.86000000 0.00000000 2087.59282318 59595.02968869 
0.88000000 0.00000000 2092.74457553 59593.02624705 
0.90000000 0.00000000 2044.94588794 59569.55827543 
0.92000000 0.00000000 1977.72687848 59526.49733316 
0.94000000 0.00000000 2104.52629204 59587.53708507 
0.96000000 0.00000000 2107.22288984 59585.97356478 
0.98000000 0.00000000 2136.85587539 59591.26553427 

