-1.00000000 0.00000000 314.23551844 63803.65245079 
-0.98000000 0.00000000 314.23554004 63803.65245133 
-0.96000000 0.00000000 314.23560174 63803.65245287 
-0.94000000 0.00000000 314.22952415 63803.65230035 
-0.92000000 0.00000000 314.22969682 63803.65230468 
-0.90000000 0.00000000 314.23965720 63803.65255462 
-0.88000000 0.00000000 314.23972654 63803.65255635 
-0.86000000 0.00000000 314.23981248 63803.65255850 
-0.84000000 0.00000000 314.21525209 63803.65194214 
-0.82000000 0.00000000 314.21523412 63803.65194168 
-0.80000000 0.00000000 314.23650870 63803.65247559 
-0.78000000 0.00000000 314.24144054 63803.65259934 
-0.76000000 0.00000000 314.24148857 63803.65260054 
-0.74000000 0.00000000 314.24152310 63803.65260140 
-0.72000000 0.00000000 314.24165642 63803.65260475 
-0.70000000 0.00000000 314.23630965 63803.65247057 
-0.68000000 0.00000000 314.23633647 63803.65247124 
-0.66000000 0.00000000 314.21552480 63803.65194895 
-0.64000000 0.00000000 314.21561135 63803.65195112 
-0.62000000 0.00000000 314.23636430 63803.65247194 
-0.60000000 0.00000000 314.21560539 63803.65195097 
-0.58000000 0.00000000 314.21550345 63803.65194842 
-0.56000000 0.00000000 314.23631713 63803.65247076 
-0.54000000 0.00000000 314.24166349 63803.65260492 
-0.52000000 0.00000000 314.24153271 63803.65260164 
-0.50000000 0.00000000 314.24150328 63803.65260091 
-0.48000000 0.00000000 314.24147178 63803.65260012 
-0.46000000 0.00000000 314.24142021 63803.65259883 
-0.44000000 0.00000000 314.21529791 63803.65194328 
-0.42000000 0.00000000 314.21527156 63803.65194262 
-0.40000000 0.00000000 314.24136141 63803.65259736 
-0.38000000 0.00000000 314.24134762 63803.65259702 
-0.36000000 0.00000000 314.24134346 63803.65259691 
-0.34000000 0.00000000 314.24134349 63803.65259691 
-0.32000000 0.00000000 314.24134691 63803.65259700 
-0.30000000 0.00000000 314.21476181 63803.65192983 
-0.28000000 0.00000000 314.21476634 63803.65192994 
-0.26000000 0.00000000 314.24136702 63803.65259750 
-0.24000000 0.00000000 314.24136817 63803.65259753 
-0.22000000 0.00000000 314.24135903 63803.65259730 
-0.20000000 0.00000000 314.24134773 63803.65259702 
-0.18000000 0.00000000 314.21469291 63803.65192810 
-0.16000000 0.00000000 314.21466592 63803.65192743 
-0.14000000 0.00000000 314.24122087 63803.65259384 
-0.12000000 0.00000000 314.24117726 63803.65259275 
-0.10000000 0.00000000 314.24108846 63803.65259053 
-0.08000000 0.00000000 314.24097903 63803.65258779 
-0.06000000 0.00000000 314.21434125 63803.65191931 
-0.04000000 0.00000000 314.21424268 63803.65191684 
-0.02000000 0.00000000 314.24021362 63803.65256862 
0.00000000 0.00000000 314.24008798 63803.65256548 
0.02000000 0.00000000 314.23992317 63803.65256135 
0.04000000 0.00000000 314.23980681 63803.65255844 
0.06000000 0.00000000 314.23522445 63803.65244347 
0.08000000 0.00000000 314.23824000 63803.65251915 
0.10000000 0.00000000 314.23799246 63803.65251295 
0.12000000 0.00000000 314.23787757 63803.65251008 
0.14000000 0.00000000 314.25678294 63803.65298446 
0.16000000 0.00000000 314.25670998 63803.65298264 
0.18000000 0.00000000 314.23766159 63803.65250468 
0.20000000 0.00000000 314.23751983 63803.65250113 
0.22000000 0.00000000 314.23746685 63803.65249980 
0.24000000 0.00000000 314.23742797 63803.65249883 
0.26000000 0.00000000 314.23886052 63803.65253478 
0.28000000 0.00000000 314.23883166 63803.65253406 
0.30000000 0.00000000 314.23880095 63803.65253329 
0.32000000 0.00000000 314.23877784 63803.65253271 
0.34000000 0.00000000 314.23876361 63803.65253236 
0.36000000 0.00000000 314.23873108 63803.65253154 
0.38000000 0.00000000 314.23871833 63803.65253122 
0.40000000 0.00000000 314.25789374 63803.65301237 
0.42000000 0.00000000 314.25789219 63803.65301233 
0.44000000 0.00000000 314.23871690 63803.65253119 
0.46000000 0.00000000 314.23872825 63803.65253147 
0.48000000 0.00000000 314.23875620 63803.65253217 
0.50000000 0.00000000 314.23876955 63803.65253251 
0.52000000 0.00000000 314.23878255 63803.65253283 
0.54000000 0.00000000 314.23880242 63803.65253333 
0.56000000 0.00000000 314.23882747 63803.65253395 
0.58000000 0.00000000 314.23737446 63803.65249749 
0.60000000 0.00000000 314.23739742 63803.65249807 
0.62000000 0.00000000 314.23742591 63803.65249878 
0.64000000 0.00000000 314.23745072 63803.65249940 
0.66000000 0.00000000 314.25652742 63803.65297807 
0.68000000 0.00000000 314.25659272 63803.65297971 
0.70000000 0.00000000 314.23756895 63803.65250235 
0.72000000 0.00000000 314.23761892 63803.65250360 
0.74000000 0.00000000 314.23774409 63803.65250674 
0.76000000 0.00000000 314.23779822 63803.65250809 
0.78000000 0.00000000 314.23800912 63803.65251338 
0.80000000 0.00000000 314.23808197 63803.65251520 
0.82000000 0.00000000 314.23815346 63803.65251699 
0.84000000 0.00000000 314.23824046 63803.65251916 
0.86000000 0.00000000 314.23483802 63803.65243377 
0.88000000 0.00000000 314.23492100 63803.65243585 
0.90000000 0.00000000 314.24161079 63803.65260372 
0.92000000 0.00000000 314.24710821 63803.65274165 
0.94000000 0.00000000 314.23516443 63803.65244193 
0.96000000 0.00000000 314.23524502 63803.65244395 
0.98000000 0.00000000 314.23084974 63803.65233364 

