-1.00000000 0.00000000 2043.28488267 58903.19558636 
-0.98000000 0.00000000 2043.67358470 58903.82742978 
-0.96000000 0.00000000 2044.02806787 58904.06268792 
-0.94000000 0.00000000 2041.78588735 58928.86250815 
-0.92000000 0.00000000 2042.09150980 58928.65793275 
-0.90000000 0.00000000 2047.65872723 58881.61567112 
-0.88000000 0.00000000 2047.86067897 58881.08272551 
-0.86000000 0.00000000 2048.05558764 58880.38951761 
-0.84000000 0.00000000 2040.16903752 58964.16561201 
-0.82000000 0.00000000 2040.28493247 58964.34449441 
-0.80000000 0.00000000 2045.72421248 58899.95966993 
-0.78000000 0.00000000 2050.18196950 58867.84230688 
-0.76000000 0.00000000 2050.30561742 58867.31968058 
-0.74000000 0.00000000 2050.40671419 58866.92098224 
-0.72000000 0.00000000 2050.63013745 58865.73719393 
-0.70000000 0.00000000 2045.85960093 58900.87783979 
-0.68000000 0.00000000 2045.89439874 58900.70477346 
-0.66000000 0.00000000 2040.85074631 58964.78892377 
-0.64000000 0.00000000 2040.81676269 58964.54377804 
-0.62000000 0.00000000 2045.83567907 58900.27704531 
-0.60000000 0.00000000 2040.59520613 58964.04208088 
-0.58000000 0.00000000 2040.40785007 58963.79985515 
-0.56000000 0.00000000 2045.50745249 58899.85615439 
-0.54000000 0.00000000 2050.30186744 58864.65980668 
-0.52000000 0.00000000 2050.00481147 58865.55323247 
-0.50000000 0.00000000 2049.84069364 58865.63268713 
-0.48000000 0.00000000 2049.67728196 58865.73778679 
-0.46000000 0.00000000 2049.49592263 58866.01312665 
-0.44000000 0.00000000 2038.73676143 58960.13415207 
-0.42000000 0.00000000 2038.56258500 58959.79189879 
-0.40000000 0.00000000 2049.16071863 58866.25240822 
-0.38000000 0.00000000 2049.08782095 58866.35344226 
-0.36000000 0.00000000 2049.04093684 58866.41371952 
-0.34000000 0.00000000 2049.00962304 58866.47093996 
-0.32000000 0.00000000 2048.98830185 58866.52415163 
-0.30000000 0.00000000 2038.06716754 58960.29496714 
-0.28000000 0.00000000 2038.03055195 58960.40381001 
-0.26000000 0.00000000 2048.91086017 58866.61772235 
-0.24000000 0.00000000 2048.84513557 58866.63254182 
-0.22000000 0.00000000 2048.73616159 58866.65305818 
-0.20000000 0.00000000 2048.58594353 58866.57821756 
-0.18000000 0.00000000 2037.13822293 58959.41821856 
-0.16000000 0.00000000 2036.69286604 58958.47928138 
-0.14000000 0.00000000 2047.70382663 58865.96463717 
-0.12000000 0.00000000 2047.28413649 58865.24420477 
-0.10000000 0.00000000 2046.73783675 58864.50809039 
-0.08000000 0.00000000 2046.09933798 58863.52861093 
-0.06000000 0.00000000 2032.40231926 58946.52939761 
-0.04000000 0.00000000 2031.16583508 58942.36258509 
-0.02000000 0.00000000 2043.30353139 58860.84159324 
0.00000000 0.00000000 2042.48660966 58858.25368458 
0.02000000 0.00000000 2041.62410068 58855.58041399 
0.04000000 0.00000000 2040.85041354 58852.39398418 
0.06000000 0.00000000 2035.28650592 58869.28648016 
0.08000000 0.00000000 2037.76281593 58852.26028734 
0.10000000 0.00000000 2036.98466667 58849.32116166 
0.12000000 0.00000000 2036.43454546 58845.91289674 
0.14000000 0.00000000 2259.20840126 58567.88773477 
0.16000000 0.00000000 2245.85337575 58570.13182784 
0.18000000 0.00000000 2035.36864899 58836.26396375 
0.20000000 0.00000000 2035.06387161 58833.61283363 
0.22000000 0.00000000 2034.92973942 58830.67916530 
0.24000000 0.00000000 2034.87307085 58827.71123483 
0.26000000 0.00000000 2036.82495269 58819.01211127 
0.28000000 0.00000000 2036.90340553 58816.08403009 
0.30000000 0.00000000 2037.01706443 58813.24223778 
0.32000000 0.00000000 2037.16373559 58810.55886379 
0.34000000 0.00000000 2037.32550455 58808.17310272 
0.36000000 0.00000000 2037.44017728 58806.34997354 
0.38000000 0.00000000 2037.54164701 58805.08580254 
0.40000000 0.00000000 2411.91703835 58673.46383741 
0.42000000 0.00000000 2411.68095915 58672.90789201 
0.44000000 0.00000000 2037.51558134 58805.86126016 
0.46000000 0.00000000 2037.39826557 58807.64716393 
0.48000000 0.00000000 2037.26595629 58810.00656119 
0.50000000 0.00000000 2037.09570655 58812.91217551 
0.52000000 0.00000000 2036.93108010 58816.14329862 
0.54000000 0.00000000 2036.80202136 58819.51622849 
0.56000000 0.00000000 2036.72098746 58822.91215758 
0.58000000 0.00000000 2034.78813374 58832.14256654 
0.60000000 0.00000000 2034.83587005 58835.49638059 
0.62000000 0.00000000 2034.95013660 58838.75856446 
0.64000000 0.00000000 2035.12178607 58841.99787913 
0.66000000 0.00000000 2221.72158061 58577.70513043 
0.68000000 0.00000000 2229.67404201 58574.83989755 
0.70000000 0.00000000 2036.06852369 58851.79784752 
0.72000000 0.00000000 2036.52556516 58855.21352772 
0.74000000 0.00000000 2037.12793818 58858.39366551 
0.76000000 0.00000000 2037.71230875 58861.92745230 
0.78000000 0.00000000 2038.51494095 58864.71965718 
0.80000000 0.00000000 2039.21204061 58868.04361366 
0.82000000 0.00000000 2039.93765822 58871.20848680 
0.84000000 0.00000000 2040.69386886 58874.05913201 
0.86000000 0.00000000 2038.59665481 58892.68822532 
0.88000000 0.00000000 2039.40535637 58895.32981357 
0.90000000 0.00000000 2046.44877142 58861.32159454 
0.92000000 0.00000000 2059.05507412 58810.48333506 
0.94000000 0.00000000 2041.57636740 58901.04583704 
0.96000000 0.00000000 2042.18707336 58902.24097950 
0.98000000 0.00000000 2040.61836645 58921.00989868 

