-1.00000000 0.00000000 3443.98790899 62796.31690184 
-0.98000000 0.00000000 3436.81471767 62801.32029021 
-0.96000000 0.00000000 3425.08462245 62809.66894238 
-0.94000000 0.00000000 4098.93083454 62227.03595180 
-0.92000000 0.00000000 4077.69157571 62248.07197728 
-0.90000000 0.00000000 2908.60588988 63144.78602456 
-0.88000000 0.00000000 2896.07436412 63151.73670453 
-0.86000000 0.00000000 2881.59272795 63159.75392026 
-0.84000000 0.00000000 5258.00928331 60576.22279722 
-0.82000000 0.00000000 5257.52135385 60576.76845001 
-0.80000000 0.00000000 3288.68884948 62904.92200818 
-0.78000000 0.00000000 2655.45219833 63279.49462950 
-0.76000000 0.00000000 2646.16078383 63284.00041925 
-0.74000000 0.00000000 2638.79368018 63287.53427487 
-0.72000000 0.00000000 2618.43630820 63297.47257456 
-0.70000000 0.00000000 3300.55218285 62895.93238521 
-0.68000000 0.00000000 3295.59068980 62899.25464725 
-0.66000000 0.00000000 5229.80254145 60630.42887985 
-0.64000000 0.00000000 5224.09018921 60641.82002331 
-0.62000000 0.00000000 3290.33477469 62902.75164495 
-0.60000000 0.00000000 5224.79888918 60640.50175965 
-0.58000000 0.00000000 5231.78210301 60626.63947455 
-0.56000000 0.00000000 3299.63628974 62896.53182974 
-0.54000000 0.00000000 2617.52699225 63297.86297743 
-0.52000000 0.00000000 2637.55156774 63288.08209375 
-0.50000000 0.00000000 2644.13435343 63284.92338726 
-0.48000000 0.00000000 2650.91799436 63281.64985093 
-0.46000000 0.00000000 2660.14435495 63277.12738445 
-0.44000000 0.00000000 5252.71035692 60586.49274825 
-0.42000000 0.00000000 5255.11320126 60581.79006848 
-0.40000000 0.00000000 2672.67276977 63271.01091614 
-0.38000000 0.00000000 2675.13263096 63269.78903388 
-0.36000000 0.00000000 2675.86684488 63269.41970189 
-0.34000000 0.00000000 2675.66642915 63269.50634641 
-0.32000000 0.00000000 2674.72944271 63269.95288653 
-0.30000000 0.00000000 5285.90470743 60517.51703639 
-0.28000000 0.00000000 5285.28186465 60518.71134113 
-0.26000000 0.00000000 2670.07123108 63272.20102088 
-0.24000000 0.00000000 2669.52077464 63272.45579032 
-0.22000000 0.00000000 2670.70413802 63271.85170525 
-0.20000000 0.00000000 2672.67311315 63270.87308739 
-0.18000000 0.00000000 5289.83536502 60509.03609512 
-0.16000000 0.00000000 5292.31731309 60504.01796491 
-0.14000000 0.00000000 2695.07705510 63259.71650650 
-0.12000000 0.00000000 2704.40255874 63255.09195877 
-0.10000000 0.00000000 2720.62322452 63246.91773871 
-0.08000000 0.00000000 2740.46147967 63236.82297557 
-0.06000000 0.00000000 5322.07515859 60443.19691392 
-0.04000000 0.00000000 5331.11559528 60424.44606966 
-0.02000000 0.00000000 2861.56182483 63172.33774028 
0.00000000 0.00000000 2885.94356842 63159.05719921 
0.02000000 0.00000000 2915.59277595 63142.61383530 
0.04000000 0.00000000 2938.96720753 63129.56880447 
0.06000000 0.00000000 3512.09796141 62747.05200477 
0.08000000 0.00000000 3153.56242804 62999.26745698 
0.10000000 0.00000000 3191.53474168 62975.00343139 
0.12000000 0.00000000 3212.26387171 62961.71737056 
0.14000000 0.00000000 567.24754681 63814.96882728 
0.16000000 0.00000000 584.14681102 63814.53771913 
0.18000000 0.00000000 3253.96418336 62934.70584076 
0.20000000 0.00000000 3274.98082572 62920.65762861 
0.22000000 0.00000000 3284.47525733 62914.34418752 
0.24000000 0.00000000 3291.73312100 62909.50986593 
0.26000000 0.00000000 3116.16025335 63025.30304463 
0.28000000 0.00000000 3121.58101276 63021.96976263 
0.30000000 0.00000000 3126.94414246 63018.64863673 
0.32000000 0.00000000 3131.10041326 63016.07290206 
0.34000000 0.00000000 3133.90062129 63014.34275820 
0.36000000 0.00000000 3138.74737474 63011.29212253 
0.38000000 0.00000000 3140.85704893 63009.97072570 
0.40000000 0.00000000 433.42659795 63817.69349839 
0.42000000 0.00000000 433.63236389 63817.69341037 
0.44000000 0.00000000 3140.98029131 63009.88813990 
0.46000000 0.00000000 3139.04234118 63011.09949367 
0.48000000 0.00000000 3134.82283121 63013.75381857 
0.50000000 0.00000000 3132.27418788 63015.33264790 
0.52000000 0.00000000 3129.64948715 63016.95219637 
0.54000000 0.00000000 3126.07004110 63019.17118345 
0.56000000 0.00000000 3121.75603458 63021.84768030 
0.58000000 0.00000000 3300.53755617 62903.58699392 
0.60000000 0.00000000 3296.38057550 62906.38025675 
0.62000000 0.00000000 3291.38339190 62909.73688081 
0.64000000 0.00000000 3286.61394364 62912.91799934 
0.66000000 0.00000000 622.29407938 63813.38838720 
0.68000000 0.00000000 609.70986359 63813.85766535 
0.70000000 0.00000000 3265.06635166 62927.24072670 
0.72000000 0.00000000 3255.83185425 62933.32999031 
0.74000000 0.00000000 3236.92513692 62945.86313850 
0.76000000 0.00000000 3226.37530632 62952.70662692 
0.78000000 0.00000000 3196.03729812 62972.55488943 
0.80000000 0.00000000 3182.45586684 62981.20987319 
0.82000000 0.00000000 3168.76365992 62989.86605949 
0.84000000 0.00000000 3152.90204436 62999.85013326 
0.86000000 0.00000000 3559.16539957 62711.01546093 
0.88000000 0.00000000 3544.49746052 62722.10338429 
0.90000000 0.00000000 2702.56114728 63258.82033746 
0.92000000 0.00000000 1940.66944712 63575.39516056 
0.94000000 0.00000000 3500.69270390 62754.73990400 
0.96000000 0.00000000 3486.15134415 62765.42663642 
0.98000000 0.00000000 3975.83111265 62349.22312396 

