-1.00000000 0.00000000 314.14056919 63807.14736908 
-0.98000000 0.00000000 314.14065636 63807.14737124 
-0.96000000 0.00000000 314.14087874 63807.14737680 
-0.94000000 0.00000000 314.12029148 63807.14685996 
-0.92000000 0.00000000 314.12088840 63807.14687493 
-0.90000000 0.00000000 314.15465958 63807.14772265 
-0.88000000 0.00000000 314.15490477 63807.14772879 
-0.86000000 0.00000000 314.15520563 63807.14773632 
-0.84000000 0.00000000 314.07196833 63807.14564642 
-0.82000000 0.00000000 314.07191612 63807.14564509 
-0.80000000 0.00000000 314.14403386 63807.14745586 
-0.78000000 0.00000000 314.16075832 63807.14787563 
-0.76000000 0.00000000 314.16092907 63807.14787990 
-0.74000000 0.00000000 314.16105367 63807.14788301 
-0.72000000 0.00000000 314.16151253 63807.14789452 
-0.70000000 0.00000000 314.14339598 63807.14743979 
-0.68000000 0.00000000 314.14349190 63807.14744219 
-0.66000000 0.00000000 314.07295519 63807.14567110 
-0.64000000 0.00000000 314.07325045 63807.14567851 
-0.62000000 0.00000000 314.14359183 63807.14744468 
-0.60000000 0.00000000 314.07322873 63807.14567797 
-0.58000000 0.00000000 314.07287979 63807.14566921 
-0.56000000 0.00000000 314.14342200 63807.14744044 
-0.54000000 0.00000000 314.16153725 63807.14789514 
-0.52000000 0.00000000 314.16108722 63807.14788385 
-0.50000000 0.00000000 314.16098047 63807.14788119 
-0.48000000 0.00000000 314.16086685 63807.14787835 
-0.46000000 0.00000000 314.16068580 63807.14787381 
-0.44000000 0.00000000 314.07213999 63807.14565070 
-0.42000000 0.00000000 314.07204642 63807.14564836 
-0.40000000 0.00000000 314.16047383 63807.14786851 
-0.38000000 0.00000000 314.16042532 63807.14786730 
-0.36000000 0.00000000 314.16041063 63807.14786693 
-0.34000000 0.00000000 314.16041110 63807.14786694 
-0.32000000 0.00000000 314.16042379 63807.14786726 
-0.30000000 0.00000000 314.07031627 63807.14560491 
-0.28000000 0.00000000 314.07033330 63807.14560534 
-0.26000000 0.00000000 314.16049654 63807.14786908 
-0.24000000 0.00000000 314.16050123 63807.14786919 
-0.22000000 0.00000000 314.16047001 63807.14786841 
-0.20000000 0.00000000 314.16043013 63807.14786741 
-0.18000000 0.00000000 314.07008152 63807.14559902 
-0.16000000 0.00000000 314.06998481 63807.14559660 
-0.14000000 0.00000000 314.15998418 63807.14785625 
-0.12000000 0.00000000 314.15982650 63807.14785231 
-0.10000000 0.00000000 314.15951314 63807.14784446 
-0.08000000 0.00000000 314.15912737 63807.14783481 
-0.06000000 0.00000000 314.06882253 63807.14556751 
-0.04000000 0.00000000 314.06846909 63807.14555867 
-0.02000000 0.00000000 314.15647535 63807.14776834 
0.00000000 0.00000000 314.15602712 63807.14775713 
0.02000000 0.00000000 314.15544535 63807.14774257 
0.04000000 0.00000000 314.15502758 63807.14773213 
0.06000000 0.00000000 314.13947294 63807.14734173 
0.08000000 0.00000000 314.14967203 63807.14759778 
0.10000000 0.00000000 314.14881242 63807.14757624 
0.12000000 0.00000000 314.14840418 63807.14756602 
0.14000000 0.00000000 314.21246635 63807.14917363 
0.16000000 0.00000000 314.21220434 63807.14916708 
0.18000000 0.00000000 314.14762801 63807.14754662 
0.20000000 0.00000000 314.14713682 63807.14753431 
0.22000000 0.00000000 314.14694824 63807.14752959 
0.24000000 0.00000000 314.14680892 63807.14752611 
0.26000000 0.00000000 314.15165818 63807.14764783 
0.28000000 0.00000000 314.15155501 63807.14764525 
0.30000000 0.00000000 314.15144644 63807.14764254 
0.32000000 0.00000000 314.15136439 63807.14764048 
0.34000000 0.00000000 314.15131312 63807.14763920 
0.36000000 0.00000000 314.15120055 63807.14763638 
0.38000000 0.00000000 314.15115579 63807.14763526 
0.40000000 0.00000000 314.21614925 63807.14926617 
0.42000000 0.00000000 314.21614401 63807.14926603 
0.44000000 0.00000000 314.15115092 63807.14763514 
0.46000000 0.00000000 314.15119084 63807.14763614 
0.48000000 0.00000000 314.15128759 63807.14763856 
0.50000000 0.00000000 314.15133535 63807.14763976 
0.52000000 0.00000000 314.15138226 63807.14764093 
0.54000000 0.00000000 314.15145275 63807.14764269 
0.56000000 0.00000000 314.15154107 63807.14764490 
0.58000000 0.00000000 314.14661981 63807.14752137 
0.60000000 0.00000000 314.14670171 63807.14752342 
0.62000000 0.00000000 314.14680281 63807.14752595 
0.64000000 0.00000000 314.14689210 63807.14752818 
0.66000000 0.00000000 314.21155775 63807.14915091 
0.68000000 0.00000000 314.21178604 63807.14915663 
0.70000000 0.00000000 314.14731376 63807.14753873 
0.72000000 0.00000000 314.14749224 63807.14754320 
0.74000000 0.00000000 314.14792670 63807.14755408 
0.76000000 0.00000000 314.14812146 63807.14755895 
0.78000000 0.00000000 314.14884854 63807.14757718 
0.80000000 0.00000000 314.14910858 63807.14758369 
0.82000000 0.00000000 314.14936472 63807.14759009 
0.84000000 0.00000000 314.14967404 63807.14759783 
0.86000000 0.00000000 314.13815650 63807.14730870 
0.88000000 0.00000000 314.13845297 63807.14731611 
0.90000000 0.00000000 314.16114315 63807.14788562 
0.92000000 0.00000000 314.17979194 63807.14835360 
0.94000000 0.00000000 314.13932449 63807.14733791 
0.96000000 0.00000000 314.13961292 63807.14734513 
0.98000000 0.00000000 314.12473032 63807.14697149 

