-1.00000000 0.00000000 -1354.84099357 58188.42320641 
-0.98000000 0.00000000 -1354.01732980 58190.15694435 
-0.96000000 0.00000000 -1353.74020556 58191.34820273 
-0.94000000 0.00000000 -1317.97055415 58215.38927957 
-0.92000000 0.00000000 -1318.31959842 58215.94086917 
-0.90000000 0.00000000 -1386.80764017 58175.16149722 
-0.88000000 0.00000000 -1387.56968243 58175.10695218 
-0.86000000 0.00000000 -1388.56684728 58174.85856321 
-0.84000000 0.00000000 -1268.31912038 58256.28494006 
-0.82000000 0.00000000 -1268.10017468 58256.84254768 
-0.80000000 0.00000000 -1359.69613144 58191.07440626 
-0.78000000 0.00000000 -1407.17774323 58166.75207303 
-0.76000000 0.00000000 -1407.94114190 58166.52263835 
-0.74000000 0.00000000 -1408.52377289 58166.36650442 
-0.72000000 0.00000000 -1410.29035881 58165.68891626 
-0.70000000 0.00000000 -1358.33827359 58192.55157924 
-0.68000000 0.00000000 -1358.59034214 58192.44617177 
-0.66000000 0.00000000 -1267.69317135 58259.00616235 
-0.64000000 0.00000000 -1268.01566873 58258.59941288 
-0.62000000 0.00000000 -1359.19130950 58191.80245491 
-0.60000000 0.00000000 -1268.60454421 58257.36602552 
-0.58000000 0.00000000 -1268.85053414 58256.55888428 
-0.56000000 0.00000000 -1359.72994460 58190.45313840 
-0.54000000 0.00000000 -1411.87885471 58163.70049624 
-0.52000000 0.00000000 -1410.52990507 58163.87675908 
-0.50000000 0.00000000 -1410.40789230 58163.53123612 
-0.48000000 0.00000000 -1410.24938344 58163.21387568 
-0.46000000 0.00000000 -1409.83682095 58163.03047271 
-0.44000000 0.00000000 -1273.11310329 58247.35491483 
-0.42000000 0.00000000 -1273.51364493 58246.44201427 
-0.40000000 0.00000000 -1409.51132615 58162.39164896 
-0.38000000 0.00000000 -1409.38204420 58162.30063617 
-0.36000000 0.00000000 -1409.32030666 58162.23317919 
-0.34000000 0.00000000 -1409.26888289 58162.20265258 
-0.32000000 0.00000000 -1409.22845217 58162.19397365 
-0.30000000 0.00000000 -1272.76576932 58245.72813563 
-0.28000000 0.00000000 -1272.64633670 58245.76567633 
-0.26000000 0.00000000 -1409.21983733 58162.07065442 
-0.24000000 0.00000000 -1409.23629450 58161.91487685 
-0.22000000 0.00000000 -1409.23398676 58161.65870136 
-0.20000000 0.00000000 -1409.35863311 58161.20171991 
-0.18000000 0.00000000 -1273.80045264 58242.22047334 
-0.16000000 0.00000000 -1274.89681636 58239.89303987 
-0.14000000 0.00000000 -1410.14149648 58158.36615145 
-0.12000000 0.00000000 -1411.09536091 58156.57662238 
-0.10000000 0.00000000 -1412.01348045 58154.46042248 
-0.08000000 0.00000000 -1413.23538261 58151.86582807 
-0.06000000 0.00000000 -1288.99338983 58213.92461985 
-0.04000000 0.00000000 -1293.98925353 58205.57719153 
-0.02000000 0.00000000 -1416.05384816 58142.15444563 
0.00000000 0.00000000 -1419.46680792 58137.46118582 
0.02000000 0.00000000 -1422.97035216 58132.57558486 
0.04000000 0.00000000 -1427.25575294 58127.40395705 
0.06000000 0.00000000 -1399.76620591 58130.84216727 
0.08000000 0.00000000 -1425.85292520 58119.43389811 
0.10000000 0.00000000 -1429.71174731 58114.47246209 
0.12000000 0.00000000 -1434.37300320 58109.63743318 
0.14000000 0.00000000 -1902.46947572 58689.53866856 
0.16000000 0.00000000 -1900.85799047 58641.09197615 
0.18000000 0.00000000 -1447.75756627 58097.32730935 
0.20000000 0.00000000 -1451.36369247 58093.93372039 
0.22000000 0.00000000 -1455.45251015 58090.72098189 
0.24000000 0.00000000 -1459.60220036 58087.68782431 
0.26000000 0.00000000 -1473.43266355 58084.61359031 
0.28000000 0.00000000 -1477.56260068 58082.04931771 
0.30000000 0.00000000 -1481.57269902 58079.66889412 
0.32000000 0.00000000 -1485.37209824 58077.53559180 
0.34000000 0.00000000 -1488.76299017 58075.73118795 
0.36000000 0.00000000 -1491.33292724 58074.32922278 
0.38000000 0.00000000 -1493.12633996 58073.41753373 
0.40000000 0.00000000 -1719.17173858 59299.37651467 
0.42000000 0.00000000 -1719.98353695 59298.23834196 
0.44000000 0.00000000 -1491.99190485 58074.04152000 
0.46000000 0.00000000 -1489.43892554 58075.38237914 
0.48000000 0.00000000 -1486.09047708 58077.22800859 
0.50000000 0.00000000 -1481.95598525 58079.49419016 
0.52000000 0.00000000 -1477.37062638 58082.09791992 
0.54000000 0.00000000 -1472.60515853 58084.94866302 
0.56000000 0.00000000 -1467.82471963 58087.96585766 
0.58000000 0.00000000 -1453.28938648 58091.70319165 
0.60000000 0.00000000 -1448.60991166 58095.11292742 
0.62000000 0.00000000 -1444.06706113 58098.62103741 
0.64000000 0.00000000 -1439.55366926 58102.27060486 
0.66000000 0.00000000 -1891.02188599 58552.10758101 
0.68000000 0.00000000 -1894.76349992 58579.90770418 
0.70000000 0.00000000 -1425.96072576 58114.52590780 
0.72000000 0.00000000 -1421.25132491 58119.16801280 
0.74000000 0.00000000 -1416.95331110 58123.96224449 
0.76000000 0.00000000 -1412.12044723 58129.09728345 
0.78000000 0.00000000 -1408.47119163 58134.03430722 
0.80000000 0.00000000 -1403.98365465 58139.27867108 
0.82000000 0.00000000 -1399.73185195 58144.45020332 
0.84000000 0.00000000 -1395.93798259 58149.38520930 
0.86000000 0.00000000 -1368.14262282 58164.62063223 
0.88000000 0.00000000 -1364.72736095 58169.62975257 
0.90000000 0.00000000 -1416.72006415 58150.37985146 
0.92000000 0.00000000 -1496.48427631 58134.01164587 
0.94000000 0.00000000 -1357.41237645 58181.60657741 
0.96000000 0.00000000 -1355.90440124 58184.52724307 
0.98000000 0.00000000 -1328.70664745 58202.78429256 

