-1.00000000 0.00000000 314.82373048 63747.71094876 
-0.98000000 0.00000000 314.82373049 63747.71094876 
-0.96000000 0.00000000 314.82373047 63747.71094876 
-0.94000000 0.00000000 314.82373353 63747.71094884 
-0.92000000 0.00000000 314.82373346 63747.71094884 
-0.90000000 0.00000000 314.82372847 63747.71094871 
-0.88000000 0.00000000 314.82372844 63747.71094871 
-0.86000000 0.00000000 314.82372841 63747.71094871 
-0.84000000 0.00000000 314.82374075 63747.71094902 
-0.82000000 0.00000000 314.82374076 63747.71094902 
-0.80000000 0.00000000 314.82373009 63747.71094875 
-0.78000000 0.00000000 314.82372762 63747.71094869 
-0.76000000 0.00000000 314.82372761 63747.71094869 
-0.74000000 0.00000000 314.82372760 63747.71094869 
-0.72000000 0.00000000 314.82372754 63747.71094869 
-0.70000000 0.00000000 314.82373023 63747.71094876 
-0.68000000 0.00000000 314.82373022 63747.71094876 
-0.66000000 0.00000000 314.82374067 63747.71094902 
-0.64000000 0.00000000 314.82374063 63747.71094902 
-0.62000000 0.00000000 314.82373021 63747.71094876 
-0.60000000 0.00000000 314.82374063 63747.71094902 
-0.58000000 0.00000000 314.82374068 63747.71094902 
-0.56000000 0.00000000 314.82373023 63747.71094876 
-0.54000000 0.00000000 314.82372754 63747.71094869 
-0.52000000 0.00000000 314.82372760 63747.71094869 
-0.50000000 0.00000000 314.82372760 63747.71094869 
-0.48000000 0.00000000 314.82372761 63747.71094869 
-0.46000000 0.00000000 314.82372763 63747.71094869 
-0.44000000 0.00000000 314.82374074 63747.71094902 
-0.42000000 0.00000000 314.82374075 63747.71094902 
-0.40000000 0.00000000 314.82372765 63747.71094869 
-0.38000000 0.00000000 314.82372766 63747.71094869 
-0.36000000 0.00000000 314.82372766 63747.71094869 
-0.34000000 0.00000000 314.82372766 63747.71094869 
-0.32000000 0.00000000 314.82372766 63747.71094869 
-0.30000000 0.00000000 314.82374100 63747.71094903 
-0.28000000 0.00000000 314.82374100 63747.71094903 
-0.26000000 0.00000000 314.82372765 63747.71094869 
-0.24000000 0.00000000 314.82372765 63747.71094869 
-0.22000000 0.00000000 314.82372765 63747.71094869 
-0.20000000 0.00000000 314.82372766 63747.71094869 
-0.18000000 0.00000000 314.82374103 63747.71094903 
-0.16000000 0.00000000 314.82374104 63747.71094903 
-0.14000000 0.00000000 314.82372771 63747.71094869 
-0.12000000 0.00000000 314.82372772 63747.71094869 
-0.10000000 0.00000000 314.82372775 63747.71094869 
-0.08000000 0.00000000 314.82372779 63747.71094870 
-0.06000000 0.00000000 314.82374115 63747.71094903 
-0.04000000 0.00000000 314.82374118 63747.71094903 
-0.02000000 0.00000000 314.82372812 63747.71094870 
0.00000000 0.00000000 314.82372816 63747.71094870 
0.02000000 0.00000000 314.82372822 63747.71094871 
0.04000000 0.00000000 314.82372826 63747.71094871 
0.06000000 0.00000000 314.82373054 63747.71094876 
0.08000000 0.00000000 314.82372900 63747.71094873 
0.10000000 0.00000000 314.82372911 63747.71094873 
0.12000000 0.00000000 314.82372915 63747.71094873 
0.14000000 0.00000000 314.82371964 63747.71094850 
0.16000000 0.00000000 314.82371966 63747.71094850 
0.18000000 0.00000000 314.82372921 63747.71094873 
0.20000000 0.00000000 314.82372927 63747.71094873 
0.22000000 0.00000000 314.82372929 63747.71094873 
0.24000000 0.00000000 314.82372930 63747.71094873 
0.26000000 0.00000000 314.82372858 63747.71094871 
0.28000000 0.00000000 314.82372859 63747.71094872 
0.30000000 0.00000000 314.82372860 63747.71094872 
0.32000000 0.00000000 314.82372860 63747.71094872 
0.34000000 0.00000000 314.82372861 63747.71094872 
0.36000000 0.00000000 314.82372862 63747.71094872 
0.38000000 0.00000000 314.82372863 63747.71094872 
0.40000000 0.00000000 314.82371900 63747.71094848 
0.42000000 0.00000000 314.82371900 63747.71094848 
0.44000000 0.00000000 314.82372863 63747.71094872 
0.46000000 0.00000000 314.82372862 63747.71094872 
0.48000000 0.00000000 314.82372861 63747.71094872 
0.50000000 0.00000000 314.82372861 63747.71094872 
0.52000000 0.00000000 314.82372860 63747.71094872 
0.54000000 0.00000000 314.82372860 63747.71094872 
0.56000000 0.00000000 314.82372859 63747.71094872 
0.58000000 0.00000000 314.82372932 63747.71094873 
0.60000000 0.00000000 314.82372931 63747.71094873 
0.62000000 0.00000000 314.82372930 63747.71094873 
0.64000000 0.00000000 314.82372930 63747.71094873 
0.66000000 0.00000000 314.82371973 63747.71094850 
0.68000000 0.00000000 314.82371970 63747.71094850 
0.70000000 0.00000000 314.82372926 63747.71094873 
0.72000000 0.00000000 314.82372924 63747.71094873 
0.74000000 0.00000000 314.82372919 63747.71094873 
0.76000000 0.00000000 314.82372917 63747.71094873 
0.78000000 0.00000000 314.82372908 63747.71094873 
0.80000000 0.00000000 314.82372905 63747.71094873 
0.82000000 0.00000000 314.82372903 63747.71094873 
0.84000000 0.00000000 314.82372900 63747.71094873 
0.86000000 0.00000000 314.82373072 63747.71094877 
0.88000000 0.00000000 314.82373070 63747.71094877 
0.90000000 0.00000000 314.82372735 63747.71094869 
0.92000000 0.00000000 314.82372461 63747.71094862 
0.94000000 0.00000000 314.82373062 63747.71094877 
0.96000000 0.00000000 314.82373059 63747.71094877 
0.98000000 0.00000000 314.82373281 63747.71094882 

