-1.00000000 0.00000000 315.26410466 63704.03559062 
-0.98000000 0.00000000 315.26410466 63704.03559062 
-0.96000000 0.00000000 315.26410466 63704.03559062 
-0.94000000 0.00000000 315.26410493 63704.03559063 
-0.92000000 0.00000000 315.26410493 63704.03559063 
-0.90000000 0.00000000 315.26410448 63704.03559062 
-0.88000000 0.00000000 315.26410448 63704.03559062 
-0.86000000 0.00000000 315.26410447 63704.03559062 
-0.84000000 0.00000000 315.26410559 63704.03559065 
-0.82000000 0.00000000 315.26410559 63704.03559065 
-0.80000000 0.00000000 315.26410463 63704.03559062 
-0.78000000 0.00000000 315.26410440 63704.03559061 
-0.76000000 0.00000000 315.26410440 63704.03559061 
-0.74000000 0.00000000 315.26410440 63704.03559061 
-0.72000000 0.00000000 315.26410440 63704.03559061 
-0.70000000 0.00000000 315.26410464 63704.03559062 
-0.68000000 0.00000000 315.26410464 63704.03559062 
-0.66000000 0.00000000 315.26410558 63704.03559065 
-0.64000000 0.00000000 315.26410558 63704.03559065 
-0.62000000 0.00000000 315.26410464 63704.03559062 
-0.60000000 0.00000000 315.26410558 63704.03559065 
-0.58000000 0.00000000 315.26410558 63704.03559065 
-0.56000000 0.00000000 315.26410464 63704.03559062 
-0.54000000 0.00000000 315.26410440 63704.03559061 
-0.52000000 0.00000000 315.26410440 63704.03559061 
-0.50000000 0.00000000 315.26410440 63704.03559061 
-0.48000000 0.00000000 315.26410440 63704.03559061 
-0.46000000 0.00000000 315.26410440 63704.03559061 
-0.44000000 0.00000000 315.26410559 63704.03559065 
-0.42000000 0.00000000 315.26410559 63704.03559065 
-0.40000000 0.00000000 315.26410441 63704.03559061 
-0.38000000 0.00000000 315.26410441 63704.03559061 
-0.36000000 0.00000000 315.26410441 63704.03559061 
-0.34000000 0.00000000 315.26410441 63704.03559061 
-0.32000000 0.00000000 315.26410441 63704.03559061 
-0.30000000 0.00000000 315.26410561 63704.03559065 
-0.28000000 0.00000000 315.26410561 63704.03559065 
-0.26000000 0.00000000 315.26410441 63704.03559061 
-0.24000000 0.00000000 315.26410441 63704.03559061 
-0.22000000 0.00000000 315.26410441 63704.03559061 
-0.20000000 0.00000000 315.26410441 63704.03559061 
-0.18000000 0.00000000 315.26410561 63704.03559065 
-0.16000000 0.00000000 315.26410561 63704.03559065 
-0.14000000 0.00000000 315.26410441 63704.03559061 
-0.12000000 0.00000000 315.26410441 63704.03559061 
-0.10000000 0.00000000 315.26410441 63704.03559061 
-0.08000000 0.00000000 315.26410442 63704.03559061 
-0.06000000 0.00000000 315.26410562 63704.03559065 
-0.04000000 0.00000000 315.26410562 63704.03559065 
-0.02000000 0.00000000 315.26410444 63704.03559062 
0.00000000 0.00000000 315.26410445 63704.03559062 
0.02000000 0.00000000 315.26410445 63704.03559062 
0.04000000 0.00000000 315.26410445 63704.03559062 
0.06000000 0.00000000 315.26410466 63704.03559062 
0.08000000 0.00000000 315.26410452 63704.03559062 
0.10000000 0.00000000 315.26410453 63704.03559062 
0.12000000 0.00000000 315.26410453 63704.03559062 
0.14000000 0.00000000 315.26410368 63704.03559060 
0.16000000 0.00000000 315.26410368 63704.03559060 
0.18000000 0.00000000 315.26410454 63704.03559062 
0.20000000 0.00000000 315.26410454 63704.03559062 
0.22000000 0.00000000 315.26410454 63704.03559062 
0.24000000 0.00000000 315.26410454 63704.03559062 
0.26000000 0.00000000 315.26410448 63704.03559062 
0.28000000 0.00000000 315.26410448 63704.03559062 
0.30000000 0.00000000 315.26410448 63704.03559062 
0.32000000 0.00000000 315.26410448 63704.03559062 
0.34000000 0.00000000 315.26410448 63704.03559062 
0.36000000 0.00000000 315.26410448 63704.03559062 
0.38000000 0.00000000 315.26410448 63704.03559062 
0.40000000 0.00000000 315.26410362 63704.03559060 
0.42000000 0.00000000 315.26410362 63704.03559060 
0.44000000 0.00000000 315.26410448 63704.03559062 
0.46000000 0.00000000 315.26410448 63704.03559062 
0.48000000 0.00000000 315.26410448 63704.03559062 
0.50000000 0.00000000 315.26410448 63704.03559062 
0.52000000 0.00000000 315.26410448 63704.03559062 
0.54000000 0.00000000 315.26410448 63704.03559062 
0.56000000 0.00000000 315.26410448 63704.03559062 
0.58000000 0.00000000 315.26410455 63704.03559062 
0.60000000 0.00000000 315.26410455 63704.03559062 
0.62000000 0.00000000 315.26410454 63704.03559062 
0.64000000 0.00000000 315.26410454 63704.03559062 
0.66000000 0.00000000 315.26410368 63704.03559060 
0.68000000 0.00000000 315.26410368 63704.03559060 
0.70000000 0.00000000 315.26410454 63704.03559062 
0.72000000 0.00000000 315.26410454 63704.03559062 
0.74000000 0.00000000 315.26410454 63704.03559062 
0.76000000 0.00000000 315.26410453 63704.03559062 
0.78000000 0.00000000 315.26410453 63704.03559062 
0.80000000 0.00000000 315.26410452 63704.03559062 
0.82000000 0.00000000 315.26410452 63704.03559062 
0.84000000 0.00000000 315.26410452 63704.03559062 
0.86000000 0.00000000 315.26410468 63704.03559062 
0.88000000 0.00000000 315.26410467 63704.03559062 
0.90000000 0.00000000 315.26410437 63704.03559062 
0.92000000 0.00000000 315.26410413 63704.03559061 
0.94000000 0.00000000 315.26410467 63704.03559062 
0.96000000 0.00000000 315.26410467 63704.03559062 
0.98000000 0.00000000 315.26410487 63704.03559063 

