-1.00000000 0.00000000 315.41081943 63689.50603406 
-0.98000000 0.00000000 315.41081943 63689.50603406 
-0.96000000 0.00000000 315.41081943 63689.50603406 
-0.94000000 0.00000000 315.41081958 63689.50603406 
-0.92000000 0.00000000 315.41081957 63689.50603406 
-0.90000000 0.00000000 315.41081933 63689.50603405 
-0.88000000 0.00000000 315.41081933 63689.50603405 
-0.86000000 0.00000000 315.41081932 63689.50603405 
-0.84000000 0.00000000 315.41081994 63689.50603407 
-0.82000000 0.00000000 315.41081994 63689.50603407 
-0.80000000 0.00000000 315.41081941 63689.50603406 
-0.78000000 0.00000000 315.41081929 63689.50603405 
-0.76000000 0.00000000 315.41081929 63689.50603405 
-0.74000000 0.00000000 315.41081929 63689.50603405 
-0.72000000 0.00000000 315.41081928 63689.50603405 
-0.70000000 0.00000000 315.41081942 63689.50603406 
-0.68000000 0.00000000 315.41081942 63689.50603406 
-0.66000000 0.00000000 315.41081993 63689.50603407 
-0.64000000 0.00000000 315.41081993 63689.50603407 
-0.62000000 0.00000000 315.41081942 63689.50603406 
-0.60000000 0.00000000 315.41081993 63689.50603407 
-0.58000000 0.00000000 315.41081993 63689.50603407 
-0.56000000 0.00000000 315.41081942 63689.50603406 
-0.54000000 0.00000000 315.41081928 63689.50603405 
-0.52000000 0.00000000 315.41081929 63689.50603405 
-0.50000000 0.00000000 315.41081929 63689.50603405 
-0.48000000 0.00000000 315.41081929 63689.50603405 
-0.46000000 0.00000000 315.41081929 63689.50603405 
-0.44000000 0.00000000 315.41081994 63689.50603407 
-0.42000000 0.00000000 315.41081994 63689.50603407 
-0.40000000 0.00000000 315.41081929 63689.50603405 
-0.38000000 0.00000000 315.41081929 63689.50603405 
-0.36000000 0.00000000 315.41081929 63689.50603405 
-0.34000000 0.00000000 315.41081929 63689.50603405 
-0.32000000 0.00000000 315.41081929 63689.50603405 
-0.30000000 0.00000000 315.41081995 63689.50603407 
-0.28000000 0.00000000 315.41081995 63689.50603407 
-0.26000000 0.00000000 315.41081929 63689.50603405 
-0.24000000 0.00000000 315.41081929 63689.50603405 
-0.22000000 0.00000000 315.41081929 63689.50603405 
-0.20000000 0.00000000 315.41081929 63689.50603405 
-0.18000000 0.00000000 315.41081995 63689.50603407 
-0.16000000 0.00000000 315.41081995 63689.50603407 
-0.14000000 0.00000000 315.41081929 63689.50603405 
-0.12000000 0.00000000 315.41081929 63689.50603405 
-0.10000000 0.00000000 315.41081929 63689.50603405 
-0.08000000 0.00000000 315.41081929 63689.50603405 
-0.06000000 0.00000000 315.41081995 63689.50603407 
-0.04000000 0.00000000 315.41081996 63689.50603407 
-0.02000000 0.00000000 315.41081931 63689.50603405 
0.00000000 0.00000000 315.41081931 63689.50603405 
0.02000000 0.00000000 315.41081931 63689.50603405 
0.04000000 0.00000000 315.41081931 63689.50603405 
0.06000000 0.00000000 315.41081943 63689.50603406 
0.08000000 0.00000000 315.41081935 63689.50603405 
0.10000000 0.00000000 315.41081935 63689.50603405 
0.12000000 0.00000000 315.41081936 63689.50603406 
0.14000000 0.00000000 315.41081888 63689.50603405 
0.16000000 0.00000000 315.41081889 63689.50603405 
0.18000000 0.00000000 315.41081936 63689.50603406 
0.20000000 0.00000000 315.41081936 63689.50603406 
0.22000000 0.00000000 315.41081936 63689.50603406 
0.24000000 0.00000000 315.41081936 63689.50603406 
0.26000000 0.00000000 315.41081933 63689.50603405 
0.28000000 0.00000000 315.41081933 63689.50603405 
0.30000000 0.00000000 315.41081933 63689.50603405 
0.32000000 0.00000000 315.41081933 63689.50603405 
0.34000000 0.00000000 315.41081933 63689.50603405 
0.36000000 0.00000000 315.41081933 63689.50603405 
0.38000000 0.00000000 315.41081933 63689.50603405 
0.40000000 0.00000000 315.41081885 63689.50603405 
0.42000000 0.00000000 315.41081885 63689.50603405 
0.44000000 0.00000000 315.41081933 63689.50603405 
0.46000000 0.00000000 315.41081933 63689.50603405 
0.48000000 0.00000000 315.41081933 63689.50603405 
0.50000000 0.00000000 315.41081933 63689.50603405 
0.52000000 0.00000000 315.41081933 63689.50603405 
0.54000000 0.00000000 315.41081933 63689.50603405 
0.56000000 0.00000000 315.41081933 63689.50603405 
0.58000000 0.00000000 315.41081936 63689.50603406 
0.60000000 0.00000000 315.41081936 63689.50603406 
0.62000000 0.00000000 315.41081936 63689.50603406 
0.64000000 0.00000000 315.41081936 63689.50603406 
0.66000000 0.00000000 315.41081889 63689.50603405 
0.68000000 0.00000000 315.41081889 63689.50603405 
0.70000000 0.00000000 315.41081936 63689.50603406 
0.72000000 0.00000000 315.41081936 63689.50603406 
0.74000000 0.00000000 315.41081936 63689.50603406 
0.76000000 0.00000000 315.41081936 63689.50603406 
0.78000000 0.00000000 315.41081935 63689.50603405 
0.80000000 0.00000000 315.41081935 63689.50603405 
0.82000000 0.00000000 315.41081935 63689.50603405 
0.84000000 0.00000000 315.41081935 63689.50603405 
0.86000000 0.00000000 315.41081944 63689.50603406 
0.88000000 0.00000000 315.41081943 63689.50603406 
0.90000000 0.00000000 315.41081927 63689.50603406 
0.92000000 0.00000000 315.41081913 63689.50603406 
0.94000000 0.00000000 315.41081943 63689.50603406 
0.96000000 0.00000000 315.41081943 63689.50603406 
0.98000000 0.00000000 315.41081954 63689.50603406 

