-1.00000000 0.00000000 314.88861009 63811.61461775 
-0.98000000 0.00000000 314.88766729 63811.61459442 
-0.96000000 0.00000000 314.88558802 63811.61454275 
-0.94000000 0.00000000 315.05999309 63811.61888859 
-0.92000000 0.00000000 315.05476070 63811.61875846 
-0.90000000 0.00000000 314.76821049 63811.61161503 
-0.88000000 0.00000000 314.76598282 63811.61155956 
-0.86000000 0.00000000 314.76329202 63811.61149253 
-0.84000000 0.00000000 315.46904101 63811.62905727 
-0.82000000 0.00000000 315.46935666 63811.62906522 
-0.80000000 0.00000000 314.85764991 63811.61384711 
-0.78000000 0.00000000 314.71570064 63811.61030489 
-0.76000000 0.00000000 314.71413643 63811.61026594 
-0.74000000 0.00000000 314.71296915 63811.61023689 
-0.72000000 0.00000000 314.70897564 63811.61013727 
-0.70000000 0.00000000 314.86252055 63811.61396907 
-0.68000000 0.00000000 314.86163413 63811.61394703 
-0.66000000 0.00000000 315.45975771 63811.62882768 
-0.64000000 0.00000000 315.45722565 63811.62876486 
-0.62000000 0.00000000 314.86070463 63811.61392392 
-0.60000000 0.00000000 315.45743332 63811.62877000 
-0.58000000 0.00000000 315.46044269 63811.62884464 
-0.56000000 0.00000000 314.86229225 63811.61396338 
-0.54000000 0.00000000 314.70875753 63811.61013182 
-0.52000000 0.00000000 314.71267351 63811.61022952 
-0.50000000 0.00000000 314.71368227 63811.61025461 
-0.48000000 0.00000000 314.71474670 63811.61028109 
-0.46000000 0.00000000 314.71637445 63811.61032165 
-0.44000000 0.00000000 315.46735293 63811.62901557 
-0.42000000 0.00000000 315.46820896 63811.62903676 
-0.40000000 0.00000000 314.71835780 63811.61037100 
-0.38000000 0.00000000 314.71879470 63811.61038189 
-0.36000000 0.00000000 314.71892760 63811.61038520 
-0.34000000 0.00000000 314.71891734 63811.61038495 
-0.32000000 0.00000000 314.71879247 63811.61038184 
-0.30000000 0.00000000 315.48291186 63811.62940158 
-0.28000000 0.00000000 315.48274191 63811.62939739 
-0.26000000 0.00000000 314.71810441 63811.61036473 
-0.24000000 0.00000000 314.71805187 63811.61036343 
-0.22000000 0.00000000 314.71831846 63811.61037009 
-0.20000000 0.00000000 314.71867835 63811.61037906 
-0.18000000 0.00000000 315.48491242 63811.62945122 
-0.16000000 0.00000000 315.48580808 63811.62947338 
-0.14000000 0.00000000 314.72269044 63811.61047902 
-0.12000000 0.00000000 314.72417151 63811.61051587 
-0.10000000 0.00000000 314.72700954 63811.61058656 
-0.08000000 0.00000000 314.73049835 63811.61067346 
-0.06000000 0.00000000 315.49656697 63811.62973953 
-0.04000000 0.00000000 315.49984765 63811.62982068 
-0.02000000 0.00000000 314.75383324 63811.61125522 
0.00000000 0.00000000 314.75796278 63811.61135800 
0.02000000 0.00000000 314.76323610 63811.61148931 
0.04000000 0.00000000 314.76712123 63811.61158596 
0.06000000 0.00000000 314.89936631 63811.61488459 
0.08000000 0.00000000 314.81319687 63811.61273515 
0.10000000 0.00000000 314.82078803 63811.61292426 
0.12000000 0.00000000 314.82452524 63811.61301724 
0.14000000 0.00000000 314.28150134 63811.59943999 
0.16000000 0.00000000 314.28393787 63811.59950084 
0.18000000 0.00000000 314.83175182 63811.61319693 
0.20000000 0.00000000 314.83607329 63811.61330459 
0.22000000 0.00000000 314.83780326 63811.61334763 
0.24000000 0.00000000 314.83909413 63811.61337973 
0.26000000 0.00000000 314.79806240 63811.61235596 
0.28000000 0.00000000 314.79901435 63811.61237964 
0.30000000 0.00000000 314.79999993 63811.61240418 
0.32000000 0.00000000 314.80074993 63811.61242284 
0.34000000 0.00000000 314.80122843 63811.61243474 
0.36000000 0.00000000 314.80221635 63811.61245936 
0.38000000 0.00000000 314.80261821 63811.61246937 
0.40000000 0.00000000 314.25146221 63811.59868606 
0.42000000 0.00000000 314.25150628 63811.59868716 
0.44000000 0.00000000 314.80265900 63811.61247039 
0.46000000 0.00000000 314.80229928 63811.61246143 
0.48000000 0.00000000 314.80144904 63811.61244024 
0.50000000 0.00000000 314.80100759 63811.61242926 
0.52000000 0.00000000 314.80056800 63811.61241833 
0.54000000 0.00000000 314.79992446 63811.61240232 
0.56000000 0.00000000 314.79912605 63811.61238244 
0.58000000 0.00000000 314.84080644 63811.61342235 
0.60000000 0.00000000 314.84005302 63811.61340361 
0.62000000 0.00000000 314.83912973 63811.61338064 
0.64000000 0.00000000 314.83829709 63811.61335994 
0.66000000 0.00000000 314.28982288 63811.59964793 
0.68000000 0.00000000 314.28778598 63811.59959699 
0.70000000 0.00000000 314.83441692 63811.61326343 
0.72000000 0.00000000 314.83277072 63811.61322248 
0.74000000 0.00000000 314.82893738 63811.61312699 
0.76000000 0.00000000 314.82712102 63811.61308183 
0.78000000 0.00000000 314.82077623 63811.61292371 
0.80000000 0.00000000 314.81837946 63811.61286409 
0.82000000 0.00000000 314.81600505 63811.61280504 
0.84000000 0.00000000 314.81317099 63811.61273452 
0.86000000 0.00000000 314.91062607 63811.61516523 
0.88000000 0.00000000 314.90788942 63811.61509721 
0.90000000 0.00000000 314.71524326 63811.61029090 
0.92000000 0.00000000 314.55686829 63811.60633401 
0.94000000 0.00000000 314.89982025 63811.61489665 
0.96000000 0.00000000 314.89715075 63811.61483030 
0.98000000 0.00000000 315.02314144 63811.61797015 

