-1.00000000 0.00000000 -962.09768242 55783.39783578 
-0.98000000 0.00000000 -961.76409186 55785.58428458 
-0.96000000 0.00000000 -963.48353143 55785.75844104 
-0.94000000 0.00000000 -775.34623518 55965.79185057 
-0.92000000 0.00000000 -779.19357891 55962.77965799 
-0.90000000 0.00000000 -1158.36628731 55655.79722321 
-0.88000000 0.00000000 -1163.42815863 55653.42382685 
-0.86000000 0.00000000 -1169.62882852 55650.33515136 
-0.84000000 0.00000000 -540.68977718 56286.21320944 
-0.82000000 0.00000000 -540.43038463 56287.28468023 
-0.80000000 0.00000000 -1003.97434199 55759.00357184 
-0.78000000 0.00000000 -1282.27006483 55595.94326612 
-0.76000000 0.00000000 -1287.07132493 55594.06713266 
-0.74000000 0.00000000 -1290.82314458 55592.65400317 
-0.72000000 0.00000000 -1301.89705866 55588.19610693 
-0.70000000 0.00000000 -998.11572669 55764.71566559 
-0.68000000 0.00000000 -999.68629964 55763.62972706 
-0.66000000 0.00000000 -543.26586449 56286.38384726 
-0.64000000 0.00000000 -544.41827865 56284.31872935 
-0.62000000 0.00000000 -1002.07938990 55761.39931760 
-0.60000000 0.00000000 -545.09166300 56281.92291165 
-0.58000000 0.00000000 -544.50952116 56281.75496868 
-0.56000000 0.00000000 -1001.31983833 55760.21005715 
-0.54000000 0.00000000 -1306.49317077 55584.17082370 
-0.52000000 0.00000000 -1296.59920240 55587.55532151 
-0.50000000 0.00000000 -1294.29182454 55587.82341898 
-0.48000000 0.00000000 -1291.83560409 55588.18112570 
-0.46000000 0.00000000 -1287.94893032 55589.19850783 
-0.44000000 0.00000000 -547.45595582 56266.24758371 
-0.42000000 0.00000000 -547.67284209 56264.81232443 
-0.40000000 0.00000000 -1283.47734497 55589.78111698 
-0.38000000 0.00000000 -1282.46598338 55589.98759555 
-0.36000000 0.00000000 -1282.16844627 55589.99010000 
-0.34000000 0.00000000 -1282.18836903 55589.94107564 
-0.32000000 0.00000000 -1282.46720089 55589.84170364 
-0.30000000 0.00000000 -542.59100061 56271.19580539 
-0.28000000 0.00000000 -542.51383041 56271.45451524 
-0.26000000 0.00000000 -1284.18261316 55589.19233113 
-0.24000000 0.00000000 -1284.48738551 55588.95181722 
-0.22000000 0.00000000 -1284.18905636 55588.80963929 
-0.20000000 0.00000000 -1283.95786726 55588.41406379 
-0.18000000 0.00000000 -543.43415394 56266.94744377 
-0.16000000 0.00000000 -544.55242251 56262.93932786 
-0.14000000 0.00000000 -1278.95663734 55587.04205080 
-0.12000000 0.00000000 -1278.40586071 55585.19872225 
-0.10000000 0.00000000 -1275.54884498 55583.78097552 
-0.08000000 0.00000000 -1272.29286017 55581.92962781 
-0.06000000 0.00000000 -559.03159896 56214.23909908 
-0.04000000 0.00000000 -564.30701542 56197.56387767 
-0.02000000 0.00000000 -1241.74705181 55581.83246623 
0.00000000 0.00000000 -1242.51698806 55575.77416309 
0.02000000 0.00000000 -1241.92410771 55569.90218242 
0.04000000 0.00000000 -1245.03301723 55562.09650952 
0.06000000 0.00000000 -1038.07157737 55668.27653191 
0.08000000 0.00000000 -1181.20172534 55578.52913129 
0.10000000 0.00000000 -1179.57674348 55572.63663264 
0.12000000 0.00000000 -1184.31930554 55563.89592322 
0.14000000 0.00000000 -3016.80643667 60364.10246549 
0.16000000 0.00000000 -3128.41951669 60171.13744774 
0.18000000 0.00000000 -1202.43371802 55538.35144479 
0.20000000 0.00000000 -1204.57471332 55532.36510105 
0.22000000 0.00000000 -1210.82576222 55524.76604375 
0.24000000 0.00000000 -1217.78076415 55517.05537473 
0.26000000 0.00000000 -1298.53651513 55480.65978639 
0.28000000 0.00000000 -1306.19505463 55473.63382294 
0.30000000 0.00000000 -1313.60639996 55466.93557484 
0.32000000 0.00000000 -1320.92183874 55460.64039677 
0.34000000 0.00000000 -1327.74332087 55455.05417534 
0.36000000 0.00000000 -1332.09020649 55450.99707323 
0.38000000 0.00000000 -1335.51808840 55448.13061610 
0.40000000 0.00000000 -1515.39130868 61765.94584762 
0.42000000 0.00000000 -1518.55070355 61764.47664317 
0.44000000 0.00000000 -1332.90032457 55450.05892249 
0.46000000 0.00000000 -1327.70142412 55454.23713754 
0.48000000 0.00000000 -1321.41156340 55459.67917437 
0.50000000 0.00000000 -1312.86108740 55466.60570775 
0.52000000 0.00000000 -1303.35233699 55474.40919497 
0.54000000 0.00000000 -1293.76133675 55482.60692413 
0.56000000 0.00000000 -1284.38359349 55490.93733977 
0.58000000 0.00000000 -1202.01098121 55529.82220235 
0.60000000 0.00000000 -1193.18560401 55538.87756201 
0.62000000 0.00000000 -1184.86762807 55547.78036419 
0.64000000 0.00000000 -1176.52956139 55556.82609528 
0.66000000 0.00000000 -3329.26697826 59742.45729655 
0.68000000 0.00000000 -3270.03944686 59879.56433789 
0.70000000 0.00000000 -1153.08557423 55584.65206234 
0.72000000 0.00000000 -1145.33902369 55594.51266993 
0.74000000 0.00000000 -1140.92215059 55602.86790436 
0.76000000 0.00000000 -1133.16076542 55613.21960900 
0.78000000 0.00000000 -1132.98748881 55619.45648338 
0.80000000 0.00000000 -1126.65681959 55629.05533644 
0.82000000 0.00000000 -1120.82592969 55638.24809595 
0.84000000 0.00000000 -1116.50414040 55646.32673012 
0.86000000 0.00000000 -965.72578382 55754.14637396 
0.88000000 0.00000000 -961.91006168 55762.45990850 
0.90000000 0.00000000 -1294.28276439 55571.87647566 
0.92000000 0.00000000 -1852.03164079 55488.32895614 
0.94000000 0.00000000 -956.02161434 55779.98446849 
0.96000000 0.00000000 -955.84899504 55783.36543972 
0.98000000 0.00000000 -814.37404823 55915.74505497 

