-1.00000000 0.00000000 537.60225662 60870.93175323 
-0.98000000 0.00000000 537.96813321 60869.82506099 
-0.96000000 0.00000000 538.16602787 60867.75871111 
-0.94000000 0.00000000 549.68451189 60993.79723167 
-0.92000000 0.00000000 549.63834399 60990.31371404 
-0.90000000 0.00000000 529.99292605 60754.98583090 
-0.88000000 0.00000000 529.89060413 60752.13042552 
-0.86000000 0.00000000 529.72523824 60748.76487265 
-0.84000000 0.00000000 571.55224741 61193.06374904 
-0.82000000 0.00000000 571.69916361 61193.12955077 
-0.80000000 0.00000000 537.07763133 60841.03907955 
-0.78000000 0.00000000 525.88205687 60691.55934248 
-0.76000000 0.00000000 525.76586991 60689.17503457 
-0.74000000 0.00000000 525.68414449 60687.29576268 
-0.72000000 0.00000000 525.35828157 60681.86960381 
-0.70000000 0.00000000 537.62336708 60844.09000766 
-0.68000000 0.00000000 537.57158436 60843.11540027 
-0.66000000 0.00000000 572.04392673 61189.04341970 
-0.64000000 0.00000000 571.87691603 61188.02094910 
-0.62000000 0.00000000 537.39226388 60841.99537758 
-0.60000000 0.00000000 571.56706991 61188.04384455 
-0.58000000 0.00000000 571.43554743 61189.19351322 
-0.56000000 0.00000000 537.11836172 60843.55766483 
-0.54000000 0.00000000 524.84769200 60681.17736590 
-0.52000000 0.00000000 525.04385536 60686.40957233 
-0.50000000 0.00000000 524.99079883 60687.97652591 
-0.48000000 0.00000000 524.94674714 60689.59815800 
-0.46000000 0.00000000 524.95907825 60691.88337038 
-0.44000000 0.00000000 569.18033261 61191.72096196 
-0.42000000 0.00000000 568.96305782 61192.03313916 
-0.40000000 0.00000000 524.86117662 60694.83070771 
-0.38000000 0.00000000 524.85239710 60695.42010201 
-0.36000000 0.00000000 524.83873898 60695.58308933 
-0.34000000 0.00000000 524.83014097 60695.52590525 
-0.32000000 0.00000000 524.82407433 60695.29505253 
-0.30000000 0.00000000 569.22584002 61197.60384031 
-0.28000000 0.00000000 569.25875984 61197.53642135 
-0.26000000 0.00000000 524.78057067 60694.16258494 
-0.24000000 0.00000000 524.74931100 60694.03777027 
-0.22000000 0.00000000 524.70889221 60694.35068231 
-0.20000000 0.00000000 524.62535472 60694.83798828 
-0.18000000 0.00000000 568.57661118 61198.40994239 
-0.16000000 0.00000000 568.03374676 61198.77313596 
-0.14000000 0.00000000 524.14989024 60700.34942704 
-0.12000000 0.00000000 523.79195231 60702.52943145 
-0.10000000 0.00000000 523.40848071 60706.42097033 
-0.08000000 0.00000000 522.92983488 60711.13919228 
-0.06000000 0.00000000 561.63517512 61202.99507840 
-0.04000000 0.00000000 559.51139909 61204.25683589 
-0.02000000 0.00000000 521.48000697 60739.91318183 
0.00000000 0.00000000 520.44823346 60745.19534062 
0.02000000 0.00000000 519.38830929 60751.66051924 
0.04000000 0.00000000 518.17187719 60756.54463396 
0.06000000 0.00000000 523.76858602 60879.80515601 
0.08000000 0.00000000 517.73661402 60804.35440996 
0.10000000 0.00000000 516.62758422 60812.07652404 
0.12000000 0.00000000 515.38538216 60816.04057985 
0.14000000 0.00000000 496.17978152 58887.76838447 
0.16000000 0.00000000 494.31353546 58959.65724023 
0.18000000 0.00000000 511.98064198 60823.83885620 
0.20000000 0.00000000 511.07272541 60828.06614425 
0.22000000 0.00000000 510.10012915 60829.88705573 
0.24000000 0.00000000 509.14025848 60831.27510682 
0.26000000 0.00000000 506.50156313 60793.01111830 
0.28000000 0.00000000 505.60816417 60794.12972330 
0.30000000 0.00000000 504.75626383 60795.24982483 
0.32000000 0.00000000 503.96394799 60796.11142062 
0.34000000 0.00000000 503.26828230 60796.68153098 
0.36000000 0.00000000 502.74086321 60797.71799403 
0.38000000 0.00000000 502.37871604 60798.16002121 
0.40000000 0.00000000 532.83788965 57860.00173797 
0.42000000 0.00000000 532.69718527 57862.84026360 
0.44000000 0.00000000 502.60930394 60798.21040905 
0.46000000 0.00000000 503.12677876 60797.82046981 
0.48000000 0.00000000 503.81379476 60796.93524170 
0.50000000 0.00000000 504.66473126 60796.42881994 
0.52000000 0.00000000 505.62006560 60795.91050067 
0.54000000 0.00000000 506.62978590 60795.18352275 
0.56000000 0.00000000 507.66167217 60794.29813422 
0.58000000 0.00000000 510.48818556 60833.12916363 
0.60000000 0.00000000 511.56302092 60832.35376890 
0.62000000 0.00000000 512.63078376 60831.42687831 
0.64000000 0.00000000 513.71405567 60830.58310327 
0.66000000 0.00000000 491.82271055 59099.60334454 
0.68000000 0.00000000 492.86295792 59055.82017895 
0.70000000 0.00000000 517.12654017 60826.80102191 
0.72000000 0.00000000 518.35616300 60825.20739309 
0.74000000 0.00000000 519.52566406 60821.59046849 
0.76000000 0.00000000 520.83319268 60819.79759150 
0.78000000 0.00000000 521.90385627 60813.75152868 
0.80000000 0.00000000 523.17253769 60811.33470161 
0.82000000 0.00000000 524.40189770 60808.89770849 
0.84000000 0.00000000 525.53562937 60805.97641398 
0.86000000 0.00000000 532.69065234 60890.52989191 
0.88000000 0.00000000 533.81901367 60888.18680346 
0.90000000 0.00000000 521.93327592 60699.74907935 
0.92000000 0.00000000 509.40687868 60454.41149074 
0.94000000 0.00000000 536.40589991 60881.02659241 
0.96000000 0.00000000 536.99885038 60878.57963974 
0.98000000 0.00000000 545.54162189 60970.81301455 

