-1.00000000 0.00000000 314.78189193 63751.86195776 
-0.98000000 0.00000000 314.78189193 63751.86195776 
-0.96000000 0.00000000 314.78189195 63751.86195776 
-0.94000000 0.00000000 314.78188781 63751.86195765 
-0.92000000 0.00000000 314.78188791 63751.86195766 
-0.90000000 0.00000000 314.78189466 63751.86195782 
-0.88000000 0.00000000 314.78189470 63751.86195783 
-0.86000000 0.00000000 314.78189474 63751.86195783 
-0.84000000 0.00000000 314.78187806 63751.86195741 
-0.82000000 0.00000000 314.78187803 63751.86195741 
-0.80000000 0.00000000 314.78189247 63751.86195777 
-0.78000000 0.00000000 314.78189581 63751.86195785 
-0.76000000 0.00000000 314.78189583 63751.86195785 
-0.74000000 0.00000000 314.78189584 63751.86195785 
-0.72000000 0.00000000 314.78189592 63751.86195786 
-0.70000000 0.00000000 314.78189229 63751.86195776 
-0.68000000 0.00000000 314.78189230 63751.86195776 
-0.66000000 0.00000000 314.78187816 63751.86195741 
-0.64000000 0.00000000 314.78187822 63751.86195741 
-0.62000000 0.00000000 314.78189231 63751.86195777 
-0.60000000 0.00000000 314.78187822 63751.86195741 
-0.58000000 0.00000000 314.78187815 63751.86195741 
-0.56000000 0.00000000 314.78189229 63751.86195776 
-0.54000000 0.00000000 314.78189593 63751.86195786 
-0.52000000 0.00000000 314.78189585 63751.86195785 
-0.50000000 0.00000000 314.78189584 63751.86195785 
-0.48000000 0.00000000 314.78189582 63751.86195785 
-0.46000000 0.00000000 314.78189580 63751.86195785 
-0.44000000 0.00000000 314.78187806 63751.86195741 
-0.42000000 0.00000000 314.78187805 63751.86195741 
-0.40000000 0.00000000 314.78189577 63751.86195785 
-0.38000000 0.00000000 314.78189576 63751.86195785 
-0.36000000 0.00000000 314.78189576 63751.86195785 
-0.34000000 0.00000000 314.78189576 63751.86195785 
-0.32000000 0.00000000 314.78189576 63751.86195785 
-0.30000000 0.00000000 314.78187771 63751.86195740 
-0.28000000 0.00000000 314.78187771 63751.86195740 
-0.26000000 0.00000000 314.78189577 63751.86195785 
-0.24000000 0.00000000 314.78189577 63751.86195785 
-0.22000000 0.00000000 314.78189577 63751.86195785 
-0.20000000 0.00000000 314.78189576 63751.86195785 
-0.18000000 0.00000000 314.78187767 63751.86195740 
-0.16000000 0.00000000 314.78187765 63751.86195740 
-0.14000000 0.00000000 314.78189570 63751.86195785 
-0.12000000 0.00000000 314.78189568 63751.86195785 
-0.10000000 0.00000000 314.78189563 63751.86195785 
-0.08000000 0.00000000 314.78189558 63751.86195785 
-0.06000000 0.00000000 314.78187751 63751.86195740 
-0.04000000 0.00000000 314.78187747 63751.86195739 
-0.02000000 0.00000000 314.78189513 63751.86195784 
0.00000000 0.00000000 314.78189507 63751.86195783 
0.02000000 0.00000000 314.78189499 63751.86195783 
0.04000000 0.00000000 314.78189494 63751.86195783 
0.06000000 0.00000000 314.78189186 63751.86195775 
0.08000000 0.00000000 314.78189393 63751.86195781 
0.10000000 0.00000000 314.78189379 63751.86195780 
0.12000000 0.00000000 314.78189373 63751.86195780 
0.14000000 0.00000000 314.78190659 63751.86195813 
0.16000000 0.00000000 314.78190656 63751.86195813 
0.18000000 0.00000000 314.78189364 63751.86195780 
0.20000000 0.00000000 314.78189356 63751.86195780 
0.22000000 0.00000000 314.78189353 63751.86195780 
0.24000000 0.00000000 314.78189352 63751.86195780 
0.26000000 0.00000000 314.78189450 63751.86195782 
0.28000000 0.00000000 314.78189449 63751.86195782 
0.30000000 0.00000000 314.78189447 63751.86195782 
0.32000000 0.00000000 314.78189446 63751.86195782 
0.34000000 0.00000000 314.78189445 63751.86195782 
0.36000000 0.00000000 314.78189444 63751.86195782 
0.38000000 0.00000000 314.78189443 63751.86195782 
0.40000000 0.00000000 314.78190745 63751.86195815 
0.42000000 0.00000000 314.78190745 63751.86195815 
0.44000000 0.00000000 314.78189443 63751.86195782 
0.46000000 0.00000000 314.78189443 63751.86195782 
0.48000000 0.00000000 314.78189445 63751.86195782 
0.50000000 0.00000000 314.78189446 63751.86195782 
0.52000000 0.00000000 314.78189446 63751.86195782 
0.54000000 0.00000000 314.78189447 63751.86195782 
0.56000000 0.00000000 314.78189448 63751.86195782 
0.58000000 0.00000000 314.78189349 63751.86195780 
0.60000000 0.00000000 314.78189350 63751.86195780 
0.62000000 0.00000000 314.78189352 63751.86195780 
0.64000000 0.00000000 314.78189353 63751.86195780 
0.66000000 0.00000000 314.78190647 63751.86195813 
0.68000000 0.00000000 314.78190651 63751.86195813 
0.70000000 0.00000000 314.78189358 63751.86195780 
0.72000000 0.00000000 314.78189360 63751.86195780 
0.74000000 0.00000000 314.78189368 63751.86195780 
0.76000000 0.00000000 314.78189370 63751.86195780 
0.78000000 0.00000000 314.78189383 63751.86195780 
0.80000000 0.00000000 314.78189386 63751.86195780 
0.82000000 0.00000000 314.78189389 63751.86195781 
0.84000000 0.00000000 314.78189393 63751.86195781 
0.86000000 0.00000000 314.78189160 63751.86195775 
0.88000000 0.00000000 314.78189164 63751.86195775 
0.90000000 0.00000000 314.78189616 63751.86195787 
0.92000000 0.00000000 314.78189988 63751.86195796 
0.94000000 0.00000000 314.78189175 63751.86195775 
0.96000000 0.00000000 314.78189178 63751.86195775 
0.98000000 0.00000000 314.78188878 63751.86195768 

