-1.00000000 0.00000000 318.94449693 63342.68495673 
-0.98000000 0.00000000 318.94449693 63342.68495673 
-0.96000000 0.00000000 318.94449693 63342.68495673 
-0.94000000 0.00000000 318.94449693 63342.68495674 
-0.92000000 0.00000000 318.94449693 63342.68495674 
-0.90000000 0.00000000 318.94449693 63342.68495673 
-0.88000000 0.00000000 318.94449693 63342.68495673 
-0.86000000 0.00000000 318.94449693 63342.68495673 
-0.84000000 0.00000000 318.94449693 63342.68495674 
-0.82000000 0.00000000 318.94449693 63342.68495674 
-0.80000000 0.00000000 318.94449693 63342.68495673 
-0.78000000 0.00000000 318.94449693 63342.68495673 
-0.76000000 0.00000000 318.94449693 63342.68495673 
-0.74000000 0.00000000 318.94449693 63342.68495673 
-0.72000000 0.00000000 318.94449693 63342.68495673 
-0.70000000 0.00000000 318.94449693 63342.68495673 
-0.68000000 0.00000000 318.94449693 63342.68495673 
-0.66000000 0.00000000 318.94449693 63342.68495674 
-0.64000000 0.00000000 318.94449693 63342.68495674 
-0.62000000 0.00000000 318.94449693 63342.68495673 
-0.60000000 0.00000000 318.94449693 63342.68495674 
-0.58000000 0.00000000 318.94449693 63342.68495674 
-0.56000000 0.00000000 318.94449693 63342.68495673 
-0.54000000 0.00000000 318.94449693 63342.68495673 
-0.52000000 0.00000000 318.94449693 63342.68495673 
-0.50000000 0.00000000 318.94449693 63342.68495673 
-0.48000000 0.00000000 318.94449693 63342.68495673 
-0.46000000 0.00000000 318.94449693 63342.68495673 
-0.44000000 0.00000000 318.94449693 63342.68495674 
-0.42000000 0.00000000 318.94449693 63342.68495674 
-0.40000000 0.00000000 318.94449693 63342.68495673 
-0.38000000 0.00000000 318.94449693 63342.68495673 
-0.36000000 0.00000000 318.94449693 63342.68495673 
-0.34000000 0.00000000 318.94449693 63342.68495673 
-0.32000000 0.00000000 318.94449693 63342.68495673 
-0.30000000 0.00000000 318.94449693 63342.68495674 
-0.28000000 0.00000000 318.94449693 63342.68495674 
-0.26000000 0.00000000 318.94449693 63342.68495673 
-0.24000000 0.00000000 318.94449693 63342.68495673 
-0.22000000 0.00000000 318.94449693 63342.68495673 
-0.20000000 0.00000000 318.94449693 63342.68495673 
-0.18000000 0.00000000 318.94449693 63342.68495674 
-0.16000000 0.00000000 318.94449693 63342.68495674 
-0.14000000 0.00000000 318.94449693 63342.68495673 
-0.12000000 0.00000000 318.94449693 63342.68495673 
-0.10000000 0.00000000 318.94449693 63342.68495673 
-0.08000000 0.00000000 318.94449693 63342.68495673 
-0.06000000 0.00000000 318.94449693 63342.68495674 
-0.04000000 0.00000000 318.94449693 63342.68495674 
-0.02000000 0.00000000 318.94449693 63342.68495673 
0.00000000 0.00000000 318.94449693 63342.68495673 
0.02000000 0.00000000 318.94449693 63342.68495673 
0.04000000 0.00000000 318.94449693 63342.68495673 
0.06000000 0.00000000 318.94449693 63342.68495673 
0.08000000 0.00000000 318.94449693 63342.68495673 
0.10000000 0.00000000 318.94449693 63342.68495673 
0.12000000 0.00000000 318.94449693 63342.68495673 
0.14000000 0.00000000 318.94449692 63342.68495674 
0.16000000 0.00000000 318.94449692 63342.68495674 
0.18000000 0.00000000 318.94449693 63342.68495673 
0.20000000 0.00000000 318.94449693 63342.68495673 
0.22000000 0.00000000 318.94449693 63342.68495673 
0.24000000 0.00000000 318.94449693 63342.68495673 
0.26000000 0.00000000 318.94449693 63342.68495673 
0.28000000 0.00000000 318.94449693 63342.68495673 
0.30000000 0.00000000 318.94449693 63342.68495673 
0.32000000 0.00000000 318.94449693 63342.68495673 
0.34000000 0.00000000 318.94449693 63342.68495673 
0.36000000 0.00000000 318.94449693 63342.68495673 
0.38000000 0.00000000 318.94449693 63342.68495673 
0.40000000 0.00000000 318.94449692 63342.68495674 
0.42000000 0.00000000 318.94449692 63342.68495674 
0.44000000 0.00000000 318.94449693 63342.68495673 
0.46000000 0.00000000 318.94449693 63342.68495673 
0.48000000 0.00000000 318.94449693 63342.68495673 
0.50000000 0.00000000 318.94449693 63342.68495673 
0.52000000 0.00000000 318.94449693 63342.68495673 
0.54000000 0.00000000 318.94449693 63342.68495673 
0.56000000 0.00000000 318.94449693 63342.68495673 
0.58000000 0.00000000 318.94449693 63342.68495673 
0.60000000 0.00000000 318.94449693 63342.68495673 
0.62000000 0.00000000 318.94449693 63342.68495673 
0.64000000 0.00000000 318.94449693 63342.68495673 
0.66000000 0.00000000 318.94449692 63342.68495674 
0.68000000 0.00000000 318.94449692 63342.68495674 
0.70000000 0.00000000 318.94449693 63342.68495673 
0.72000000 0.00000000 318.94449693 63342.68495673 
0.74000000 0.00000000 318.94449693 63342.68495673 
0.76000000 0.00000000 318.94449693 63342.68495673 
0.78000000 0.00000000 318.94449693 63342.68495673 
0.80000000 0.00000000 318.94449693 63342.68495673 
0.82000000 0.00000000 318.94449693 63342.68495673 
0.84000000 0.00000000 318.94449693 63342.68495673 
0.86000000 0.00000000 318.94449693 63342.68495673 
0.88000000 0.00000000 318.94449693 63342.68495673 
0.90000000 0.00000000 318.94449693 63342.68495674 
0.92000000 0.00000000 318.94449693 63342.68495674 
0.94000000 0.00000000 318.94449693 63342.68495673 
0.96000000 0.00000000 318.94449693 63342.68495673 
0.98000000 0.00000000 318.94449693 63342.68495673 

