-1.00000000 0.00000000 -1420.22714030 58657.30346432 
-0.98000000 0.00000000 -1420.21524164 58657.81874193 
-0.96000000 0.00000000 -1420.29655766 58658.13944608 
-0.94000000 0.00000000 -1412.93438577 58667.22155598 
-0.92000000 0.00000000 -1413.11032803 58667.32001452 
-0.90000000 0.00000000 -1427.58043964 58651.00517622 
-0.88000000 0.00000000 -1427.80923073 58650.89683780 
-0.86000000 0.00000000 -1428.07612371 58650.71754942 
-0.84000000 0.00000000 -1403.03194243 58681.29898333 
-0.82000000 0.00000000 -1403.03080219 58681.44131700 
-0.80000000 0.00000000 -1422.09528400 58657.39537891 
-0.78000000 0.00000000 -1432.18657399 58646.81482984 
-0.76000000 0.00000000 -1432.37581308 58646.66944137 
-0.74000000 0.00000000 -1432.52308321 58646.56267099 
-0.72000000 0.00000000 -1432.91938672 58646.21093905 
-0.70000000 0.00000000 -1421.92431850 58657.84056978 
-0.68000000 0.00000000 -1421.98396189 58657.78807498 
-0.66000000 0.00000000 -1403.12355025 58681.96833384 
-0.64000000 0.00000000 -1403.17628907 58681.83971188 
-0.62000000 0.00000000 -1422.07243686 58657.56922937 
-0.60000000 0.00000000 -1403.23145630 58681.47748099 
-0.58000000 0.00000000 -1403.23030549 58681.25000525 
-0.56000000 0.00000000 -1422.05169232 58657.18420714 
-0.54000000 0.00000000 -1433.05399264 58645.55896399 
-0.52000000 0.00000000 -1432.70229168 58645.74188276 
-0.50000000 0.00000000 -1432.61168620 58645.67391035 
-0.48000000 0.00000000 -1432.51450786 58645.61765771 
-0.46000000 0.00000000 -1432.36645070 58645.62095712 
-0.44000000 0.00000000 -1403.61695192 58678.57947630 
-0.42000000 0.00000000 -1403.64433531 58678.32246476 
-0.40000000 0.00000000 -1432.15378764 58645.52729708 
-0.38000000 0.00000000 -1432.09210034 58645.53183239 
-0.36000000 0.00000000 -1432.05062771 58645.53730258 
-0.34000000 0.00000000 -1432.01549686 58645.55259777 
-0.32000000 0.00000000 -1431.98468578 58645.57365818 
-0.30000000 0.00000000 -1403.30124333 58678.27526126 
-0.28000000 0.00000000 -1403.24983699 58678.31202082 
-0.26000000 0.00000000 -1431.90044893 58645.60400785 
-0.24000000 0.00000000 -1431.86048411 58645.58081359 
-0.22000000 0.00000000 -1431.80267871 58645.53012090 
-0.20000000 0.00000000 -1431.75466069 58645.40978274 
-0.18000000 0.00000000 -1403.15778301 58677.34252099 
-0.16000000 0.00000000 -1403.25015563 58676.63699280 
-0.14000000 0.00000000 -1431.56074332 58644.57094110 
-0.12000000 0.00000000 -1431.58969030 58643.97723447 
-0.10000000 0.00000000 -1431.58073167 58643.28239033 
-0.08000000 0.00000000 -1431.60655627 58642.41301743 
-0.06000000 0.00000000 -1405.01066001 58668.44178187 
-0.04000000 0.00000000 -1405.72494561 58665.74592162 
-0.02000000 0.00000000 -1431.33706713 58639.24770125 
0.00000000 0.00000000 -1431.73903418 58637.54234824 
0.02000000 0.00000000 -1432.15089471 58635.76363661 
0.04000000 0.00000000 -1432.72979980 58633.82683286 
0.06000000 0.00000000 -1426.44595439 58637.02261737 
0.08000000 0.00000000 -1431.74746876 58631.49784195 
0.10000000 0.00000000 -1432.26972473 58629.65711934 
0.12000000 0.00000000 -1432.99230625 58627.77978572 
0.14000000 0.00000000 -1566.56311442 58676.20579985 
0.16000000 0.00000000 -1562.80058762 58667.49283855 
0.18000000 0.00000000 -1435.22208164 58622.80296873 
0.20000000 0.00000000 -1435.84608242 58621.41282819 
0.22000000 0.00000000 -1436.60728999 58620.01986323 
0.24000000 0.00000000 -1437.41090850 58618.66224081 
0.26000000 0.00000000 -1440.36422310 58616.32330342 
0.28000000 0.00000000 -1441.21346664 58615.07389444 
0.30000000 0.00000000 -1442.05482189 58613.88590228 
0.32000000 0.00000000 -1442.86479657 58612.79198977 
0.34000000 0.00000000 -1443.59674162 58611.84219509 
0.36000000 0.00000000 -1444.15693826 58611.10747367 
0.38000000 0.00000000 -1444.55288542 58610.61446353 
0.40000000 0.00000000 -1570.71678364 58818.63446417 
0.42000000 0.00000000 -1570.81917684 58818.28525512 
0.44000000 0.00000000 -1444.33295987 58610.93712927 
0.46000000 0.00000000 -1443.78919869 58611.64899882 
0.48000000 0.00000000 -1443.07624626 58612.60824190 
0.50000000 0.00000000 -1442.19804048 58613.78326363 
0.52000000 0.00000000 -1441.23081248 58615.10828340 
0.54000000 0.00000000 -1440.23681990 58616.52295610 
0.56000000 0.00000000 -1439.25528240 58617.98191951 
0.58000000 0.00000000 -1436.15779726 58620.57649890 
0.60000000 0.00000000 -1435.24164728 58622.10404507 
0.62000000 0.00000000 -1434.38021567 58623.63354533 
0.64000000 0.00000000 -1433.55253839 58625.18738228 
0.66000000 0.00000000 -1555.09515921 58653.26895468 
0.68000000 0.00000000 -1557.82903277 58657.93973277 
0.70000000 0.00000000 -1431.23333333 58630.15867559 
0.72000000 0.00000000 -1430.47795162 58631.97265902 
0.74000000 0.00000000 -1429.83566397 58633.78759727 
0.76000000 0.00000000 -1429.09746718 58635.73794660 
0.78000000 0.00000000 -1428.62935403 58637.52494977 
0.80000000 0.00000000 -1427.98930940 58639.45984750 
0.82000000 0.00000000 -1427.40356016 58641.34286980 
0.84000000 0.00000000 -1426.91411888 58643.10823899 
0.86000000 0.00000000 -1421.29604208 58649.60103564 
0.88000000 0.00000000 -1420.87902917 58651.30618909 
0.90000000 0.00000000 -1432.27605981 58641.76404377 
0.92000000 0.00000000 -1449.92759450 58629.30141284 
0.94000000 0.00000000 -1420.14803354 58655.25466142 
0.96000000 0.00000000 -1420.05988478 58656.17540710 
0.98000000 0.00000000 -1414.55341897 58663.12674473 

