-1.00000000 0.00000000 -1131.11395018 58740.81384266 
-0.98000000 0.00000000 -1131.58422409 58742.33037520 
-0.96000000 0.00000000 -1132.07022164 58743.04140625 
-0.94000000 0.00000000 -1124.43623087 58792.20969800 
-0.92000000 0.00000000 -1124.93262626 58791.99909514 
-0.90000000 0.00000000 -1141.46573434 58699.57107322 
-0.88000000 0.00000000 -1141.85151224 58698.67441366 
-0.86000000 0.00000000 -1142.25704678 58697.44325052 
-0.84000000 0.00000000 -1116.08280304 58863.15963917 
-0.82000000 0.00000000 -1116.23601862 58863.60992816 
-0.80000000 0.00000000 -1135.27713147 58736.10997912 
-0.78000000 0.00000000 -1147.69609847 58673.27517457 
-0.76000000 0.00000000 -1147.97203360 58672.31795005 
-0.74000000 0.00000000 -1148.19268832 58671.59349659 
-0.72000000 0.00000000 -1148.74284131 58669.32706635 
-0.70000000 0.00000000 -1135.31896593 58738.17476985 
-0.68000000 0.00000000 -1135.40241394 58737.85029782 
-0.66000000 0.00000000 -1117.08608574 58864.85416418 
-0.64000000 0.00000000 -1117.07423698 58864.34335418 
-0.62000000 0.00000000 -1135.39084444 58736.94632938 
-0.60000000 0.00000000 -1116.80398098 58863.23729970 
-0.58000000 0.00000000 -1116.54328678 58862.67224495 
-0.56000000 0.00000000 -1134.96837087 58735.88025727 
-0.54000000 0.00000000 -1148.47393512 58666.85661894 
-0.52000000 0.00000000 -1147.86936341 58668.48024517 
-0.50000000 0.00000000 -1147.61524266 58668.51240347 
-0.48000000 0.00000000 -1147.35743116 58668.59555377 
-0.46000000 0.00000000 -1147.04089432 58669.01591491 
-0.44000000 0.00000000 -1114.44825894 58854.56601138 
-0.42000000 0.00000000 -1114.22488605 58853.78638495 
-0.40000000 0.00000000 -1146.51390824 58669.18671032 
-0.38000000 0.00000000 -1146.39310132 58669.30556058 
-0.36000000 0.00000000 -1146.31956926 58669.35307617 
-0.34000000 0.00000000 -1146.27087191 58669.40004305 
-0.32000000 0.00000000 -1146.23908184 58669.44102959 
-0.30000000 0.00000000 -1113.38820425 58854.36821860 
-0.28000000 0.00000000 -1113.32725550 58854.51436586 
-0.26000000 0.00000000 -1146.14486651 58669.40401756 
-0.24000000 0.00000000 -1146.05987375 58669.33483402 
-0.22000000 0.00000000 -1145.91026822 58669.25759403 
-0.20000000 0.00000000 -1145.71730789 58668.97220111 
-0.18000000 0.00000000 -1112.16855837 58851.95967274 
-0.16000000 0.00000000 -1111.63373530 58849.90421960 
-0.14000000 0.00000000 -1144.55944384 58667.20402919 
-0.12000000 0.00000000 -1144.07605641 58665.55571121 
-0.10000000 0.00000000 -1143.39964574 58663.85350733 
-0.08000000 0.00000000 -1142.62293900 58661.65640416 
-0.06000000 0.00000000 -1106.78196034 58824.92660075 
-0.04000000 0.00000000 -1105.46879550 58816.39372930 
-0.02000000 0.00000000 -1138.84689193 58655.48888627 
0.00000000 0.00000000 -1138.06154121 58650.12689471 
0.02000000 0.00000000 -1137.21260278 58644.60804152 
0.04000000 0.00000000 -1136.59057259 58638.10264867 
0.06000000 0.00000000 -1124.65447220 58670.92965139 
0.08000000 0.00000000 -1131.70490889 58637.36068933 
0.10000000 0.00000000 -1130.99096463 58631.42068573 
0.12000000 0.00000000 -1130.72276455 58624.59742275 
0.14000000 0.00000000 -1603.35491695 58116.44538708 
0.16000000 0.00000000 -1575.86550263 58116.46337401 
0.18000000 0.00000000 -1130.71118810 58605.50907220 
0.20000000 0.00000000 -1130.66080719 58600.35397530 
0.22000000 0.00000000 -1130.92710969 58594.70002016 
0.24000000 0.00000000 -1131.31058730 58589.03286890 
0.26000000 0.00000000 -1136.06984930 58572.17927149 
0.28000000 0.00000000 -1136.64647938 58566.67680058 
0.30000000 0.00000000 -1137.25626937 58561.36739634 
0.32000000 0.00000000 -1137.88949950 58556.37309769 
0.34000000 0.00000000 -1138.49934180 58551.94482260 
0.36000000 0.00000000 -1138.94199888 58548.57953899 
0.38000000 0.00000000 -1139.28344483 58546.24987782 
0.40000000 0.00000000 -1912.00522488 58413.27797685 
0.42000000 0.00000000 -1911.58083817 58411.91796839 
0.44000000 0.00000000 -1139.10674407 58547.73506979 
0.46000000 0.00000000 -1138.64973225 58551.06253981 
0.48000000 0.00000000 -1138.08649322 58555.45192937 
0.50000000 0.00000000 -1137.37529472 58560.86943201 
0.52000000 0.00000000 -1136.62050868 58566.90492021 
0.54000000 0.00000000 -1135.89704636 58573.22073901 
0.56000000 0.00000000 -1135.23992683 58579.60412181 
0.58000000 0.00000000 -1130.43503445 58597.46172704 
0.60000000 0.00000000 -1129.97472957 58603.85021067 
0.62000000 0.00000000 -1129.62248673 58610.11523895 
0.64000000 0.00000000 -1129.35116426 58616.39372123 
0.66000000 0.00000000 -1524.67138244 58124.44685300 
0.68000000 0.00000000 -1540.89079924 58121.11926408 
0.70000000 0.00000000 -1129.14454656 58635.71618626 
0.72000000 0.00000000 -1129.25844339 58642.54316066 
0.74000000 0.00000000 -1129.64238598 58648.94808096 
0.76000000 0.00000000 -1129.92639724 58656.08113164 
0.78000000 0.00000000 -1130.68726709 58661.79361251 
0.80000000 0.00000000 -1131.17655720 58668.57603278 
0.82000000 0.00000000 -1131.73413088 58675.07171571 
0.84000000 0.00000000 -1132.39080258 58680.97285562 
0.86000000 0.00000000 -1125.77663017 58717.85146605 
0.88000000 0.00000000 -1126.56979297 58723.37791725 
0.90000000 0.00000000 -1143.58302007 58657.11970424 
0.92000000 0.00000000 -1172.88171388 58558.77721486 
0.94000000 0.00000000 -1128.90585842 58735.64298784 
0.96000000 0.00000000 -1129.62509078 58738.32416577 
0.98000000 0.00000000 -1123.98738976 58775.64552604 

