-1.00000000 0.00000000 2348.65290679 58823.93382116 
-0.98000000 0.00000000 2348.29918906 58823.33707143 
-0.96000000 0.00000000 2347.97450623 58823.11304544 
-0.94000000 0.00000000 2350.03206435 58800.07072930 
-0.92000000 0.00000000 2349.75194408 58800.26151291 
-0.90000000 0.00000000 2344.42067152 58843.86054893 
-0.88000000 0.00000000 2344.22699853 58844.35672909 
-0.86000000 0.00000000 2344.03738619 58845.00102159 
-0.84000000 0.00000000 2351.02920570 58767.16965436 
-0.82000000 0.00000000 2350.91892769 58767.00612391 
-0.80000000 0.00000000 2346.38910873 58826.93967380 
-0.78000000 0.00000000 2341.87066531 58856.55499824 
-0.76000000 0.00000000 2341.74670491 58857.03765159 
-0.74000000 0.00000000 2341.64587023 58857.40567782 
-0.72000000 0.00000000 2341.41717736 58858.49262806 
-0.70000000 0.00000000 2346.27130587 58826.09753811 
-0.68000000 0.00000000 2346.23832741 58826.25816638 
-0.66000000 0.00000000 2350.39198135 58766.59631423 
-0.64000000 0.00000000 2350.42906559 58766.82553183 
-0.62000000 0.00000000 2346.28959069 58826.65696185 
-0.60000000 0.00000000 2350.64439332 58767.29729995 
-0.58000000 0.00000000 2350.82209259 58767.52667014 
-0.56000000 0.00000000 2346.58787731 58827.05499926 
-0.54000000 0.00000000 2341.69659921 58859.49299991 
-0.52000000 0.00000000 2341.98731987 58858.67698902 
-0.50000000 0.00000000 2342.13953832 58858.60664678 
-0.48000000 0.00000000 2342.29163970 58858.51229476 
-0.46000000 0.00000000 2342.46362743 58858.26123239 
-0.44000000 0.00000000 2352.43437656 58770.98072042 
-0.42000000 0.00000000 2352.60105881 58771.30191040 
-0.40000000 0.00000000 2342.77655629 58858.03905415 
-0.38000000 0.00000000 2342.84583214 58857.94282875 
-0.36000000 0.00000000 2342.89054659 58857.88260839 
-0.34000000 0.00000000 2342.92103789 58857.82396485 
-0.32000000 0.00000000 2342.94240722 58857.76799656 
-0.30000000 0.00000000 2353.04655960 58770.80850389 
-0.28000000 0.00000000 2353.07866533 58770.69907163 
-0.26000000 0.00000000 2343.01818636 58857.65888185 
-0.24000000 0.00000000 2343.07980694 58857.63919034 
-0.22000000 0.00000000 2343.18112291 58857.61676747 
-0.20000000 0.00000000 2343.31816474 58857.68571694 
-0.18000000 0.00000000 2353.92587656 58771.60745287 
-0.16000000 0.00000000 2354.35583122 58772.49701701 
-0.14000000 0.00000000 2344.11422457 58858.28930772 
-0.12000000 0.00000000 2344.48257238 58858.98294074 
-0.10000000 0.00000000 2344.96509534 58859.70411605 
-0.08000000 0.00000000 2345.52511020 58860.66298638 
-0.06000000 0.00000000 2358.49785224 58783.91919598 
-0.04000000 0.00000000 2359.68047860 58787.92026193 
-0.02000000 0.00000000 2348.00196627 58863.41060640 
0.00000000 0.00000000 2348.67727884 58865.90525758 
0.02000000 0.00000000 2349.38683653 58868.48976336 
0.04000000 0.00000000 2349.99655049 58871.54995084 
0.06000000 0.00000000 2355.45728761 58856.31789001 
0.08000000 0.00000000 2352.77548823 58872.01981384 
0.10000000 0.00000000 2353.38575271 58874.86721333 
0.12000000 0.00000000 2353.77028189 58878.13231731 
0.14000000 0.00000000 2150.90234245 59094.60156717 
0.16000000 0.00000000 2161.47381524 59094.20299915 
0.18000000 0.00000000 2354.38172837 58887.34403879 
0.20000000 0.00000000 2354.54957348 58889.88965142 
0.22000000 0.00000000 2354.54862914 58892.68431573 
0.24000000 0.00000000 2354.47126287 58895.50696513 
0.26000000 0.00000000 2352.35186382 58903.42531487 
0.28000000 0.00000000 2352.13876880 58906.19659418 
0.30000000 0.00000000 2351.89352757 58908.88381492 
0.32000000 0.00000000 2351.62280453 58911.41689245 
0.34000000 0.00000000 2351.35101924 58913.66499452 
0.36000000 0.00000000 2351.14859457 58915.38631419 
0.38000000 0.00000000 2350.98774656 58916.57669481 
0.40000000 0.00000000 2040.43349522 59008.45470978 
0.42000000 0.00000000 2040.59495569 59008.85523017 
0.44000000 0.00000000 2351.05182120 58915.84859802 
0.46000000 0.00000000 2351.25348145 58914.16763172 
0.48000000 0.00000000 2351.49794135 58911.94175439 
0.50000000 0.00000000 2351.80141070 58909.20229666 
0.52000000 0.00000000 2352.11196056 58906.15238151 
0.54000000 0.00000000 2352.39235385 58902.96291452 
0.56000000 0.00000000 2352.62481348 58899.74652038 
0.58000000 0.00000000 2354.73690698 58891.31354472 
0.60000000 0.00000000 2354.83188459 58888.12337260 
0.62000000 0.00000000 2354.85677342 58885.01719911 
0.64000000 0.00000000 2354.82259289 58881.93218919 
0.66000000 0.00000000 2180.90759419 59090.87414899 
0.68000000 0.00000000 2174.38819404 59092.27329568 
0.70000000 0.00000000 2354.29648776 58872.58582944 
0.72000000 0.00000000 2353.98579837 58869.32500210 
0.74000000 0.00000000 2353.53123999 58866.27366959 
0.76000000 0.00000000 2353.09594981 58862.89790815 
0.78000000 0.00000000 2352.43870752 58860.19924131 
0.80000000 0.00000000 2351.88371205 58857.01912530 
0.82000000 0.00000000 2351.29306192 58853.99084784 
0.84000000 0.00000000 2350.66255845 58851.25969216 
0.86000000 0.00000000 2352.85522204 58834.00680098 
0.88000000 0.00000000 2352.14513192 58831.47595368 
0.90000000 0.00000000 2345.15959028 58862.66640718 
0.92000000 0.00000000 2332.12244877 58908.53954920 
0.94000000 0.00000000 2350.20696249 58826.00488134 
0.96000000 0.00000000 2349.65489927 58824.86213496 
0.98000000 0.00000000 2351.13585785 58807.41673147 

