-1.00000000 0.00000000 1074.92376766 60508.29980717 
-0.98000000 0.00000000 1076.25976504 60508.69744796 
-0.96000000 0.00000000 1077.02825174 60508.07520284 
-0.94000000 0.00000000 1112.40269067 60605.03448801 
-0.92000000 0.00000000 1112.44656349 60603.08490517 
-0.90000000 0.00000000 1050.47477995 60419.78698452 
-0.88000000 0.00000000 1050.12100828 60417.70745070 
-0.86000000 0.00000000 1049.54662463 60415.12980001 
-0.84000000 0.00000000 1173.82655723 60748.93814428 
-0.82000000 0.00000000 1174.34491821 60749.20831500 
-0.80000000 0.00000000 1073.82314419 60489.68123108 
-0.78000000 0.00000000 1036.23430633 60368.33769074 
-0.76000000 0.00000000 1035.79325309 60366.44059273 
-0.74000000 0.00000000 1035.47266038 60364.96925926 
-0.72000000 0.00000000 1034.29846892 60360.53377101 
-0.70000000 0.00000000 1075.55187463 60492.72314601 
-0.68000000 0.00000000 1075.37135468 60492.01010269 
-0.66000000 0.00000000 1175.91960908 60747.79678221 
-0.64000000 0.00000000 1175.42628860 60747.00175561 
-0.62000000 0.00000000 1074.71905004 60490.84446817 
-0.60000000 0.00000000 1174.31705321 60746.42323459 
-0.58000000 0.00000000 1173.73153702 60746.70899227 
-0.56000000 0.00000000 1073.70142922 60490.95315432 
-0.54000000 0.00000000 1032.45454779 60358.38270974 
-0.52000000 0.00000000 1033.16170484 60362.26207780 
-0.50000000 0.00000000 1032.99851761 60363.07813097 
-0.48000000 0.00000000 1032.86617100 60363.95767755 
-0.46000000 0.00000000 1032.92771330 60365.42585325 
-0.44000000 0.00000000 1165.56689971 60743.58257786 
-0.42000000 0.00000000 1164.76813614 60743.31350839 
-0.40000000 0.00000000 1032.62334984 60366.99827763 
-0.38000000 0.00000000 1032.59686569 60367.36017867 
-0.36000000 0.00000000 1032.54981160 60367.44695374 
-0.34000000 0.00000000 1032.51694438 60367.41733012 
-0.32000000 0.00000000 1032.48996692 60367.29178709 
-0.30000000 0.00000000 1164.97168620 60746.51413300 
-0.28000000 0.00000000 1165.05175404 60746.57335329 
-0.26000000 0.00000000 1032.30886688 60366.57140435 
-0.24000000 0.00000000 1032.18747848 60366.42806278 
-0.22000000 0.00000000 1032.03307852 60366.51521380 
-0.20000000 0.00000000 1031.72811718 60366.55512616 
-0.18000000 0.00000000 1162.38326570 60745.73617256 
-0.16000000 0.00000000 1160.43736642 60744.82315046 
-0.14000000 0.00000000 1030.02107847 60368.25564844 
-0.12000000 0.00000000 1028.75744406 60368.29430228 
-0.10000000 0.00000000 1027.40027269 60369.22743194 
-0.08000000 0.00000000 1025.71020847 60370.27507548 
-0.06000000 0.00000000 1138.09625065 60733.16799133 
-0.04000000 0.00000000 1130.80179835 60728.96631439 
-0.02000000 0.00000000 1020.51145518 60381.63974209 
0.00000000 0.00000000 1016.91955324 60380.81991177 
0.02000000 0.00000000 1013.23581820 60380.51405812 
0.04000000 0.00000000 1009.04476303 60378.64550912 
0.06000000 0.00000000 1026.25585551 60467.46650432 
0.08000000 0.00000000 1007.10422209 60403.94911939 
0.10000000 0.00000000 1003.27354535 60403.96335186 
0.12000000 0.00000000 999.06077794 60401.30600148 
0.14000000 0.00000000 891.39714969 58615.89615115 
0.16000000 0.00000000 887.01066437 58690.10801080 
0.18000000 0.00000000 987.68363915 60391.94403099 
0.20000000 0.00000000 984.66869746 60390.52830534 
0.22000000 0.00000000 981.48651008 60387.44457615 
0.24000000 0.00000000 978.36903175 60384.10606352 
0.26000000 0.00000000 970.11921367 60351.08122085 
0.28000000 0.00000000 967.25579323 60347.64710313 
0.30000000 0.00000000 964.53431281 60344.34660038 
0.32000000 0.00000000 962.01059084 60341.12857300 
0.34000000 0.00000000 959.80033700 60338.16176855 
0.36000000 0.00000000 958.12633274 60336.23100016 
0.38000000 0.00000000 956.98098920 60334.74055171 
0.40000000 0.00000000 1024.39486769 57519.25213984 
0.42000000 0.00000000 1023.80494278 57522.24040939 
0.44000000 0.00000000 957.73359905 60335.85906985 
0.46000000 0.00000000 959.38676563 60338.10687277 
0.48000000 0.00000000 961.58327143 60340.86319420 
0.50000000 0.00000000 964.30447724 60344.57445075 
0.52000000 0.00000000 967.36492258 60348.71981201 
0.54000000 0.00000000 970.60859095 60352.94131198 
0.56000000 0.00000000 973.93524613 60357.11001426 
0.58000000 0.00000000 982.79945242 60391.06623036 
0.60000000 0.00000000 986.30456277 60395.20993664 
0.62000000 0.00000000 989.81088713 60399.16623399 
0.64000000 0.00000000 993.39270408 60403.15872967 
0.66000000 0.00000000 881.58209536 58835.50366884 
0.68000000 0.00000000 883.62493004 58791.59075579 
0.70000000 0.00000000 1004.85832905 60414.67630383 
0.72000000 0.00000000 1009.04728259 60418.55548838 
0.74000000 0.00000000 1013.08782438 60421.02643105 
0.76000000 0.00000000 1017.59223857 60424.95347436 
0.78000000 0.00000000 1021.37696635 60425.59378990 
0.80000000 0.00000000 1025.79983017 60428.89503046 
0.82000000 0.00000000 1030.10566123 60431.96783297 
0.84000000 0.00000000 1034.10460360 60434.36100107 
0.86000000 0.00000000 1056.95448932 60503.95411725 
0.88000000 0.00000000 1060.98292636 60506.27066581 
0.90000000 0.00000000 1022.78878696 60360.83530477 
0.92000000 0.00000000 977.29691400 60155.83943764 
0.94000000 0.00000000 1070.34005077 60510.33110547 
0.96000000 0.00000000 1072.52451353 60510.74924632 
0.98000000 0.00000000 1098.89731264 60582.90399020 

