-1.00000000 0.00000000 314.60629131 63769.31726195 
-0.98000000 0.00000000 314.60629130 63769.31726195 
-0.96000000 0.00000000 314.60629117 63769.31726195 
-0.94000000 0.00000000 314.60630997 63769.31726242 
-0.92000000 0.00000000 314.60630949 63769.31726241 
-0.90000000 0.00000000 314.60627882 63769.31726164 
-0.88000000 0.00000000 314.60627865 63769.31726163 
-0.86000000 0.00000000 314.60627843 63769.31726163 
-0.84000000 0.00000000 314.60635423 63769.31726354 
-0.82000000 0.00000000 314.60635432 63769.31726354 
-0.80000000 0.00000000 314.60628874 63769.31726189 
-0.78000000 0.00000000 314.60627357 63769.31726151 
-0.76000000 0.00000000 314.60627345 63769.31726150 
-0.74000000 0.00000000 314.60627338 63769.31726150 
-0.72000000 0.00000000 314.60627300 63769.31726149 
-0.70000000 0.00000000 314.60628952 63769.31726191 
-0.68000000 0.00000000 314.60628946 63769.31726191 
-0.66000000 0.00000000 314.60635366 63769.31726352 
-0.64000000 0.00000000 314.60635340 63769.31726352 
-0.62000000 0.00000000 314.60628940 63769.31726190 
-0.60000000 0.00000000 314.60635342 63769.31726352 
-0.58000000 0.00000000 314.60635372 63769.31726352 
-0.56000000 0.00000000 314.60628950 63769.31726191 
-0.54000000 0.00000000 314.60627298 63769.31726149 
-0.52000000 0.00000000 314.60627336 63769.31726150 
-0.50000000 0.00000000 314.60627342 63769.31726150 
-0.48000000 0.00000000 314.60627348 63769.31726150 
-0.46000000 0.00000000 314.60627362 63769.31726151 
-0.44000000 0.00000000 314.60635416 63769.31726354 
-0.42000000 0.00000000 314.60635422 63769.31726354 
-0.40000000 0.00000000 314.60627374 63769.31726151 
-0.38000000 0.00000000 314.60627378 63769.31726151 
-0.36000000 0.00000000 314.60627378 63769.31726151 
-0.34000000 0.00000000 314.60627379 63769.31726151 
-0.32000000 0.00000000 314.60627378 63769.31726151 
-0.30000000 0.00000000 314.60635578 63769.31726358 
-0.28000000 0.00000000 314.60635578 63769.31726358 
-0.26000000 0.00000000 314.60627374 63769.31726151 
-0.24000000 0.00000000 314.60627373 63769.31726151 
-0.22000000 0.00000000 314.60627376 63769.31726151 
-0.20000000 0.00000000 314.60627379 63769.31726151 
-0.18000000 0.00000000 314.60635598 63769.31726358 
-0.16000000 0.00000000 314.60635604 63769.31726358 
-0.14000000 0.00000000 314.60627411 63769.31726152 
-0.12000000 0.00000000 314.60627420 63769.31726152 
-0.10000000 0.00000000 314.60627441 63769.31726153 
-0.08000000 0.00000000 314.60627469 63769.31726154 
-0.06000000 0.00000000 314.60635677 63769.31726360 
-0.04000000 0.00000000 314.60635699 63769.31726361 
-0.02000000 0.00000000 314.60627679 63769.31726159 
0.00000000 0.00000000 314.60627708 63769.31726160 
0.02000000 0.00000000 314.60627748 63769.31726161 
0.04000000 0.00000000 314.60627774 63769.31726161 
0.06000000 0.00000000 314.60629177 63769.31726196 
0.08000000 0.00000000 314.60628237 63769.31726173 
0.10000000 0.00000000 314.60628304 63769.31726174 
0.12000000 0.00000000 314.60628331 63769.31726175 
0.14000000 0.00000000 314.60622493 63769.31726029 
0.16000000 0.00000000 314.60622509 63769.31726029 
0.18000000 0.00000000 314.60628378 63769.31726176 
0.20000000 0.00000000 314.60628417 63769.31726177 
0.22000000 0.00000000 314.60628430 63769.31726178 
0.24000000 0.00000000 314.60628438 63769.31726178 
0.26000000 0.00000000 314.60627993 63769.31726167 
0.28000000 0.00000000 314.60628000 63769.31726167 
0.30000000 0.00000000 314.60628007 63769.31726167 
0.32000000 0.00000000 314.60628013 63769.31726167 
0.34000000 0.00000000 314.60628016 63769.31726167 
0.36000000 0.00000000 314.60628025 63769.31726167 
0.38000000 0.00000000 314.60628028 63769.31726168 
0.40000000 0.00000000 314.60622113 63769.31726019 
0.42000000 0.00000000 314.60622114 63769.31726019 
0.44000000 0.00000000 314.60628028 63769.31726168 
0.46000000 0.00000000 314.60628025 63769.31726167 
0.48000000 0.00000000 314.60628018 63769.31726167 
0.50000000 0.00000000 314.60628015 63769.31726167 
0.52000000 0.00000000 314.60628012 63769.31726167 
0.54000000 0.00000000 314.60628007 63769.31726167 
0.56000000 0.00000000 314.60628001 63769.31726167 
0.58000000 0.00000000 314.60628451 63769.31726178 
0.60000000 0.00000000 314.60628446 63769.31726178 
0.62000000 0.00000000 314.60628439 63769.31726178 
0.64000000 0.00000000 314.60628434 63769.31726178 
0.66000000 0.00000000 314.60622552 63769.31726031 
0.68000000 0.00000000 314.60622535 63769.31726030 
0.70000000 0.00000000 314.60628407 63769.31726177 
0.72000000 0.00000000 314.60628395 63769.31726177 
0.74000000 0.00000000 314.60628361 63769.31726176 
0.76000000 0.00000000 314.60628350 63769.31726176 
0.78000000 0.00000000 314.60628290 63769.31726174 
0.80000000 0.00000000 314.60628273 63769.31726174 
0.82000000 0.00000000 314.60628258 63769.31726173 
0.84000000 0.00000000 314.60628237 63769.31726173 
0.86000000 0.00000000 314.60629293 63769.31726199 
0.88000000 0.00000000 314.60629274 63769.31726199 
0.90000000 0.00000000 314.60627218 63769.31726148 
0.92000000 0.00000000 314.60625529 63769.31726105 
0.94000000 0.00000000 314.60629220 63769.31726198 
0.96000000 0.00000000 314.60629202 63769.31726197 
0.98000000 0.00000000 314.60630564 63769.31726231 

