-1.00000000 0.00000000 371.60585971 58794.30800377 
-0.98000000 0.00000000 371.60585971 58794.30800377 
-0.96000000 0.00000000 371.60585971 58794.30800377 
-0.94000000 0.00000000 371.60585971 58794.30800378 
-0.92000000 0.00000000 371.60585971 58794.30800378 
-0.90000000 0.00000000 371.60585971 58794.30800377 
-0.88000000 0.00000000 371.60585971 58794.30800377 
-0.86000000 0.00000000 371.60585971 58794.30800377 
-0.84000000 0.00000000 371.60585971 58794.30800378 
-0.82000000 0.00000000 371.60585971 58794.30800378 
-0.80000000 0.00000000 371.60585971 58794.30800377 
-0.78000000 0.00000000 371.60585971 58794.30800377 
-0.76000000 0.00000000 371.60585971 58794.30800377 
-0.74000000 0.00000000 371.60585971 58794.30800377 
-0.72000000 0.00000000 371.60585971 58794.30800377 
-0.70000000 0.00000000 371.60585971 58794.30800377 
-0.68000000 0.00000000 371.60585971 58794.30800377 
-0.66000000 0.00000000 371.60585971 58794.30800378 
-0.64000000 0.00000000 371.60585971 58794.30800378 
-0.62000000 0.00000000 371.60585971 58794.30800377 
-0.60000000 0.00000000 371.60585971 58794.30800378 
-0.58000000 0.00000000 371.60585971 58794.30800378 
-0.56000000 0.00000000 371.60585971 58794.30800377 
-0.54000000 0.00000000 371.60585971 58794.30800377 
-0.52000000 0.00000000 371.60585971 58794.30800377 
-0.50000000 0.00000000 371.60585971 58794.30800377 
-0.48000000 0.00000000 371.60585971 58794.30800377 
-0.46000000 0.00000000 371.60585971 58794.30800377 
-0.44000000 0.00000000 371.60585971 58794.30800378 
-0.42000000 0.00000000 371.60585971 58794.30800378 
-0.40000000 0.00000000 371.60585971 58794.30800377 
-0.38000000 0.00000000 371.60585971 58794.30800377 
-0.36000000 0.00000000 371.60585971 58794.30800377 
-0.34000000 0.00000000 371.60585971 58794.30800377 
-0.32000000 0.00000000 371.60585971 58794.30800377 
-0.30000000 0.00000000 371.60585971 58794.30800378 
-0.28000000 0.00000000 371.60585971 58794.30800378 
-0.26000000 0.00000000 371.60585971 58794.30800377 
-0.24000000 0.00000000 371.60585971 58794.30800377 
-0.22000000 0.00000000 371.60585971 58794.30800377 
-0.20000000 0.00000000 371.60585971 58794.30800377 
-0.18000000 0.00000000 371.60585971 58794.30800378 
-0.16000000 0.00000000 371.60585971 58794.30800378 
-0.14000000 0.00000000 371.60585971 58794.30800377 
-0.12000000 0.00000000 371.60585971 58794.30800377 
-0.10000000 0.00000000 371.60585971 58794.30800377 
-0.08000000 0.00000000 371.60585971 58794.30800377 
-0.06000000 0.00000000 371.60585971 58794.30800378 
-0.04000000 0.00000000 371.60585971 58794.30800378 
-0.02000000 0.00000000 371.60585971 58794.30800377 
0.00000000 0.00000000 371.60585971 58794.30800377 
0.02000000 0.00000000 371.60585971 58794.30800377 
0.04000000 0.00000000 371.60585971 58794.30800377 
0.06000000 0.00000000 371.60585971 58794.30800377 
0.08000000 0.00000000 371.60585971 58794.30800377 
0.10000000 0.00000000 371.60585971 58794.30800377 
0.12000000 0.00000000 371.60585971 58794.30800377 
0.14000000 0.00000000 371.60585971 58794.30800378 
0.16000000 0.00000000 371.60585971 58794.30800378 
0.18000000 0.00000000 371.60585971 58794.30800377 
0.20000000 0.00000000 371.60585971 58794.30800377 
0.22000000 0.00000000 371.60585971 58794.30800377 
0.24000000 0.00000000 371.60585971 58794.30800377 
0.26000000 0.00000000 371.60585971 58794.30800377 
0.28000000 0.00000000 371.60585971 58794.30800377 
0.30000000 0.00000000 371.60585971 58794.30800377 
0.32000000 0.00000000 371.60585971 58794.30800377 
0.34000000 0.00000000 371.60585971 58794.30800377 
0.36000000 0.00000000 371.60585971 58794.30800377 
0.38000000 0.00000000 371.60585971 58794.30800377 
0.40000000 0.00000000 371.60585971 58794.30800378 
0.42000000 0.00000000 371.60585971 58794.30800378 
0.44000000 0.00000000 371.60585971 58794.30800377 
0.46000000 0.00000000 371.60585971 58794.30800377 
0.48000000 0.00000000 371.60585971 58794.30800377 
0.50000000 0.00000000 371.60585971 58794.30800377 
0.52000000 0.00000000 371.60585971 58794.30800377 
0.54000000 0.00000000 371.60585971 58794.30800377 
0.56000000 0.00000000 371.60585971 58794.30800377 
0.58000000 0.00000000 371.60585971 58794.30800377 
0.60000000 0.00000000 371.60585971 58794.30800377 
0.62000000 0.00000000 371.60585971 58794.30800377 
0.64000000 0.00000000 371.60585971 58794.30800377 
0.66000000 0.00000000 371.60585971 58794.30800378 
0.68000000 0.00000000 371.60585971 58794.30800378 
0.70000000 0.00000000 371.60585971 58794.30800377 
0.72000000 0.00000000 371.60585971 58794.30800377 
0.74000000 0.00000000 371.60585971 58794.30800377 
0.76000000 0.00000000 371.60585971 58794.30800377 
0.78000000 0.00000000 371.60585971 58794.30800377 
0.80000000 0.00000000 371.60585971 58794.30800377 
0.82000000 0.00000000 371.60585971 58794.30800377 
0.84000000 0.00000000 371.60585971 58794.30800377 
0.86000000 0.00000000 371.60585971 58794.30800377 
0.88000000 0.00000000 371.60585971 58794.30800377 
0.90000000 0.00000000 371.60585971 58794.30800378 
0.92000000 0.00000000 371.60585971 58794.30800378 
0.94000000 0.00000000 371.60585971 58794.30800377 
0.96000000 0.00000000 371.60585971 58794.30800377 
0.98000000 0.00000000 371.60585971 58794.30800377 

