-1.00000000 0.00000000 2644.86055433 58823.72307323 
-0.98000000 0.00000000 2644.28695561 58821.34185817 
-0.96000000 0.00000000 2643.69440931 58820.18111989 
-0.94000000 0.00000000 2651.66462943 58745.95552523 
-0.92000000 0.00000000 2651.05817831 58746.22551531 
-0.90000000 0.00000000 2631.54062465 58884.60514627 
-0.88000000 0.00000000 2631.04695894 58885.86885868 
-0.86000000 0.00000000 2630.51462760 58887.63483933 
-0.84000000 0.00000000 2655.43407845 58637.61881314 
-0.82000000 0.00000000 2655.17430196 58636.92330619 
-0.80000000 0.00000000 2639.80737232 58830.13525230 
-0.78000000 0.00000000 2622.75977652 58922.95262557 
-0.76000000 0.00000000 2622.37205006 58924.32319082 
-0.74000000 0.00000000 2622.06404280 58925.35664393 
-0.72000000 0.00000000 2621.26113091 58928.64129135 
-0.70000000 0.00000000 2639.75751816 58826.95136023 
-0.68000000 0.00000000 2639.65488025 58827.42938837 
-0.66000000 0.00000000 2653.89053230 58635.01675494 
-0.64000000 0.00000000 2653.97612327 58635.79597938 
-0.62000000 0.00000000 2639.66649670 58828.80419372 
-0.60000000 0.00000000 2654.47866042 58637.47503334 
-0.58000000 0.00000000 2654.89433688 58638.32879553 
-0.56000000 0.00000000 2640.17994859 58830.49531361 
-0.54000000 0.00000000 2621.39751723 58932.43542220 
-0.52000000 0.00000000 2622.22467112 58930.13297990 
-0.50000000 0.00000000 2622.52548925 58930.15029445 
-0.48000000 0.00000000 2622.83423834 58930.09209610 
-0.46000000 0.00000000 2623.23605083 58929.53872735 
-0.44000000 0.00000000 2658.68459831 58650.67306858 
-0.42000000 0.00000000 2659.07217228 58651.86760192 
-0.40000000 0.00000000 2623.86487505 58929.43048865 
-0.38000000 0.00000000 2624.01351276 58929.28969615 
-0.36000000 0.00000000 2624.10088878 58929.24663113 
-0.34000000 0.00000000 2624.15841505 58929.19957124 
-0.32000000 0.00000000 2624.19500348 58929.15848957 
-0.30000000 0.00000000 2660.06531030 58651.02864650 
-0.28000000 0.00000000 2660.11961058 58650.82092030 
-0.26000000 0.00000000 2624.28838761 58929.27850435 
-0.24000000 0.00000000 2624.37751996 58929.41497224 
-0.22000000 0.00000000 2624.54184317 58929.57556399 
-0.20000000 0.00000000 2624.74224648 58930.05569354 
-0.18000000 0.00000000 2661.89278476 58654.77536742 
-0.16000000 0.00000000 2662.82345530 58657.91472221 
-0.14000000 0.00000000 2625.96026650 58932.95665085 
-0.12000000 0.00000000 2626.40222655 58935.52243838 
-0.10000000 0.00000000 2627.06586291 58938.19868569 
-0.08000000 0.00000000 2627.80642911 58941.63024395 
-0.06000000 0.00000000 2671.64961431 58696.13554336 
-0.04000000 0.00000000 2674.05032115 58709.25329704 
-0.02000000 0.00000000 2631.75278175 58951.52151771 
0.00000000 0.00000000 2632.19867466 58959.69407315 
0.02000000 0.00000000 2632.67452296 58968.11227590 
0.04000000 0.00000000 2632.74651163 58977.96755836 
0.06000000 0.00000000 2650.02308959 58930.49224044 
0.08000000 0.00000000 2638.47394083 58979.95308841 
0.10000000 0.00000000 2638.67137823 58988.99543773 
0.12000000 0.00000000 2638.19920849 58999.27504878 
0.14000000 0.00000000 2030.49166056 59563.02668113 
0.16000000 0.00000000 2056.54820219 59565.06639133 
0.18000000 0.00000000 2635.78980549 59027.80453724 
0.20000000 0.00000000 2635.15212977 59035.48236114 
0.22000000 0.00000000 2634.04924864 59043.81892340 
0.24000000 0.00000000 2632.78542464 59052.12683968 
0.26000000 0.00000000 2624.54309822 59076.02786293 
0.28000000 0.00000000 2622.99224411 59083.96186533 
0.30000000 0.00000000 2621.41481211 59091.58493198 
0.32000000 0.00000000 2619.84367881 59098.72525083 
0.34000000 0.00000000 2618.37976439 59105.03200651 
0.36000000 0.00000000 2617.28500821 59109.81869040 
0.38000000 0.00000000 2616.48229856 59113.11982325 
0.40000000 0.00000000 1760.43321570 59344.14056058 
0.42000000 0.00000000 1760.86339148 59345.07225195 
0.44000000 0.00000000 2616.96250122 59110.99244453 
0.46000000 0.00000000 2618.07857968 59106.25828831 
0.48000000 0.00000000 2619.48977373 59099.99737936 
0.50000000 0.00000000 2621.23122031 59092.25804051 
0.52000000 0.00000000 2623.10163381 59083.60824646 
0.54000000 0.00000000 2624.95189737 59074.52031912 
0.56000000 0.00000000 2626.70526857 59065.29532500 
0.58000000 0.00000000 2635.04911903 59039.84574912 
0.60000000 0.00000000 2636.46009123 59030.47084661 
0.62000000 0.00000000 2637.69841224 59021.23126355 
0.64000000 0.00000000 2638.81532228 59011.92943564 
0.66000000 0.00000000 2107.60008079 59562.55205563 
0.68000000 0.00000000 2091.30799473 59563.95543048 
0.70000000 0.00000000 2641.31934564 58983.04406631 
0.72000000 0.00000000 2641.90651312 58972.76695196 
0.74000000 0.00000000 2642.08650675 58963.06655997 
0.76000000 0.00000000 2642.41240093 58952.27742210 
0.78000000 0.00000000 2641.99748602 58943.54537568 
0.80000000 0.00000000 2641.95753405 58933.23967613 
0.82000000 0.00000000 2641.76751439 58923.35085126 
0.84000000 0.00000000 2641.37589200 58914.34044369 
0.86000000 0.00000000 2651.06233377 58859.31291596 
0.88000000 0.00000000 2650.22421223 58850.81695051 
0.90000000 0.00000000 2626.29860854 58948.35304516 
0.92000000 0.00000000 2580.07007009 59087.15125074 
0.94000000 0.00000000 2647.53653017 58831.88374607 
0.96000000 0.00000000 2646.67155518 58827.71319338 
0.98000000 0.00000000 2652.99114830 58771.34281646 

