-1.00000000 0.00000000 -1675.76770626 58627.87701768 
-0.98000000 0.00000000 -1675.17769370 58627.13614001 
-0.96000000 0.00000000 -1674.70026263 58626.90129474 
-0.94000000 0.00000000 -1672.69607491 58594.25872151 
-0.92000000 0.00000000 -1672.35895261 58594.59314276 
-0.90000000 0.00000000 -1674.04120894 58656.85938481 
-0.88000000 0.00000000 -1673.87887007 58657.58216002 
-0.86000000 0.00000000 -1673.74985030 58658.51347464 
-0.84000000 0.00000000 -1666.84136373 58548.52505554 
-0.82000000 0.00000000 -1666.65200315 58548.32857161 
-0.80000000 0.00000000 -1673.34575065 58632.52684786 
-0.78000000 0.00000000 -1673.04662228 58675.27598236 
-0.76000000 0.00000000 -1672.97154972 58675.97575519 
-0.74000000 0.00000000 -1672.90588727 58676.51039322 
-0.72000000 0.00000000 -1672.80339094 58678.09575290 
-0.70000000 0.00000000 -1673.01499685 58631.34434661 
-0.68000000 0.00000000 -1673.00264105 58631.57536077 
-0.66000000 0.00000000 -1665.82862667 58547.93040470 
-0.64000000 0.00000000 -1665.93010842 58548.23158912 
-0.62000000 0.00000000 -1673.14987671 58632.11885243 
-0.60000000 0.00000000 -1666.32878827 58548.79901336 
-0.58000000 0.00000000 -1666.62227106 58549.04706164 
-0.56000000 0.00000000 -1673.62715066 58632.60065032 
-0.54000000 0.00000000 -1673.35149031 58679.46545487 
-0.52000000 0.00000000 -1673.58546463 58678.24894813 
-0.50000000 0.00000000 -1673.77299546 58678.12280904 
-0.48000000 0.00000000 -1673.95610557 58677.96338547 
-0.46000000 0.00000000 -1674.13697310 58677.57758484 
-0.44000000 0.00000000 -1669.59640032 58553.19183028 
-0.42000000 0.00000000 -1669.89634401 58553.57671641 
-0.40000000 0.00000000 -1674.50956614 58677.22622423 
-0.38000000 0.00000000 -1674.58371298 58677.08814434 
-0.36000000 0.00000000 -1674.63207456 58677.00831171 
-0.34000000 0.00000000 -1674.66195120 58676.93555043 
-0.32000000 0.00000000 -1674.68020986 58676.87022848 
-0.30000000 0.00000000 -1670.40094024 58552.81368007 
-0.28000000 0.00000000 -1670.42073200 58552.67234637 
-0.26000000 0.00000000 -1674.75991110 58676.76115785 
-0.24000000 0.00000000 -1674.83679761 58676.73957877 
-0.22000000 0.00000000 -1674.96505430 58676.70240537 
-0.20000000 0.00000000 -1675.15653426 58676.78179686 
-0.18000000 0.00000000 -1671.76430371 58553.68835220 
-0.16000000 0.00000000 -1672.53982534 58554.74996289 
-0.14000000 0.00000000 -1676.30694383 58677.43839275 
-0.12000000 0.00000000 -1676.91421198 58678.30441831 
-0.10000000 0.00000000 -1677.67628590 58679.16333035 
-0.08000000 0.00000000 -1678.58280506 58680.32045500 
-0.06000000 0.00000000 -1680.61015295 58568.71195602 
-0.04000000 0.00000000 -1683.06360933 58573.69582716 
-0.02000000 0.00000000 -1682.33079774 58683.26995075 
0.00000000 0.00000000 -1683.66188965 58686.50287069 
0.02000000 0.00000000 -1685.05186921 58689.84370960 
0.04000000 0.00000000 -1686.38991970 58693.88600143 
0.06000000 0.00000000 -1690.94841713 58670.37442755 
0.08000000 0.00000000 -1690.16047658 58693.41701943 
0.10000000 0.00000000 -1691.46491661 58697.14377096 
0.12000000 0.00000000 -1692.53740430 58701.54495963 
0.14000000 0.00000000 -1438.82089160 59089.19006564 
0.16000000 0.00000000 -1453.75574088 59084.14874075 
0.18000000 0.00000000 -1694.91488226 58714.11757686 
0.20000000 0.00000000 -1695.56953709 58717.56402655 
0.22000000 0.00000000 -1696.03938163 58721.41560963 
0.24000000 0.00000000 -1696.41156153 58725.32272795 
0.26000000 0.00000000 -1694.85780589 58737.24070267 
0.28000000 0.00000000 -1695.03213522 58741.11018799 
0.30000000 0.00000000 -1695.14905660 58744.86931597 
0.32000000 0.00000000 -1695.20532112 58748.42437182 
0.34000000 0.00000000 -1695.21204122 58751.58976488 
0.36000000 0.00000000 -1695.22539945 58754.00438332 
0.38000000 0.00000000 -1695.20652319 58755.68217279 
0.40000000 0.00000000 -1267.52553020 59026.51473703 
0.42000000 0.00000000 -1267.82643023 59026.95343447 
0.44000000 0.00000000 -1695.17930576 58754.64919000 
0.46000000 0.00000000 -1695.17585803 58752.27728488 
0.48000000 0.00000000 -1695.13858058 58749.14974802 
0.50000000 0.00000000 -1695.09462798 58745.29611010 
0.52000000 0.00000000 -1695.00659892 58741.01524287 
0.54000000 0.00000000 -1694.85246668 58736.55426705 
0.56000000 0.00000000 -1694.62751480 58732.07090965 
0.58000000 0.00000000 -1696.07119795 58719.45801037 
0.60000000 0.00000000 -1695.65569112 58715.04704977 
0.62000000 0.00000000 -1695.15975053 58710.76631394 
0.64000000 0.00000000 -1694.58765428 58706.52286549 
0.66000000 0.00000000 -1481.19908673 59071.19661265 
0.68000000 0.00000000 -1472.18595943 59075.81632316 
0.70000000 0.00000000 -1692.27987582 58693.75786598 
0.72000000 0.00000000 -1691.29927633 58689.33649809 
0.74000000 0.00000000 -1690.15988870 58685.26179620 
0.76000000 0.00000000 -1688.98515801 58680.72092858 
0.78000000 0.00000000 -1687.63176194 58677.21253884 
0.80000000 0.00000000 -1686.32472154 58672.98547822 
0.82000000 0.00000000 -1684.99345055 58668.98053648 
0.84000000 0.00000000 -1683.65965681 58665.40094653 
0.86000000 0.00000000 -1683.32241868 58640.49007364 
0.88000000 0.00000000 -1681.88942230 58637.23265741 
0.90000000 0.00000000 -1678.46061629 58683.32591652 
0.92000000 0.00000000 -1668.92551091 58752.40081709 
0.94000000 0.00000000 -1678.24389929 58630.29269914 
0.96000000 0.00000000 -1677.28422011 58628.87677816 
0.98000000 0.00000000 -1675.71556490 58604.12588989 

