-1.00000000 0.00000000 472.63965386 52386.70236154 
-0.98000000 0.00000000 472.63965386 52386.70236154 
-0.96000000 0.00000000 472.63965386 52386.70236154 
-0.94000000 0.00000000 472.63965386 52386.70236155 
-0.92000000 0.00000000 472.63965386 52386.70236155 
-0.90000000 0.00000000 472.63965386 52386.70236154 
-0.88000000 0.00000000 472.63965386 52386.70236154 
-0.86000000 0.00000000 472.63965386 52386.70236154 
-0.84000000 0.00000000 472.63965386 52386.70236155 
-0.82000000 0.00000000 472.63965386 52386.70236155 
-0.80000000 0.00000000 472.63965386 52386.70236154 
-0.78000000 0.00000000 472.63965386 52386.70236154 
-0.76000000 0.00000000 472.63965386 52386.70236154 
-0.74000000 0.00000000 472.63965386 52386.70236154 
-0.72000000 0.00000000 472.63965386 52386.70236154 
-0.70000000 0.00000000 472.63965386 52386.70236154 
-0.68000000 0.00000000 472.63965386 52386.70236154 
-0.66000000 0.00000000 472.63965386 52386.70236155 
-0.64000000 0.00000000 472.63965386 52386.70236155 
-0.62000000 0.00000000 472.63965386 52386.70236154 
-0.60000000 0.00000000 472.63965386 52386.70236155 
-0.58000000 0.00000000 472.63965386 52386.70236155 
-0.56000000 0.00000000 472.63965386 52386.70236154 
-0.54000000 0.00000000 472.63965386 52386.70236154 
-0.52000000 0.00000000 472.63965386 52386.70236154 
-0.50000000 0.00000000 472.63965386 52386.70236154 
-0.48000000 0.00000000 472.63965386 52386.70236154 
-0.46000000 0.00000000 472.63965386 52386.70236154 
-0.44000000 0.00000000 472.63965386 52386.70236155 
-0.42000000 0.00000000 472.63965386 52386.70236155 
-0.40000000 0.00000000 472.63965386 52386.70236154 
-0.38000000 0.00000000 472.63965386 52386.70236154 
-0.36000000 0.00000000 472.63965386 52386.70236154 
-0.34000000 0.00000000 472.63965386 52386.70236154 
-0.32000000 0.00000000 472.63965386 52386.70236154 
-0.30000000 0.00000000 472.63965386 52386.70236155 
-0.28000000 0.00000000 472.63965386 52386.70236155 
-0.26000000 0.00000000 472.63965386 52386.70236154 
-0.24000000 0.00000000 472.63965386 52386.70236154 
-0.22000000 0.00000000 472.63965386 52386.70236154 
-0.20000000 0.00000000 472.63965386 52386.70236154 
-0.18000000 0.00000000 472.63965386 52386.70236155 
-0.16000000 0.00000000 472.63965386 52386.70236155 
-0.14000000 0.00000000 472.63965386 52386.70236154 
-0.12000000 0.00000000 472.63965386 52386.70236154 
-0.10000000 0.00000000 472.63965386 52386.70236154 
-0.08000000 0.00000000 472.63965386 52386.70236154 
-0.06000000 0.00000000 472.63965386 52386.70236155 
-0.04000000 0.00000000 472.63965386 52386.70236155 
-0.02000000 0.00000000 472.63965386 52386.70236154 
0.00000000 0.00000000 472.63965386 52386.70236154 
0.02000000 0.00000000 472.63965386 52386.70236154 
0.04000000 0.00000000 472.63965386 52386.70236154 
0.06000000 0.00000000 472.63965386 52386.70236154 
0.08000000 0.00000000 472.63965386 52386.70236154 
0.10000000 0.00000000 472.63965386 52386.70236154 
0.12000000 0.00000000 472.63965386 52386.70236154 
0.14000000 0.00000000 472.63965386 52386.70236155 
0.16000000 0.00000000 472.63965386 52386.70236155 
0.18000000 0.00000000 472.63965386 52386.70236154 
0.20000000 0.00000000 472.63965386 52386.70236154 
0.22000000 0.00000000 472.63965386 52386.70236154 
0.24000000 0.00000000 472.63965386 52386.70236154 
0.26000000 0.00000000 472.63965386 52386.70236154 
0.28000000 0.00000000 472.63965386 52386.70236154 
0.30000000 0.00000000 472.63965386 52386.70236154 
0.32000000 0.00000000 472.63965386 52386.70236154 
0.34000000 0.00000000 472.63965386 52386.70236154 
0.36000000 0.00000000 472.63965386 52386.70236154 
0.38000000 0.00000000 472.63965386 52386.70236154 
0.40000000 0.00000000 472.63965386 52386.70236155 
0.42000000 0.00000000 472.63965386 52386.70236155 
0.44000000 0.00000000 472.63965386 52386.70236154 
0.46000000 0.00000000 472.63965386 52386.70236154 
0.48000000 0.00000000 472.63965386 52386.70236154 
0.50000000 0.00000000 472.63965386 52386.70236154 
0.52000000 0.00000000 472.63965386 52386.70236154 
0.54000000 0.00000000 472.63965386 52386.70236154 
0.56000000 0.00000000 472.63965386 52386.70236154 
0.58000000 0.00000000 472.63965386 52386.70236154 
0.60000000 0.00000000 472.63965386 52386.70236154 
0.62000000 0.00000000 472.63965386 52386.70236154 
0.64000000 0.00000000 472.63965386 52386.70236154 
0.66000000 0.00000000 472.63965386 52386.70236155 
0.68000000 0.00000000 472.63965386 52386.70236155 
0.70000000 0.00000000 472.63965386 52386.70236154 
0.72000000 0.00000000 472.63965386 52386.70236154 
0.74000000 0.00000000 472.63965386 52386.70236154 
0.76000000 0.00000000 472.63965386 52386.70236154 
0.78000000 0.00000000 472.63965386 52386.70236154 
0.80000000 0.00000000 472.63965386 52386.70236154 
0.82000000 0.00000000 472.63965386 52386.70236154 
0.84000000 0.00000000 472.63965386 52386.70236154 
0.86000000 0.00000000 472.63965386 52386.70236154 
0.88000000 0.00000000 472.63965386 52386.70236154 
0.90000000 0.00000000 472.63965386 52386.70236155 
0.92000000 0.00000000 472.63965386 52386.70236155 
0.94000000 0.00000000 472.63965386 52386.70236154 
0.96000000 0.00000000 472.63965386 52386.70236154 
0.98000000 0.00000000 472.63965386 52386.70236154 

