-1.00000000 0.00000000 1949.73318140 59249.79848455 
-0.98000000 0.00000000 1950.78770292 59250.13038341 
-0.96000000 0.00000000 1951.50776326 59250.02560733 
-0.94000000 0.00000000 1966.10957171 59283.33976615 
-0.92000000 0.00000000 1966.44562559 59282.73556299 
-0.90000000 0.00000000 1940.84550150 59217.94038474 
-0.88000000 0.00000000 1940.78234563 59217.09781301 
-0.86000000 0.00000000 1940.59262704 59216.05933650 
-0.84000000 0.00000000 1989.59103488 59328.62527834 
-0.82000000 0.00000000 1989.91903859 59328.70290831 
-0.80000000 0.00000000 1951.23548428 59243.26485157 
-0.78000000 0.00000000 1934.81531754 59198.01780512 
-0.76000000 0.00000000 1934.63459438 59197.24720812 
-0.74000000 0.00000000 1934.50753105 59196.65262155 
-0.72000000 0.00000000 1933.99813008 59194.92146050 
-0.70000000 0.00000000 1952.14670409 59244.31630142 
-0.68000000 0.00000000 1952.07767553 59244.06420086 
-0.66000000 0.00000000 1991.19868778 59328.47186325 
-0.64000000 0.00000000 1990.96475767 59328.22098909 
-0.62000000 0.00000000 1951.67931067 59243.60198042 
-0.60000000 0.00000000 1990.24261236 59327.93165478 
-0.58000000 0.00000000 1989.76553858 59327.91108146 
-0.56000000 0.00000000 1950.86347206 59243.46064544 
-0.54000000 0.00000000 1932.72194731 59193.87137349 
-0.52000000 0.00000000 1932.91125824 59195.31593736 
-0.50000000 0.00000000 1932.71455849 59195.57741545 
-0.48000000 0.00000000 1932.53673214 59195.86918330 
-0.46000000 0.00000000 1932.45379430 59196.39631961 
-0.44000000 0.00000000 1984.38542326 59325.89791897 
-0.42000000 0.00000000 1983.85085105 59325.72395210 
-0.40000000 0.00000000 1932.09467475 59196.98747258 
-0.38000000 0.00000000 1932.04776430 59197.16308766 
-0.36000000 0.00000000 1932.01023983 59197.25443782 
-0.34000000 0.00000000 1931.99349521 59197.32080043 
-0.32000000 0.00000000 1931.98852727 59197.36700587 
-0.30000000 0.00000000 1983.38636919 59326.85890142 
-0.28000000 0.00000000 1983.40011649 59326.98963936 
-0.26000000 0.00000000 1931.90606559 59197.41728523 
-0.24000000 0.00000000 1931.80852747 59197.45590956 
-0.22000000 0.00000000 1931.65230978 59197.55365415 
-0.20000000 0.00000000 1931.36921960 59197.58450027 
-0.18000000 0.00000000 1981.26536057 59326.82936824 
-0.16000000 0.00000000 1979.89058083 59326.31447587 
-0.14000000 0.00000000 1929.62883139 59197.77053499 
-0.12000000 0.00000000 1928.50773367 59197.37261948 
-0.10000000 0.00000000 1927.19705970 59197.13798569 
-0.08000000 0.00000000 1925.58650474 59196.74247156 
-0.06000000 0.00000000 1964.66448960 59318.35941896 
-0.04000000 0.00000000 1959.78584837 59315.26681088 
-0.02000000 0.00000000 1919.69272704 59197.21158246 
0.00000000 0.00000000 1916.71522769 59195.15118724 
0.02000000 0.00000000 1913.61826249 59193.06688426 
0.04000000 0.00000000 1910.29583814 59190.23152783 
0.06000000 0.00000000 1914.06945460 59219.44110789 
0.08000000 0.00000000 1905.78791702 59194.65431276 
0.10000000 0.00000000 1902.63613553 59192.20039175 
0.12000000 0.00000000 1899.49083396 59188.83438283 
0.14000000 0.00000000 1999.84390272 58444.20895110 
0.16000000 0.00000000 1984.70025329 58474.14903313 
0.18000000 0.00000000 1891.32169017 59178.68849605 
0.20000000 0.00000000 1889.07051981 59176.00076504 
0.22000000 0.00000000 1886.87423793 59172.74013116 
0.24000000 0.00000000 1884.76975317 59169.36204240 
0.26000000 0.00000000 1881.60767779 59155.72656939 
0.28000000 0.00000000 1879.73101674 59152.25544264 
0.30000000 0.00000000 1877.96465971 59148.85658145 
0.32000000 0.00000000 1876.35342086 59145.60256247 
0.34000000 0.00000000 1874.96564720 59142.67091439 
0.36000000 0.00000000 1873.89285766 59140.46540178 
0.38000000 0.00000000 1873.17971100 59138.90486993 
0.40000000 0.00000000 2292.47093524 58187.22267665 
0.42000000 0.00000000 2291.60499968 58187.34512757 
0.44000000 0.00000000 1873.66562428 59139.86908752 
0.46000000 0.00000000 1874.70803792 59142.07391749 
0.48000000 0.00000000 1876.11736291 59144.94205872 
0.50000000 0.00000000 1877.84335860 59148.49810912 
0.52000000 0.00000000 1879.79838229 59152.42313610 
0.54000000 0.00000000 1881.90086935 59156.46579566 
0.56000000 0.00000000 1884.08877251 59160.48034657 
0.58000000 0.00000000 1887.63915082 59174.69119912 
0.60000000 0.00000000 1889.99076189 59178.52262520 
0.62000000 0.00000000 1892.37976775 59182.18640619 
0.64000000 0.00000000 1894.84105714 59185.78215942 
0.66000000 0.00000000 1959.37698087 58532.82958796 
0.68000000 0.00000000 1967.27621454 58514.01282914 
0.70000000 0.00000000 1902.93901851 59196.24831509 
0.72000000 0.00000000 1905.95769645 59199.76353487 
0.74000000 0.00000000 1909.02841333 59202.78609539 
0.76000000 0.00000000 1912.32586712 59206.29098604 
0.78000000 0.00000000 1915.42763296 59208.56731068 
0.80000000 0.00000000 1918.75572064 59211.67548787 
0.82000000 0.00000000 1922.02194769 59214.56006997 
0.84000000 0.00000000 1925.12045549 59217.02842598 
0.86000000 0.00000000 1935.22984445 59243.05326917 
0.88000000 0.00000000 1938.29675916 59245.16767523 
0.90000000 0.00000000 1924.48023137 59193.38077567 
0.92000000 0.00000000 1906.83782639 59112.63512268 
0.94000000 0.00000000 1945.60361110 59249.27808403 
0.96000000 0.00000000 1947.37971012 59249.96907332 
0.98000000 0.00000000 1958.57168019 59275.14280820 

