-1.00000000 0.00000000 2131.29532057 58624.72364316 
-0.98000000 0.00000000 2131.00883118 58625.69864579 
-0.96000000 0.00000000 2130.96887076 58626.36480136 
-0.94000000 0.00000000 2114.27172077 58639.41477708 
-0.92000000 0.00000000 2114.50252962 58639.72097320 
-0.90000000 0.00000000 2146.67188556 58617.18911389 
-0.88000000 0.00000000 2147.08286345 58617.13873416 
-0.86000000 0.00000000 2147.59602804 58616.97674315 
-0.84000000 0.00000000 2091.19049985 58660.84233193 
-0.82000000 0.00000000 2091.11642009 58661.13233127 
-0.80000000 0.00000000 2134.16941039 58626.13856026 
-0.78000000 0.00000000 2156.43880487 58612.13425291 
-0.76000000 0.00000000 2156.81905317 58611.98394343 
-0.74000000 0.00000000 2157.11127281 58611.87917302 
-0.72000000 0.00000000 2157.95387394 58611.46168238 
-0.70000000 0.00000000 2133.62211268 58626.92517062 
-0.68000000 0.00000000 2133.74540987 58626.86335649 
-0.66000000 0.00000000 2091.02689919 58662.26431865 
-0.64000000 0.00000000 2091.17181107 58662.04753204 
-0.62000000 0.00000000 2134.00402679 58626.50093855 
-0.60000000 0.00000000 2091.41812062 58661.38048586 
-0.58000000 0.00000000 2091.51047998 58660.94022803 
-0.56000000 0.00000000 2134.17254485 58625.75123154 
-0.54000000 0.00000000 2158.55801992 58610.31515387 
-0.52000000 0.00000000 2157.88254958 58610.44321414 
-0.50000000 0.00000000 2157.77988330 58610.25612273 
-0.48000000 0.00000000 2157.66055699 58610.08622640 
-0.46000000 0.00000000 2157.42431836 58609.99678352 
-0.44000000 0.00000000 2093.29021526 58655.98638394 
-0.42000000 0.00000000 2093.44992142 58655.49830850 
-0.40000000 0.00000000 2157.16257529 58609.66645132 
-0.38000000 0.00000000 2157.07311569 58609.62663696 
-0.36000000 0.00000000 2157.01819346 58609.59949628 
-0.34000000 0.00000000 2156.96997371 58609.59345883 
-0.32000000 0.00000000 2156.92739655 58609.59983906 
-0.30000000 0.00000000 2092.95913239 58655.13034333 
-0.28000000 0.00000000 2092.87666693 58655.15584544 
-0.26000000 0.00000000 2156.83901739 58609.56005557 
-0.24000000 0.00000000 2156.80842576 58609.47875355 
-0.22000000 0.00000000 2156.76127434 58609.33781231 
-0.20000000 0.00000000 2156.76446012 58609.07644346 
-0.18000000 0.00000000 2093.21217904 58653.20232599 
-0.16000000 0.00000000 2093.66700457 58651.91295365 
-0.14000000 0.00000000 2156.90197788 58607.41124874 
-0.12000000 0.00000000 2157.24951934 58606.34531659 
-0.10000000 0.00000000 2157.57018651 58605.08142437 
-0.08000000 0.00000000 2158.02370870 58603.52690345 
-0.06000000 0.00000000 2099.92582961 58637.48227969 
-0.04000000 0.00000000 2102.19964538 58632.83440782 
-0.02000000 0.00000000 2158.95811895 58597.70406699 
0.00000000 0.00000000 2160.41835360 58594.86908420 
0.02000000 0.00000000 2161.92280033 58591.91340855 
0.04000000 0.00000000 2163.79437468 58588.77122172 
0.06000000 0.00000000 2150.97148142 58591.07966494 
0.08000000 0.00000000 2162.95084409 58584.06601783 
0.10000000 0.00000000 2164.65802843 58581.06370496 
0.12000000 0.00000000 2166.74722722 58578.11357879 
0.14000000 0.00000000 2406.42521332 58792.51970506 
0.16000000 0.00000000 2402.73638095 58771.17007958 
0.18000000 0.00000000 2172.82641594 58570.51182813 
0.20000000 0.00000000 2174.49690433 58568.40221576 
0.22000000 0.00000000 2176.40927037 58566.37524799 
0.24000000 0.00000000 2178.36998176 58564.44335557 
0.26000000 0.00000000 2184.77114363 58562.07706137 
0.28000000 0.00000000 2186.75305301 58560.38678500 
0.30000000 0.00000000 2188.68938057 58558.80457527 
0.32000000 0.00000000 2190.53094427 58557.37270791 
0.34000000 0.00000000 2192.17873655 58556.14969550 
0.36000000 0.00000000 2193.43577856 58555.20119193 
0.38000000 0.00000000 2194.31425463 58554.57763255 
0.40000000 0.00000000 2357.97590128 59091.43987940 
0.42000000 0.00000000 2358.30136388 59090.80890710 
0.44000000 0.00000000 2193.78483670 58555.00603659 
0.46000000 0.00000000 2192.55105322 58555.92178167 
0.48000000 0.00000000 2190.92891283 58557.17029260 
0.50000000 0.00000000 2188.93046206 58558.69983963 
0.52000000 0.00000000 2186.71740807 58560.44309624 
0.54000000 0.00000000 2184.42221478 58562.33293549 
0.56000000 0.00000000 2182.12832164 58564.31400500 
0.58000000 0.00000000 2175.38491055 58567.06275403 
0.60000000 0.00000000 2173.16665921 58569.23014880 
0.62000000 0.00000000 2171.03206727 58571.44132091 
0.64000000 0.00000000 2168.93263660 58573.72428928 
0.66000000 0.00000000 2393.31909960 58733.94452419 
0.68000000 0.00000000 2396.66638017 58745.91963017 
0.70000000 0.00000000 2162.72747000 58581.27504909 
0.72000000 0.00000000 2160.60924252 58584.10039388 
0.74000000 0.00000000 2158.69370741 58586.99840625 
0.76000000 0.00000000 2156.54223423 58590.09416384 
0.78000000 0.00000000 2154.94836290 58593.05148660 
0.80000000 0.00000000 2152.97487033 58596.18847141 
0.82000000 0.00000000 2151.11742837 58599.26994319 
0.84000000 0.00000000 2149.47805424 58602.19945806 
0.86000000 0.00000000 2136.66346156 58611.02969351 
0.88000000 0.00000000 2135.19421483 58613.93296443 
0.90000000 0.00000000 2159.57135481 58602.67511140 
0.92000000 0.00000000 2196.90148813 58590.45725660 
0.94000000 0.00000000 2132.15459121 58620.83247919 
0.96000000 0.00000000 2131.57003158 58622.50269500 
0.98000000 0.00000000 2118.94822251 58632.51261944 

