-1.00000000 0.00000000 -1573.60812565 58734.44580444 
-0.98000000 0.00000000 -1573.37236630 58734.00340474 
-0.96000000 0.00000000 -1573.13748134 58733.83009411 
-0.94000000 0.00000000 -1576.04745921 58717.61641446 
-0.92000000 0.00000000 -1575.82461352 58717.73954608 
-0.90000000 0.00000000 -1569.30757028 58748.30819415 
-0.88000000 0.00000000 -1569.13193742 58748.65927457 
-0.86000000 0.00000000 -1568.95203409 58749.11443078 
-0.84000000 0.00000000 -1578.91046280 58694.25771969 
-0.82000000 0.00000000 -1578.84022705 58694.13690868 
-0.80000000 0.00000000 -1571.70945043 58736.51802201 
-0.78000000 0.00000000 -1566.71123995 58757.16461106 
-0.76000000 0.00000000 -1566.59174155 58757.50356984 
-0.74000000 0.00000000 -1566.49574342 58757.76192903 
-0.72000000 0.00000000 -1566.26735078 58758.51730214 
-0.70000000 0.00000000 -1571.66580053 58735.93448225 
-0.68000000 0.00000000 -1571.63176990 58736.04741104 
-0.66000000 0.00000000 -1578.48336968 58693.81089242 
-0.64000000 0.00000000 -1578.49552396 58693.97841464 
-0.62000000 0.00000000 -1571.64885614 58736.33285824 
-0.60000000 0.00000000 -1578.62246062 58694.33716374 
-0.58000000 0.00000000 -1578.73770620 58694.51905817 
-0.56000000 0.00000000 -1571.85400801 58736.62956996 
-0.54000000 0.00000000 -1566.43865918 58759.22471555 
-0.52000000 0.00000000 -1566.70203053 58758.66264391 
-0.50000000 0.00000000 -1566.82368180 58758.61631102 
-0.48000000 0.00000000 -1566.94637121 58758.55274976 
-0.46000000 0.00000000 -1567.09169740 58758.37999976 
-0.44000000 0.00000000 -1579.69079867 58697.14541061 
-0.42000000 0.00000000 -1579.79201121 58697.38836139 
-0.40000000 0.00000000 -1567.34629958 58758.22126991 
-0.38000000 0.00000000 -1567.40527207 58758.14994320 
-0.36000000 0.00000000 -1567.44371853 58758.10194278 
-0.34000000 0.00000000 -1567.47124882 58758.05360542 
-0.32000000 0.00000000 -1567.49177094 58758.00595528 
-0.30000000 0.00000000 -1580.15612845 58697.03829760 
-0.28000000 0.00000000 -1580.18867636 58696.95288393 
-0.26000000 0.00000000 -1567.56051323 58757.90180789 
-0.24000000 0.00000000 -1567.61085842 58757.88080752 
-0.22000000 0.00000000 -1567.69185633 58757.86107475 
-0.20000000 0.00000000 -1567.79585233 58757.90950529 
-0.18000000 0.00000000 -1580.76378139 58697.64805409 
-0.16000000 0.00000000 -1581.02405920 58698.32859576 
-0.14000000 0.00000000 -1568.38207147 58758.37879035 
-0.12000000 0.00000000 -1568.63184149 58758.89907482 
-0.10000000 0.00000000 -1568.96669850 58759.45381683 
-0.08000000 0.00000000 -1569.34855695 58760.18927280 
-0.06000000 0.00000000 -1583.33998681 58707.02144228 
-0.04000000 0.00000000 -1583.95681254 58710.04467118 
-0.02000000 0.00000000 -1571.09880266 58762.41661911 
0.00000000 0.00000000 -1571.49363840 58764.27225564 
0.02000000 0.00000000 -1571.91074518 58766.19845594 
0.04000000 0.00000000 -1572.23205414 58768.45306638 
0.06000000 0.00000000 -1577.03011444 58758.29788255 
0.08000000 0.00000000 -1574.29509851 58769.14176730 
0.10000000 0.00000000 -1574.62394856 58771.25176086 
0.12000000 0.00000000 -1574.76659675 58773.63206585 
0.14000000 0.00000000 -1422.32928069 58901.89538432 
0.16000000 0.00000000 -1429.79521548 58903.07469507 
0.18000000 0.00000000 -1574.81827164 58780.30767500 
0.20000000 0.00000000 -1574.82908761 58782.16570405 
0.22000000 0.00000000 -1574.70244717 58784.18608873 
0.24000000 0.00000000 -1574.51611501 58786.22385229 
0.26000000 0.00000000 -1572.61403443 58791.62522755 
0.28000000 0.00000000 -1572.32944613 58793.62046442 
0.30000000 0.00000000 -1572.02399728 58795.55447350 
0.32000000 0.00000000 -1571.70653419 58797.37484401 
0.34000000 0.00000000 -1571.40144173 58798.98778601 
0.36000000 0.00000000 -1571.17113977 58800.22651903 
0.38000000 0.00000000 -1570.99631256 58801.08081173 
0.40000000 0.00000000 -1349.92547425 58820.86816554 
0.42000000 0.00000000 -1350.01232815 58821.19548581 
0.44000000 0.00000000 -1571.07231305 58800.56250011 
0.46000000 0.00000000 -1571.29702985 58799.35834268 
0.48000000 0.00000000 -1571.57923140 58797.75945577 
0.50000000 0.00000000 -1571.92883800 58795.79376968 
0.52000000 0.00000000 -1572.29861191 58793.60298344 
0.54000000 0.00000000 -1572.65312094 58791.30782997 
0.56000000 0.00000000 -1572.97350916 58788.98973064 
0.58000000 0.00000000 -1574.89973973 58783.21193136 
0.60000000 0.00000000 -1575.11874754 58780.90657690 
0.62000000 0.00000000 -1575.28058238 58778.65996936 
0.64000000 0.00000000 -1575.39603891 58776.42891674 
0.66000000 0.00000000 -1443.46211150 58903.32863341 
0.68000000 0.00000000 -1438.78715095 58903.46819831 
0.70000000 0.00000000 -1575.42602581 58769.65667571 
0.72000000 0.00000000 -1575.34185716 58767.28811300 
0.74000000 0.00000000 -1575.14165630 58765.05351315 
0.76000000 0.00000000 -1574.97195295 58762.59308477 
0.78000000 0.00000000 -1574.60570140 58760.58931685 
0.80000000 0.00000000 -1574.33981798 58758.25825400 
0.82000000 0.00000000 -1574.04134744 58756.03364908 
0.84000000 0.00000000 -1573.69960696 58754.01892689 
0.86000000 0.00000000 -1576.23051647 58741.99933601 
0.88000000 0.00000000 -1575.83274420 58740.11881578 
0.90000000 0.00000000 -1568.98392059 58761.54023152 
0.92000000 0.00000000 -1557.16079334 58792.71856003 
0.94000000 0.00000000 -1574.67057347 58736.03508925 
0.96000000 0.00000000 -1574.31632210 58735.17675233 
0.98000000 0.00000000 -1576.43506438 58722.91279143 

