-1.00000000 0.00000000 -1903.01439711 58833.44518472 
-0.98000000 0.00000000 -1902.78678397 58830.83833619 
-0.96000000 0.00000000 -1902.37949708 58829.47301345 
-0.94000000 0.00000000 -1919.77819038 58756.09188960 
-0.92000000 0.00000000 -1919.16490074 58756.18035910 
-0.90000000 0.00000000 -1882.43849410 58891.59445068 
-0.88000000 0.00000000 -1881.80727424 58892.73983447 
-0.86000000 0.00000000 -1881.07398284 58894.38635948 
-0.84000000 0.00000000 -1937.87413472 58646.52777364 
-0.82000000 0.00000000 -1937.71758254 58645.73429200 
-0.80000000 0.00000000 -1897.38409428 58838.47408412 
-0.78000000 0.00000000 -1869.16833947 58928.13902747 
-0.76000000 0.00000000 -1868.62487771 58929.42462192 
-0.74000000 0.00000000 -1868.20030124 58930.38945524 
-0.72000000 0.00000000 -1867.01824489 58933.50521767 
-0.70000000 0.00000000 -1897.75209275 58835.21023017 
-0.68000000 0.00000000 -1897.59157586 58835.66748076 
-0.66000000 0.00000000 -1936.73646931 58643.37293036 
-0.64000000 0.00000000 -1936.71342776 58644.19725496 
-0.62000000 0.00000000 -1897.42092951 58837.07538358 
-0.60000000 0.00000000 -1936.96932389 58646.07634252 
-0.58000000 0.00000000 -1937.25319103 58647.08362935 
-0.56000000 0.00000000 -1897.68451400 58838.95897739 
-0.54000000 0.00000000 -1866.65278230 58937.41509785 
-0.52000000 0.00000000 -1867.72955584 58935.30895751 
-0.50000000 0.00000000 -1868.01046107 58935.41446314 
-0.48000000 0.00000000 -1868.30866887 58935.44518739 
-0.46000000 0.00000000 -1868.75872163 58934.99812063 
-0.44000000 0.00000000 -1939.22743760 58660.92939636 
-0.42000000 0.00000000 -1939.43839573 58662.27511237 
-0.40000000 0.00000000 -1869.36526689 58935.06923853 
-0.38000000 0.00000000 -1869.52373548 58934.96775398 
-0.36000000 0.00000000 -1869.61189547 58934.94765747 
-0.34000000 0.00000000 -1869.67248914 58934.91443648 
-0.32000000 0.00000000 -1869.71258348 58934.88089797 
-0.30000000 0.00000000 -1940.50538036 58661.72715045 
-0.28000000 0.00000000 -1940.58552009 58661.52928799 
-0.26000000 0.00000000 -1869.78531285 58935.02257478 
-0.24000000 0.00000000 -1869.85119443 58935.18529264 
-0.22000000 0.00000000 -1869.98431592 58935.39507533 
-0.20000000 0.00000000 -1870.10937648 58935.94201084 
-0.18000000 0.00000000 -1941.74643470 58666.12976622 
-0.16000000 0.00000000 -1942.21144032 58669.63800244 
-0.14000000 0.00000000 -1870.87041851 58939.26121435 
-0.12000000 0.00000000 -1870.94806003 58942.01225930 
-0.10000000 0.00000000 -1871.21843819 58944.94369017 
-0.08000000 0.00000000 -1871.46148220 58948.67060904 
-0.06000000 0.00000000 -1945.46123886 58711.56093603 
-0.04000000 0.00000000 -1945.97133229 58725.74472762 
-0.02000000 0.00000000 -1873.85418022 58959.96789574 
0.00000000 0.00000000 -1873.19777924 58968.45037849 
0.02000000 0.00000000 -1872.53697538 58977.19286742 
0.04000000 0.00000000 -1871.31029832 58987.27982947 
0.06000000 0.00000000 -1893.72441275 58944.11034190 
0.08000000 0.00000000 -1876.39777448 58991.05845004 
0.10000000 0.00000000 -1875.39305977 59000.35347846 
0.12000000 0.00000000 -1873.60119419 59010.70663079 
0.14000000 0.00000000 -1241.40618730 59433.77338253 
0.16000000 0.00000000 -1265.63746050 59441.45441760 
0.18000000 0.00000000 -1867.60932332 59039.10745432 
0.20000000 0.00000000 -1866.00868919 59046.75701540 
0.22000000 0.00000000 -1863.88957666 59054.93927300 
0.24000000 0.00000000 -1861.62591929 59063.04572686 
0.26000000 0.00000000 -1850.83918146 59084.96086114 
0.28000000 0.00000000 -1848.36525979 59092.60645809 
0.30000000 0.00000000 -1845.90893165 59099.92843162 
0.32000000 0.00000000 -1843.52287544 59106.76034713 
0.34000000 0.00000000 -1841.34598989 59112.77316501 
0.36000000 0.00000000 -1839.70989661 59117.34314734 
0.38000000 0.00000000 -1838.53775883 59120.48094407 
0.40000000 0.00000000 -1001.56867416 59151.48708646 
0.42000000 0.00000000 -1001.91915698 59152.54437592 
0.44000000 0.00000000 -1839.25932823 59118.45022338 
0.46000000 0.00000000 -1840.90855056 59113.94164344 
0.48000000 0.00000000 -1843.03045190 59107.95989925 
0.50000000 0.00000000 -1845.65232380 59100.56638697 
0.52000000 0.00000000 -1848.51429096 59092.28203417 
0.54000000 0.00000000 -1851.41686456 59083.54541902 
0.56000000 0.00000000 -1854.24965225 59074.64166205 
0.58000000 0.00000000 -1865.34212248 59051.17957684 
0.60000000 0.00000000 -1867.88548914 59042.02758811 
0.62000000 0.00000000 -1870.25225670 59032.96384496 
0.64000000 0.00000000 -1872.51579325 59023.80196573 
0.66000000 0.00000000 -1313.68201233 59450.06793452 
0.68000000 0.00000000 -1298.34114580 59447.93800804 
0.70000000 0.00000000 -1878.65406297 58995.06703682 
0.72000000 0.00000000 -1880.55684816 58984.75234168 
0.74000000 0.00000000 -1882.00400951 58974.90159194 
0.76000000 0.00000000 -1883.73174514 58963.98397522 
0.78000000 0.00000000 -1884.49562385 58954.93892378 
0.80000000 0.00000000 -1885.81799490 58944.40212874 
0.82000000 0.00000000 -1886.94498483 58934.24474718 
0.84000000 0.00000000 -1887.76704109 58924.92244217 
0.86000000 0.00000000 -1904.14495609 58871.71583654 
0.88000000 0.00000000 -1904.48347425 58862.77661512 
0.90000000 0.00000000 -1869.17813022 58955.07318299 
0.92000000 0.00000000 -1808.12051647 59083.16448274 
0.94000000 0.00000000 -1904.46085910 58842.60328203 
0.96000000 0.00000000 -1904.19695301 58838.07642097 
0.98000000 0.00000000 -1917.65852881 58782.44655709 

