-1.00000000 0.00000000 502.19642459 60506.11286755 
-0.98000000 0.00000000 502.51851966 60504.83326646 
-0.96000000 0.00000000 502.73175788 60502.46963128 
-0.94000000 0.00000000 508.52445190 60645.28494980 
-0.92000000 0.00000000 508.58367661 60641.32235410 
-0.90000000 0.00000000 499.03194812 60374.67606121 
-0.88000000 0.00000000 499.02299050 60371.42883902 
-0.86000000 0.00000000 498.97542869 60367.60576161 
-0.84000000 0.00000000 519.89102705 60871.23168547 
-0.82000000 0.00000000 520.00236423 60871.30144483 
-0.80000000 0.00000000 502.56731757 60472.09713928 
-0.78000000 0.00000000 497.27220314 60302.78949007 
-0.76000000 0.00000000 497.23735611 60300.08120845 
-0.74000000 0.00000000 497.21802504 60297.94516921 
-0.72000000 0.00000000 497.08577003 60291.79385312 
-0.70000000 0.00000000 502.93127783 60475.51794253 
-0.68000000 0.00000000 502.91547625 60474.40975283 
-0.66000000 0.00000000 520.38738488 60866.63751461 
-0.64000000 0.00000000 520.28978366 60865.47664549 
-0.62000000 0.00000000 502.80118927 60473.14292484 
-0.60000000 0.00000000 520.05371203 60865.50419081 
-0.58000000 0.00000000 519.92097151 60866.81082959 
-0.56000000 0.00000000 502.54059637 60474.93944615 
-0.54000000 0.00000000 496.68325017 60291.04891223 
-0.52000000 0.00000000 496.71440462 60296.98943048 
-0.50000000 0.00000000 496.63132502 60298.78041636 
-0.48000000 0.00000000 496.55426610 60300.63279225 
-0.46000000 0.00000000 496.50709610 60303.23522240 
-0.44000000 0.00000000 518.13379842 60869.70413793 
-0.42000000 0.00000000 517.95938103 60870.06117945 
-0.40000000 0.00000000 496.35130471 60306.60451289 
-0.38000000 0.00000000 496.32859146 60307.27750873 
-0.36000000 0.00000000 496.31234518 60307.46533168 
-0.34000000 0.00000000 496.30561249 60307.40184646 
-0.32000000 0.00000000 496.30515739 60307.14022143 
-0.30000000 0.00000000 517.99642679 60876.38648104 
-0.28000000 0.00000000 518.02195856 60876.31008454 
-0.26000000 0.00000000 496.29336442 60305.85516169 
-0.24000000 0.00000000 496.26934387 60305.71498519 
-0.22000000 0.00000000 496.22704889 60306.07304371 
-0.20000000 0.00000000 496.14523188 60306.63227232 
-0.18000000 0.00000000 517.47312213 60877.30382828 
-0.16000000 0.00000000 517.05036140 60877.71733380 
-0.14000000 0.00000000 495.61805684 60312.92709245 
-0.12000000 0.00000000 495.27190766 60315.42740910 
-0.10000000 0.00000000 494.86410332 60319.87343250 
-0.08000000 0.00000000 494.35971661 60325.26358099 
-0.06000000 0.00000000 512.08747630 60882.52061187 
-0.04000000 0.00000000 510.44713008 60883.95680825 
-0.02000000 0.00000000 492.49312190 60358.02793507 
0.00000000 0.00000000 491.53296103 60364.08292437 
0.02000000 0.00000000 490.52396930 60371.48027663 
0.04000000 0.00000000 489.42757576 60377.08966915 
0.06000000 0.00000000 491.00350388 60516.67383692 
0.08000000 0.00000000 487.96662152 60431.35345725 
0.10000000 0.00000000 486.90053516 60440.16520018 
0.12000000 0.00000000 485.81617287 60444.71972513 
0.14000000 0.00000000 511.16388586 58265.99486501 
0.16000000 0.00000000 507.68227330 58347.20778352 
0.18000000 0.00000000 482.92063616 60453.72190775 
0.20000000 0.00000000 482.10271393 60458.55566232 
0.22000000 0.00000000 481.28824324 60460.66401329 
0.24000000 0.00000000 480.49464265 60462.28042924 
0.26000000 0.00000000 479.22832519 60419.04215190 
0.28000000 0.00000000 478.49167283 60420.35116564 
0.30000000 0.00000000 477.78885827 60421.65935494 
0.32000000 0.00000000 477.13964908 60422.67155051 
0.34000000 0.00000000 476.57400588 60423.34893381 
0.36000000 0.00000000 476.13262031 60424.54695207 
0.38000000 0.00000000 475.83545038 60425.06421302 
0.40000000 0.00000000 578.03627342 57108.67310577 
0.42000000 0.00000000 577.78374141 57111.86096039 
0.44000000 0.00000000 476.01835008 60425.11302973 
0.46000000 0.00000000 476.43830912 60424.64932813 
0.48000000 0.00000000 477.00375128 60423.61717401 
0.50000000 0.00000000 477.69176431 60423.00697965 
0.52000000 0.00000000 478.46342157 60422.37872098 
0.54000000 0.00000000 479.28332345 60421.51157278 
0.56000000 0.00000000 480.12494493 60420.46372820 
0.58000000 0.00000000 481.52194542 60464.34418587 
0.60000000 0.00000000 482.39248479 60463.42126886 
0.62000000 0.00000000 483.26173022 60462.32660303 
0.64000000 0.00000000 484.14242038 60461.32513355 
0.66000000 0.00000000 502.20036562 58505.09487691 
0.68000000 0.00000000 504.17766707 58455.59337448 
0.70000000 0.00000000 486.94776260 60456.89420538 
0.72000000 0.00000000 487.96557982 60455.03519329 
0.74000000 0.00000000 488.98327845 60450.88370223 
0.76000000 0.00000000 490.06973080 60448.79405342 
0.78000000 0.00000000 491.06811209 60441.88888381 
0.80000000 0.00000000 492.14063466 60439.09047399 
0.82000000 0.00000000 493.18327358 60436.26947365 
0.84000000 0.00000000 494.16215379 60432.90139271 
0.86000000 0.00000000 497.79458444 60528.58448750 
0.88000000 0.00000000 498.74706585 60525.88270043 
0.90000000 0.00000000 493.80840626 60312.46871578 
0.92000000 0.00000000 489.15630331 60034.77401392 
0.94000000 0.00000000 500.98220401 60517.64586613 
0.96000000 0.00000000 501.51708622 60514.83827429 
0.98000000 0.00000000 505.87946065 60619.31303857 

