-1.00000000 0.00000000 -1481.88340136 59455.03840325 
-0.98000000 0.00000000 -1483.38296297 59453.56012398 
-0.96000000 0.00000000 -1484.16687310 59452.39639860 
-0.94000000 0.00000000 -1526.47788988 59444.59583472 
-0.92000000 0.00000000 -1526.42937115 59443.78164436 
-0.90000000 0.00000000 -1448.11152013 59453.49211722 
-0.88000000 0.00000000 -1447.44162899 59453.19034359 
-0.86000000 0.00000000 -1446.48041413 59452.98326025 
-0.84000000 0.00000000 -1589.51584097 59425.61505316 
-0.82000000 0.00000000 -1589.97681301 59425.08381165 
-0.80000000 0.00000000 -1478.94715336 59449.68570558 
-0.78000000 0.00000000 -1426.74926133 59452.84797896 
-0.76000000 0.00000000 -1425.99409440 59452.73958908 
-0.74000000 0.00000000 -1425.42665006 59452.63670124 
-0.72000000 0.00000000 -1423.59728918 59452.53858734 
-0.70000000 0.00000000 -1480.82972236 59448.75307770 
-0.68000000 0.00000000 -1480.56417442 59448.73911474 
-0.66000000 0.00000000 -1591.34967421 59422.73323556 
-0.64000000 0.00000000 -1590.87312974 59423.02355921 
-0.62000000 0.00000000 -1479.75103109 59449.13833145 
-0.60000000 0.00000000 -1589.78370037 59424.14147108 
-0.58000000 0.00000000 -1589.19830794 59424.95785069 
-0.56000000 0.00000000 -1478.67139043 59450.34990698 
-0.54000000 0.00000000 -1421.33102504 59453.90100299 
-0.52000000 0.00000000 -1422.57613487 59454.33616066 
-0.50000000 0.00000000 -1422.52323324 59454.75684762 
-0.48000000 0.00000000 -1422.51383462 59455.16442317 
-0.46000000 0.00000000 -1422.78399588 59455.54783870 
-0.44000000 0.00000000 -1581.18820152 59433.36305515 
-0.42000000 0.00000000 -1580.40990513 59434.20527144 
-0.40000000 0.00000000 -1422.75769738 59456.36530595 
-0.38000000 0.00000000 -1422.81914399 59456.51675902 
-0.36000000 0.00000000 -1422.83127902 59456.61082779 
-0.34000000 0.00000000 -1422.84975577 59456.65988939 
-0.32000000 0.00000000 -1422.86737611 59456.67953186 
-0.30000000 0.00000000 -1580.70377336 59435.47046796 
-0.28000000 0.00000000 -1580.81323356 59435.48666781 
-0.26000000 0.00000000 -1422.77652462 59456.78194146 
-0.24000000 0.00000000 -1422.68006050 59456.92644413 
-0.22000000 0.00000000 -1422.55811021 59457.18534101 
-0.20000000 0.00000000 -1422.24154755 59457.59744265 
-0.18000000 0.00000000 -1578.12017097 59438.92012622 
-0.16000000 0.00000000 -1576.08652770 59440.99750218 
-0.14000000 0.00000000 -1420.33760928 59460.19628257 
-0.12000000 0.00000000 -1418.75232361 59461.63432735 
-0.10000000 0.00000000 -1417.07057748 59463.43596016 
-0.08000000 0.00000000 -1414.93244006 59465.60222018 
-0.06000000 0.00000000 -1551.92786892 59462.94386847 
-0.04000000 0.00000000 -1543.79238691 59469.64993506 
-0.02000000 0.00000000 -1408.52389318 59474.54296461 
0.00000000 0.00000000 -1403.63883352 59477.88829128 
0.02000000 0.00000000 -1398.60843625 59481.38845304 
0.04000000 0.00000000 -1392.78950948 59484.81439435 
0.06000000 0.00000000 -1418.28130848 59494.60164820 
0.08000000 0.00000000 -1390.85255254 59493.88879685 
0.10000000 0.00000000 -1385.51194922 59497.27194141 
0.12000000 0.00000000 -1379.53406127 59500.13406763 
0.14000000 0.00000000 -998.97777849 58910.77631652 
0.16000000 0.00000000 -1004.07086590 58949.39235689 
0.18000000 0.00000000 -1363.08019097 59506.71371538 
0.20000000 0.00000000 -1358.64979997 59508.57882678 
0.22000000 0.00000000 -1353.88843624 59510.03993360 
0.24000000 0.00000000 -1349.16211256 59511.29939124 
0.26000000 0.00000000 -1336.05720695 59508.24155330 
0.28000000 0.00000000 -1331.56699547 59509.08646991 
0.30000000 0.00000000 -1327.26094311 59509.80932413 
0.32000000 0.00000000 -1323.23600871 59510.38166044 
0.34000000 0.00000000 -1319.68737439 59510.80077737 
0.36000000 0.00000000 -1316.99184503 59511.16275628 
0.38000000 0.00000000 -1315.13721222 59511.35064532 
0.40000000 0.00000000 -1043.22980618 58330.08457248 
0.42000000 0.00000000 -1042.81998773 58331.54891055 
0.44000000 0.00000000 -1316.33817235 59511.19503945 
0.46000000 0.00000000 -1319.00187642 59510.89357928 
0.48000000 0.00000000 -1322.52924271 59510.41417887 
0.50000000 0.00000000 -1326.88769167 59509.84769789 
0.52000000 0.00000000 -1331.76394132 59509.14131416 
0.54000000 0.00000000 -1336.89665809 59508.27444235 
0.56000000 0.00000000 -1342.11811946 59507.25956036 
0.58000000 0.00000000 -1356.09489616 59510.00475317 
0.60000000 0.00000000 -1361.42518586 59508.60727924 
0.62000000 0.00000000 -1366.69594711 59507.05883814 
0.64000000 0.00000000 -1372.01718970 59505.36201758 
0.66000000 0.00000000 -1017.20076461 59020.54711813 
0.68000000 0.00000000 -1012.97073309 58998.55786262 
0.70000000 0.00000000 -1388.65752452 59498.97728043 
0.72000000 0.00000000 -1394.61610034 59496.35572998 
0.74000000 0.00000000 -1400.29147393 59493.37179049 
0.76000000 0.00000000 -1406.58750016 59490.28455977 
0.78000000 0.00000000 -1411.78045262 59486.82194735 
0.80000000 0.00000000 -1417.84824295 59483.43792439 
0.82000000 0.00000000 -1423.69510172 59480.00907918 
0.84000000 0.00000000 -1429.05760370 59476.60026654 
0.86000000 0.00000000 -1459.92076986 59474.23436917 
0.88000000 0.00000000 -1465.04958778 59470.53070972 
0.90000000 0.00000000 -1411.18145449 59465.55511349 
0.92000000 0.00000000 -1334.34251593 59448.47036730 
0.94000000 0.00000000 -1476.62965873 59461.19573411 
0.96000000 0.00000000 -1479.22939198 59458.76880955 
0.98000000 0.00000000 -1511.30516111 59452.94553138 

