-1.00000000 0.00000000 -2105.02293344 58388.62126353 
-0.98000000 0.00000000 -2103.58822736 58385.71585466 
-0.96000000 0.00000000 -2102.50656366 58384.51618631 
-0.94000000 0.00000000 -2087.80420302 58273.70522165 
-0.92000000 0.00000000 -2087.16788195 58274.54183708 
-0.90000000 0.00000000 -2106.63384356 58484.37579766 
-0.88000000 0.00000000 -2106.37936822 58486.44016226 
-0.86000000 0.00000000 -2106.21631063 58489.24425421 
-0.84000000 0.00000000 -2051.91996802 58118.35367785 
-0.82000000 0.00000000 -2051.33051570 58117.57780131 
-0.80000000 0.00000000 -2100.81083302 58401.03903239 
-0.78000000 0.00000000 -2106.19609329 58544.49146329 
-0.76000000 0.00000000 -2106.07413882 58546.66056027 
-0.74000000 0.00000000 -2105.96141137 58548.30493906 
-0.72000000 0.00000000 -2105.82145214 58553.49228546 
-0.70000000 0.00000000 -2099.75403035 58396.46564875 
-0.68000000 0.00000000 -2099.77261826 58397.21005766 
-0.66000000 0.00000000 -2049.02178576 58116.00796832 
-0.64000000 0.00000000 -2049.43201193 58117.02038387 
-0.62000000 0.00000000 -2100.20693126 58399.13400089 
-0.60000000 0.00000000 -2050.69015801 58118.89760166 
-0.58000000 0.00000000 -2051.51821999 58119.69731716 
-0.56000000 0.00000000 -2101.36324478 58401.12823792 
-0.54000000 0.00000000 -2106.98972586 58558.81082898 
-0.52000000 0.00000000 -2107.42539144 58554.99237911 
-0.50000000 0.00000000 -2107.80976544 58554.83214722 
-0.48000000 0.00000000 -2108.18416194 58554.56178465 
-0.46000000 0.00000000 -2108.54464748 58553.52597778 
-0.44000000 0.00000000 -2060.88167138 58133.36732044 
-0.42000000 0.00000000 -2061.81194186 58134.68716542 
-0.40000000 0.00000000 -2109.30736431 58553.04628045 
-0.38000000 0.00000000 -2109.45561313 58552.79025148 
-0.36000000 0.00000000 -2109.55159348 58552.72162209 
-0.34000000 0.00000000 -2109.60781699 58552.67413564 
-0.32000000 0.00000000 -2109.63802011 58552.65544589 
-0.30000000 0.00000000 -2062.66690352 58132.85395254 
-0.28000000 0.00000000 -2062.64857974 58132.58919361 
-0.26000000 0.00000000 -2109.76357995 58552.97680417 
-0.24000000 0.00000000 -2109.90058178 58553.17736826 
-0.22000000 0.00000000 -2110.13673582 58553.34962459 
-0.20000000 0.00000000 -2110.50086468 58553.93183810 
-0.18000000 0.00000000 -2066.22971839 58136.73883146 
-0.16000000 0.00000000 -2068.52298599 58140.23585360 
-0.14000000 0.00000000 -2112.74495022 58557.11010207 
-0.12000000 0.00000000 -2113.95675619 58560.30616125 
-0.10000000 0.00000000 -2115.47635858 58563.42554085 
-0.08000000 0.00000000 -2117.29151196 58567.47573522 
-0.06000000 0.00000000 -2093.32001017 58184.20988062 
-0.04000000 0.00000000 -2101.00307753 58199.74886678 
-0.02000000 0.00000000 -2124.83949008 58577.18052305 
0.00000000 0.00000000 -2127.53018549 58587.78902052 
0.02000000 0.00000000 -2130.31786217 58598.64476527 
0.04000000 0.00000000 -2132.94960484 58611.79092552 
0.06000000 0.00000000 -2142.46015072 58529.58399297 
0.08000000 0.00000000 -2140.90160521 58608.33330977 
0.10000000 0.00000000 -2143.52405725 58620.10523683 
0.12000000 0.00000000 -2145.58150133 58634.19061111 
0.14000000 0.00000000 -1374.35093654 59778.00025805 
0.16000000 0.00000000 -1411.80567921 59767.64129598 
0.18000000 0.00000000 -2149.76401249 58674.09628414 
0.20000000 0.00000000 -2150.89766817 58684.66142530 
0.22000000 0.00000000 -2151.57216184 58696.52858347 
0.24000000 0.00000000 -2152.01960017 58708.45533831 
0.26000000 0.00000000 -2146.81555805 58748.31085250 
0.28000000 0.00000000 -2146.72342012 58759.88452424 
0.30000000 0.00000000 -2146.51315652 58771.04026246 
0.32000000 0.00000000 -2146.18356662 58781.54980833 
0.34000000 0.00000000 -2145.78334311 58790.88585517 
0.36000000 0.00000000 -2145.50455731 58797.91643759 
0.38000000 0.00000000 -2145.24531287 58802.80917148 
0.40000000 0.00000000 -959.95965804 59657.03829908 
0.42000000 0.00000000 -960.71874875 59657.87844712 
0.44000000 0.00000000 -2145.38479669 58799.62754305 
0.46000000 0.00000000 -2145.72087486 58792.59885698 
0.48000000 0.00000000 -2146.06663924 58783.37140607 
0.50000000 0.00000000 -2146.48432920 58771.92852587 
0.52000000 0.00000000 -2146.83672409 58759.18162012 
0.54000000 0.00000000 -2147.03850473 58745.86709630 
0.56000000 0.00000000 -2147.06355432 58732.42870733 
0.58000000 0.00000000 -2151.91449615 58690.40774694 
0.60000000 0.00000000 -2151.36520376 58676.94039170 
0.62000000 0.00000000 -2150.61267991 58663.74790570 
0.64000000 0.00000000 -2149.67493656 58650.51420739 
0.66000000 0.00000000 -1485.55615999 59738.43646309 
0.68000000 0.00000000 -1462.42247261 59748.32959693 
0.70000000 0.00000000 -2145.41948475 58609.94456520 
0.72000000 0.00000000 -2143.47476704 58595.68316869 
0.74000000 0.00000000 -2141.13596730 58582.56909802 
0.76000000 0.00000000 -2138.67773048 58567.77567797 
0.78000000 0.00000000 -2135.80277330 58556.47604288 
0.80000000 0.00000000 -2132.96933848 58542.59652382 
0.82000000 0.00000000 -2130.03815725 58529.37452733 
0.84000000 0.00000000 -2127.07511818 58517.49101129 
0.86000000 0.00000000 -2123.37635283 58432.31306530 
0.88000000 0.00000000 -2119.80731553 58421.44831595 
0.90000000 0.00000000 -2117.15902863 58578.35082141 
0.92000000 0.00000000 -2089.56480544 58807.74940795 
0.94000000 0.00000000 -2110.78737258 58397.74727571 
0.96000000 0.00000000 -2108.45527198 58392.69501531 
0.98000000 0.00000000 -2098.01876835 58308.24909166 

