-1.00000000 0.00000000 2060.66791935 59901.60321646 
-0.98000000 0.00000000 2062.76260011 59900.46282350 
-0.96000000 0.00000000 2063.92089339 59899.41191346 
-0.94000000 0.00000000 2119.25849798 59906.95352757 
-0.92000000 0.00000000 2119.31197940 59905.97885173 
-0.90000000 0.00000000 2018.33131766 59886.09003535 
-0.88000000 0.00000000 2017.57195700 59885.48058618 
-0.86000000 0.00000000 2016.43387509 59884.86147933 
-0.84000000 0.00000000 2204.65081895 59908.33541666 
-0.82000000 0.00000000 2205.34449849 59907.87145047 
-0.80000000 0.00000000 2057.88396881 59894.22229914 
-0.78000000 0.00000000 1991.94459237 59876.60855869 
-0.76000000 0.00000000 1991.04315495 59876.17549677 
-0.74000000 0.00000000 1990.37070105 59875.82410153 
-0.72000000 0.00000000 1988.12492280 59874.95175072 
-0.70000000 0.00000000 2060.47154900 59893.88238794 
-0.68000000 0.00000000 2060.14217312 59893.75637202 
-0.66000000 0.00000000 2207.49092366 59905.50726463 
-0.64000000 0.00000000 2206.82360433 59905.67715996 
-0.62000000 0.00000000 2059.06092312 59893.89811255 
-0.60000000 0.00000000 2205.25675215 59906.62443440 
-0.58000000 0.00000000 2204.39607027 59907.39917064 
-0.56000000 0.00000000 2057.52050113 59894.90931034 
-0.54000000 0.00000000 1985.08638298 59875.61266588 
-0.52000000 0.00000000 1986.55588925 59876.64472746 
-0.50000000 0.00000000 1986.41271452 59877.11923250 
-0.48000000 0.00000000 1986.32442428 59877.59569309 
-0.46000000 0.00000000 1986.58669765 59878.15911254 
-0.44000000 0.00000000 2192.86968001 59914.64833556 
-0.42000000 0.00000000 2191.74128889 59915.37919399 
-0.40000000 0.00000000 1986.37416102 59879.09567247 
-0.38000000 0.00000000 1986.40548899 59879.28874820 
-0.36000000 0.00000000 1986.38208208 59879.39028490 
-0.34000000 0.00000000 1986.37134074 59879.43800847 
-0.32000000 0.00000000 1986.36212167 59879.44734490 
-0.30000000 0.00000000 2191.89816331 59916.94023774 
-0.28000000 0.00000000 2192.01391887 59916.96867753 
-0.26000000 0.00000000 1986.14458920 59879.44977396 
-0.24000000 0.00000000 1985.97631404 59879.54978527 
-0.22000000 0.00000000 1985.76473303 59879.77440673 
-0.20000000 0.00000000 1985.29746916 59880.10097321 
-0.18000000 0.00000000 2188.03439076 59919.91789495 
-0.16000000 0.00000000 2185.15976365 59921.63288352 
-0.14000000 0.00000000 1982.60683412 59882.33035669 
-0.12000000 0.00000000 1980.49336129 59883.37600589 
-0.10000000 0.00000000 1978.24208945 59884.83059074 
-0.08000000 0.00000000 1975.40947880 59886.54936556 
-0.06000000 0.00000000 2151.76514831 59939.09205828 
-0.04000000 0.00000000 2140.69995531 59944.19600841 
-0.02000000 0.00000000 1966.84605041 59894.80019114 
0.00000000 0.00000000 1960.59813413 59896.89650202 
0.02000000 0.00000000 1954.18470720 59899.15047062 
0.04000000 0.00000000 1946.82526230 59901.01020265 
0.06000000 0.00000000 1978.02033752 59923.96558630 
0.08000000 0.00000000 1944.01735557 59911.66539903 
0.10000000 0.00000000 1937.30281774 59913.76363019 
0.12000000 0.00000000 1929.84983715 59914.96135578 
0.14000000 0.00000000 1527.74677274 59028.36161253 
0.16000000 0.00000000 1531.20470758 59078.02646781 
0.18000000 0.00000000 1909.54484967 59916.75170029 
0.20000000 0.00000000 1904.13263718 59917.41621762 
0.22000000 0.00000000 1898.36020372 59917.45347760 
0.24000000 0.00000000 1892.66661482 59917.27615690 
0.26000000 0.00000000 1877.01652973 59908.11898385 
0.28000000 0.00000000 1871.68838556 59907.56211827 
0.30000000 0.00000000 1866.60153453 59906.94125635 
0.32000000 0.00000000 1861.86423698 59906.24632847 
0.34000000 0.00000000 1857.70019901 59905.53676227 
0.36000000 0.00000000 1854.54636736 59905.07149930 
0.38000000 0.00000000 1852.38116065 59904.67638417 
0.40000000 0.00000000 1599.34281332 58285.34153450 
0.42000000 0.00000000 1598.83762062 58287.25758259 
0.44000000 0.00000000 1853.80293468 59904.92360233 
0.46000000 0.00000000 1856.92733603 59905.47579385 
0.48000000 0.00000000 1861.06904137 59906.10466455 
0.50000000 0.00000000 1866.19740428 59906.93318528 
0.52000000 0.00000000 1871.95059851 59907.78482212 
0.54000000 0.00000000 1878.02654144 59908.54355333 
0.56000000 0.00000000 1884.23233986 59909.17029370 
0.58000000 0.00000000 1900.96517869 59918.27796124 
0.60000000 0.00000000 1907.39145672 59918.52579687 
0.62000000 0.00000000 1913.78373540 59918.59142549 
0.64000000 0.00000000 1920.27714628 59918.52244254 
0.66000000 0.00000000 1541.83038539 59171.85062012 
0.68000000 0.00000000 1538.53735294 59143.28613171 
0.70000000 0.00000000 1940.83233431 59917.12135003 
0.72000000 0.00000000 1948.27188358 59916.24923722 
0.74000000 0.00000000 1955.40512083 59914.82351895 
0.76000000 0.00000000 1963.34058476 59913.55086205 
0.78000000 0.00000000 1969.95190015 59911.36920528 
0.80000000 0.00000000 1977.67650315 59909.67692239 
0.82000000 0.00000000 1985.15909785 59907.85953722 
0.84000000 0.00000000 1992.06610434 59905.88678771 
0.86000000 0.00000000 2031.13821480 59915.81369197 
0.88000000 0.00000000 2037.88581491 59913.39129877 
0.90000000 0.00000000 1970.61084432 59884.91473555 
0.92000000 0.00000000 1878.29535384 59831.72782743 
0.94000000 0.00000000 2053.34201953 59906.82015535 
0.96000000 0.00000000 2056.88300669 59904.96769911 
0.98000000 0.00000000 2098.66923247 59910.90291037 

