-1.00000000 0.00000000 -862.67557433 58158.94585313 
-0.98000000 0.00000000 -862.60541204 58161.95506839 
-0.96000000 0.00000000 -862.93919056 58163.45889027 
-0.94000000 0.00000000 -827.76050419 58257.97266316 
-0.92000000 0.00000000 -828.55773685 58257.68028050 
-0.90000000 0.00000000 -898.34986392 58082.79612355 
-0.88000000 0.00000000 -899.31067692 58081.32245452 
-0.86000000 0.00000000 -900.47442899 58079.21766030 
-0.84000000 0.00000000 -781.67473448 58399.28955663 
-0.82000000 0.00000000 -781.67396142 58400.25902309 
-0.80000000 0.00000000 -870.71855931 58151.54450701 
-0.78000000 0.00000000 -920.68668706 58035.56691500 
-0.76000000 0.00000000 -921.56002337 58033.92254602 
-0.74000000 0.00000000 -922.23879594 58032.68668562 
-0.72000000 0.00000000 -924.20801442 58028.64660548 
-0.70000000 0.00000000 -869.70152229 58155.74506498 
-0.68000000 0.00000000 -869.98490142 58155.15506112 
-0.66000000 0.00000000 -782.38836105 58402.91751730 
-0.64000000 0.00000000 -782.61162381 58401.88996043 
-0.62000000 0.00000000 -870.41900343 58153.42119001 
-0.60000000 0.00000000 -782.70840636 58399.68985294 
-0.58000000 0.00000000 -782.56279479 58398.58086742 
-0.56000000 0.00000000 -870.31559735 58151.24956225 
-0.54000000 0.00000000 -925.11809969 58023.82816585 
-0.52000000 0.00000000 -923.39361041 58026.63749232 
-0.50000000 0.00000000 -923.01309432 58026.56417238 
-0.48000000 0.00000000 -922.60243254 58026.58231071 
-0.46000000 0.00000000 -921.93211133 58027.21456026 
-0.44000000 0.00000000 -782.98371110 58382.49956133 
-0.42000000 0.00000000 -782.99968996 58380.93169055 
-0.40000000 0.00000000 -921.13458757 58027.17290880 
-0.38000000 0.00000000 -920.92825546 58027.28428693 
-0.36000000 0.00000000 -920.83518753 58027.27067159 
-0.34000000 0.00000000 -920.78579152 58027.25798347 
-0.32000000 0.00000000 -920.77121706 58027.23356479 
-0.30000000 0.00000000 -781.65316846 58381.76767449 
-0.28000000 0.00000000 -781.56171520 58381.96220923 
-0.26000000 0.00000000 -920.84635713 58026.83940352 
-0.24000000 0.00000000 -920.82760135 58026.58977688 
-0.22000000 0.00000000 -920.71536733 58026.31872049 
-0.20000000 0.00000000 -920.63947421 58025.66741449 
-0.18000000 0.00000000 -781.30927474 58376.66632628 
-0.16000000 0.00000000 -781.46706715 58372.68526229 
-0.14000000 0.00000000 -919.91593146 58022.10226670 
-0.12000000 0.00000000 -920.01403939 58019.03713046 
-0.10000000 0.00000000 -919.80209492 58015.91706816 
-0.08000000 0.00000000 -919.63615548 58011.95373265 
-0.06000000 0.00000000 -784.88205531 58325.60568711 
-0.04000000 0.00000000 -786.39493873 58309.76724042 
-0.02000000 0.00000000 -916.26483063 58001.29737405 
0.00000000 0.00000000 -917.40502625 57991.89596859 
0.02000000 0.00000000 -918.45116618 57982.29505553 
0.04000000 0.00000000 -920.29575703 57970.97167391 
0.06000000 0.00000000 -884.00805040 58032.54245273 
0.08000000 0.00000000 -911.65808786 57970.99766446 
0.10000000 0.00000000 -912.88422462 57960.86877820 
0.12000000 0.00000000 -915.27788076 57949.12983347 
0.14000000 0.00000000 -2143.76045973 57647.24326406 
0.16000000 0.00000000 -2091.26332590 57589.74263756 
0.18000000 0.00000000 -923.08565917 57916.53655782 
0.20000000 0.00000000 -924.97397827 57907.95379750 
0.22000000 0.00000000 -927.62708112 57898.50480414 
0.24000000 0.00000000 -930.44991694 57889.09566035 
0.26000000 0.00000000 -946.56192690 57859.31407036 
0.28000000 0.00000000 -949.59985407 57850.34571398 
0.30000000 0.00000000 -952.58787556 57841.74438142 
0.32000000 0.00000000 -955.48428846 57833.68139259 
0.34000000 0.00000000 -958.12658495 57826.54923740 
0.36000000 0.00000000 -960.05791389 57821.17880682 
0.38000000 0.00000000 -961.45867289 57817.45817537 
0.40000000 0.00000000 -2405.97411875 58935.47159782 
0.42000000 0.00000000 -2406.62052259 58931.84234798 
0.44000000 0.00000000 -960.56316794 57819.90205777 
0.46000000 0.00000000 -958.56622606 57825.26653835 
0.48000000 0.00000000 -956.01665139 57832.32978123 
0.50000000 0.00000000 -952.80780086 57841.09521157 
0.52000000 0.00000000 -949.28032518 57850.89127880 
0.54000000 0.00000000 -945.68795488 57861.17170870 
0.56000000 0.00000000 -942.15919630 57871.60432847 
0.58000000 0.00000000 -925.59850108 57903.14418088 
0.60000000 0.00000000 -922.34418124 57913.77669551 
0.62000000 0.00000000 -919.27767770 57924.27688874 
0.64000000 0.00000000 -916.28973714 57934.89098875 
0.66000000 0.00000000 -1982.35979686 57499.61369648 
0.68000000 0.00000000 -2016.34775835 57524.92161640 
0.70000000 0.00000000 -907.90780884 57968.02384461 
0.72000000 0.00000000 -905.18737330 57979.87293125 
0.74000000 0.00000000 -903.10582766 57990.97842817 
0.76000000 0.00000000 -900.47044552 58003.48105896 
0.78000000 0.00000000 -899.28431393 58013.40713932 
0.80000000 0.00000000 -897.07667080 58025.39177425 
0.82000000 0.00000000 -895.07038480 58036.93059754 
0.84000000 0.00000000 -893.45994257 58047.46189737 
0.86000000 0.00000000 -865.13842847 58116.23858288 
0.88000000 0.00000000 -863.89317891 58126.30575374 
0.90000000 0.00000000 -923.49824867 58003.28822507 
0.92000000 0.00000000 -1021.69475265 57831.39538406 
0.94000000 0.00000000 -861.84156113 58148.99490284 
0.96000000 0.00000000 -861.65876270 58154.06884567 
0.98000000 0.00000000 -835.09516606 58225.57678024 

