-1.00000000 0.00000000 890.01368243 58186.60012285 
-0.98000000 0.00000000 890.56887914 58188.03447447 
-0.96000000 0.00000000 891.29747450 58187.39923962 
-0.94000000 0.00000000 865.22653545 58373.25716657 
-0.92000000 0.00000000 866.13523027 58369.94886576 
-0.90000000 0.00000000 918.65056398 58022.21388978 
-0.88000000 0.00000000 919.49271395 58018.44633762 
-0.86000000 0.00000000 920.44787590 58013.71281975 
-0.84000000 0.00000000 830.90729921 58655.97236353 
-0.82000000 0.00000000 831.01918439 58656.75618584 
-0.80000000 0.00000000 898.39820355 58154.01994097 
-0.78000000 0.00000000 935.77270344 57926.92872397 
-0.76000000 0.00000000 936.47433951 57923.45103580 
-0.74000000 0.00000000 937.03384057 57920.76418379 
-0.72000000 0.00000000 938.55912888 57912.59912567 
-0.70000000 0.00000000 897.96660421 58160.11941155 
-0.68000000 0.00000000 898.20991583 58158.79642464 
-0.66000000 0.00000000 832.28759670 58655.39727337 
-0.64000000 0.00000000 832.41707105 58653.72602134 
-0.62000000 0.00000000 898.40172300 58156.42579718 
-0.60000000 0.00000000 832.20570744 58651.99691421 
-0.58000000 0.00000000 831.84894528 58652.07561281 
-0.56000000 0.00000000 897.76580107 58156.01291106 
-0.54000000 0.00000000 938.44113926 57907.94404623 
-0.52000000 0.00000000 936.89843820 57914.90258821 
-0.50000000 0.00000000 936.36086701 57916.20542725 
-0.48000000 0.00000000 935.81075994 57917.63342395 
-0.46000000 0.00000000 935.08612613 57920.16363732 
-0.44000000 0.00000000 829.78618043 58641.27943382 
-0.42000000 0.00000000 829.56292629 58640.29345219 
-0.40000000 0.00000000 934.04368978 57922.70163986 
-0.38000000 0.00000000 933.82775187 57923.31648614 
-0.36000000 0.00000000 933.73856615 57923.45634412 
-0.34000000 0.00000000 933.71759492 57923.40898783 
-0.32000000 0.00000000 933.74897204 57923.20479694 
-0.30000000 0.00000000 828.27280376 58645.90736599 
-0.28000000 0.00000000 828.26915136 58646.09267509 
-0.26000000 0.00000000 933.95329353 57921.96995460 
-0.24000000 0.00000000 933.93448677 57921.69234932 
-0.22000000 0.00000000 933.77973090 57921.78696711 
-0.20000000 0.00000000 933.55668182 57921.71807966 
-0.18000000 0.00000000 827.50070533 58643.09713172 
-0.16000000 0.00000000 827.09289194 58640.30199936 
-0.14000000 0.00000000 931.62542770 57923.72259111 
-0.12000000 0.00000000 930.82776320 57923.09979370 
-0.10000000 0.00000000 929.53557932 57923.92407134 
-0.08000000 0.00000000 927.99226194 57924.74381776 
-0.06000000 0.00000000 822.84303334 58606.04384478 
-0.04000000 0.00000000 821.56379973 58594.20974699 
-0.02000000 0.00000000 919.34096620 57940.90776736 
0.00000000 0.00000000 917.60217215 57937.46389205 
0.02000000 0.00000000 915.56192843 57934.82915976 
0.04000000 0.00000000 913.96580737 57929.27907914 
0.06000000 0.00000000 882.70349474 58088.64171793 
0.08000000 0.00000000 900.95255256 57970.64744207 
0.10000000 0.00000000 898.75223940 57968.46161954 
0.12000000 0.00000000 897.57603773 57961.57825710 
0.14000000 0.00000000 2474.60034048 55674.54652299 
0.16000000 0.00000000 2351.07563494 55689.37239347 
0.18000000 0.00000000 895.51406915 57939.36870545 
0.20000000 0.00000000 894.54777374 57935.27457554 
0.22000000 0.00000000 894.27148089 57928.28198582 
0.24000000 0.00000000 894.17010960 57920.89098685 
0.26000000 0.00000000 904.66239578 57860.83983170 
0.28000000 0.00000000 904.75794516 57853.42101351 
0.30000000 0.00000000 904.87105429 57846.29817450 
0.32000000 0.00000000 905.04738267 57839.42184251 
0.34000000 0.00000000 905.26775414 57833.14576369 
0.36000000 0.00000000 905.29469385 57828.91535099 
0.38000000 0.00000000 905.39201439 57825.73547266 
0.40000000 0.00000000 4228.38964356 57267.49049015 
0.42000000 0.00000000 4225.82511158 57259.05525967 
0.44000000 0.00000000 905.32007689 57828.04282507 
0.46000000 0.00000000 905.17037671 57832.78544585 
0.48000000 0.00000000 905.06466385 57838.70307083 
0.50000000 0.00000000 904.79117785 57846.52696476 
0.52000000 0.00000000 904.48733206 57855.27479675 
0.54000000 0.00000000 904.23553037 57864.25333267 
0.56000000 0.00000000 904.04725000 57873.18514396 
0.58000000 0.00000000 893.44773970 57935.19043374 
0.60000000 0.00000000 893.37100918 57944.17614847 
0.62000000 0.00000000 893.39898212 57952.84121061 
0.64000000 0.00000000 893.47761745 57961.60614676 
0.66000000 0.00000000 2127.33042641 55756.32126144 
0.68000000 0.00000000 2193.83381279 55732.44911005 
0.70000000 0.00000000 894.48034431 57987.55631719 
0.72000000 0.00000000 895.04263877 57996.50086039 
0.74000000 0.00000000 896.17740377 58003.00374345 
0.76000000 0.00000000 896.91140335 58012.23260147 
0.78000000 0.00000000 898.75728453 58015.52509604 
0.80000000 0.00000000 899.73442321 58023.66855035 
0.82000000 0.00000000 900.74674478 58031.36410837 
0.84000000 0.00000000 901.89844238 58037.73776733 
0.86000000 0.00000000 882.38557046 58168.60513370 
0.88000000 0.00000000 883.46468904 58174.93397750 
0.90000000 0.00000000 930.67798525 57907.43494085 
0.92000000 0.00000000 1008.04156278 57540.01584970 
0.94000000 0.00000000 886.58083346 58187.37858869 
0.96000000 0.00000000 887.56190131 58189.37254876 
0.98000000 0.00000000 868.40652778 58327.51578535 

