-1.00000000 0.00000000 -2023.18964321 57487.93452929 
-0.98000000 0.00000000 -2020.09193435 57487.17115417 
-0.96000000 0.00000000 -2018.50651789 57487.52573651 
-0.94000000 0.00000000 -1921.84713996 57402.72272385 
-0.92000000 0.00000000 -1922.15489742 57404.34447264 
-0.90000000 0.00000000 -2096.12492089 57579.92212601 
-0.88000000 0.00000000 -2097.43075104 57582.26653379 
-0.86000000 0.00000000 -2099.33529307 57585.22434267 
-0.84000000 0.00000000 -1770.44501010 57311.59272970 
-0.82000000 0.00000000 -1769.43445478 57311.68379599 
-0.80000000 0.00000000 -2029.93624473 57505.51806576 
-0.78000000 0.00000000 -2138.92849358 57640.78292537 
-0.76000000 0.00000000 -2140.36099059 57643.12133144 
-0.74000000 0.00000000 -2141.43111282 57644.92407074 
-0.72000000 0.00000000 -2144.98451768 57650.38894617 
-0.70000000 0.00000000 -2025.72758766 57502.46256848 
-0.68000000 0.00000000 -2026.30658332 57503.15976371 
-0.66000000 0.00000000 -1766.82512641 57313.43323185 
-0.64000000 0.00000000 -1767.93169222 57313.76420599 
-0.62000000 0.00000000 -2028.04646655 57504.41639191 
-0.60000000 0.00000000 -1770.22925408 57313.68743275 
-0.58000000 0.00000000 -1771.35112671 57313.24701799 
-0.56000000 0.00000000 -2030.28396004 57504.69166876 
-0.54000000 0.00000000 -2149.56566552 57654.11857029 
-0.52000000 0.00000000 -2147.18904688 57649.59500056 
-0.50000000 0.00000000 -2147.35422985 57648.88283248 
-0.48000000 0.00000000 -2147.43577962 57648.07602683 
-0.46000000 0.00000000 -2146.96779504 57646.51221536 
-0.44000000 0.00000000 -1788.07716467 57312.25107083 
-0.42000000 0.00000000 -1789.70933691 57312.12834832 
-0.40000000 0.00000000 -2147.20991059 57645.00984137 
-0.38000000 0.00000000 -2147.15403000 57644.58402857 
-0.36000000 0.00000000 -2147.19731095 57644.43620369 
-0.34000000 0.00000000 -2147.23076575 57644.37843242 
-0.32000000 0.00000000 -2147.26904854 57644.39784827 
-0.30000000 0.00000000 -1788.68050816 57309.59715764 
-0.28000000 0.00000000 -1788.48396834 57309.47457783 
-0.26000000 0.00000000 -2147.68171512 57644.82895225 
-0.24000000 0.00000000 -2147.94808638 57644.92861283 
-0.22000000 0.00000000 -2148.25709159 57644.84317382 
-0.20000000 0.00000000 -2148.93436960 57644.96666551 
-0.18000000 0.00000000 -1794.05949667 57308.55705223 
-0.16000000 0.00000000 -1798.24296604 57308.47189103 
-0.14000000 0.00000000 -2152.66369908 57644.84516526 
-0.12000000 0.00000000 -2155.68146387 57646.16104552 
-0.10000000 0.00000000 -2158.81684467 57646.83803871 
-0.08000000 0.00000000 -2162.76801136 57647.90259024 
-0.06000000 0.00000000 -1847.82531692 57311.56584165 
-0.04000000 0.00000000 -1864.55226885 57313.88792339 
-0.02000000 0.00000000 -2174.00212230 57644.48269647 
0.00000000 0.00000000 -2182.98367718 57650.29113272 
0.02000000 0.00000000 -2192.15061761 57656.04534860 
0.04000000 0.00000000 -2202.78118629 57664.26292130 
0.06000000 0.00000000 -2148.90467172 57563.88475410 
0.08000000 0.00000000 -2204.68723776 57645.32260385 
0.10000000 0.00000000 -2214.29692213 57651.76718536 
0.12000000 0.00000000 -2225.16538262 57661.49667766 
0.14000000 0.00000000 -1779.85443372 60000.96375171 
0.16000000 0.00000000 -1834.71649334 59949.13451791 
0.18000000 0.00000000 -2254.68840035 57691.62677806 
0.20000000 0.00000000 -2262.39692638 57699.25731437 
0.22000000 0.00000000 -2270.68048591 57708.98801210 
0.24000000 0.00000000 -2278.81594420 57719.11695470 
0.26000000 0.00000000 -2302.08969263 57768.26261621 
0.28000000 0.00000000 -2309.43647099 57778.93263386 
0.30000000 0.00000000 -2316.39753524 57789.37147436 
0.32000000 0.00000000 -2322.83779687 57799.41425459 
0.34000000 0.00000000 -2328.46372500 57808.51526327 
0.36000000 0.00000000 -2332.68914334 57815.24642536 
0.38000000 0.00000000 -2335.58121494 57820.06147571 
0.40000000 0.00000000 -1101.29228257 60282.88750086 
0.42000000 0.00000000 -1102.68518546 60283.03850412 
0.44000000 0.00000000 -2333.66175334 57816.87954319 
0.46000000 0.00000000 -2329.46220670 57809.95595753 
0.48000000 0.00000000 -2323.87347110 57801.06756694 
0.50000000 0.00000000 -2316.89645931 57789.98744126 
0.52000000 0.00000000 -2309.00818211 57777.80993330 
0.54000000 0.00000000 -2300.61520679 57765.35891448 
0.56000000 0.00000000 -2291.97903067 57753.06486249 
0.58000000 0.00000000 -2266.82148855 57702.56409699 
0.60000000 0.00000000 -2257.54429572 57691.14404391 
0.62000000 0.00000000 -2248.26573629 57680.25635788 
0.64000000 0.00000000 -2238.78062608 57669.55385788 
0.66000000 0.00000000 -1940.00519740 59832.53390580 
0.68000000 0.00000000 -1907.74602479 59869.66321229 
0.70000000 0.00000000 -2208.49491644 57638.66205871 
0.72000000 0.00000000 -2197.45503846 57628.41921731 
0.74000000 0.00000000 -2186.95287416 57619.96361503 
0.76000000 0.00000000 -2175.12136637 57609.92981039 
0.78000000 0.00000000 -2165.51380138 57604.05598316 
0.80000000 0.00000000 -2154.00772187 57595.38342950 
0.82000000 0.00000000 -2142.85671596 57587.42333884 
0.84000000 0.00000000 -2132.59999246 57580.74478371 
0.86000000 0.00000000 -2066.71926692 57501.88839765 
0.88000000 0.00000000 -2056.55657677 57497.09143965 
0.90000000 0.00000000 -2170.44155851 57659.47670896 
0.92000000 0.00000000 -2300.34782557 57943.64535878 
0.94000000 0.00000000 -2033.49599658 57488.18256902 
0.96000000 0.00000000 -2028.29799922 57486.80684820 
0.98000000 0.00000000 -1955.58188466 57420.75250581 

