-1.00000000 0.00000000 2198.75187873 58573.98155662 
-0.98000000 0.00000000 2198.22798753 58574.77867229 
-0.96000000 0.00000000 2198.00940970 58575.41940258 
-0.94000000 0.00000000 2179.47708562 58578.15187904 
-0.92000000 0.00000000 2179.60149773 58578.60005999 
-0.90000000 0.00000000 2214.61116247 58576.07078113 
-0.88000000 0.00000000 2214.99170020 58576.27593766 
-0.86000000 0.00000000 2215.49480944 58576.43417444 
-0.84000000 0.00000000 2153.00809458 58585.57828546 
-0.82000000 0.00000000 2152.86494000 58585.82449324 
-0.80000000 0.00000000 2200.93305039 58577.16961593 
-0.78000000 0.00000000 2224.75794243 58577.17502508 
-0.76000000 0.00000000 2225.13958367 58577.26416412 
-0.74000000 0.00000000 2225.42986097 58577.34333891 
-0.72000000 0.00000000 2226.30054259 58577.45978704 
-0.70000000 0.00000000 2200.22523687 58577.60990921 
-0.68000000 0.00000000 2200.35268424 58577.62461478 
-0.66000000 0.00000000 2152.48891230 58586.90916386 
-0.64000000 0.00000000 2152.67641379 58586.77838407 
-0.62000000 0.00000000 2200.68393922 58577.42334178 
-0.60000000 0.00000000 2153.07278462 58586.25429853 
-0.58000000 0.00000000 2153.27087292 58585.86555684 
-0.56000000 0.00000000 2201.04045359 58576.77948437 
-0.54000000 0.00000000 2227.16399171 58576.70320712 
-0.52000000 0.00000000 2226.52384140 58576.40413821 
-0.50000000 0.00000000 2226.48489316 58576.15416235 
-0.48000000 0.00000000 2226.42624898 58575.91085277 
-0.46000000 0.00000000 2226.24038826 58575.67368455 
-0.44000000 0.00000000 2156.17014900 58581.94665370 
-0.42000000 0.00000000 2156.44215925 58581.55190078 
-0.40000000 0.00000000 2226.10089019 58575.18403463 
-0.38000000 0.00000000 2226.03290902 58575.08964219 
-0.36000000 0.00000000 2225.99243857 58575.02987881 
-0.34000000 0.00000000 2225.95219357 58574.99552205 
-0.32000000 0.00000000 2225.91366028 58574.97724991 
-0.30000000 0.00000000 2156.10008318 58580.89021872 
-0.28000000 0.00000000 2156.02052254 58580.86800792 
-0.26000000 0.00000000 2225.85044183 58574.88915538 
-0.24000000 0.00000000 2225.84744710 58574.79115015 
-0.22000000 0.00000000 2225.84617597 58574.62289043 
-0.20000000 0.00000000 2225.92341807 58574.36589649 
-0.18000000 0.00000000 2156.84248869 58579.10636649 
-0.16000000 0.00000000 2157.59164299 58578.08034116 
-0.14000000 0.00000000 2226.51285448 58572.79113591 
-0.12000000 0.00000000 2227.12097168 58571.94499464 
-0.10000000 0.00000000 2227.75919102 58570.88231000 
-0.08000000 0.00000000 2228.59663437 58569.61193922 
-0.06000000 0.00000000 2167.03023016 58567.30943911 
-0.04000000 0.00000000 2170.30759577 58564.00513272 
-0.02000000 0.00000000 2231.04179908 58564.35903196 
0.00000000 0.00000000 2233.13766001 58562.44524456 
0.02000000 0.00000000 2235.30727679 58560.43971567 
0.04000000 0.00000000 2237.86044864 58558.48452118 
0.06000000 0.00000000 2225.63646012 58552.57022797 
0.08000000 0.00000000 2238.38901620 58553.20782172 
0.10000000 0.00000000 2240.75582751 58551.28876925 
0.12000000 0.00000000 2243.45477324 58549.67088666 
0.14000000 0.00000000 2396.50049119 58923.57087765 
0.16000000 0.00000000 2399.25770934 58899.93812974 
0.18000000 0.00000000 2251.03987856 58545.96059273 
0.20000000 0.00000000 2253.12815251 58544.92050228 
0.22000000 0.00000000 2255.41180615 58544.12066859 
0.24000000 0.00000000 2257.71192468 58543.44786898 
0.26000000 0.00000000 2264.15583413 58545.24101473 
0.28000000 0.00000000 2266.40699042 58544.82906007 
0.30000000 0.00000000 2268.58666326 58544.49686291 
0.32000000 0.00000000 2270.63929562 58544.25523385 
0.34000000 0.00000000 2272.45976721 58544.09848048 
0.36000000 0.00000000 2273.85219281 58543.96343229 
0.38000000 0.00000000 2274.81436486 58543.90887738 
0.40000000 0.00000000 2276.50439351 59189.43625179 
0.42000000 0.00000000 2276.93551718 59189.01116287 
0.44000000 0.00000000 2274.21720348 58543.99243156 
0.46000000 0.00000000 2272.85312638 58544.10827918 
0.48000000 0.00000000 2271.04798841 58544.30675991 
0.50000000 0.00000000 2268.82638162 58544.54393086 
0.52000000 0.00000000 2266.35271860 58544.85819272 
0.54000000 0.00000000 2263.76481430 58545.26850687 
0.56000000 0.00000000 2261.15284321 58545.77321864 
0.58000000 0.00000000 2254.29622921 58544.15129438 
0.60000000 0.00000000 2251.70033550 58544.89868895 
0.62000000 0.00000000 2249.16707343 58545.74485792 
0.64000000 0.00000000 2246.64482455 58546.68630484 
0.66000000 0.00000000 2401.46345444 58856.68897054 
0.68000000 0.00000000 2400.99955218 58870.82218390 
0.70000000 0.00000000 2238.96586577 58550.28055172 
0.72000000 0.00000000 2236.27652449 58551.75924827 
0.74000000 0.00000000 2233.75127552 58553.44337815 
0.76000000 0.00000000 2230.95932902 58555.17677201 
0.78000000 0.00000000 2228.71028080 58557.13070964 
0.80000000 0.00000000 2226.06992688 58559.02374768 
0.82000000 0.00000000 2223.55063072 58560.93709003 
0.84000000 0.00000000 2221.27058628 58562.83825201 
0.86000000 0.00000000 2207.30538622 58563.58983565 
0.88000000 0.00000000 2205.19369797 58565.58607976 
0.90000000 0.00000000 2230.22892684 58569.75725446 
0.92000000 0.00000000 2267.18328099 58581.63664862 
0.94000000 0.00000000 2200.58416038 58570.61496620 
0.96000000 0.00000000 2199.60424705 58571.92619587 
0.98000000 0.00000000 2185.54070894 58574.11234714 

