-1.00000000 0.00000000 314.54937115 63774.98209833 
-0.98000000 0.00000000 314.54937113 63774.98209833 
-0.96000000 0.00000000 314.54937088 63774.98209832 
-0.94000000 0.00000000 314.54940536 63774.98209919 
-0.92000000 0.00000000 314.54940446 63774.98209917 
-0.90000000 0.00000000 314.54934819 63774.98209775 
-0.88000000 0.00000000 314.54934788 63774.98209774 
-0.86000000 0.00000000 314.54934746 63774.98209773 
-0.84000000 0.00000000 314.54948648 63774.98210123 
-0.82000000 0.00000000 314.54948664 63774.98210123 
-0.80000000 0.00000000 314.54936634 63774.98209821 
-0.78000000 0.00000000 314.54933850 63774.98209751 
-0.76000000 0.00000000 314.54933829 63774.98209750 
-0.74000000 0.00000000 314.54933815 63774.98209750 
-0.72000000 0.00000000 314.54933745 63774.98209748 
-0.70000000 0.00000000 314.54936774 63774.98209824 
-0.68000000 0.00000000 314.54936762 63774.98209824 
-0.66000000 0.00000000 314.54948539 63774.98210120 
-0.64000000 0.00000000 314.54948491 63774.98210119 
-0.62000000 0.00000000 314.54936751 63774.98209824 
-0.60000000 0.00000000 314.54948494 63774.98210119 
-0.58000000 0.00000000 314.54948549 63774.98210120 
-0.56000000 0.00000000 314.54936770 63774.98209824 
-0.54000000 0.00000000 314.54933741 63774.98209748 
-0.52000000 0.00000000 314.54933810 63774.98209750 
-0.50000000 0.00000000 314.54933822 63774.98209750 
-0.48000000 0.00000000 314.54933835 63774.98209750 
-0.46000000 0.00000000 314.54933860 63774.98209751 
-0.44000000 0.00000000 314.54948634 63774.98210123 
-0.42000000 0.00000000 314.54948646 63774.98210123 
-0.40000000 0.00000000 314.54933884 63774.98209752 
-0.38000000 0.00000000 314.54933890 63774.98209752 
-0.36000000 0.00000000 314.54933892 63774.98209752 
-0.34000000 0.00000000 314.54933892 63774.98209752 
-0.32000000 0.00000000 314.54933891 63774.98209752 
-0.30000000 0.00000000 314.54948932 63774.98210130 
-0.28000000 0.00000000 314.54948931 63774.98210130 
-0.26000000 0.00000000 314.54933883 63774.98209752 
-0.24000000 0.00000000 314.54933882 63774.98209752 
-0.22000000 0.00000000 314.54933887 63774.98209752 
-0.20000000 0.00000000 314.54933892 63774.98209752 
-0.18000000 0.00000000 314.54948970 63774.98210131 
-0.16000000 0.00000000 314.54948981 63774.98210131 
-0.14000000 0.00000000 314.54933952 63774.98209753 
-0.12000000 0.00000000 314.54933970 63774.98209754 
-0.10000000 0.00000000 314.54934011 63774.98209755 
-0.08000000 0.00000000 314.54934062 63774.98209756 
-0.06000000 0.00000000 314.54949119 63774.98210135 
-0.04000000 0.00000000 314.54949161 63774.98210136 
-0.02000000 0.00000000 314.54934453 63774.98209766 
0.00000000 0.00000000 314.54934508 63774.98209767 
0.02000000 0.00000000 314.54934584 63774.98209769 
0.04000000 0.00000000 314.54934633 63774.98209770 
0.06000000 0.00000000 314.54937209 63774.98209835 
0.08000000 0.00000000 314.54935487 63774.98209792 
0.10000000 0.00000000 314.54935612 63774.98209795 
0.12000000 0.00000000 314.54935663 63774.98209796 
0.14000000 0.00000000 314.54924955 63774.98209528 
0.16000000 0.00000000 314.54924986 63774.98209529 
0.18000000 0.00000000 314.54935753 63774.98209799 
0.20000000 0.00000000 314.54935825 63774.98209800 
0.22000000 0.00000000 314.54935849 63774.98209801 
0.24000000 0.00000000 314.54935865 63774.98209801 
0.26000000 0.00000000 314.54935050 63774.98209781 
0.28000000 0.00000000 314.54935062 63774.98209781 
0.30000000 0.00000000 314.54935076 63774.98209782 
0.32000000 0.00000000 314.54935087 63774.98209782 
0.34000000 0.00000000 314.54935092 63774.98209782 
0.36000000 0.00000000 314.54935109 63774.98209782 
0.38000000 0.00000000 314.54935115 63774.98209782 
0.40000000 0.00000000 314.54924266 63774.98209510 
0.42000000 0.00000000 314.54924267 63774.98209511 
0.44000000 0.00000000 314.54935116 63774.98209782 
0.46000000 0.00000000 314.54935110 63774.98209782 
0.48000000 0.00000000 314.54935096 63774.98209782 
0.50000000 0.00000000 314.54935090 63774.98209782 
0.52000000 0.00000000 314.54935085 63774.98209782 
0.54000000 0.00000000 314.54935076 63774.98209782 
0.56000000 0.00000000 314.54935065 63774.98209781 
0.58000000 0.00000000 314.54935889 63774.98209802 
0.60000000 0.00000000 314.54935879 63774.98209802 
0.62000000 0.00000000 314.54935867 63774.98209801 
0.64000000 0.00000000 314.54935856 63774.98209801 
0.66000000 0.00000000 314.54925068 63774.98209531 
0.68000000 0.00000000 314.54925037 63774.98209530 
0.70000000 0.00000000 314.54935805 63774.98209800 
0.72000000 0.00000000 314.54935783 63774.98209799 
0.74000000 0.00000000 314.54935720 63774.98209798 
0.76000000 0.00000000 314.54935698 63774.98209797 
0.78000000 0.00000000 314.54935587 63774.98209794 
0.80000000 0.00000000 314.54935556 63774.98209794 
0.82000000 0.00000000 314.54935525 63774.98209793 
0.84000000 0.00000000 314.54935487 63774.98209792 
0.86000000 0.00000000 314.54937422 63774.98209840 
0.88000000 0.00000000 314.54937387 63774.98209840 
0.90000000 0.00000000 314.54933613 63774.98209745 
0.92000000 0.00000000 314.54930514 63774.98209668 
0.94000000 0.00000000 314.54937283 63774.98209837 
0.96000000 0.00000000 314.54937248 63774.98209836 
0.98000000 0.00000000 314.54939746 63774.98209899 

