-1.00000000 0.00000000 -810.07526736 59236.68895698 
-0.98000000 0.00000000 -811.27413939 59238.29989569 
-0.96000000 0.00000000 -812.17907173 59238.79475090 
-0.94000000 0.00000000 -821.67937295 59317.74401892 
-0.92000000 0.00000000 -822.24329968 59316.91150233 
-0.90000000 0.00000000 -807.23632306 59167.15898015 
-0.88000000 0.00000000 -807.38333975 59165.60210443 
-0.86000000 0.00000000 -807.42547245 59163.54821465 
-0.84000000 0.00000000 -839.15155733 59430.88779174 
-0.82000000 0.00000000 -839.54448325 59431.39391137 
-0.80000000 0.00000000 -813.62381311 59226.11184951 
-0.78000000 0.00000000 -804.95255205 59124.04760174 
-0.76000000 0.00000000 -804.93692824 59122.47347345 
-0.74000000 0.00000000 -804.94175253 59121.27204722 
-0.72000000 0.00000000 -804.76355974 59117.53794849 
-0.70000000 0.00000000 -814.52664187 59229.16908153 
-0.68000000 0.00000000 -814.51236446 59228.62497191 
-0.66000000 0.00000000 -841.25217823 59432.13743042 
-0.64000000 0.00000000 -841.03223753 59431.41183301 
-0.62000000 0.00000000 -814.14721734 59227.36242064 
-0.60000000 0.00000000 -840.22086746 59430.20082030 
-0.58000000 0.00000000 -839.63848974 59429.76505127 
-0.56000000 0.00000000 -813.16691008 59226.33040711 
-0.54000000 0.00000000 -803.44254630 59114.28364561 
-0.52000000 0.00000000 -803.29616980 59117.17809925 
-0.50000000 0.00000000 -802.97393666 59117.45545524 
-0.48000000 0.00000000 -802.66688762 59117.80469554 
-0.46000000 0.00000000 -802.41718118 59118.68854033 
-0.44000000 0.00000000 -833.48137103 59421.15668959 
-0.42000000 0.00000000 -832.86025847 59420.33489034 
-0.40000000 0.00000000 -801.78874612 59119.31518515 
-0.38000000 0.00000000 -801.67695108 59119.53689537 
-0.36000000 0.00000000 -801.59958194 59119.59790907 
-0.34000000 0.00000000 -801.55565361 59119.62173451 
-0.32000000 0.00000000 -801.53287626 59119.60937401 
-0.30000000 0.00000000 -831.99630111 59421.90774073 
-0.28000000 0.00000000 -831.98878397 59422.07536374 
-0.26000000 0.00000000 -801.41435414 59119.30472771 
-0.24000000 0.00000000 -801.28773137 59119.18043942 
-0.22000000 0.00000000 -801.07724071 59119.12617243 
-0.20000000 0.00000000 -800.73179936 59118.84936542 
-0.18000000 0.00000000 -829.53656833 59419.54177562 
-0.16000000 0.00000000 -828.02946933 59417.36520593 
-0.14000000 0.00000000 -798.60975634 59117.64785414 
-0.12000000 0.00000000 -797.36641074 59116.01459208 
-0.10000000 0.00000000 -795.85545991 59114.62733095 
-0.08000000 0.00000000 -794.02167104 59112.78074396 
-0.06000000 0.00000000 -811.72830407 59390.32619430 
-0.04000000 0.00000000 -806.59891356 59380.90426017 
-0.02000000 0.00000000 -786.81114757 59110.38135771 
0.00000000 0.00000000 -783.70480258 59104.68080000 
0.02000000 0.00000000 -780.44458019 59098.96422443 
0.04000000 0.00000000 -777.07688583 59091.69217651 
0.06000000 0.00000000 -774.50288790 59154.20871527 
0.08000000 0.00000000 -770.42686506 59099.21877792 
0.10000000 0.00000000 -767.12531852 59093.07958668 
0.12000000 0.00000000 -764.04324128 59085.12680612 
0.14000000 0.00000000 -1122.12241236 57677.56204445 
0.16000000 0.00000000 -1088.79196455 57727.61203741 
0.18000000 0.00000000 -756.32081343 59062.11450167 
0.20000000 0.00000000 -754.14675707 59056.23470869 
0.22000000 0.00000000 -752.17599829 59049.27832453 
0.24000000 0.00000000 -750.33970016 59042.21294414 
0.26000000 0.00000000 -749.71255993 59013.55106572 
0.28000000 0.00000000 -748.15864332 59006.56203411 
0.30000000 0.00000000 -746.71534325 58999.80579582 
0.32000000 0.00000000 -745.42492074 58993.39711711 
0.34000000 0.00000000 -744.33573306 58987.66385934 
0.36000000 0.00000000 -743.47113225 58983.40417205 
0.38000000 0.00000000 -742.91565672 58980.40038249 
0.40000000 0.00000000 -1775.59120521 57323.19943133 
0.42000000 0.00000000 -1773.59875083 57322.88411486 
0.44000000 0.00000000 -743.30468139 58982.37104488 
0.46000000 0.00000000 -744.12382222 58986.69551135 
0.48000000 0.00000000 -745.25386689 58992.31959549 
0.50000000 0.00000000 -746.61633614 58999.34390276 
0.52000000 0.00000000 -748.17125346 59007.14948228 
0.54000000 0.00000000 -749.87170624 59015.25357760 
0.56000000 0.00000000 -751.67190407 59023.38653208 
0.58000000 0.00000000 -752.62527973 59053.32453751 
0.60000000 0.00000000 -754.63990549 59061.36667956 
0.62000000 0.00000000 -756.72920735 59069.19956747 
0.64000000 0.00000000 -758.91386579 59077.04164809 
0.66000000 0.00000000 -1030.55773245 57830.13048179 
0.68000000 0.00000000 -1048.14857664 57798.32819107 
0.70000000 0.00000000 -766.37822646 59100.82300045 
0.72000000 0.00000000 -769.23649277 59109.12106387 
0.74000000 0.00000000 -772.27046450 59116.50178403 
0.76000000 0.00000000 -775.45172463 59125.07484520 
0.78000000 0.00000000 -778.68441809 59131.09835764 
0.80000000 0.00000000 -781.97628407 59139.05179205 
0.82000000 0.00000000 -785.23638937 59146.61128257 
0.84000000 0.00000000 -788.38533089 59153.32373488 
0.86000000 0.00000000 -794.25106373 59212.80147114 
0.88000000 0.00000000 -797.42982978 59218.99277033 
0.90000000 0.00000000 -793.39891414 59104.98906371 
0.92000000 0.00000000 -791.93582624 58934.16365586 
0.94000000 0.00000000 -805.21856223 59232.31513249 
0.96000000 0.00000000 -807.18924711 59235.06425546 
0.98000000 0.00000000 -814.55620056 59294.71948152 

