-1.00000000 0.00000000 2496.58165066 58327.65737594 
-0.98000000 0.00000000 2495.03368888 58327.25405827 
-0.96000000 0.00000000 2494.08358275 58327.43240830 
-0.94000000 0.00000000 2462.44468004 58283.55649181 
-0.92000000 0.00000000 2462.20600582 58284.40357797 
-0.90000000 0.00000000 2518.46563352 58371.90371097 
-0.88000000 0.00000000 2518.78686492 58373.07860969 
-0.86000000 0.00000000 2519.33493700 58374.53324710 
-0.84000000 0.00000000 2412.14093492 58228.72897105 
-0.82000000 0.00000000 2411.65541293 58228.70743783 
-0.80000000 0.00000000 2496.61200723 58336.66744333 
-0.78000000 0.00000000 2532.06315856 58400.30539151 
-0.76000000 0.00000000 2532.50488780 58401.40843890 
-0.74000000 0.00000000 2532.82830063 58402.25904322 
-0.72000000 0.00000000 2533.96119281 58404.75917682 
-0.70000000 0.00000000 2495.02015739 58335.24023206 
-0.68000000 0.00000000 2495.19463683 58335.58401985 
-0.66000000 0.00000000 2409.99183394 58229.32827645 
-0.64000000 0.00000000 2410.41914690 58229.59074012 
-0.62000000 0.00000000 2495.88707825 58336.20438271 
-0.60000000 0.00000000 2411.53065208 58229.77728844 
-0.58000000 0.00000000 2412.19202096 58229.68101051 
-0.56000000 0.00000000 2497.04945954 58336.36558837 
-0.54000000 0.00000000 2535.96406876 58406.35733539 
-0.52000000 0.00000000 2535.34208859 58404.28213000 
-0.50000000 0.00000000 2535.54458408 58403.92620728 
-0.48000000 0.00000000 2535.71390056 58403.52586660 
-0.46000000 0.00000000 2535.69422974 58402.78245862 
-0.44000000 0.00000000 2420.41853441 58230.91601752 
-0.42000000 0.00000000 2421.22646728 58231.01114089 
-0.40000000 0.00000000 2536.03956491 58401.97866934 
-0.38000000 0.00000000 2536.06177213 58401.73770521 
-0.36000000 0.00000000 2536.09311583 58401.61750844 
-0.34000000 0.00000000 2536.10286037 58401.53255839 
-0.32000000 0.00000000 2536.10191724 58401.47656260 
-0.30000000 0.00000000 2421.39860017 58229.46917114 
-0.28000000 0.00000000 2421.32739998 58229.31669782 
-0.26000000 0.00000000 2536.21256521 58401.44338783 
-0.24000000 0.00000000 2536.33757972 58401.40566183 
-0.22000000 0.00000000 2536.52556870 58401.28594140 
-0.20000000 0.00000000 2536.90083456 58401.26787154 
-0.18000000 0.00000000 2424.31381475 58229.06792066 
-0.16000000 0.00000000 2426.40564881 58229.40954953 
-0.14000000 0.00000000 2539.19152162 58401.10954691 
-0.12000000 0.00000000 2540.79807473 58401.73923872 
-0.10000000 0.00000000 2542.61371944 58402.13846388 
-0.08000000 0.00000000 2544.87093757 58402.78118720 
-0.06000000 0.00000000 2450.48697584 58236.32618936 
-0.04000000 0.00000000 2458.41549478 58239.39028682 
-0.02000000 0.00000000 2552.62510012 58402.31830123 
0.00000000 0.00000000 2557.13594066 58405.45770697 
0.02000000 0.00000000 2561.80385458 58408.66129107 
0.04000000 0.00000000 2566.95072862 58413.01827492 
0.06000000 0.00000000 2554.09683002 58369.66679593 
0.08000000 0.00000000 2571.87383645 58406.59898193 
0.10000000 0.00000000 2576.70323349 58410.39995058 
0.12000000 0.00000000 2581.73239947 58415.60674536 
0.14000000 0.00000000 2361.56056318 59451.58311155 
0.16000000 0.00000000 2388.31467446 59422.34038399 
0.18000000 0.00000000 2595.00344961 58431.43675998 
0.20000000 0.00000000 2598.59857127 58435.66909749 
0.22000000 0.00000000 2602.22811617 58440.79070681 
0.24000000 0.00000000 2605.73899382 58446.10200668 
0.26000000 0.00000000 2612.66293026 58467.43441958 
0.28000000 0.00000000 2615.79118383 58472.95198621 
0.30000000 0.00000000 2618.73984613 58478.36412587 
0.32000000 0.00000000 2621.43925860 58483.55434813 
0.34000000 0.00000000 2623.77211909 58488.23779140 
0.36000000 0.00000000 2625.55547256 58491.76909846 
0.38000000 0.00000000 2626.75217875 58494.26694546 
0.40000000 0.00000000 1993.29511686 59606.90939817 
0.42000000 0.00000000 1994.10036407 59607.08370749 
0.44000000 0.00000000 2625.95370128 58492.69901001 
0.46000000 0.00000000 2624.21253680 58489.15893765 
0.48000000 0.00000000 2621.86568259 58484.56400940 
0.50000000 0.00000000 2618.96517877 58478.88759326 
0.52000000 0.00000000 2615.67374198 58472.64285181 
0.54000000 0.00000000 2612.13966549 58466.23143084 
0.56000000 0.00000000 2608.47058850 58459.88412272 
0.58000000 0.00000000 2600.80511169 58437.75145887 
0.60000000 0.00000000 2596.83765009 58431.78219998 
0.62000000 0.00000000 2592.83120488 58426.08982828 
0.64000000 0.00000000 2588.71800143 58420.51927803 
0.66000000 0.00000000 2436.58881249 59360.21807145 
0.68000000 0.00000000 2421.47284225 59380.45742557 
0.70000000 0.00000000 2575.34991698 58404.41828189 
0.72000000 0.00000000 2570.41096477 58399.06516807 
0.74000000 0.00000000 2565.50804068 58394.48420370 
0.76000000 0.00000000 2560.15354051 58389.22004572 
0.78000000 0.00000000 2555.37444188 58385.81528135 
0.80000000 0.00000000 2550.05026013 58381.21551787 
0.82000000 0.00000000 2544.85385015 58376.98392253 
0.84000000 0.00000000 2539.98587149 58373.39370814 
0.86000000 0.00000000 2518.44524412 58336.28688118 
0.88000000 0.00000000 2513.61406504 58333.46558785 
0.90000000 0.00000000 2547.24536005 58407.77725411 
0.92000000 0.00000000 2586.88442126 58529.78935099 
0.94000000 0.00000000 2502.36866943 58328.13810917 
0.96000000 0.00000000 2499.72839605 58327.28536954 
0.98000000 0.00000000 2475.76029133 58293.67539471 

