-1.00000000 0.00000000 -1340.27918564 59064.01525141 
-0.98000000 0.00000000 -1341.11403526 59063.86790751 
-0.96000000 0.00000000 -1341.64454207 59063.52541115 
-0.94000000 0.00000000 -1356.28084634 59082.07174175 
-0.92000000 0.00000000 -1356.46367847 59081.51533618 
-0.90000000 0.00000000 -1330.11665001 59044.40783899 
-0.88000000 0.00000000 -1329.96734233 59043.81146804 
-0.86000000 0.00000000 -1329.70165006 59043.12222121 
-0.84000000 0.00000000 -1378.92303282 59105.96569100 
-0.82000000 0.00000000 -1379.17292126 59105.90489205 
-0.80000000 0.00000000 -1340.63790279 59058.69732113 
-0.78000000 0.00000000 -1323.37635090 59032.27856207 
-0.76000000 0.00000000 -1323.15124712 59031.78549272 
-0.74000000 0.00000000 -1322.98662550 59031.40036630 
-0.72000000 0.00000000 -1322.41376668 59030.34390982 
-0.70000000 0.00000000 -1341.41615099 59059.10330513 
-0.68000000 0.00000000 -1341.33499228 59058.94748567 
-0.66000000 0.00000000 -1380.09254795 59105.31648851 
-0.64000000 0.00000000 -1379.88727282 59105.21970013 
-0.62000000 0.00000000 -1340.98282785 59058.76209981 
-0.60000000 0.00000000 -1379.30631200 59105.25624871 
-0.58000000 0.00000000 -1378.94084078 59105.39810586 
-0.56000000 0.00000000 -1340.35381747 59058.95733877 
-0.54000000 0.00000000 -1321.34446393 59030.08137883 
-0.52000000 0.00000000 -1321.64481955 59031.05188079 
-0.50000000 0.00000000 -1321.52865206 59031.31845005 
-0.48000000 0.00000000 -1321.43039056 59031.60004391 
-0.46000000 0.00000000 -1321.42908581 59032.01515985 
-0.44000000 0.00000000 -1374.63794450 59105.75133100 
-0.42000000 0.00000000 -1374.21599545 59105.80749480 
-0.40000000 0.00000000 -1321.23965997 59032.59534342 
-0.38000000 0.00000000 -1321.23026775 59032.74779227 
-0.36000000 0.00000000 -1321.21961610 59032.83742652 
-0.34000000 0.00000000 -1321.22258765 59032.90257315 
-0.32000000 0.00000000 -1321.23284215 59032.95012504 
-0.30000000 0.00000000 -1374.02284513 59106.80414873 
-0.28000000 0.00000000 -1374.05571217 59106.90686285 
-0.26000000 0.00000000 -1321.20436796 59033.06131922 
-0.24000000 0.00000000 -1321.14325540 59033.14125767 
-0.22000000 0.00000000 -1321.04237589 59033.28480876 
-0.20000000 0.00000000 -1320.83570359 59033.42586622 
-0.18000000 0.00000000 -1372.42648035 59107.57798419 
-0.16000000 0.00000000 -1371.31288468 59107.67906238 
-0.14000000 0.00000000 -1319.52210719 59034.22138957 
-0.12000000 0.00000000 -1318.61192009 59034.34389880 
-0.10000000 0.00000000 -1317.56567580 59034.64231295 
-0.08000000 0.00000000 -1316.26481986 59034.92403016 
-0.06000000 0.00000000 -1358.64965128 59107.02816222 
-0.04000000 0.00000000 -1354.52138583 59106.40762959 
-0.02000000 0.00000000 -1311.66112432 59037.24281524 
0.00000000 0.00000000 -1309.10914558 59036.78188671 
0.02000000 0.00000000 -1306.45749358 59036.33498149 
0.04000000 0.00000000 -1303.55397356 59035.42983962 
0.06000000 0.00000000 -1309.29574005 59054.48258769 
0.08000000 0.00000000 -1300.38666812 59039.91323083 
0.10000000 0.00000000 -1297.64908910 59039.18809599 
0.12000000 0.00000000 -1294.82888712 59037.82287817 
0.14000000 0.00000000 -1303.16000532 58504.78799701 
0.16000000 0.00000000 -1294.37097578 58528.74998383 
0.18000000 0.00000000 -1287.35236243 59033.25208269 
0.20000000 0.00000000 -1285.29214509 59032.03911870 
0.22000000 0.00000000 -1283.21692399 59030.40165412 
0.24000000 0.00000000 -1281.19893627 59028.64111289 
0.26000000 0.00000000 -1277.37601916 59020.14480215 
0.28000000 0.00000000 -1275.52427244 59018.22840069 
0.30000000 0.00000000 -1273.76609546 59016.32164240 
0.32000000 0.00000000 -1272.14612464 59014.46745508 
0.34000000 0.00000000 -1270.73766107 59012.77505825 
0.36000000 0.00000000 -1269.65344859 59011.50236605 
0.38000000 0.00000000 -1268.92340733 59010.58812060 
0.40000000 0.00000000 -1491.14068461 58272.55932668 
0.42000000 0.00000000 -1490.55575006 58272.80067393 
0.44000000 0.00000000 -1269.40709699 59011.12048749 
0.46000000 0.00000000 -1270.46434700 59012.38930994 
0.48000000 0.00000000 -1271.88375716 59014.02724277 
0.50000000 0.00000000 -1273.62580375 59016.05844288 
0.52000000 0.00000000 -1275.58873603 59018.28188447 
0.54000000 0.00000000 -1277.68174475 59020.54141981 
0.56000000 0.00000000 -1279.83947575 59022.74873157 
0.58000000 0.00000000 -1284.03347686 59031.53644713 
0.60000000 0.00000000 -1286.29803729 59033.54286305 
0.62000000 0.00000000 -1288.57144425 59035.40621342 
0.64000000 0.00000000 -1290.89037797 59037.18456624 
0.66000000 0.00000000 -1280.49727594 58574.29083145 
0.68000000 0.00000000 -1284.85771143 58559.45126292 
0.70000000 0.00000000 -1298.35350107 59041.99799698 
0.72000000 0.00000000 -1301.08879117 59043.50087960 
0.74000000 0.00000000 -1303.81550738 59044.63866660 
0.76000000 0.00000000 -1306.76434985 59046.03100040 
0.78000000 0.00000000 -1309.43884247 59046.62598087 
0.80000000 0.00000000 -1312.36774896 59047.71784772 
0.82000000 0.00000000 -1315.22268506 59048.66641298 
0.84000000 0.00000000 -1317.90128702 59049.37147074 
0.86000000 0.00000000 -1328.35050962 59064.22365667 
0.88000000 0.00000000 -1330.95992568 59064.68951472 
0.90000000 0.00000000 -1315.11201052 59032.96823680 
0.92000000 0.00000000 -1293.49542943 58982.19868592 
0.94000000 0.00000000 -1337.05506918 59065.10503882 
0.96000000 0.00000000 -1338.49546325 59064.97517060 
0.98000000 0.00000000 -1349.67958891 59078.90557339 

