-1.00000000 0.00000000 2132.97864278 59001.04138810 
-0.98000000 0.00000000 2133.40815662 59000.96305285 
-0.96000000 0.00000000 2133.69267976 59000.75464937 
-0.94000000 0.00000000 2139.95082233 59012.50451007 
-0.92000000 0.00000000 2140.06847458 59012.16391469 
-0.90000000 0.00000000 2128.99949903 58988.78051476 
-0.88000000 0.00000000 2128.95149946 58988.39291944 
-0.86000000 0.00000000 2128.85037161 58987.94837797 
-0.84000000 0.00000000 2149.85149544 59027.92321192 
-0.82000000 0.00000000 2149.97247307 59027.89718927 
-0.80000000 0.00000000 2133.41389248 58997.66061287 
-0.78000000 0.00000000 2126.27978370 58981.18022112 
-0.76000000 0.00000000 2126.19111177 58980.86650708 
-0.74000000 0.00000000 2126.12744381 58980.62131885 
-0.72000000 0.00000000 2125.89884709 58979.96401327 
-0.70000000 0.00000000 2133.76294188 58997.90379363 
-0.68000000 0.00000000 2133.72996797 58997.80541267 
-0.66000000 0.00000000 2150.43729917 59027.60830417 
-0.64000000 0.00000000 2150.34008436 59027.53880276 
-0.62000000 0.00000000 2133.56265720 58997.68575984 
-0.60000000 0.00000000 2150.04840328 59027.52075357 
-0.58000000 0.00000000 2149.85842336 59027.57763582 
-0.56000000 0.00000000 2133.23622295 58997.79744124 
-0.54000000 0.00000000 2125.37349221 58979.82691034 
-0.52000000 0.00000000 2125.46834992 58980.43315458 
-0.50000000 0.00000000 2125.39547638 58980.60672207 
-0.48000000 0.00000000 2125.33117875 58980.78985646 
-0.46000000 0.00000000 2125.30828443 58981.05512296 
-0.44000000 0.00000000 2147.70315811 59027.48161763 
-0.42000000 0.00000000 2147.49296617 59027.48837680 
-0.40000000 0.00000000 2125.18941101 58981.44347407 
-0.38000000 0.00000000 2125.18073061 58981.54859055 
-0.36000000 0.00000000 2125.17585990 58981.61586410 
-0.34000000 0.00000000 2125.17997024 58981.66903259 
-0.32000000 0.00000000 2125.18934433 58981.71251017 
-0.30000000 0.00000000 2147.37423391 59028.11247648 
-0.28000000 0.00000000 2147.39171630 59028.19127925 
-0.26000000 0.00000000 2125.19031218 58981.83057538 
-0.24000000 0.00000000 2125.16091523 58981.89772851 
-0.22000000 0.00000000 2125.10601927 58982.00357552 
-0.20000000 0.00000000 2124.99524948 58982.10621793 
-0.18000000 0.00000000 2146.55343007 59028.55502101 
-0.16000000 0.00000000 2145.98356312 59028.54689788 
-0.14000000 0.00000000 2124.26404731 58982.61683946 
-0.12000000 0.00000000 2123.77747206 58982.68507376 
-0.10000000 0.00000000 2123.20328857 58982.84993638 
-0.08000000 0.00000000 2122.49233317 58982.99217029 
-0.06000000 0.00000000 2139.53280015 59027.23765926 
-0.04000000 0.00000000 2137.44169431 59026.55706951 
-0.02000000 0.00000000 2119.86038752 58984.22200276 
0.00000000 0.00000000 2118.52608639 58983.86040159 
0.02000000 0.00000000 2117.13452602 58983.49899348 
0.04000000 0.00000000 2115.63911013 58982.85944338 
0.06000000 0.00000000 2117.32095317 58994.04281309 
0.08000000 0.00000000 2113.60265318 58985.28316185 
0.10000000 0.00000000 2112.18081340 58984.73373965 
0.12000000 0.00000000 2110.75868235 58983.81333970 
0.14000000 0.00000000 2152.87185055 58706.10003673 
0.16000000 0.00000000 2146.43348461 58716.99637397 
0.18000000 0.00000000 2107.03973507 58980.79792103 
0.20000000 0.00000000 2106.00488193 58979.96815707 
0.22000000 0.00000000 2104.98872632 58978.88578268 
0.24000000 0.00000000 2104.00899158 58977.72289021 
0.26000000 0.00000000 2102.52321405 58972.70201048 
0.28000000 0.00000000 2101.63815381 58971.44087198 
0.30000000 0.00000000 2100.80212373 58970.18380486 
0.32000000 0.00000000 2100.03748125 58968.96379380 
0.34000000 0.00000000 2099.37758768 58967.85317376 
0.36000000 0.00000000 2098.86682611 58967.00887807 
0.38000000 0.00000000 2098.52685288 58966.40580352 
0.40000000 0.00000000 2262.67144110 58629.97813951 
0.42000000 0.00000000 2262.38515461 58629.95574850 
0.44000000 0.00000000 2098.75722706 58966.73895617 
0.46000000 0.00000000 2099.25340944 58967.56510992 
0.48000000 0.00000000 2099.92400071 58968.64001350 
0.50000000 0.00000000 2100.74470641 58969.96802360 
0.52000000 0.00000000 2101.67308496 58971.42433689 
0.54000000 0.00000000 2102.66951029 58972.90943889 
0.56000000 0.00000000 2103.70352469 58974.36359891 
0.58000000 0.00000000 2105.37091444 58979.58870716 
0.60000000 0.00000000 2106.46979624 58980.91683090 
0.62000000 0.00000000 2107.57988647 58982.14969127 
0.64000000 0.00000000 2108.71659420 58983.32180759 
0.66000000 0.00000000 2135.92118513 58737.78901325 
0.68000000 0.00000000 2139.37805592 58730.68391400 
0.70000000 0.00000000 2112.41287562 58986.49712045 
0.72000000 0.00000000 2113.77796970 58987.49449874 
0.74000000 0.00000000 2115.16142034 58988.27928435 
0.76000000 0.00000000 2116.64216568 58989.21638708 
0.78000000 0.00000000 2118.03068454 58989.68079445 
0.80000000 0.00000000 2119.51555615 58990.43861544 
0.82000000 0.00000000 2120.96740559 58991.10753809 
0.84000000 0.00000000 2122.33898070 58991.62394094 
0.86000000 0.00000000 2126.78550304 59000.73983812 
0.88000000 0.00000000 2128.12042747 59001.13146275 
0.90000000 0.00000000 2122.04848841 58981.84811407 
0.92000000 0.00000000 2114.22999539 58951.48037142 
0.94000000 0.00000000 2131.25995931 59001.61672375 
0.96000000 0.00000000 2132.00915484 59001.58331006 
0.98000000 0.00000000 2136.82410975 59010.35637882 

