-1.00000000 0.00000000 313.21926319 63812.07137474 
-0.98000000 0.00000000 313.22058192 63812.07140778 
-0.96000000 0.00000000 313.22344122 63812.07147977 
-0.94000000 0.00000000 312.98675036 63812.06549182 
-0.92000000 0.00000000 312.99388507 63812.06567223 
-0.90000000 0.00000000 313.38285950 63812.07550550 
-0.88000000 0.00000000 313.38591159 63812.07558233 
-0.86000000 0.00000000 313.38959057 63812.07567499 
-0.84000000 0.00000000 312.43167972 63812.05140411 
-0.82000000 0.00000000 312.43127560 63812.05139364 
-0.80000000 0.00000000 313.26158874 63812.07244204 
-0.78000000 0.00000000 313.45428418 63812.07730670 
-0.76000000 0.00000000 313.45642964 63812.07736065 
-0.74000000 0.00000000 313.45803527 63812.07740100 
-0.72000000 0.00000000 313.46347542 63812.07753808 
-0.70000000 0.00000000 313.25508111 63812.07227684 
-0.68000000 0.00000000 313.25629831 63812.07230749 
-0.66000000 0.00000000 312.44445569 63812.05172767 
-0.64000000 0.00000000 312.44789792 63812.05181517 
-0.62000000 0.00000000 313.25757566 63812.07233964 
-0.60000000 0.00000000 312.44761146 63812.05180791 
-0.58000000 0.00000000 312.44351701 63812.05170386 
-0.56000000 0.00000000 313.25539218 63812.07228468 
-0.54000000 0.00000000 313.46377273 63812.07754557 
-0.52000000 0.00000000 313.45843822 63812.07741114 
-0.50000000 0.00000000 313.45704900 63812.07737624 
-0.48000000 0.00000000 313.45558473 63812.07733945 
-0.46000000 0.00000000 313.45335752 63812.07728339 
-0.44000000 0.00000000 312.43401460 63812.05146314 
-0.42000000 0.00000000 312.43284067 63812.05143337 
-0.40000000 0.00000000 313.45062972 63812.07721484 
-0.38000000 0.00000000 313.45003185 63812.07719979 
-0.36000000 0.00000000 313.44984995 63812.07719522 
-0.34000000 0.00000000 313.44986520 63812.07719559 
-0.32000000 0.00000000 313.45003815 63812.07719993 
-0.30000000 0.00000000 312.41287865 63812.05092565 
-0.28000000 0.00000000 312.41311440 63812.05093161 
-0.26000000 0.00000000 313.45098628 63812.07722374 
-0.24000000 0.00000000 313.45106024 63812.07722559 
-0.22000000 0.00000000 313.45069823 63812.07721646 
-0.20000000 0.00000000 313.45020577 63812.07720406 
-0.18000000 0.00000000 312.41016248 63812.05085656 
-0.16000000 0.00000000 312.40893243 63812.05082538 
-0.14000000 0.00000000 313.44471629 63812.07706589 
-0.12000000 0.00000000 313.44267847 63812.07701469 
-0.10000000 0.00000000 313.43879169 63812.07691688 
-0.08000000 0.00000000 313.43401453 63812.07679666 
-0.06000000 0.00000000 312.39415615 63812.05045081 
-0.04000000 0.00000000 312.38964873 63812.05033656 
-0.02000000 0.00000000 313.40217903 63812.07599452 
0.00000000 0.00000000 313.39651075 63812.07585194 
0.02000000 0.00000000 313.38928780 63812.07567012 
0.04000000 0.00000000 313.38394859 63812.07553584 
0.06000000 0.00000000 313.20438334 63812.07100070 
0.08000000 0.00000000 313.32128203 63812.07395463 
0.10000000 0.00000000 313.31092041 63812.07369339 
0.12000000 0.00000000 313.30579495 63812.07356433 
0.14000000 0.00000000 314.04281225 63812.09212392 
0.16000000 0.00000000 314.03946394 63812.09204015 
0.18000000 0.00000000 313.29586256 63812.07331438 
0.20000000 0.00000000 313.28996706 63812.07316569 
0.22000000 0.00000000 313.28759395 63812.07310593 
0.24000000 0.00000000 313.28582093 63812.07306130 
0.26000000 0.00000000 313.34149718 63812.07446752 
0.28000000 0.00000000 313.34019039 63812.07443463 
0.30000000 0.00000000 313.33884029 63812.07440063 
0.32000000 0.00000000 313.33781198 63812.07437474 
0.34000000 0.00000000 313.33715418 63812.07435820 
0.36000000 0.00000000 313.33580691 63812.07432422 
0.38000000 0.00000000 313.33525723 63812.07431037 
0.40000000 0.00000000 314.08335754 63812.09314333 
0.42000000 0.00000000 314.08329784 63812.09314183 
0.44000000 0.00000000 313.33520208 63812.07430898 
0.46000000 0.00000000 313.33569442 63812.07432138 
0.48000000 0.00000000 313.33685421 63812.07435063 
0.50000000 0.00000000 313.33746041 63812.07436588 
0.52000000 0.00000000 313.33806507 63812.07438109 
0.54000000 0.00000000 313.33894733 63812.07440330 
0.56000000 0.00000000 313.34004049 63812.07443083 
0.58000000 0.00000000 313.28347655 63812.07300223 
0.60000000 0.00000000 313.28451042 63812.07302826 
0.62000000 0.00000000 313.28577621 63812.07306014 
0.64000000 0.00000000 313.28692075 63812.07308895 
0.66000000 0.00000000 314.03139967 63812.09183822 
0.68000000 0.00000000 314.03418371 63812.09190799 
0.70000000 0.00000000 313.29224561 63812.07322303 
0.72000000 0.00000000 313.29450543 63812.07327992 
0.74000000 0.00000000 313.29973708 63812.07341185 
0.76000000 0.00000000 313.30223404 63812.07347469 
0.78000000 0.00000000 313.31088033 63812.07369281 
0.80000000 0.00000000 313.31417027 63812.07377563 
0.82000000 0.00000000 313.31743192 63812.07385771 
0.84000000 0.00000000 313.32131914 63812.07395558 
0.86000000 0.00000000 313.18908188 63812.07061406 
0.88000000 0.00000000 313.19283911 63812.07070872 
0.90000000 0.00000000 313.45436734 63812.07731277 
0.92000000 0.00000000 313.66937844 63812.08273171 
0.94000000 0.00000000 313.20392174 63812.07098791 
0.96000000 0.00000000 313.20758801 63812.07108026 
0.98000000 0.00000000 313.03661869 63812.06675545 

