-1.00000000 0.00000000 -1438.19090853 58562.94838382 
-0.98000000 0.00000000 -1437.94568430 58563.64155887 
-0.96000000 0.00000000 -1437.89305972 58564.14661098 
-0.94000000 0.00000000 -1425.31584075 58570.61184438 
-0.92000000 0.00000000 -1425.47313065 58570.89322818 
-0.90000000 0.00000000 -1449.56568751 58560.39996909 
-0.88000000 0.00000000 -1449.87135141 58560.44363283 
-0.86000000 0.00000000 -1450.25425776 58560.42250741 
-0.84000000 0.00000000 -1407.71702466 58582.07040734 
-0.82000000 0.00000000 -1407.65283713 58582.27140092 
-0.80000000 0.00000000 -1440.25824111 58564.62224970 
-0.78000000 0.00000000 -1456.80408393 58558.53172598 
-0.76000000 0.00000000 -1457.08655993 58558.49287058 
-0.74000000 0.00000000 -1457.30335896 58558.47124769 
-0.72000000 0.00000000 -1457.92488574 58558.32411041 
-0.70000000 0.00000000 -1439.84556541 58565.09900447 
-0.68000000 0.00000000 -1439.93758273 58565.07666976 
-0.66000000 0.00000000 -1407.53790718 58583.09708229 
-0.64000000 0.00000000 -1407.65314029 58582.96156291 
-0.62000000 0.00000000 -1440.13850013 58564.85113355 
-0.60000000 0.00000000 -1407.86588399 58582.50311891 
-0.58000000 0.00000000 -1407.95651757 58582.18585435 
-0.56000000 0.00000000 -1440.28871836 58564.30906545 
-0.54000000 0.00000000 -1458.39291406 58557.55971275 
-0.52000000 0.00000000 -1457.90173464 58557.51670656 
-0.50000000 0.00000000 -1457.83176480 58557.35058243 
-0.48000000 0.00000000 -1457.74897547 58557.19459704 
-0.46000000 0.00000000 -1457.57938442 58557.07665429 
-0.44000000 0.00000000 -1409.50135188 58578.78159922 
-0.42000000 0.00000000 -1409.64050267 58578.44467594 
-0.40000000 0.00000000 -1457.39073976 58556.77186085 
-0.38000000 0.00000000 -1457.32286745 58556.72526982 
-0.36000000 0.00000000 -1457.27871869 58556.69625124 
-0.34000000 0.00000000 -1457.23803404 58556.68540412 
-0.32000000 0.00000000 -1457.20036443 58556.68566765 
-0.30000000 0.00000000 -1409.28233010 58578.08186937 
-0.28000000 0.00000000 -1409.21457164 58578.08804427 
-0.26000000 0.00000000 -1457.11517608 58556.64889145 
-0.24000000 0.00000000 -1457.08846522 58556.58252591 
-0.22000000 0.00000000 -1457.05286881 58556.46509933 
-0.20000000 0.00000000 -1457.05927283 58556.26291553 
-0.18000000 0.00000000 -1409.53342052 58576.66470608 
-0.16000000 0.00000000 -1409.93042746 58575.76555125 
-0.14000000 0.00000000 -1457.22102134 58554.98101258 
-0.12000000 0.00000000 -1457.51914369 58554.21218998 
-0.10000000 0.00000000 -1457.81221012 58553.27857555 
-0.08000000 0.00000000 -1458.21853611 58552.14153655 
-0.06000000 0.00000000 -1415.28573091 58565.91429308 
-0.04000000 0.00000000 -1417.20409096 58562.79148152 
-0.02000000 0.00000000 -1459.23008305 58547.70763302 
0.00000000 0.00000000 -1460.43312671 58545.76740729 
0.02000000 0.00000000 -1461.67730933 58543.73935453 
0.04000000 0.00000000 -1463.19145604 58541.64079309 
0.06000000 0.00000000 -1454.12565332 58540.70943951 
0.08000000 0.00000000 -1462.93438156 58537.72043565 
0.10000000 0.00000000 -1464.33242817 58535.70059523 
0.12000000 0.00000000 -1465.99322342 58533.80163461 
0.14000000 0.00000000 -1614.01016184 58731.95975978 
0.16000000 0.00000000 -1612.97028198 58715.88042839 
0.18000000 0.00000000 -1470.77207054 58529.04353404 
0.20000000 0.00000000 -1472.09714533 58527.71676103 
0.22000000 0.00000000 -1473.58858831 58526.50372467 
0.24000000 0.00000000 -1475.11209710 58525.37454571 
0.26000000 0.00000000 -1479.72966263 58524.79532219 
0.28000000 0.00000000 -1481.25796063 58523.85604023 
0.30000000 0.00000000 -1482.74902218 58522.99261155 
0.32000000 0.00000000 -1484.16323024 58522.22871077 
0.34000000 0.00000000 -1485.42512250 58521.59091817 
0.36000000 0.00000000 -1486.39134866 58521.09220678 
0.38000000 0.00000000 -1487.06374207 58520.77488076 
0.40000000 0.00000000 -1562.16930423 58939.24661951 
0.42000000 0.00000000 -1562.42712363 58938.84563463 
0.44000000 0.00000000 -1486.66157566 58521.01107794 
0.46000000 0.00000000 -1485.71862458 58521.49037804 
0.48000000 0.00000000 -1484.47409465 58522.15502598 
0.50000000 0.00000000 -1482.94279730 58522.96637092 
0.52000000 0.00000000 -1481.24397830 58523.90311839 
0.54000000 0.00000000 -1479.47684481 58524.93853523 
0.56000000 0.00000000 -1477.70573147 58526.04552473 
0.58000000 0.00000000 -1472.81575213 58526.85266570 
0.60000000 0.00000000 -1471.09112401 58528.11580838 
0.62000000 0.00000000 -1469.42720910 58529.42920032 
0.64000000 0.00000000 -1467.78857551 58530.80483004 
0.66000000 0.00000000 -1609.20761082 58687.69896922 
0.68000000 0.00000000 -1610.64748572 58696.98930974 
0.70000000 0.00000000 -1462.91754893 58535.49352725 
0.72000000 0.00000000 -1461.24491559 58537.28539914 
0.74000000 0.00000000 -1459.71029293 58539.17557686 
0.76000000 0.00000000 -1458.00045245 58541.16977312 
0.78000000 0.00000000 -1456.68977420 58543.17192189 
0.80000000 0.00000000 -1455.10528933 58545.23240517 
0.82000000 0.00000000 -1453.60774312 58547.27132928 
0.84000000 0.00000000 -1452.27506231 58549.23463274 
0.86000000 0.00000000 -1442.74361017 58553.38982834 
0.88000000 0.00000000 -1441.53184071 58555.35279098 
0.90000000 0.00000000 -1459.33196046 58551.81966301 
0.92000000 0.00000000 -1486.14325754 58550.01154274 
0.94000000 0.00000000 -1438.99068829 58560.10129977 
0.96000000 0.00000000 -1438.48957478 58561.27887400 
0.98000000 0.00000000 -1428.98841813 58566.29973357 

