-1.00000000 0.00000000 314.91512459 63738.63855586 
-0.98000000 0.00000000 314.91512459 63738.63855586 
-0.96000000 0.00000000 314.91512458 63738.63855586 
-0.94000000 0.00000000 314.91512626 63738.63855590 
-0.92000000 0.00000000 314.91512622 63738.63855590 
-0.90000000 0.00000000 314.91512349 63738.63855583 
-0.88000000 0.00000000 314.91512347 63738.63855583 
-0.86000000 0.00000000 314.91512346 63738.63855583 
-0.84000000 0.00000000 314.91513021 63738.63855600 
-0.82000000 0.00000000 314.91513022 63738.63855600 
-0.80000000 0.00000000 314.91512438 63738.63855585 
-0.78000000 0.00000000 314.91512303 63738.63855582 
-0.76000000 0.00000000 314.91512302 63738.63855582 
-0.74000000 0.00000000 314.91512302 63738.63855582 
-0.72000000 0.00000000 314.91512298 63738.63855582 
-0.70000000 0.00000000 314.91512445 63738.63855585 
-0.68000000 0.00000000 314.91512445 63738.63855585 
-0.66000000 0.00000000 314.91513017 63738.63855600 
-0.64000000 0.00000000 314.91513014 63738.63855600 
-0.62000000 0.00000000 314.91512445 63738.63855585 
-0.60000000 0.00000000 314.91513014 63738.63855600 
-0.58000000 0.00000000 314.91513017 63738.63855600 
-0.56000000 0.00000000 314.91512445 63738.63855585 
-0.54000000 0.00000000 314.91512298 63738.63855582 
-0.52000000 0.00000000 314.91512301 63738.63855582 
-0.50000000 0.00000000 314.91512302 63738.63855582 
-0.48000000 0.00000000 314.91512302 63738.63855582 
-0.46000000 0.00000000 314.91512303 63738.63855582 
-0.44000000 0.00000000 314.91513020 63738.63855600 
-0.42000000 0.00000000 314.91513021 63738.63855600 
-0.40000000 0.00000000 314.91512304 63738.63855582 
-0.38000000 0.00000000 314.91512305 63738.63855582 
-0.36000000 0.00000000 314.91512305 63738.63855582 
-0.34000000 0.00000000 314.91512305 63738.63855582 
-0.32000000 0.00000000 314.91512305 63738.63855582 
-0.30000000 0.00000000 314.91513035 63738.63855601 
-0.28000000 0.00000000 314.91513035 63738.63855601 
-0.26000000 0.00000000 314.91512304 63738.63855582 
-0.24000000 0.00000000 314.91512304 63738.63855582 
-0.22000000 0.00000000 314.91512304 63738.63855582 
-0.20000000 0.00000000 314.91512305 63738.63855582 
-0.18000000 0.00000000 314.91513036 63738.63855601 
-0.16000000 0.00000000 314.91513037 63738.63855601 
-0.14000000 0.00000000 314.91512307 63738.63855582 
-0.12000000 0.00000000 314.91512308 63738.63855582 
-0.10000000 0.00000000 314.91512310 63738.63855582 
-0.08000000 0.00000000 314.91512312 63738.63855582 
-0.06000000 0.00000000 314.91513042 63738.63855601 
-0.04000000 0.00000000 314.91513044 63738.63855601 
-0.02000000 0.00000000 314.91512329 63738.63855583 
0.00000000 0.00000000 314.91512332 63738.63855583 
0.02000000 0.00000000 314.91512335 63738.63855583 
0.04000000 0.00000000 314.91512337 63738.63855583 
0.06000000 0.00000000 314.91512461 63738.63855586 
0.08000000 0.00000000 314.91512377 63738.63855584 
0.10000000 0.00000000 314.91512383 63738.63855584 
0.12000000 0.00000000 314.91512385 63738.63855584 
0.14000000 0.00000000 314.91511865 63738.63855571 
0.16000000 0.00000000 314.91511866 63738.63855571 
0.18000000 0.00000000 314.91512388 63738.63855584 
0.20000000 0.00000000 314.91512392 63738.63855584 
0.22000000 0.00000000 314.91512393 63738.63855584 
0.24000000 0.00000000 314.91512393 63738.63855584 
0.26000000 0.00000000 314.91512353 63738.63855583 
0.28000000 0.00000000 314.91512354 63738.63855583 
0.30000000 0.00000000 314.91512355 63738.63855583 
0.32000000 0.00000000 314.91512355 63738.63855583 
0.34000000 0.00000000 314.91512355 63738.63855583 
0.36000000 0.00000000 314.91512356 63738.63855583 
0.38000000 0.00000000 314.91512356 63738.63855583 
0.40000000 0.00000000 314.91511830 63738.63855571 
0.42000000 0.00000000 314.91511830 63738.63855571 
0.44000000 0.00000000 314.91512356 63738.63855583 
0.46000000 0.00000000 314.91512356 63738.63855583 
0.48000000 0.00000000 314.91512355 63738.63855583 
0.50000000 0.00000000 314.91512355 63738.63855583 
0.52000000 0.00000000 314.91512355 63738.63855583 
0.54000000 0.00000000 314.91512355 63738.63855583 
0.56000000 0.00000000 314.91512354 63738.63855583 
0.58000000 0.00000000 314.91512394 63738.63855584 
0.60000000 0.00000000 314.91512394 63738.63855584 
0.62000000 0.00000000 314.91512393 63738.63855584 
0.64000000 0.00000000 314.91512393 63738.63855584 
0.66000000 0.00000000 314.91511869 63738.63855572 
0.68000000 0.00000000 314.91511868 63738.63855572 
0.70000000 0.00000000 314.91512391 63738.63855584 
0.72000000 0.00000000 314.91512390 63738.63855584 
0.74000000 0.00000000 314.91512387 63738.63855584 
0.76000000 0.00000000 314.91512386 63738.63855584 
0.78000000 0.00000000 314.91512381 63738.63855584 
0.80000000 0.00000000 314.91512380 63738.63855584 
0.82000000 0.00000000 314.91512379 63738.63855584 
0.84000000 0.00000000 314.91512377 63738.63855584 
0.86000000 0.00000000 314.91512471 63738.63855586 
0.88000000 0.00000000 314.91512470 63738.63855586 
0.90000000 0.00000000 314.91512287 63738.63855582 
0.92000000 0.00000000 314.91512137 63738.63855578 
0.94000000 0.00000000 314.91512466 63738.63855586 
0.96000000 0.00000000 314.91512465 63738.63855586 
0.98000000 0.00000000 314.91512586 63738.63855589 

