-1.00000000 0.00000000 314.57675957 63772.23302277 
-0.98000000 0.00000000 314.57675958 63772.23302277 
-0.96000000 0.00000000 314.57675976 63772.23302277 
-0.94000000 0.00000000 314.57673430 63772.23302214 
-0.92000000 0.00000000 314.57673495 63772.23302215 
-0.90000000 0.00000000 314.57677650 63772.23302319 
-0.88000000 0.00000000 314.57677673 63772.23302320 
-0.86000000 0.00000000 314.57677703 63772.23302321 
-0.84000000 0.00000000 314.57667439 63772.23302063 
-0.82000000 0.00000000 314.57667427 63772.23302063 
-0.80000000 0.00000000 314.57676308 63772.23302286 
-0.78000000 0.00000000 314.57678363 63772.23302337 
-0.76000000 0.00000000 314.57678379 63772.23302338 
-0.74000000 0.00000000 314.57678389 63772.23302338 
-0.72000000 0.00000000 314.57678441 63772.23302339 
-0.70000000 0.00000000 314.57676204 63772.23302283 
-0.68000000 0.00000000 314.57676212 63772.23302283 
-0.66000000 0.00000000 314.57667517 63772.23302065 
-0.64000000 0.00000000 314.57667552 63772.23302066 
-0.62000000 0.00000000 314.57676221 63772.23302283 
-0.60000000 0.00000000 314.57667551 63772.23302066 
-0.58000000 0.00000000 314.57667510 63772.23302065 
-0.56000000 0.00000000 314.57676206 63772.23302283 
-0.54000000 0.00000000 314.57678443 63772.23302339 
-0.52000000 0.00000000 314.57678392 63772.23302338 
-0.50000000 0.00000000 314.57678384 63772.23302338 
-0.48000000 0.00000000 314.57678374 63772.23302337 
-0.46000000 0.00000000 314.57678356 63772.23302337 
-0.44000000 0.00000000 314.57667448 63772.23302063 
-0.42000000 0.00000000 314.57667440 63772.23302063 
-0.40000000 0.00000000 314.57678339 63772.23302337 
-0.38000000 0.00000000 314.57678334 63772.23302336 
-0.36000000 0.00000000 314.57678333 63772.23302336 
-0.34000000 0.00000000 314.57678333 63772.23302336 
-0.32000000 0.00000000 314.57678334 63772.23302336 
-0.30000000 0.00000000 314.57667229 63772.23302058 
-0.28000000 0.00000000 314.57667230 63772.23302058 
-0.26000000 0.00000000 314.57678340 63772.23302337 
-0.24000000 0.00000000 314.57678340 63772.23302337 
-0.22000000 0.00000000 314.57678336 63772.23302337 
-0.20000000 0.00000000 314.57678333 63772.23302336 
-0.18000000 0.00000000 314.57667201 63772.23302057 
-0.16000000 0.00000000 314.57667193 63772.23302057 
-0.14000000 0.00000000 314.57678289 63772.23302335 
-0.12000000 0.00000000 314.57678276 63772.23302335 
-0.10000000 0.00000000 314.57678246 63772.23302334 
-0.08000000 0.00000000 314.57678209 63772.23302333 
-0.06000000 0.00000000 314.57667093 63772.23302054 
-0.04000000 0.00000000 314.57667063 63772.23302054 
-0.02000000 0.00000000 314.57677922 63772.23302326 
0.00000000 0.00000000 314.57677883 63772.23302325 
0.02000000 0.00000000 314.57677827 63772.23302324 
0.04000000 0.00000000 314.57677792 63772.23302323 
0.06000000 0.00000000 314.57675891 63772.23302275 
0.08000000 0.00000000 314.57677163 63772.23302307 
0.10000000 0.00000000 314.57677071 63772.23302305 
0.12000000 0.00000000 314.57677034 63772.23302304 
0.14000000 0.00000000 314.57684940 63772.23302503 
0.16000000 0.00000000 314.57684918 63772.23302503 
0.18000000 0.00000000 314.57676969 63772.23302302 
0.20000000 0.00000000 314.57676916 63772.23302301 
0.22000000 0.00000000 314.57676899 63772.23302300 
0.24000000 0.00000000 314.57676887 63772.23302300 
0.26000000 0.00000000 314.57677489 63772.23302315 
0.28000000 0.00000000 314.57677480 63772.23302315 
0.30000000 0.00000000 314.57677470 63772.23302315 
0.32000000 0.00000000 314.57677463 63772.23302315 
0.34000000 0.00000000 314.57677458 63772.23302315 
0.36000000 0.00000000 314.57677446 63772.23302314 
0.38000000 0.00000000 314.57677442 63772.23302314 
0.40000000 0.00000000 314.57685452 63772.23302516 
0.42000000 0.00000000 314.57685451 63772.23302516 
0.44000000 0.00000000 314.57677441 63772.23302314 
0.46000000 0.00000000 314.57677445 63772.23302314 
0.48000000 0.00000000 314.57677456 63772.23302314 
0.50000000 0.00000000 314.57677460 63772.23302315 
0.52000000 0.00000000 314.57677464 63772.23302315 
0.54000000 0.00000000 314.57677470 63772.23302315 
0.56000000 0.00000000 314.57677479 63772.23302315 
0.58000000 0.00000000 314.57676870 63772.23302300 
0.60000000 0.00000000 314.57676877 63772.23302300 
0.62000000 0.00000000 314.57676886 63772.23302300 
0.64000000 0.00000000 314.57676893 63772.23302300 
0.66000000 0.00000000 314.57684858 63772.23302501 
0.68000000 0.00000000 314.57684881 63772.23302502 
0.70000000 0.00000000 314.57676931 63772.23302301 
0.72000000 0.00000000 314.57676946 63772.23302302 
0.74000000 0.00000000 314.57676993 63772.23302303 
0.76000000 0.00000000 314.57677009 63772.23302303 
0.78000000 0.00000000 314.57677090 63772.23302305 
0.80000000 0.00000000 314.57677113 63772.23302306 
0.82000000 0.00000000 314.57677135 63772.23302306 
0.84000000 0.00000000 314.57677163 63772.23302307 
0.86000000 0.00000000 314.57675733 63772.23302271 
0.88000000 0.00000000 314.57675759 63772.23302272 
0.90000000 0.00000000 314.57678545 63772.23302342 
0.92000000 0.00000000 314.57680832 63772.23302400 
0.94000000 0.00000000 314.57675834 63772.23302274 
0.96000000 0.00000000 314.57675859 63772.23302274 
0.98000000 0.00000000 314.57674015 63772.23302228 

