-1.00000000 0.00000000 2259.03153088 59063.21605397 
-0.98000000 0.00000000 2259.35909727 59062.39381297 
-0.96000000 0.00000000 2259.45635042 59061.80282471 
-0.94000000 0.00000000 2274.18751415 59053.34617412 
-0.92000000 0.00000000 2274.03012378 59053.02375064 
-0.90000000 0.00000000 2245.98187171 59067.05086928 
-0.88000000 0.00000000 2245.64419950 59067.02349084 
-0.86000000 0.00000000 2245.21431990 59067.07704882 
-0.84000000 0.00000000 2295.02408987 59038.62974417 
-0.82000000 0.00000000 2295.11183495 59038.38256149 
-0.80000000 0.00000000 2256.83952572 59061.41124667 
-0.78000000 0.00000000 2237.68691073 59069.79840249 
-0.76000000 0.00000000 2237.36748257 59069.86613512 
-0.74000000 0.00000000 2237.12301774 59069.90872080 
-0.72000000 0.00000000 2236.41148960 59070.13104176 
-0.70000000 0.00000000 2257.34864199 59060.81804437 
-0.68000000 0.00000000 2257.24329473 59060.85044083 
-0.66000000 0.00000000 2295.29679226 59037.37495813 
-0.64000000 0.00000000 2295.15683874 59037.54353927 
-0.62000000 0.00000000 2256.99991956 59061.12690698 
-0.60000000 0.00000000 2294.88713438 59038.10424219 
-0.58000000 0.00000000 2294.76560958 59038.48911907 
-0.56000000 0.00000000 2256.79062160 59061.76774022 
-0.54000000 0.00000000 2235.82348195 59071.04240927 
-0.52000000 0.00000000 2236.37374226 59071.04805165 
-0.50000000 0.00000000 2236.43873185 59071.23175663 
-0.48000000 0.00000000 2236.51877140 59071.40296832 
-0.46000000 0.00000000 2236.69958970 59071.52336903 
-0.44000000 0.00000000 2292.79897681 59042.65227708 
-0.42000000 0.00000000 2292.61869438 59043.06410185 
-0.40000000 0.00000000 2236.88260073 59071.85828618 
-0.38000000 0.00000000 2236.95282868 59071.90723833 
-0.36000000 0.00000000 2236.99725123 59071.93843643 
-0.34000000 0.00000000 2237.03880046 59071.94939321 
-0.32000000 0.00000000 2237.07746549 59071.94806735 
-0.30000000 0.00000000 2292.99203443 59043.49035948 
-0.28000000 0.00000000 2293.06588978 59043.48147352 
-0.26000000 0.00000000 2237.15811055 59071.98907480 
-0.24000000 0.00000000 2237.17926084 59072.06393143 
-0.22000000 0.00000000 2237.20725621 59072.19549318 
-0.20000000 0.00000000 2237.18256651 59072.42621645 
-0.18000000 0.00000000 2292.60174145 59045.19890422 
-0.16000000 0.00000000 2292.09444832 59046.28894405 
-0.14000000 0.00000000 2236.90899140 59073.88978734 
-0.12000000 0.00000000 2236.52210792 59074.78253512 
-0.10000000 0.00000000 2236.13246353 59075.85910817 
-0.08000000 0.00000000 2235.60359763 59077.17302554 
-0.06000000 0.00000000 2285.40759250 59058.22593339 
-0.04000000 0.00000000 2283.03408389 59062.00285686 
-0.02000000 0.00000000 2234.19903458 59082.23835990 
0.00000000 0.00000000 2232.72233029 59084.51352244 
0.02000000 0.00000000 2231.19402643 59086.88673743 
0.04000000 0.00000000 2229.35539265 59089.35616634 
0.06000000 0.00000000 2239.58952432 59089.74225627 
0.08000000 0.00000000 2229.41743427 59093.72940199 
0.10000000 0.00000000 2227.71339541 59096.09404276 
0.12000000 0.00000000 2225.71940669 59098.33788660 
0.14000000 0.00000000 2048.51332558 58919.97286164 
0.16000000 0.00000000 2051.65379259 58935.37953143 
0.18000000 0.00000000 2220.03473913 59103.98298817 
0.20000000 0.00000000 2218.46415322 59105.55116845 
0.22000000 0.00000000 2216.71615537 59107.00177258 
0.24000000 0.00000000 2214.94105980 59108.35952490 
0.26000000 0.00000000 2209.71145533 59109.31894809 
0.28000000 0.00000000 2207.95111013 59110.46516782 
0.30000000 0.00000000 2206.23947536 59111.52452990 
0.32000000 0.00000000 2204.62112911 59112.46838353 
0.34000000 0.00000000 2203.18091983 59113.26224957 
0.36000000 0.00000000 2202.07919423 59113.88167672 
0.38000000 0.00000000 2201.31461513 59114.28014467 
0.40000000 0.00000000 2067.31750595 58693.43333475 
0.42000000 0.00000000 2067.12329458 58693.96400477 
0.44000000 0.00000000 2201.77830463 59113.99223618 
0.46000000 0.00000000 2202.85502750 59113.39659048 
0.48000000 0.00000000 2204.27784676 59112.57490997 
0.50000000 0.00000000 2206.02958361 59111.57082097 
0.52000000 0.00000000 2207.97656920 59110.41617095 
0.54000000 0.00000000 2210.00721478 59109.14723658 
0.56000000 0.00000000 2212.04888845 59107.79814584 
0.58000000 0.00000000 2217.59930150 59106.56778221 
0.60000000 0.00000000 2219.60729959 59105.04664419 
0.62000000 0.00000000 2221.55413657 59103.47157109 
0.64000000 0.00000000 2223.48047457 59101.82629823 
0.66000000 0.00000000 2058.94608398 58962.17382573 
0.68000000 0.00000000 2056.39792107 58953.46405274 
0.70000000 0.00000000 2229.26378655 59096.24610330 
0.72000000 0.00000000 2231.26573280 59094.11830117 
0.74000000 0.00000000 2233.11845489 59091.88540161 
0.76000000 0.00000000 2235.17715514 59089.51840535 
0.78000000 0.00000000 2236.78389353 59087.16665482 
0.80000000 0.00000000 2238.70554953 59084.72440954 
0.82000000 0.00000000 2240.52785887 59082.30792292 
0.84000000 0.00000000 2242.15913584 59079.98458038 
0.86000000 0.00000000 2253.25144178 59074.54402584 
0.88000000 0.00000000 2254.74889280 59072.20797350 
0.90000000 0.00000000 2234.30477324 59077.64385547 
0.92000000 0.00000000 2203.81988490 59082.23343348 
0.94000000 0.00000000 2257.93384607 59066.56415235 
0.96000000 0.00000000 2258.57959674 59065.16865252 
0.98000000 0.00000000 2269.71805799 59058.65310476 

