-1.00000000 0.00000000 -1956.27687498 58014.21167305 
-0.98000000 0.00000000 -1954.10997369 58012.95718759 
-0.96000000 0.00000000 -1952.78859837 58012.79883576 
-0.94000000 0.00000000 -1905.64799937 57935.26758525 
-0.92000000 0.00000000 -1905.35983535 57936.39820040 
-0.90000000 0.00000000 -1987.70935704 58089.44929145 
-0.88000000 0.00000000 -1988.13923379 58091.28094319 
-0.86000000 0.00000000 -1988.88298525 58093.63625918 
-0.84000000 0.00000000 -1827.64006708 57837.38878938 
-0.82000000 0.00000000 -1826.91191602 57837.19159840 
-0.80000000 0.00000000 -1956.50323504 58027.19290203 
-0.78000000 0.00000000 -2006.28636242 58137.82100260 
-0.76000000 0.00000000 -2006.86674043 58139.64446162 
-0.74000000 0.00000000 -2007.28925099 58141.04187985 
-0.72000000 0.00000000 -2008.80432221 58145.29737215 
-0.70000000 0.00000000 -1954.17110278 58024.31560233 
-0.68000000 0.00000000 -1954.42199795 58024.89543784 
-0.66000000 0.00000000 -1824.50745200 57837.60268911 
-0.64000000 0.00000000 -1825.16107761 57838.11611127 
-0.62000000 0.00000000 -1955.40617329 58026.10945017 
-0.60000000 0.00000000 -1826.79487573 57838.70639102 
-0.58000000 0.00000000 -1827.73872139 57838.74525189 
-0.56000000 0.00000000 -1957.04042113 58026.84519415 
-0.54000000 0.00000000 -2011.53110033 58148.69063229 
-0.52000000 0.00000000 -2010.71282762 58145.31005264 
-0.50000000 0.00000000 -2011.00310328 58144.89758328 
-0.48000000 0.00000000 -2011.24941413 58144.40454701 
-0.46000000 0.00000000 -2011.24141782 58143.30908800 
-0.44000000 0.00000000 -1839.80879361 57842.86890586 
-0.42000000 0.00000000 -1840.99631044 57843.24765299 
-0.40000000 0.00000000 -2011.76138277 58142.36659080 
-0.38000000 0.00000000 -2011.80937915 58142.05535992 
-0.36000000 0.00000000 -2011.86975086 58141.93370099 
-0.34000000 0.00000000 -2011.90119071 58141.85916823 
-0.32000000 0.00000000 -2011.91844894 58141.82762909 
-0.30000000 0.00000000 -1841.14942327 57841.18412795 
-0.28000000 0.00000000 -1841.05033420 57840.99307161 
-0.26000000 0.00000000 -2012.12217832 58142.01121883 
-0.24000000 0.00000000 -2012.30623589 58142.07610106 
-0.22000000 0.00000000 -2012.57166610 58142.04351160 
-0.20000000 0.00000000 -2013.08358864 58142.24210505 
-0.18000000 0.00000000 -1845.35592240 57841.72804334 
-0.16000000 0.00000000 -1848.37712384 57842.84826907 
-0.14000000 0.00000000 -2016.12697934 58143.10560965 
-0.12000000 0.00000000 -2018.24468377 58144.74785979 
-0.10000000 0.00000000 -2020.62224579 58146.09112176 
-0.08000000 0.00000000 -2023.56903973 58147.94998374 
-0.06000000 0.00000000 -1883.08683465 57859.65711999 
-0.04000000 0.00000000 -1894.48834645 57866.32476575 
-0.02000000 0.00000000 -2033.57965440 58149.92440854 
0.00000000 0.00000000 -2039.44040765 58156.33695537 
0.02000000 0.00000000 -2045.48095320 58162.86574244 
0.04000000 0.00000000 -2052.12544846 58171.34247785 
0.06000000 0.00000000 -2034.46447131 58098.19298312 
0.08000000 0.00000000 -2058.33604692 58162.36761244 
0.10000000 0.00000000 -2064.55012686 58169.72792199 
0.12000000 0.00000000 -2071.00397182 58179.37731623 
0.14000000 0.00000000 -1616.01415255 59673.48855012 
0.16000000 0.00000000 -1655.21337377 59641.22623974 
0.18000000 0.00000000 -2087.83817029 58207.99029573 
0.20000000 0.00000000 -2092.33739629 58215.53529561 
0.22000000 0.00000000 -2096.84326342 58224.48130469 
0.24000000 0.00000000 -2101.16543839 58233.65064839 
0.26000000 0.00000000 -2109.36520113 58269.68123620 
0.28000000 0.00000000 -2113.08433247 58278.99814988 
0.30000000 0.00000000 -2116.55991759 58288.07311540 
0.32000000 0.00000000 -2119.71411848 58296.72642820 
0.34000000 0.00000000 -2122.41741859 58304.49909945 
0.36000000 0.00000000 -2124.47628600 58310.33255608 
0.38000000 0.00000000 -2125.84801872 58314.44447714 
0.40000000 0.00000000 -1127.18240182 59798.84395130 
0.42000000 0.00000000 -1128.18313135 59799.20209148 
0.44000000 0.00000000 -2124.92786838 58311.78811491 
0.46000000 0.00000000 -2122.92309134 58305.90701024 
0.48000000 0.00000000 -2120.20264960 58298.26432072 
0.50000000 0.00000000 -2116.82189611 58288.79530707 
0.52000000 0.00000000 -2112.95380323 58278.33786880 
0.54000000 0.00000000 -2108.76242171 58267.54757892 
0.56000000 0.00000000 -2104.37079026 58256.79816502 
0.58000000 0.00000000 -2095.14053855 58219.33372036 
0.60000000 0.00000000 -2090.22523299 58209.01938067 
0.62000000 0.00000000 -2085.22057461 58199.08096927 
0.64000000 0.00000000 -2080.04100587 58189.25087691 
0.66000000 0.00000000 -1729.37999924 59568.85054334 
0.68000000 0.00000000 -1706.32971397 59592.26215076 
0.70000000 0.00000000 -2062.95539437 58160.17436919 
0.72000000 0.00000000 -2056.56215284 58150.29648960 
0.74000000 0.00000000 -2050.19081793 58141.63987016 
0.76000000 0.00000000 -2043.18505655 58131.72804957 
0.78000000 0.00000000 -2036.93361470 58124.92837544 
0.80000000 0.00000000 -2029.90942350 58116.02616408 
0.82000000 0.00000000 -2023.02296659 58107.71815017 
0.84000000 0.00000000 -2016.54966667 58100.49726548 
0.86000000 0.00000000 -1986.28852428 58035.25499310 
0.88000000 0.00000000 -1979.67910387 58029.29588646 
0.90000000 0.00000000 -2026.85056836 58156.78508735 
0.92000000 0.00000000 -2074.49219833 58362.26395045 
0.94000000 0.00000000 -1964.22155296 58017.18777078 
0.96000000 0.00000000 -1960.57748475 58014.90323970 
0.98000000 0.00000000 -1925.17537352 57955.28607946 

