-1.00000000 0.00000000 2341.74363530 57931.28734064 
-0.98000000 0.00000000 2339.79080837 57932.34770315 
-0.96000000 0.00000000 2338.83414407 57933.39124376 
-0.94000000 0.00000000 2277.65919638 57922.51669696 
-0.92000000 0.00000000 2277.88658881 57923.51407209 
-0.90000000 0.00000000 2391.95317163 57952.97882383 
-0.88000000 0.00000000 2392.96719956 57953.78717293 
-0.86000000 0.00000000 2394.39725368 57954.65889687 
-0.84000000 0.00000000 2188.65274326 57921.57060093 
-0.82000000 0.00000000 2188.08671710 57922.03187073 
-0.80000000 0.00000000 2346.91342352 57939.60179164 
-0.78000000 0.00000000 2423.44672319 57967.89481763 
-0.76000000 0.00000000 2424.56224980 57968.55683340 
-0.74000000 0.00000000 2425.40283763 57969.08405309 
-0.72000000 0.00000000 2428.10227455 57970.48759085 
-0.70000000 0.00000000 2344.26125872 57939.73944867 
-0.68000000 0.00000000 2344.65492461 57939.90314621 
-0.66000000 0.00000000 2186.58996548 57924.29412470 
-0.64000000 0.00000000 2187.22450871 57924.11041264 
-0.62000000 0.00000000 2345.78803341 57939.84557392 
-0.60000000 0.00000000 2188.56700268 57923.17345589 
-0.58000000 0.00000000 2189.23641593 57922.42382504 
-0.56000000 0.00000000 2347.17518284 57938.90251302 
-0.54000000 0.00000000 2431.27415757 57970.24751099 
-0.52000000 0.00000000 2429.38893019 57968.78932661 
-0.50000000 0.00000000 2429.41785810 57968.26222021 
-0.48000000 0.00000000 2429.38499124 57967.72248161 
-0.46000000 0.00000000 2428.94362545 57967.02021204 
-0.44000000 0.00000000 2199.05264784 57915.28776273 
-0.42000000 0.00000000 2200.00494475 57914.56536142 
-0.40000000 0.00000000 2428.90436356 57965.94932939 
-0.38000000 0.00000000 2428.80683681 57965.70796209 
-0.36000000 0.00000000 2428.79151913 57965.57924205 
-0.34000000 0.00000000 2428.77464311 57965.50779032 
-0.32000000 0.00000000 2428.76463794 57965.47766221 
-0.30000000 0.00000000 2199.33964827 57913.05121502 
-0.28000000 0.00000000 2199.19382236 57913.00984078 
-0.26000000 0.00000000 2428.94687697 57965.43453292 
-0.24000000 0.00000000 2429.08973449 57965.31854312 
-0.22000000 0.00000000 2429.25213865 57965.06570084 
-0.20000000 0.00000000 2429.67622942 57964.74037535 
-0.18000000 0.00000000 2202.41575441 57909.98973380 
-0.16000000 0.00000000 2204.91396676 57908.25708697 
-0.14000000 0.00000000 2432.11710829 57962.56775440 
-0.12000000 0.00000000 2434.22927548 57961.72083316 
-0.10000000 0.00000000 2436.41406801 57960.43798326 
-0.08000000 0.00000000 2439.20141642 57958.96677015 
-0.06000000 0.00000000 2235.06143775 57890.66894537 
-0.04000000 0.00000000 2245.37105775 57885.53943921 
-0.02000000 0.00000000 2447.03681938 57951.08721907 
0.00000000 0.00000000 2453.64138648 57949.87024469 
0.02000000 0.00000000 2460.42586992 57948.53872132 
0.04000000 0.00000000 2468.39518450 57947.88862078 
0.06000000 0.00000000 2428.01287046 57916.42736481 
0.08000000 0.00000000 2469.35008186 57936.24771804 
0.10000000 0.00000000 2476.58669729 57935.22170778 
0.12000000 0.00000000 2484.88713708 57935.43065609 
0.14000000 0.00000000 2671.42398829 59389.24165087 
0.16000000 0.00000000 2699.35935424 59327.76754504 
0.18000000 0.00000000 2507.96030324 57938.04135725 
0.20000000 0.00000000 2514.11733450 57938.62270688 
0.22000000 0.00000000 2520.84300001 57940.08196254 
0.24000000 0.00000000 2527.54376640 57941.83727810 
0.26000000 0.00000000 2547.63556638 57957.16528667 
0.28000000 0.00000000 2554.02729306 57959.52670192 
0.30000000 0.00000000 2560.16266287 57961.95127792 
0.32000000 0.00000000 2565.91019657 57964.40430728 
0.34000000 0.00000000 2570.98865621 57966.72346061 
0.36000000 0.00000000 2574.82957993 57968.42529484 
0.38000000 0.00000000 2577.48212983 57969.69972982 
0.40000000 0.00000000 2173.85110213 59913.35558913 
0.42000000 0.00000000 2175.12445851 59912.85075305 
0.44000000 0.00000000 2575.74869628 57968.90169304 
0.46000000 0.00000000 2571.92936103 57967.11257831 
0.48000000 0.00000000 2566.88810047 57964.89412150 
0.50000000 0.00000000 2560.64692944 57962.14087900 
0.52000000 0.00000000 2553.67181809 57959.21362523 
0.54000000 0.00000000 2546.34694878 57956.36728968 
0.56000000 0.00000000 2538.91250339 57953.71812604 
0.58000000 0.00000000 2517.56903251 57938.39816769 
0.60000000 0.00000000 2510.00628869 57936.44596729 
0.62000000 0.00000000 2502.54810699 57934.79281920 
0.64000000 0.00000000 2495.02868925 57933.34615257 
0.66000000 0.00000000 2745.49708234 59202.53375199 
0.68000000 0.00000000 2731.81475648 59242.06619426 
0.70000000 0.00000000 2471.64929186 57930.55225803 
0.72000000 0.00000000 2463.32547888 57930.09103114 
0.74000000 0.00000000 2455.50050381 57930.37354947 
0.76000000 0.00000000 2446.76166353 57930.39174707 
0.78000000 0.00000000 2439.75481545 57931.71459118 
0.80000000 0.00000000 2431.41430464 57932.34300939 
0.82000000 0.00000000 2423.41013132 57933.20035397 
0.84000000 0.00000000 2416.12108155 57934.36228032 
0.86000000 0.00000000 2370.43739415 57918.68729456 
0.88000000 0.00000000 2363.59995459 57920.63598439 
0.90000000 0.00000000 2444.81624334 57961.74042482 
0.92000000 0.00000000 2559.10525885 58050.35876979 
0.94000000 0.00000000 2348.33396676 57926.29598661 
0.96000000 0.00000000 2344.96032421 57927.98458968 
0.98000000 0.00000000 2298.43627782 57919.17454366 

