-1.00000000 0.00000000 -2208.73871423 56790.24237823 
-0.98000000 0.00000000 -2204.98831777 56789.67954739 
-0.96000000 0.00000000 -2203.69963506 56790.61907368 
-0.94000000 0.00000000 -2021.09765191 56672.98297150 
-0.92000000 0.00000000 -2023.02553581 56675.36000094 
-0.90000000 0.00000000 -2354.40607096 56932.82072022 
-0.88000000 0.00000000 -2357.30622605 56936.57029879 
-0.86000000 0.00000000 -2361.21522733 56941.26209795 
-0.84000000 0.00000000 -1740.63620554 56575.48066301 
-0.82000000 0.00000000 -1739.37285629 56575.80535025 
-0.80000000 0.00000000 -2230.31206723 56818.13505998 
-0.78000000 0.00000000 -2436.62248067 57030.40149353 
-0.76000000 0.00000000 -2439.43713050 57034.20181982 
-0.74000000 0.00000000 -2441.56938959 57037.14619592 
-0.72000000 0.00000000 -2448.35947709 57046.06198205 
-0.70000000 0.00000000 -2223.35470766 56813.76724080 
-0.68000000 0.00000000 -2224.52875497 56814.83260520 
-0.66000000 0.00000000 -1737.84282167 56578.63144459 
-0.64000000 0.00000000 -1739.66246235 56578.79513203 
-0.62000000 0.00000000 -2227.34566285 56816.59169390 
-0.60000000 0.00000000 -1742.56124653 56578.16045254 
-0.58000000 0.00000000 -1743.51064754 56577.33295619 
-0.56000000 0.00000000 -2229.80752092 56816.50053728 
-0.54000000 0.00000000 -2454.96523919 57051.37358872 
-0.52000000 0.00000000 -2449.88624849 57043.77319713 
-0.50000000 0.00000000 -2449.59018773 57042.38514471 
-0.48000000 0.00000000 -2449.15814133 57040.85502362 
-0.46000000 0.00000000 -2447.73152528 57038.11509017 
-0.44000000 0.00000000 -1763.76840206 56571.94566322 
-0.42000000 0.00000000 -1765.71255953 56571.39376442 
-0.40000000 0.00000000 -2447.06537685 57035.32823425 
-0.38000000 0.00000000 -2446.78027880 57034.61780920 
-0.36000000 0.00000000 -2446.77542122 57034.40707990 
-0.34000000 0.00000000 -2446.82768279 57034.38422777 
-0.32000000 0.00000000 -2446.94116066 57034.51888523 
-0.30000000 0.00000000 -1761.85828045 56568.65366935 
-0.28000000 0.00000000 -1761.56352356 56568.63072084 
-0.26000000 0.00000000 -2447.81320096 57035.57295468 
-0.24000000 0.00000000 -2448.18403981 57035.79728272 
-0.22000000 0.00000000 -2448.45733484 57035.64606159 
-0.20000000 0.00000000 -2449.17814240 57035.72213030 
-0.18000000 0.00000000 -1767.88218563 56566.53448138 
-0.16000000 0.00000000 -1772.99991126 56565.44296508 
-0.14000000 0.00000000 -2452.28717227 57034.04714615 
-0.12000000 0.00000000 -2455.68255321 57035.16242273 
-0.10000000 0.00000000 -2458.65951416 57034.87748878 
-0.08000000 0.00000000 -2462.50598316 57034.81216146 
-0.06000000 0.00000000 -1835.12770686 56556.25227487 
-0.04000000 0.00000000 -1856.51071522 56554.46882230 
-0.02000000 0.00000000 -2468.23001416 57020.96575577 
0.00000000 0.00000000 -2479.10541454 57026.65302177 
0.02000000 0.00000000 -2489.90638246 57031.79351429 
0.04000000 0.00000000 -2503.42088784 57040.57728250 
0.06000000 0.00000000 -2381.64735333 56874.18921951 
0.08000000 0.00000000 -2489.63361693 56999.30543345 
0.10000000 0.00000000 -2500.89997522 57004.44675090 
0.12000000 0.00000000 -2515.39923220 57015.02509732 
0.14000000 0.00000000 -1816.16531995 60635.49964344 
0.16000000 0.00000000 -1893.79840095 60575.44624470 
0.18000000 0.00000000 -2556.31330044 57049.43917240 
0.20000000 0.00000000 -2566.40811315 57057.23194421 
0.22000000 0.00000000 -2578.25032219 57068.60665711 
0.24000000 0.00000000 -2590.09723534 57080.66221830 
0.26000000 0.00000000 -2637.61610644 57158.93964393 
0.28000000 0.00000000 -2648.50521071 57172.07859971 
0.30000000 0.00000000 -2658.86841394 57184.92981754 
0.32000000 0.00000000 -2668.56308108 57197.39798129 
0.34000000 0.00000000 -2677.12832161 57208.80077083 
0.36000000 0.00000000 -2683.41093345 57216.96415635 
0.38000000 0.00000000 -2687.80790074 57222.94096162 
0.40000000 0.00000000 -947.14272356 60944.45809270 
0.42000000 0.00000000 -948.81757153 60944.59421293 
0.44000000 0.00000000 -2684.84991718 57218.83677237 
0.46000000 0.00000000 -2678.44076222 57210.13744113 
0.48000000 0.00000000 -2670.04164027 57199.15099331 
0.50000000 0.00000000 -2659.41826527 57185.20444529 
0.52000000 0.00000000 -2647.44624267 57169.88157959 
0.54000000 0.00000000 -2634.82856344 57154.32279831 
0.56000000 0.00000000 -2621.96323108 57139.05170255 
0.58000000 0.00000000 -2571.41037898 57059.30713038 
0.60000000 0.00000000 -2557.70513301 57045.45162037 
0.62000000 0.00000000 -2544.14121579 57032.33882877 
0.64000000 0.00000000 -2530.33294609 57019.44102939 
0.66000000 0.00000000 -2049.35843288 60434.47881116 
0.68000000 0.00000000 -2001.55300955 60479.45786036 
0.70000000 0.00000000 -2487.16668292 56982.82929063 
0.72000000 0.00000000 -2471.68289514 56970.84293208 
0.74000000 0.00000000 -2457.78241567 56961.78310603 
0.76000000 0.00000000 -2441.39381453 56950.12382104 
0.78000000 0.00000000 -2429.81759807 56945.02594327 
0.80000000 0.00000000 -2414.28728556 56935.20826301 
0.82000000 0.00000000 -2399.34923044 56926.25470559 
0.84000000 0.00000000 -2385.92992649 56919.00736331 
0.86000000 0.00000000 -2260.98172908 56800.10002140 
0.88000000 0.00000000 -2247.75047673 56795.49211858 
0.90000000 0.00000000 -2477.15072496 57053.76078225 
0.92000000 0.00000000 -2725.99994378 57535.55465217 
0.94000000 0.00000000 -2218.73637557 56787.72683437 
0.96000000 0.00000000 -2212.59690283 56786.89202042 
0.98000000 0.00000000 -2075.78267520 56694.35906811 

