-1.00000000 0.00000000 -1617.13395661 58743.09157161 
-0.98000000 0.00000000 -1616.85969403 58742.38023803 
-0.96000000 0.00000000 -1616.57100813 58742.06203517 
-0.94000000 0.00000000 -1621.17679711 58718.79940302 
-0.92000000 0.00000000 -1620.88336502 58718.92124486 
-0.90000000 0.00000000 -1610.78843250 58762.55039512 
-0.88000000 0.00000000 -1610.54488303 58763.01222681 
-0.86000000 0.00000000 -1610.28853331 58763.62809056 
-0.84000000 0.00000000 -1625.88626296 58685.04867931 
-0.82000000 0.00000000 -1625.79730765 58684.84951070 
-0.80000000 0.00000000 -1614.60112031 58745.59633601 
-0.78000000 0.00000000 -1606.89200795 58774.98854428 
-0.76000000 0.00000000 -1606.71771096 58775.45456535 
-0.74000000 0.00000000 -1606.57870823 58775.80825682 
-0.72000000 0.00000000 -1606.23540662 58776.87041214 
-0.70000000 0.00000000 -1614.58122396 58744.69554301 
-0.68000000 0.00000000 -1614.53104984 58744.85275852 
-0.66000000 0.00000000 -1625.33014701 58684.28098550 
-0.64000000 0.00000000 -1625.33999158 58684.52824238 
-0.62000000 0.00000000 -1614.53535788 58745.27854797 
-0.60000000 0.00000000 -1625.49534206 58685.07546332 
-0.58000000 0.00000000 -1625.64180932 58685.36165646 
-0.56000000 0.00000000 -1614.77877435 58745.76953106 
-0.54000000 0.00000000 -1606.39193332 58777.97627984 
-0.52000000 0.00000000 -1606.76440743 58777.21025996 
-0.50000000 0.00000000 -1606.91926075 58777.17750805 
-0.48000000 0.00000000 -1607.07673762 58777.11992223 
-0.46000000 0.00000000 -1607.27110002 58776.90579678 
-0.44000000 0.00000000 -1626.81440887 58689.37829424 
-0.42000000 0.00000000 -1626.93984850 58689.75624751 
-0.40000000 0.00000000 -1607.59869317 58776.75786995 
-0.38000000 0.00000000 -1607.67668140 58776.67635795 
-0.36000000 0.00000000 -1607.72695669 58776.62548127 
-0.34000000 0.00000000 -1607.76337092 58776.57242378 
-0.32000000 0.00000000 -1607.79071315 58776.51966425 
-0.30000000 0.00000000 -1627.43094309 58689.36622332 
-0.28000000 0.00000000 -1627.47503151 58689.26118075 
-0.26000000 0.00000000 -1607.87737983 58776.42490239 
-0.24000000 0.00000000 -1607.93937447 58776.42012672 
-0.22000000 0.00000000 -1608.03985519 58776.42308277 
-0.20000000 0.00000000 -1608.16430980 58776.52994155 
-0.18000000 0.00000000 -1628.19443342 58690.43057046 
-0.16000000 0.00000000 -1628.50960522 58691.46867346 
-0.14000000 0.00000000 -1608.86242366 58777.36349166 
-0.12000000 0.00000000 -1609.13800490 58778.17775682 
-0.10000000 0.00000000 -1609.52001643 58779.05126192 
-0.08000000 0.00000000 -1609.94926676 58780.19128083 
-0.06000000 0.00000000 -1631.21191351 58704.42448711 
-0.04000000 0.00000000 -1631.89682366 58708.88880014 
-0.02000000 0.00000000 -1612.01582797 58783.69421211 
0.00000000 0.00000000 -1612.37983507 58786.45217466 
0.02000000 0.00000000 -1612.76611293 58789.31216632 
0.04000000 0.00000000 -1613.00186790 58792.63623756 
0.06000000 0.00000000 -1619.98902580 58778.39223113 
0.08000000 0.00000000 -1615.61552472 58793.87395369 
0.10000000 0.00000000 -1615.87529547 58796.97895763 
0.12000000 0.00000000 -1615.87030068 58800.45374101 
0.14000000 0.00000000 -1397.54839189 58972.10915301 
0.16000000 0.00000000 -1407.75000588 58974.26237068 
0.18000000 0.00000000 -1615.40061128 58810.12875641 
0.20000000 0.00000000 -1615.26934140 58812.80286389 
0.22000000 0.00000000 -1614.94749835 58815.68859741 
0.24000000 0.00000000 -1614.54907614 58818.58300349 
0.26000000 0.00000000 -1611.60933818 58826.18088068 
0.28000000 0.00000000 -1611.08698623 58828.98636042 
0.30000000 0.00000000 -1610.54354047 58831.69666653 
0.32000000 0.00000000 -1609.99346274 58834.24102403 
0.34000000 0.00000000 -1609.47516446 58836.49075251 
0.36000000 0.00000000 -1609.08379677 58838.21513877 
0.38000000 0.00000000 -1608.79321609 58839.40205110 
0.40000000 0.00000000 -1298.71381388 58856.10451174 
0.42000000 0.00000000 -1298.83495523 58856.56047399 
0.44000000 0.00000000 -1608.93821042 58838.66774695 
0.46000000 0.00000000 -1609.32424907 58836.98538321 
0.48000000 0.00000000 -1609.81387705 58834.75139766 
0.50000000 0.00000000 -1610.41904928 58832.00280099 
0.52000000 0.00000000 -1611.06675725 58828.93540498 
0.54000000 0.00000000 -1611.70171337 58825.71576264 
0.56000000 0.00000000 -1612.29392007 58822.45553818 
0.58000000 0.00000000 -1615.28637197 58814.32379369 
0.60000000 0.00000000 -1615.74411340 58811.05414760 
0.62000000 0.00000000 -1616.12490418 58807.85270793 
0.64000000 0.00000000 -1616.44646110 58804.65760163 
0.66000000 0.00000000 -1426.77417073 58975.58947825 
0.68000000 0.00000000 -1420.37641562 58975.44362098 
0.70000000 0.00000000 -1617.01394167 58794.86509219 
0.72000000 0.00000000 -1617.08936413 58791.41438492 
0.74000000 0.00000000 -1617.00234763 58788.14080760 
0.76000000 0.00000000 -1616.97063799 58784.53745734 
0.78000000 0.00000000 -1616.64789021 58781.57281028 
0.80000000 0.00000000 -1616.47803487 58778.13876073 
0.82000000 0.00000000 -1616.25613524 58774.85173522 
0.84000000 0.00000000 -1615.96155406 58771.86071521 
0.86000000 0.00000000 -1620.04035814 58754.63510825 
0.88000000 0.00000000 -1619.64494285 58751.82755636 
0.90000000 0.00000000 -1609.37200722 58782.15992361 
0.92000000 0.00000000 -1591.66150895 58826.04624632 
0.94000000 0.00000000 -1618.39922664 58745.64990154 
0.96000000 0.00000000 -1617.99632394 58744.32019369 
0.98000000 0.00000000 -1621.41071471 58726.69151454 

