-1.00000000 0.00000000 -1062.38048227 59242.00369214 
-0.98000000 0.00000000 -1063.63221567 59242.82357967 
-0.96000000 0.00000000 -1064.51241933 59242.94246391 
-0.94000000 0.00000000 -1080.00117967 59293.74379919 
-0.92000000 0.00000000 -1080.45365242 59293.04317243 
-0.90000000 0.00000000 -1053.75920530 59195.43802201 
-0.88000000 0.00000000 -1053.74933337 59194.30641042 
-0.86000000 0.00000000 -1053.59939741 59192.86133229 
-0.84000000 0.00000000 -1105.56344028 59364.48929513 
-0.82000000 0.00000000 -1105.96510569 59364.71866769 
-0.80000000 0.00000000 -1064.70095461 59233.82654573 
-0.78000000 0.00000000 -1047.84359436 59166.34552656 
-0.76000000 0.00000000 -1047.68335695 59165.25243235 
-0.74000000 0.00000000 -1047.57533776 59164.41382649 
-0.72000000 0.00000000 -1047.07883834 59161.88723428 
-0.70000000 0.00000000 -1065.76474642 59235.63590776 
-0.68000000 0.00000000 -1065.70092049 59235.26939970 
-0.66000000 0.00000000 -1107.57782199 59364.81698815 
-0.64000000 0.00000000 -1107.31140459 59364.39091600 
-0.62000000 0.00000000 -1065.25148022 59234.49861634 
-0.60000000 0.00000000 -1106.45335276 59363.76620951 
-0.58000000 0.00000000 -1105.87418745 59363.59703452 
-0.56000000 0.00000000 -1064.26583613 59234.02106061 
-0.54000000 0.00000000 -1045.59555744 59159.97525164 
-0.52000000 0.00000000 -1045.72286847 59161.99833776 
-0.50000000 0.00000000 -1045.46079304 59162.27098443 
-0.48000000 0.00000000 -1045.21917296 59162.59050125 
-0.46000000 0.00000000 -1045.07665551 59163.26376455 
-0.44000000 0.00000000 -1099.44716385 59359.18073115 
-0.42000000 0.00000000 -1098.80447019 59358.77120099 
-0.40000000 0.00000000 -1044.58072951 59163.88385697 
-0.38000000 0.00000000 -1044.50495702 59164.08270235 
-0.36000000 0.00000000 -1044.44613959 59164.16715230 
-0.34000000 0.00000000 -1044.41415621 59164.22195326 
-0.32000000 0.00000000 -1044.39783454 59164.25047288 
-0.30000000 0.00000000 -1098.13689635 59360.09706697 
-0.28000000 0.00000000 -1098.14179192 59360.24597880 
-0.26000000 0.00000000 -1044.27511711 59164.17802962 
-0.24000000 0.00000000 -1044.14995554 59164.15814159 
-0.22000000 0.00000000 -1043.95192001 59164.20126260 
-0.20000000 0.00000000 -1043.60783928 59164.11494349 
-0.18000000 0.00000000 -1095.58675985 59359.22472623 
-0.16000000 0.00000000 -1093.97345976 59358.09288036 
-0.14000000 0.00000000 -1041.52076669 59163.75278026 
-0.12000000 0.00000000 -1040.21463377 59162.85860791 
-0.10000000 0.00000000 -1038.67718162 59162.15441188 
-0.08000000 0.00000000 -1036.79673261 59161.16369109 
-0.06000000 0.00000000 -1076.28164719 59342.92564822 
-0.04000000 0.00000000 -1070.65236668 59337.40415947 
-0.02000000 0.00000000 -1029.81762773 59160.37707908 
0.00000000 0.00000000 -1026.42244501 59156.81150284 
0.02000000 0.00000000 -1022.88707845 59153.21249231 
0.04000000 0.00000000 -1019.12696940 59148.53127940 
0.06000000 0.00000000 -1021.92127113 59190.79195499 
0.08000000 0.00000000 -1013.54851018 59153.98600178 
0.10000000 0.00000000 -1009.96179323 59149.96179724 
0.12000000 0.00000000 -1006.43415942 59144.66501508 
0.14000000 0.00000000 -1179.04527931 58106.36534138 
0.16000000 0.00000000 -1157.71710992 58146.90489740 
0.18000000 0.00000000 -997.35544473 59129.07638112 
0.20000000 0.00000000 -994.85035402 59125.00838910 
0.22000000 0.00000000 -992.44520634 59120.16530471 
0.24000000 0.00000000 -990.15671280 59115.20452116 
0.26000000 0.00000000 -987.21161335 59095.46616681 
0.28000000 0.00000000 -985.19755726 59090.47019058 
0.30000000 0.00000000 -983.30850300 59085.61062835 
0.32000000 0.00000000 -981.59284252 59080.98194436 
0.34000000 0.00000000 -980.12122859 59076.82840406 
0.36000000 0.00000000 -978.97909627 59073.71899932 
0.38000000 0.00000000 -978.22466610 59071.52516767 
0.40000000 0.00000000 -1602.31263895 57758.43744303 
0.42000000 0.00000000 -1601.01706077 57758.56491420 
0.44000000 0.00000000 -978.74310709 59072.92465336 
0.46000000 0.00000000 -979.84877935 59076.05459052 
0.48000000 0.00000000 -981.34886560 59080.12776163 
0.50000000 0.00000000 -983.18157070 59085.19153838 
0.52000000 0.00000000 -985.26104593 59090.79907348 
0.54000000 0.00000000 -987.50527786 59096.59944998 
0.56000000 0.00000000 -989.84979041 59102.39194259 
0.58000000 0.00000000 -993.21355466 59122.99092127 
0.60000000 0.00000000 -995.75995486 59128.61971706 
0.62000000 0.00000000 -998.36092030 59134.05654384 
0.64000000 0.00000000 -1001.05272000 59139.44907150 
0.66000000 0.00000000 -1121.44680158 58227.56091945 
0.68000000 0.00000000 -1132.57645515 58202.18788711 
0.70000000 0.00000000 -1010.00227079 59155.50462150 
0.72000000 0.00000000 -1013.36459962 59161.01118469 
0.74000000 0.00000000 -1016.81769348 59165.85235253 
0.76000000 0.00000000 -1020.51156364 59171.44954653 
0.78000000 0.00000000 -1024.04506386 59175.28873964 
0.80000000 0.00000000 -1027.79905297 59180.38263351 
0.82000000 0.00000000 -1031.49395686 59185.17417775 
0.84000000 0.00000000 -1035.01625005 59189.36767167 
0.86000000 0.00000000 -1045.49747994 59228.51810883 
0.88000000 0.00000000 -1049.01213979 59232.25416398 
0.90000000 0.00000000 -1035.62596959 59156.07561876 
0.92000000 0.00000000 -1019.46508161 59039.09222195 
0.94000000 0.00000000 -1057.46298502 59239.99257207 
0.96000000 0.00000000 -1059.54414466 59241.48449013 
0.98000000 0.00000000 -1071.42360004 59279.92228661 

