-1.00000000 0.00000000 611.01254476 56304.88808442 
-0.98000000 0.00000000 611.76928730 56301.34361671 
-0.96000000 0.00000000 612.78467206 56295.37029557 
-0.94000000 0.00000000 574.93591095 56626.72100212 
-0.92000000 0.00000000 576.11466170 56617.14869974 
-0.90000000 0.00000000 654.35735012 55998.90270248 
-0.88000000 0.00000000 655.64572841 55991.17625423 
-0.86000000 0.00000000 657.11494235 55982.16140782 
-0.84000000 0.00000000 527.44293961 57152.77831830 
-0.82000000 0.00000000 527.51448393 57152.78238101 
-0.80000000 0.00000000 623.07307619 56223.01358789 
-0.78000000 0.00000000 681.47471179 55832.42855798 
-0.76000000 0.00000000 682.61683155 55826.06292202 
-0.74000000 0.00000000 683.53756534 55821.01737738 
-0.72000000 0.00000000 686.03163392 55806.77054360 
-0.70000000 0.00000000 622.41915471 56230.24779176 
-0.68000000 0.00000000 622.79608617 56227.60569797 
-0.66000000 0.00000000 528.88873364 57140.95026313 
-0.64000000 0.00000000 529.08283635 57138.25416780 
-0.62000000 0.00000000 623.09750613 56224.73880773 
-0.60000000 0.00000000 528.90935223 57138.52943000 
-0.58000000 0.00000000 528.52016358 57141.77574684 
-0.56000000 0.00000000 622.10129830 56229.48301897 
-0.54000000 0.00000000 685.62526219 55805.80230058 
-0.52000000 0.00000000 683.04742349 55819.73978206 
-0.50000000 0.00000000 682.09801782 55824.16267110 
-0.48000000 0.00000000 681.13541453 55828.71728869 
-0.46000000 0.00000000 679.90414552 55834.97108564 
-0.44000000 0.00000000 526.58324757 57150.46220877 
-0.42000000 0.00000000 526.37712723 57151.49075045 
-0.40000000 0.00000000 678.13279887 55843.29962495 
-0.38000000 0.00000000 677.79390034 55844.94579925 
-0.36000000 0.00000000 677.67835202 55845.43187925 
-0.34000000 0.00000000 677.69115282 55845.30167318 
-0.32000000 0.00000000 677.80475331 55844.68694001 
-0.30000000 0.00000000 525.01579868 57166.55218983 
-0.28000000 0.00000000 525.06514930 57166.34063773 
-0.26000000 0.00000000 678.38985579 55841.64787537 
-0.24000000 0.00000000 678.45215496 55841.33435487 
-0.22000000 0.00000000 678.28927399 55842.21431795 
-0.20000000 0.00000000 678.00090873 55843.62612119 
-0.18000000 0.00000000 524.77387945 57169.05016212 
-0.16000000 0.00000000 524.53785635 57170.33798227 
-0.14000000 0.00000000 674.93881750 55859.08733274 
-0.12000000 0.00000000 673.58213442 55865.43510150 
-0.10000000 0.00000000 671.38599130 55876.41423679 
-0.08000000 0.00000000 668.73637234 55889.73175892 
-0.06000000 0.00000000 521.62054491 57185.32674353 
-0.04000000 0.00000000 520.68931959 57189.90349263 
-0.02000000 0.00000000 654.32860691 55968.84855098 
0.00000000 0.00000000 651.21521730 55984.27978636 
0.02000000 0.00000000 647.62678586 56002.87643388 
0.04000000 0.00000000 644.68479062 56017.37881869 
0.06000000 0.00000000 600.24294615 56341.76318889 
0.08000000 0.00000000 624.94237456 56145.69566870 
0.10000000 0.00000000 621.39159079 56167.43842688 
0.12000000 0.00000000 619.32022497 56179.19965779 
0.14000000 0.00000000 5033.02715060 55004.96535928 
0.16000000 0.00000000 4761.48233267 54599.07682953 
0.18000000 0.00000000 615.43514245 56202.72829426 
0.20000000 0.00000000 613.86400786 56214.50693430 
0.22000000 0.00000000 613.23534435 56219.85835750 
0.24000000 0.00000000 612.84220413 56223.97815724 
0.26000000 0.00000000 626.39566910 56124.27947130 
0.28000000 0.00000000 626.15513844 56127.56746554 
0.30000000 0.00000000 625.92661002 56130.82067773 
0.32000000 0.00000000 625.78444301 56133.36192046 
0.34000000 0.00000000 625.72632955 56135.09807953 
0.36000000 0.00000000 625.47145658 56137.99835479 
0.38000000 0.00000000 625.39316166 56139.27529203 
0.40000000 0.00000000 4795.05248777 61113.63238581 
0.42000000 0.00000000 4801.66734502 61102.96445349 
0.44000000 0.00000000 625.37203211 56139.26193118 
0.46000000 0.00000000 625.42849607 56138.02582472 
0.48000000 0.00000000 625.62427600 56135.42826208 
0.50000000 0.00000000 625.65133934 56133.77159326 
0.52000000 0.00000000 625.65768396 56132.04975999 
0.54000000 0.00000000 625.72666006 56129.75914296 
0.56000000 0.00000000 625.85772088 56127.03421073 
0.58000000 0.00000000 612.08683076 56228.20374239 
0.60000000 0.00000000 612.22473709 56225.69764594 
0.62000000 0.00000000 612.48869528 56222.73375455 
0.64000000 0.00000000 612.82166807 56219.90246683 
0.66000000 0.00000000 4162.72111777 53975.73061020 
0.68000000 0.00000000 4360.77020487 54152.16419613 
0.70000000 0.00000000 614.99116705 56207.42186564 
0.72000000 0.00000000 616.09288773 56202.12234653 
0.74000000 0.00000000 618.02045640 56191.40123637 
0.76000000 0.00000000 619.41659981 56185.35223661 
0.78000000 0.00000000 622.39580078 56168.09483038 
0.80000000 0.00000000 624.15261055 56160.29570175 
0.82000000 0.00000000 625.94597591 56152.43401223 
0.84000000 0.00000000 627.91879527 56143.32691948 
0.86000000 0.00000000 600.15138474 56363.62558462 
0.88000000 0.00000000 601.71735105 56356.14354776 
0.90000000 0.00000000 672.41749363 55862.11152226 
0.92000000 0.00000000 803.75975196 55229.43764038 
0.94000000 0.00000000 606.15456182 56333.90776267 
0.96000000 0.00000000 607.53404685 56326.54243072 
0.98000000 0.00000000 579.98271819 56568.43228058 

