-1.00000000 0.00000000 541.31834120 57130.35024899 
-0.98000000 0.00000000 541.85459726 57127.24361754 
-0.96000000 0.00000000 542.51490144 57121.96249478 
-0.94000000 0.00000000 520.71486297 57417.30441518 
-0.92000000 0.00000000 521.46503876 57408.82099586 
-0.90000000 0.00000000 565.67045993 56857.10786707 
-0.88000000 0.00000000 566.39690605 56850.21509871 
-0.86000000 0.00000000 567.21315071 56842.16449917 
-0.84000000 0.00000000 491.83417596 57885.11356047 
-0.82000000 0.00000000 491.89646863 57885.13683569 
-0.80000000 0.00000000 548.55073210 57057.58370432 
-0.78000000 0.00000000 580.29314880 56708.00947759 
-0.76000000 0.00000000 580.90839810 56702.31258871 
-0.74000000 0.00000000 581.40579117 56697.79948012 
-0.72000000 0.00000000 582.73179546 56685.02412890 
-0.70000000 0.00000000 548.23995499 57064.12295439 
-0.68000000 0.00000000 548.45558535 57061.77275002 
-0.66000000 0.00000000 492.85622094 57874.74727280 
-0.64000000 0.00000000 492.97285172 57872.35042660 
-0.62000000 0.00000000 548.60636622 57059.20624301 
-0.60000000 0.00000000 492.82698252 57872.56725007 
-0.58000000 0.00000000 492.55077729 57875.42525857 
-0.56000000 0.00000000 547.97327307 57063.37697553 
-0.54000000 0.00000000 582.40505500 56684.08250250 
-0.52000000 0.00000000 581.00770684 56696.56274516 
-0.50000000 0.00000000 580.46870842 56700.50018255 
-0.48000000 0.00000000 579.92363145 56704.55649056 
-0.46000000 0.00000000 579.23848007 56710.13974932 
-0.44000000 0.00000000 491.03667702 57882.88817705 
-0.42000000 0.00000000 490.87708738 57883.77648738 
-0.40000000 0.00000000 578.22837020 56717.55201794 
-0.38000000 0.00000000 578.03574676 56719.01910150 
-0.36000000 0.00000000 577.96648747 56719.45038643 
-0.34000000 0.00000000 577.96909749 56719.33319900 
-0.32000000 0.00000000 578.02737208 56718.78488122 
-0.30000000 0.00000000 489.95675872 57897.12303643 
-0.28000000 0.00000000 489.98521991 57896.94303072 
-0.26000000 0.00000000 578.32161670 56716.07801480 
-0.24000000 0.00000000 578.33552274 56715.80238175 
-0.22000000 0.00000000 578.21655174 56716.59479515 
-0.20000000 0.00000000 578.01260543 56717.86032065 
-0.18000000 0.00000000 489.60933143 57899.34815791 
-0.16000000 0.00000000 489.35039961 57900.47076546 
-0.14000000 0.00000000 576.07136156 56731.68891759 
-0.12000000 0.00000000 575.17356268 56737.35221264 
-0.10000000 0.00000000 573.78449382 56747.15866989 
-0.08000000 0.00000000 572.10597701 56759.05029146 
-0.06000000 0.00000000 486.31510084 57913.49642351 
-0.04000000 0.00000000 485.34609121 57917.46802389 
-0.02000000 0.00000000 563.30222191 56829.73898945 
0.00000000 0.00000000 561.19694470 56843.48050440 
0.02000000 0.00000000 558.80914796 56860.05316744 
0.04000000 0.00000000 556.76298370 56872.96438879 
0.06000000 0.00000000 531.41105210 57162.62209252 
0.08000000 0.00000000 544.99765699 56987.58715812 
0.10000000 0.00000000 542.62984993 57006.99166394 
0.12000000 0.00000000 541.12752944 57017.50651117 
0.14000000 0.00000000 2765.05263172 53412.50081144 
0.16000000 0.00000000 2521.66556809 53411.15636535 
0.18000000 0.00000000 538.19738382 57038.75154158 
0.20000000 0.00000000 537.14738406 57049.41488898 
0.22000000 0.00000000 536.66237872 57054.37091446 
0.24000000 0.00000000 536.33511968 57058.25198527 
0.26000000 0.00000000 543.86690248 56969.44323280 
0.28000000 0.00000000 543.65550269 56972.60779181 
0.30000000 0.00000000 543.45945707 56975.73694892 
0.32000000 0.00000000 543.31992024 56978.21428308 
0.34000000 0.00000000 543.23768666 56979.94547925 
0.36000000 0.00000000 543.05965593 56982.67946222 
0.38000000 0.00000000 542.99833400 56983.91758891 
0.40000000 0.00000000 5733.91648451 57527.68395898 
0.42000000 0.00000000 5733.15856818 57510.46851178 
0.44000000 0.00000000 543.07113047 56983.87720639 
0.46000000 0.00000000 543.17713695 56982.65616349 
0.48000000 0.00000000 543.37949444 56980.17264681 
0.50000000 0.00000000 543.50169317 56978.49177528 
0.52000000 0.00000000 543.62189123 56976.72506435 
0.54000000 0.00000000 543.78330025 56974.43391751 
0.56000000 0.00000000 543.98424058 56971.75007587 
0.58000000 0.00000000 536.36888948 57061.84706408 
0.60000000 0.00000000 536.58831922 57059.38406029 
0.62000000 0.00000000 536.89358938 57056.53742095 
0.64000000 0.00000000 537.25839805 57053.84038478 
0.66000000 0.00000000 2111.20980450 53492.84165844 
0.68000000 0.00000000 2234.55570723 53457.98932018 
0.70000000 0.00000000 539.18929633 57042.40659940 
0.72000000 0.00000000 540.11191810 57037.64900796 
0.74000000 0.00000000 541.52928692 57028.08099485 
0.76000000 0.00000000 542.66954052 57022.71009323 
0.78000000 0.00000000 544.71276197 57007.34925093 
0.80000000 0.00000000 546.07330751 57000.45015326 
0.82000000 0.00000000 547.44940038 56993.50548318 
0.84000000 0.00000000 548.91139723 56985.45401740 
0.86000000 0.00000000 533.55279636 57182.17507933 
0.88000000 0.00000000 534.77056718 57175.59775880 
0.90000000 0.00000000 574.09900704 56733.99915099 
0.92000000 0.00000000 641.04492774 56162.92321685 
0.94000000 0.00000000 538.07472739 57156.02945516 
0.96000000 0.00000000 539.05092050 57149.53619535 
0.98000000 0.00000000 523.28611192 57365.18780549 

