-1.00000000 0.00000000 315.19700809 63710.68350177 
-0.98000000 0.00000000 315.19700809 63710.68350177 
-0.96000000 0.00000000 315.19700810 63710.68350177 
-0.94000000 0.00000000 315.19700772 63710.68350176 
-0.92000000 0.00000000 315.19700773 63710.68350176 
-0.90000000 0.00000000 315.19700834 63710.68350177 
-0.88000000 0.00000000 315.19700834 63710.68350177 
-0.86000000 0.00000000 315.19700834 63710.68350177 
-0.84000000 0.00000000 315.19700684 63710.68350174 
-0.82000000 0.00000000 315.19700684 63710.68350174 
-0.80000000 0.00000000 315.19700814 63710.68350177 
-0.78000000 0.00000000 315.19700844 63710.68350178 
-0.76000000 0.00000000 315.19700844 63710.68350178 
-0.74000000 0.00000000 315.19700844 63710.68350178 
-0.72000000 0.00000000 315.19700845 63710.68350178 
-0.70000000 0.00000000 315.19700812 63710.68350177 
-0.68000000 0.00000000 315.19700812 63710.68350177 
-0.66000000 0.00000000 315.19700685 63710.68350174 
-0.64000000 0.00000000 315.19700686 63710.68350174 
-0.62000000 0.00000000 315.19700812 63710.68350177 
-0.60000000 0.00000000 315.19700686 63710.68350174 
-0.58000000 0.00000000 315.19700685 63710.68350174 
-0.56000000 0.00000000 315.19700812 63710.68350177 
-0.54000000 0.00000000 315.19700845 63710.68350178 
-0.52000000 0.00000000 315.19700844 63710.68350178 
-0.50000000 0.00000000 315.19700844 63710.68350178 
-0.48000000 0.00000000 315.19700844 63710.68350178 
-0.46000000 0.00000000 315.19700844 63710.68350178 
-0.44000000 0.00000000 315.19700684 63710.68350174 
-0.42000000 0.00000000 315.19700684 63710.68350174 
-0.40000000 0.00000000 315.19700844 63710.68350178 
-0.38000000 0.00000000 315.19700844 63710.68350178 
-0.36000000 0.00000000 315.19700843 63710.68350178 
-0.34000000 0.00000000 315.19700843 63710.68350178 
-0.32000000 0.00000000 315.19700844 63710.68350178 
-0.30000000 0.00000000 315.19700681 63710.68350174 
-0.28000000 0.00000000 315.19700681 63710.68350174 
-0.26000000 0.00000000 315.19700844 63710.68350178 
-0.24000000 0.00000000 315.19700844 63710.68350178 
-0.22000000 0.00000000 315.19700844 63710.68350178 
-0.20000000 0.00000000 315.19700843 63710.68350178 
-0.18000000 0.00000000 315.19700681 63710.68350174 
-0.16000000 0.00000000 315.19700681 63710.68350174 
-0.14000000 0.00000000 315.19700843 63710.68350178 
-0.12000000 0.00000000 315.19700843 63710.68350178 
-0.10000000 0.00000000 315.19700842 63710.68350178 
-0.08000000 0.00000000 315.19700842 63710.68350178 
-0.06000000 0.00000000 315.19700680 63710.68350174 
-0.04000000 0.00000000 315.19700679 63710.68350174 
-0.02000000 0.00000000 315.19700838 63710.68350178 
0.00000000 0.00000000 315.19700838 63710.68350178 
0.02000000 0.00000000 315.19700837 63710.68350177 
0.04000000 0.00000000 315.19700837 63710.68350177 
0.06000000 0.00000000 315.19700809 63710.68350177 
0.08000000 0.00000000 315.19700828 63710.68350177 
0.10000000 0.00000000 315.19700827 63710.68350177 
0.12000000 0.00000000 315.19700826 63710.68350177 
0.14000000 0.00000000 315.19700942 63710.68350181 
0.16000000 0.00000000 315.19700942 63710.68350181 
0.18000000 0.00000000 315.19700826 63710.68350177 
0.20000000 0.00000000 315.19700825 63710.68350177 
0.22000000 0.00000000 315.19700825 63710.68350177 
0.24000000 0.00000000 315.19700825 63710.68350177 
0.26000000 0.00000000 315.19700833 63710.68350177 
0.28000000 0.00000000 315.19700833 63710.68350177 
0.30000000 0.00000000 315.19700833 63710.68350177 
0.32000000 0.00000000 315.19700833 63710.68350177 
0.34000000 0.00000000 315.19700833 63710.68350177 
0.36000000 0.00000000 315.19700833 63710.68350177 
0.38000000 0.00000000 315.19700833 63710.68350177 
0.40000000 0.00000000 315.19700950 63710.68350181 
0.42000000 0.00000000 315.19700950 63710.68350181 
0.44000000 0.00000000 315.19700833 63710.68350177 
0.46000000 0.00000000 315.19700833 63710.68350177 
0.48000000 0.00000000 315.19700833 63710.68350177 
0.50000000 0.00000000 315.19700833 63710.68350177 
0.52000000 0.00000000 315.19700833 63710.68350177 
0.54000000 0.00000000 315.19700833 63710.68350177 
0.56000000 0.00000000 315.19700833 63710.68350177 
0.58000000 0.00000000 315.19700824 63710.68350177 
0.60000000 0.00000000 315.19700825 63710.68350177 
0.62000000 0.00000000 315.19700825 63710.68350177 
0.64000000 0.00000000 315.19700825 63710.68350177 
0.66000000 0.00000000 315.19700941 63710.68350181 
0.68000000 0.00000000 315.19700941 63710.68350181 
0.70000000 0.00000000 315.19700825 63710.68350177 
0.72000000 0.00000000 315.19700825 63710.68350177 
0.74000000 0.00000000 315.19700826 63710.68350177 
0.76000000 0.00000000 315.19700826 63710.68350177 
0.78000000 0.00000000 315.19700827 63710.68350177 
0.80000000 0.00000000 315.19700827 63710.68350177 
0.82000000 0.00000000 315.19700828 63710.68350177 
0.84000000 0.00000000 315.19700828 63710.68350177 
0.86000000 0.00000000 315.19700807 63710.68350177 
0.88000000 0.00000000 315.19700807 63710.68350177 
0.90000000 0.00000000 315.19700848 63710.68350178 
0.92000000 0.00000000 315.19700881 63710.68350179 
0.94000000 0.00000000 315.19700808 63710.68350177 
0.96000000 0.00000000 315.19700808 63710.68350177 
0.98000000 0.00000000 315.19700781 63710.68350176 

