-1.00000000 0.00000000 823.78977733 40793.31080571 
-0.98000000 0.00000000 823.78977733 40793.31080571 
-0.96000000 0.00000000 823.78977733 40793.31080571 
-0.94000000 0.00000000 823.78977733 40793.31080571 
-0.92000000 0.00000000 823.78977733 40793.31080571 
-0.90000000 0.00000000 823.78977733 40793.31080571 
-0.88000000 0.00000000 823.78977733 40793.31080571 
-0.86000000 0.00000000 823.78977733 40793.31080571 
-0.84000000 0.00000000 823.78977733 40793.31080571 
-0.82000000 0.00000000 823.78977733 40793.31080571 
-0.80000000 0.00000000 823.78977733 40793.31080571 
-0.78000000 0.00000000 823.78977733 40793.31080571 
-0.76000000 0.00000000 823.78977733 40793.31080571 
-0.74000000 0.00000000 823.78977733 40793.31080571 
-0.72000000 0.00000000 823.78977733 40793.31080571 
-0.70000000 0.00000000 823.78977733 40793.31080571 
-0.68000000 0.00000000 823.78977733 40793.31080571 
-0.66000000 0.00000000 823.78977733 40793.31080571 
-0.64000000 0.00000000 823.78977733 40793.31080571 
-0.62000000 0.00000000 823.78977733 40793.31080571 
-0.60000000 0.00000000 823.78977733 40793.31080571 
-0.58000000 0.00000000 823.78977733 40793.31080571 
-0.56000000 0.00000000 823.78977733 40793.31080571 
-0.54000000 0.00000000 823.78977733 40793.31080571 
-0.52000000 0.00000000 823.78977733 40793.31080571 
-0.50000000 0.00000000 823.78977733 40793.31080571 
-0.48000000 0.00000000 823.78977733 40793.31080571 
-0.46000000 0.00000000 823.78977733 40793.31080571 
-0.44000000 0.00000000 823.78977733 40793.31080571 
-0.42000000 0.00000000 823.78977733 40793.31080571 
-0.40000000 0.00000000 823.78977733 40793.31080571 
-0.38000000 0.00000000 823.78977733 40793.31080571 
-0.36000000 0.00000000 823.78977733 40793.31080571 
-0.34000000 0.00000000 823.78977733 40793.31080571 
-0.32000000 0.00000000 823.78977733 40793.31080571 
-0.30000000 0.00000000 823.78977733 40793.31080571 
-0.28000000 0.00000000 823.78977733 40793.31080571 
-0.26000000 0.00000000 823.78977733 40793.31080571 
-0.24000000 0.00000000 823.78977733 40793.31080571 
-0.22000000 0.00000000 823.78977733 40793.31080571 
-0.20000000 0.00000000 823.78977733 40793.31080571 
-0.18000000 0.00000000 823.78977733 40793.31080571 
-0.16000000 0.00000000 823.78977733 40793.31080571 
-0.14000000 0.00000000 823.78977733 40793.31080571 
-0.12000000 0.00000000 823.78977733 40793.31080571 
-0.10000000 0.00000000 823.78977733 40793.31080571 
-0.08000000 0.00000000 823.78977733 40793.31080571 
-0.06000000 0.00000000 823.78977733 40793.31080571 
-0.04000000 0.00000000 823.78977733 40793.31080571 
-0.02000000 0.00000000 823.78977733 40793.31080571 
0.00000000 0.00000000 823.78977733 40793.31080571 
0.02000000 0.00000000 823.78977733 40793.31080571 
0.04000000 0.00000000 823.78977733 40793.31080571 
0.06000000 0.00000000 823.78977733 40793.31080571 
0.08000000 0.00000000 823.78977733 40793.31080571 
0.10000000 0.00000000 823.78977733 40793.31080571 
0.12000000 0.00000000 823.78977733 40793.31080571 
0.14000000 0.00000000 823.78977733 40793.31080571 
0.16000000 0.00000000 823.78977733 40793.31080571 
0.18000000 0.00000000 823.78977733 40793.31080571 
0.20000000 0.00000000 823.78977733 40793.31080571 
0.22000000 0.00000000 823.78977733 40793.31080571 
0.24000000 0.00000000 823.78977733 40793.31080571 
0.26000000 0.00000000 823.78977733 40793.31080571 
0.28000000 0.00000000 823.78977733 40793.31080571 
0.30000000 0.00000000 823.78977733 40793.31080571 
0.32000000 0.00000000 823.78977733 40793.31080571 
0.34000000 0.00000000 823.78977733 40793.31080571 
0.36000000 0.00000000 823.78977733 40793.31080571 
0.38000000 0.00000000 823.78977733 40793.31080571 
0.40000000 0.00000000 823.78977733 40793.31080571 
0.42000000 0.00000000 823.78977733 40793.31080571 
0.44000000 0.00000000 823.78977733 40793.31080571 
0.46000000 0.00000000 823.78977733 40793.31080571 
0.48000000 0.00000000 823.78977733 40793.31080571 
0.50000000 0.00000000 823.78977733 40793.31080571 
0.52000000 0.00000000 823.78977733 40793.31080571 
0.54000000 0.00000000 823.78977733 40793.31080571 
0.56000000 0.00000000 823.78977733 40793.31080571 
0.58000000 0.00000000 823.78977733 40793.31080571 
0.60000000 0.00000000 823.78977733 40793.31080571 
0.62000000 0.00000000 823.78977733 40793.31080571 
0.64000000 0.00000000 823.78977733 40793.31080571 
0.66000000 0.00000000 823.78977733 40793.31080571 
0.68000000 0.00000000 823.78977733 40793.31080571 
0.70000000 0.00000000 823.78977733 40793.31080571 
0.72000000 0.00000000 823.78977733 40793.31080571 
0.74000000 0.00000000 823.78977733 40793.31080571 
0.76000000 0.00000000 823.78977733 40793.31080571 
0.78000000 0.00000000 823.78977733 40793.31080571 
0.80000000 0.00000000 823.78977733 40793.31080571 
0.82000000 0.00000000 823.78977733 40793.31080571 
0.84000000 0.00000000 823.78977733 40793.31080571 
0.86000000 0.00000000 823.78977733 40793.31080571 
0.88000000 0.00000000 823.78977733 40793.31080571 
0.90000000 0.00000000 823.78977733 40793.31080571 
0.92000000 0.00000000 823.78977733 40793.31080571 
0.94000000 0.00000000 823.78977733 40793.31080571 
0.96000000 0.00000000 823.78977733 40793.31080571 
0.98000000 0.00000000 823.78977733 40793.31080571 

