-1.00000000 0.00000000 422.04190566 55292.79567309 
-0.98000000 0.00000000 422.04190566 55292.79567309 
-0.96000000 0.00000000 422.04190566 55292.79567309 
-0.94000000 0.00000000 422.04190566 55292.79567310 
-0.92000000 0.00000000 422.04190566 55292.79567310 
-0.90000000 0.00000000 422.04190566 55292.79567309 
-0.88000000 0.00000000 422.04190566 55292.79567309 
-0.86000000 0.00000000 422.04190566 55292.79567309 
-0.84000000 0.00000000 422.04190566 55292.79567310 
-0.82000000 0.00000000 422.04190566 55292.79567310 
-0.80000000 0.00000000 422.04190566 55292.79567309 
-0.78000000 0.00000000 422.04190566 55292.79567309 
-0.76000000 0.00000000 422.04190566 55292.79567309 
-0.74000000 0.00000000 422.04190566 55292.79567309 
-0.72000000 0.00000000 422.04190566 55292.79567309 
-0.70000000 0.00000000 422.04190566 55292.79567309 
-0.68000000 0.00000000 422.04190566 55292.79567309 
-0.66000000 0.00000000 422.04190566 55292.79567310 
-0.64000000 0.00000000 422.04190566 55292.79567310 
-0.62000000 0.00000000 422.04190566 55292.79567309 
-0.60000000 0.00000000 422.04190566 55292.79567310 
-0.58000000 0.00000000 422.04190566 55292.79567310 
-0.56000000 0.00000000 422.04190566 55292.79567309 
-0.54000000 0.00000000 422.04190566 55292.79567309 
-0.52000000 0.00000000 422.04190566 55292.79567309 
-0.50000000 0.00000000 422.04190566 55292.79567309 
-0.48000000 0.00000000 422.04190566 55292.79567309 
-0.46000000 0.00000000 422.04190566 55292.79567309 
-0.44000000 0.00000000 422.04190566 55292.79567310 
-0.42000000 0.00000000 422.04190566 55292.79567310 
-0.40000000 0.00000000 422.04190566 55292.79567309 
-0.38000000 0.00000000 422.04190566 55292.79567309 
-0.36000000 0.00000000 422.04190566 55292.79567309 
-0.34000000 0.00000000 422.04190566 55292.79567309 
-0.32000000 0.00000000 422.04190566 55292.79567309 
-0.30000000 0.00000000 422.04190566 55292.79567310 
-0.28000000 0.00000000 422.04190566 55292.79567310 
-0.26000000 0.00000000 422.04190566 55292.79567309 
-0.24000000 0.00000000 422.04190566 55292.79567309 
-0.22000000 0.00000000 422.04190566 55292.79567309 
-0.20000000 0.00000000 422.04190566 55292.79567309 
-0.18000000 0.00000000 422.04190566 55292.79567310 
-0.16000000 0.00000000 422.04190566 55292.79567310 
-0.14000000 0.00000000 422.04190566 55292.79567309 
-0.12000000 0.00000000 422.04190566 55292.79567309 
-0.10000000 0.00000000 422.04190566 55292.79567309 
-0.08000000 0.00000000 422.04190566 55292.79567309 
-0.06000000 0.00000000 422.04190566 55292.79567310 
-0.04000000 0.00000000 422.04190566 55292.79567310 
-0.02000000 0.00000000 422.04190566 55292.79567309 
0.00000000 0.00000000 422.04190566 55292.79567309 
0.02000000 0.00000000 422.04190566 55292.79567309 
0.04000000 0.00000000 422.04190566 55292.79567309 
0.06000000 0.00000000 422.04190566 55292.79567309 
0.08000000 0.00000000 422.04190566 55292.79567309 
0.10000000 0.00000000 422.04190566 55292.79567309 
0.12000000 0.00000000 422.04190566 55292.79567309 
0.14000000 0.00000000 422.04190566 55292.79567310 
0.16000000 0.00000000 422.04190566 55292.79567310 
0.18000000 0.00000000 422.04190566 55292.79567309 
0.20000000 0.00000000 422.04190566 55292.79567309 
0.22000000 0.00000000 422.04190566 55292.79567309 
0.24000000 0.00000000 422.04190566 55292.79567309 
0.26000000 0.00000000 422.04190566 55292.79567309 
0.28000000 0.00000000 422.04190566 55292.79567309 
0.30000000 0.00000000 422.04190566 55292.79567309 
0.32000000 0.00000000 422.04190566 55292.79567309 
0.34000000 0.00000000 422.04190566 55292.79567309 
0.36000000 0.00000000 422.04190566 55292.79567309 
0.38000000 0.00000000 422.04190566 55292.79567309 
0.40000000 0.00000000 422.04190566 55292.79567310 
0.42000000 0.00000000 422.04190566 55292.79567310 
0.44000000 0.00000000 422.04190566 55292.79567309 
0.46000000 0.00000000 422.04190566 55292.79567309 
0.48000000 0.00000000 422.04190566 55292.79567309 
0.50000000 0.00000000 422.04190566 55292.79567309 
0.52000000 0.00000000 422.04190566 55292.79567309 
0.54000000 0.00000000 422.04190566 55292.79567309 
0.56000000 0.00000000 422.04190566 55292.79567309 
0.58000000 0.00000000 422.04190566 55292.79567309 
0.60000000 0.00000000 422.04190566 55292.79567309 
0.62000000 0.00000000 422.04190566 55292.79567309 
0.64000000 0.00000000 422.04190566 55292.79567309 
0.66000000 0.00000000 422.04190566 55292.79567310 
0.68000000 0.00000000 422.04190566 55292.79567310 
0.70000000 0.00000000 422.04190566 55292.79567309 
0.72000000 0.00000000 422.04190566 55292.79567309 
0.74000000 0.00000000 422.04190566 55292.79567309 
0.76000000 0.00000000 422.04190566 55292.79567309 
0.78000000 0.00000000 422.04190566 55292.79567309 
0.80000000 0.00000000 422.04190566 55292.79567309 
0.82000000 0.00000000 422.04190566 55292.79567309 
0.84000000 0.00000000 422.04190566 55292.79567309 
0.86000000 0.00000000 422.04190566 55292.79567309 
0.88000000 0.00000000 422.04190566 55292.79567309 
0.90000000 0.00000000 422.04190566 55292.79567310 
0.92000000 0.00000000 422.04190566 55292.79567310 
0.94000000 0.00000000 422.04190566 55292.79567309 
0.96000000 0.00000000 422.04190566 55292.79567309 
0.98000000 0.00000000 422.04190566 55292.79567309 

