-1.00000000 0.00000000 -1810.52894147 59121.10485155 
-0.98000000 0.00000000 -1811.10571842 59118.45721239 
-0.96000000 0.00000000 -1811.18519440 59116.87945315 
-0.94000000 0.00000000 -1845.96364300 59058.48623648 
-0.92000000 0.00000000 -1845.46034938 59058.15325838 
-0.90000000 0.00000000 -1777.96033631 59163.16821087 
-0.88000000 0.00000000 -1777.14732954 59163.85846951 
-0.86000000 0.00000000 -1776.11251369 59164.96216667 
-0.84000000 0.00000000 -1892.31813616 58966.51847508 
-0.82000000 0.00000000 -1892.42892886 58965.65327056 
-0.80000000 0.00000000 -1804.72814115 59122.19524606 
-0.78000000 0.00000000 -1757.33694772 59189.58223104 
-0.76000000 0.00000000 -1756.55368871 59190.46654133 
-0.74000000 0.00000000 -1755.95293636 59191.11966446 
-0.72000000 0.00000000 -1754.15930088 59193.34491259 
-0.70000000 0.00000000 -1805.94890456 59119.32461808 
-0.68000000 0.00000000 -1805.69250043 59119.65574100 
-0.66000000 0.00000000 -1892.34652642 58962.70607832 
-0.64000000 0.00000000 -1892.08383933 58963.47595308 
-0.62000000 0.00000000 -1805.15441345 59120.89048230 
-0.60000000 0.00000000 -1891.72936052 58965.45207765 
-0.58000000 0.00000000 -1891.65548101 58966.61660232 
-0.56000000 0.00000000 -1804.81717946 59122.87096548 
-0.54000000 0.00000000 -1752.76703264 59196.85591232 
-0.52000000 0.00000000 -1754.19241599 59195.53086650 
-0.50000000 0.00000000 -1754.37852836 59195.81190805 
-0.48000000 0.00000000 -1754.59915905 59196.03222225 
-0.46000000 0.00000000 -1755.07211267 59195.89253031 
-0.44000000 0.00000000 -1889.12167343 58981.24135520 
-0.42000000 0.00000000 -1888.89054479 58982.67464818 
-0.40000000 0.00000000 -1755.51799083 59196.34419316 
-0.38000000 0.00000000 -1755.66832286 59196.34552558 
-0.36000000 0.00000000 -1755.74134883 59196.37881920 
-0.34000000 0.00000000 -1755.79674179 59196.38112742 
-0.32000000 0.00000000 -1755.83627959 59196.36931702 
-0.30000000 0.00000000 -1889.89084132 58982.88837042 
-0.28000000 0.00000000 -1890.01103339 58982.74988509 
-0.26000000 0.00000000 -1755.84820936 59196.53310502 
-0.24000000 0.00000000 -1755.85088128 59196.72538398 
-0.22000000 0.00000000 -1755.89157912 59197.00699084 
-0.20000000 0.00000000 -1755.83003214 59197.60789294 
-0.18000000 0.00000000 -1889.55094591 58987.93588573 
-0.16000000 0.00000000 -1888.87528643 58991.61243321 
-0.14000000 0.00000000 -1755.46346527 59201.28479858 
-0.12000000 0.00000000 -1754.73852968 59203.98076997 
-0.10000000 0.00000000 -1754.11041946 59206.98004473 
-0.08000000 0.00000000 -1753.23561803 59210.73022533 
-0.06000000 0.00000000 -1879.02924417 59033.97457587 
-0.04000000 0.00000000 -1875.24966199 59047.89842039 
-0.02000000 0.00000000 -1751.85739811 59223.21280624 
0.00000000 0.00000000 -1748.94648045 59230.96309027 
0.02000000 0.00000000 -1745.96148497 59238.96540835 
0.04000000 0.00000000 -1742.16560351 59247.89411966 
0.06000000 0.00000000 -1771.61819927 59221.26508036 
0.08000000 0.00000000 -1744.99634719 59254.93935070 
0.10000000 0.00000000 -1741.59947331 59263.25498877 
0.12000000 0.00000000 -1737.30456430 59272.07367453 
0.14000000 0.00000000 -1120.97317057 59321.67277908 
0.16000000 0.00000000 -1139.71808120 59342.08917071 
0.18000000 0.00000000 -1724.72367896 59295.59076687 
0.20000000 0.00000000 -1721.35271716 59301.94919549 
0.22000000 0.00000000 -1717.43932734 59308.48851592 
0.24000000 0.00000000 -1713.44107697 59314.86850583 
0.26000000 0.00000000 -1699.07263601 59329.04819386 
0.28000000 0.00000000 -1695.05747087 59334.87625370 
0.30000000 0.00000000 -1691.14987539 59340.40942363 
0.32000000 0.00000000 -1687.43544687 59345.51797757 
0.34000000 0.00000000 -1684.11038338 59349.96951305 
0.36000000 0.00000000 -1681.59946649 59353.36967338 
0.38000000 0.00000000 -1679.83906767 59355.67428872 
0.40000000 0.00000000 -965.78101727 58904.74188346 
0.42000000 0.00000000 -965.90564574 58906.03714528 
0.44000000 0.00000000 -1680.95187670 59354.16399704 
0.46000000 0.00000000 -1683.45649141 59350.83463223 
0.48000000 0.00000000 -1686.73057200 59346.37713261 
0.50000000 0.00000000 -1690.78019797 59340.87394113 
0.52000000 0.00000000 -1695.26413084 59334.66644982 
0.54000000 0.00000000 -1699.90943059 59328.05384904 
0.56000000 0.00000000 -1704.55320022 59321.24297823 
0.58000000 0.00000000 -1719.60089928 59305.78949762 
0.60000000 0.00000000 -1724.11145842 59298.58652096 
0.62000000 0.00000000 -1728.46770002 59291.36343119 
0.64000000 0.00000000 -1732.77782513 59283.98772002 
0.66000000 0.00000000 -1178.09786011 59376.12069964 
0.68000000 0.00000000 -1165.83242288 59365.91107424 
0.70000000 0.00000000 -1745.59011292 59260.27484331 
0.72000000 0.00000000 -1749.96863311 59251.57952201 
0.74000000 0.00000000 -1753.87085704 59243.03389140 
0.76000000 0.00000000 -1758.29552858 59233.65286332 
0.78000000 0.00000000 -1761.45291412 59225.43747283 
0.80000000 0.00000000 -1765.46707371 59216.16347135 
0.82000000 0.00000000 -1769.22751881 59207.12987139 
0.84000000 0.00000000 -1772.51937739 59198.70132181 
0.86000000 0.00000000 -1800.36979531 59158.59932395 
0.88000000 0.00000000 -1803.20394229 59150.23987375 
0.90000000 0.00000000 -1749.67250000 59215.37166751 
0.92000000 0.00000000 -1666.94984784 59299.68304316 
0.94000000 0.00000000 -1809.00234633 59130.85868066 
0.96000000 0.00000000 -1810.10516647 59126.33925018 
0.98000000 0.00000000 -1836.64200264 59082.23277066 

