-1.00000000 0.00000000 315.46626773 63812.59788785 
-0.98000000 0.00000000 315.46442491 63812.59784244 
-0.96000000 0.00000000 315.46049362 63812.59774519 
-0.94000000 0.00000000 315.78172382 63812.60570600 
-0.92000000 0.00000000 315.77199527 63812.60546548 
-0.90000000 0.00000000 315.24397142 63812.59236845 
-0.88000000 0.00000000 315.23979019 63812.59226475 
-0.86000000 0.00000000 315.23476036 63812.59213993 
-0.84000000 0.00000000 316.53496699 63812.62429120 
-0.82000000 0.00000000 316.53548261 63812.62430406 
-0.80000000 0.00000000 315.40840723 63812.59645428 
-0.78000000 0.00000000 315.14681689 63812.58995368 
-0.76000000 0.00000000 315.14387449 63812.58988066 
-0.74000000 0.00000000 315.14166629 63812.58982590 
-0.72000000 0.00000000 315.13425542 63812.58964168 
-0.70000000 0.00000000 315.41710045 63812.59667092 
-0.68000000 0.00000000 315.41542924 63812.59662955 
-0.66000000 0.00000000 316.51738771 63812.62386011 
-0.64000000 0.00000000 316.51270803 63812.62374503 
-0.62000000 0.00000000 315.41367414 63812.59658611 
-0.60000000 0.00000000 316.51310312 63812.62375471 
-0.58000000 0.00000000 316.51867402 63812.62389167 
-0.56000000 0.00000000 315.41667669 63812.59666040 
-0.54000000 0.00000000 315.13385025 63812.58963160 
-0.52000000 0.00000000 315.14111726 63812.58981223 
-0.50000000 0.00000000 315.14303006 63812.58985965 
-0.48000000 0.00000000 315.14504402 63812.58990959 
-0.46000000 0.00000000 315.14809134 63812.58998525 
-0.44000000 0.00000000 316.53173899 63812.62421209 
-0.42000000 0.00000000 316.53334873 63812.62425159 
-0.40000000 0.00000000 315.15184236 63812.59007826 
-0.38000000 0.00000000 315.15266044 63812.59009857 
-0.36000000 0.00000000 315.15290936 63812.59010475 
-0.34000000 0.00000000 315.15288684 63812.59010420 
-0.32000000 0.00000000 315.15264736 63812.59009827 
-0.30000000 0.00000000 316.56045159 63812.62491809 
-0.28000000 0.00000000 316.56012465 63812.62491009 
-0.26000000 0.00000000 315.15134096 63812.59006589 
-0.24000000 0.00000000 315.15123691 63812.59006333 
-0.22000000 0.00000000 315.15172843 63812.59007555 
-0.20000000 0.00000000 315.15240220 63812.59009228 
-0.18000000 0.00000000 316.56413905 63812.62500876 
-0.16000000 0.00000000 316.56582806 63812.62505019 
-0.14000000 0.00000000 315.15991255 63812.59027874 
-0.12000000 0.00000000 315.16271585 63812.59034825 
-0.10000000 0.00000000 315.16803849 63812.59048035 
-0.08000000 0.00000000 315.17457930 63812.59064269 
-0.06000000 0.00000000 316.58611895 63812.62554778 
-0.04000000 0.00000000 316.59231092 63812.62569959 
-0.02000000 0.00000000 315.21801164 63812.59172140 
0.00000000 0.00000000 315.22579108 63812.59191429 
0.02000000 0.00000000 315.23568374 63812.59215968 
0.04000000 0.00000000 315.24302014 63812.59234151 
0.06000000 0.00000000 315.48684438 63812.59839601 
0.08000000 0.00000000 315.32825335 63812.59445848 
0.10000000 0.00000000 315.34239629 63812.59480931 
0.12000000 0.00000000 315.34942495 63812.59498344 
0.14000000 0.00000000 314.34908300 63812.57003595 
0.16000000 0.00000000 314.35368356 63812.57015079 
0.18000000 0.00000000 315.36307407 63812.59532141 
0.20000000 0.00000000 315.37111678 63812.59552089 
0.22000000 0.00000000 315.37437175 63812.59560151 
0.24000000 0.00000000 315.37680660 63812.59566180 
0.26000000 0.00000000 315.30125688 63812.59378507 
0.28000000 0.00000000 315.30305052 63812.59382951 
0.30000000 0.00000000 315.30489979 63812.59387536 
0.32000000 0.00000000 315.30630951 63812.59391030 
0.34000000 0.00000000 315.30721364 63812.59393269 
0.36000000 0.00000000 315.30905091 63812.59397829 
0.38000000 0.00000000 315.30980275 63812.59399693 
0.40000000 0.00000000 314.29435609 63812.56866325 
0.42000000 0.00000000 314.29443698 63812.56866528 
0.44000000 0.00000000 315.30987729 63812.59399878 
0.46000000 0.00000000 315.30920345 63812.59398208 
0.48000000 0.00000000 315.30762143 63812.59394282 
0.50000000 0.00000000 315.30678910 63812.59392220 
0.52000000 0.00000000 315.30595754 63812.59390161 
0.54000000 0.00000000 315.30474813 63812.59387163 
0.56000000 0.00000000 315.30325152 63812.59383453 
0.58000000 0.00000000 315.38001596 63812.59574133 
0.60000000 0.00000000 315.37859744 63812.59570620 
0.62000000 0.00000000 315.37686229 63812.59566322 
0.64000000 0.00000000 315.37528928 63812.59562428 
0.66000000 0.00000000 314.36473288 63812.57042678 
0.68000000 0.00000000 314.36092782 63812.57033169 
0.70000000 0.00000000 315.36798280 63812.59544333 
0.72000000 0.00000000 315.36488104 63812.59536652 
0.74000000 0.00000000 315.35774114 63812.59518944 
0.76000000 0.00000000 315.35430914 63812.59510447 
0.78000000 0.00000000 315.34252650 63812.59481211 
0.80000000 0.00000000 315.33801112 63812.59470027 
0.82000000 0.00000000 315.33353135 63812.59458931 
0.84000000 0.00000000 315.32820020 63812.59445722 
0.86000000 0.00000000 315.50763873 63812.59891176 
0.88000000 0.00000000 315.50248102 63812.59878417 
0.90000000 0.00000000 315.14743160 63812.58996449 
0.92000000 0.00000000 314.85552294 63812.58269416 
0.94000000 0.00000000 315.48726167 63812.59840769 
0.96000000 0.00000000 315.48222715 63812.59828314 
0.98000000 0.00000000 315.71423919 63812.60403416 

