-1.00000000 0.00000000 -137.47855498 59502.93520948 
-0.98000000 0.00000000 -138.30995601 59503.85567840 
-0.96000000 0.00000000 -138.93959902 59503.23324101 
-0.94000000 0.00000000 -145.32006761 59644.48830519 
-0.92000000 0.00000000 -145.69428822 59641.87637862 
-0.90000000 0.00000000 -136.06810503 59376.53898012 
-0.88000000 0.00000000 -136.19356507 59373.61596965 
-0.86000000 0.00000000 -136.25025786 59369.96061676 
-0.84000000 0.00000000 -158.15036227 59857.73633450 
-0.82000000 0.00000000 -158.41705806 59858.27708507 
-0.80000000 0.00000000 -140.04901717 59477.39922468 
-0.78000000 0.00000000 -134.97608796 59303.10284091 
-0.76000000 0.00000000 -134.99635099 59300.41180568 
-0.74000000 0.00000000 -135.02764421 59298.32967680 
-0.72000000 0.00000000 -134.95923105 59292.01789015 
-0.70000000 0.00000000 -140.71112732 59481.97729138 
-0.68000000 0.00000000 -140.71497044 59480.96063663 
-0.66000000 0.00000000 -159.61580267 59856.95927395 
-0.64000000 0.00000000 -159.46290874 59855.72172822 
-0.62000000 0.00000000 -140.47864543 59479.19415201 
-0.60000000 0.00000000 -158.90857355 59854.54453980 
-0.58000000 0.00000000 -158.51342397 59854.70791313 
-0.56000000 0.00000000 -139.77080002 59479.04095348 
-0.54000000 0.00000000 -134.00315522 59288.62932498 
-0.52000000 0.00000000 -133.83609107 59294.06349731 
-0.50000000 0.00000000 -133.57357750 59295.12979363 
-0.48000000 0.00000000 -133.32200245 59296.29021923 
-0.46000000 0.00000000 -133.10774602 59298.29691323 
-0.44000000 0.00000000 -154.21844305 59847.56814790 
-0.42000000 0.00000000 -153.78844685 59846.92264426 
-0.40000000 0.00000000 -132.60138959 59300.36268190 
-0.38000000 0.00000000 -132.51346014 59300.85224267 
-0.36000000 0.00000000 -132.45762847 59300.96519258 
-0.34000000 0.00000000 -132.43137780 59300.92525622 
-0.32000000 0.00000000 -132.42519805 59300.75809059 
-0.30000000 0.00000000 -153.32455955 59851.28614320 
-0.28000000 0.00000000 -153.35265724 59851.40622463 
-0.26000000 0.00000000 -132.39067512 59299.77189264 
-0.24000000 0.00000000 -132.31835495 59299.55987503 
-0.22000000 0.00000000 -132.18322028 59299.65123399 
-0.20000000 0.00000000 -131.94969642 59299.63945645 
-0.18000000 0.00000000 -151.87624218 59849.41049844 
-0.16000000 0.00000000 -150.87714275 59847.51443821 
-0.14000000 0.00000000 -130.42789681 59301.52586090 
-0.12000000 0.00000000 -129.52340506 59301.25490676 
-0.10000000 0.00000000 -128.40618687 59302.16343944 
-0.08000000 0.00000000 -127.03962821 59303.13502762 
-0.06000000 0.00000000 -139.60745683 59824.18073537 
-0.04000000 0.00000000 -135.96750013 59816.07035700 
-0.02000000 0.00000000 -121.53024218 59317.06858325 
0.00000000 0.00000000 -119.15989776 59315.00777031 
0.02000000 0.00000000 -116.64293325 59313.61747894 
0.04000000 0.00000000 -114.02185214 59309.99699003 
0.06000000 0.00000000 -111.76013358 59433.94035750 
0.08000000 0.00000000 -108.69113563 59343.48014169 
0.10000000 0.00000000 -106.05419896 59342.48812251 
0.12000000 0.00000000 -103.56804779 59337.82089370 
0.14000000 0.00000000 -374.54237376 56959.08484290 
0.16000000 0.00000000 -347.89017522 57051.98372903 
0.18000000 0.00000000 -97.18379771 59322.35955628 
0.20000000 0.00000000 -95.33839436 59319.71164642 
0.22000000 0.00000000 -93.63214803 59314.78925428 
0.24000000 0.00000000 -92.01107156 59309.54506266 
0.26000000 0.00000000 -91.21996500 59263.21273820 
0.28000000 0.00000000 -89.76760551 59257.91359996 
0.30000000 0.00000000 -88.39228771 59252.82733124 
0.32000000 0.00000000 -87.13837716 59247.89885160 
0.34000000 0.00000000 -86.06012250 59243.38296601 
0.36000000 0.00000000 -85.19784548 59240.38661019 
0.38000000 0.00000000 -84.63253172 59238.10940791 
0.40000000 0.00000000 -1050.39175650 55766.79450801 
0.42000000 0.00000000 -1047.55634094 55769.25295297 
0.44000000 0.00000000 -84.99761524 59239.79604342 
0.46000000 0.00000000 -85.80732845 59243.21600973 
0.48000000 0.00000000 -86.91227245 59247.45178237 
0.50000000 0.00000000 -88.23402104 59253.09770687 
0.52000000 0.00000000 -89.71946449 59259.41015233 
0.54000000 0.00000000 -91.31383137 59265.87068804 
0.56000000 0.00000000 -92.96861527 59272.28167336 
0.58000000 0.00000000 -94.00228042 59320.04411447 
0.60000000 0.00000000 -95.75416598 59326.48070336 
0.62000000 0.00000000 -97.53536401 59332.67072345 
0.64000000 0.00000000 -99.36397760 59338.93524830 
0.66000000 0.00000000 -302.71806685 57236.15566920 
0.68000000 0.00000000 -316.55044271 57180.20122850 
0.70000000 0.00000000 -105.41448761 59357.35998181 
0.72000000 0.00000000 -107.67248464 59363.67752049 
0.74000000 0.00000000 -110.04485132 59368.07860753 
0.76000000 0.00000000 -112.50195481 59374.57179009 
0.78000000 0.00000000 -114.98301762 59376.46752353 
0.80000000 0.00000000 -117.47471615 59382.11942965 
0.82000000 0.00000000 -119.91773720 59387.44134375 
0.84000000 0.00000000 -122.25723882 59391.77176835 
0.86000000 0.00000000 -126.26491463 59491.79468766 
0.88000000 0.00000000 -128.54835776 59496.09705411 
0.90000000 0.00000000 -126.49704473 59289.72333728 
0.92000000 0.00000000 -127.25016998 59001.95896738 
0.94000000 0.00000000 -134.07136161 59504.32679199 
0.96000000 0.00000000 -135.45394862 59505.53392420 
0.98000000 0.00000000 -140.44476347 59610.52897175 

