-1.00000000 0.00000000 2564.05837666 59601.84154204 
-0.98000000 0.00000000 2565.56361081 59598.61694160 
-0.96000000 0.00000000 2566.14520403 59596.62318199 
-0.94000000 0.00000000 2627.19210965 59529.11155740 
-0.92000000 0.00000000 2626.66889374 59528.56800995 
-0.90000000 0.00000000 2511.14749242 59646.93044947 
-0.88000000 0.00000000 2509.98414828 59647.55606472 
-0.86000000 0.00000000 2508.42129560 59648.64277640 
-0.84000000 0.00000000 2713.36800178 59415.99193766 
-0.82000000 0.00000000 2713.77052793 59414.83272988 
-0.80000000 0.00000000 2556.77840996 59601.66513399 
-0.78000000 0.00000000 2478.06515100 59674.34156640 
-0.76000000 0.00000000 2476.86298124 59675.20999275 
-0.74000000 0.00000000 2475.94936930 59675.84230710 
-0.72000000 0.00000000 2473.09526201 59678.10901476 
-0.70000000 0.00000000 2559.22068486 59598.21899840 
-0.68000000 0.00000000 2558.80574236 59598.57135539 
-0.66000000 0.00000000 2714.48946084 59410.80258148 
-0.64000000 0.00000000 2713.93195034 59411.78806018 
-0.62000000 0.00000000 2557.76798122 59600.00861102 
-0.60000000 0.00000000 2712.93546178 59414.35904036 
-0.58000000 0.00000000 2712.53253349 59415.89068809 
-0.56000000 0.00000000 2556.75613507 59602.46617814 
-0.54000000 0.00000000 2470.29329012 59682.13097966 
-0.52000000 0.00000000 2472.42347254 59680.89287310 
-0.50000000 0.00000000 2472.54897543 59681.31484020 
-0.48000000 0.00000000 2472.73384759 59681.67137393 
-0.46000000 0.00000000 2473.33594661 59681.64874805 
-0.44000000 0.00000000 2705.31237866 59434.92434931 
-0.42000000 0.00000000 2704.61865723 59436.79550452 
-0.40000000 0.00000000 2473.67529172 59682.39599079 
-0.38000000 0.00000000 2473.83089953 59682.45849951 
-0.36000000 0.00000000 2473.87905560 59682.53911084 
-0.34000000 0.00000000 2473.91181809 59682.57587211 
-0.32000000 0.00000000 2473.92624698 59682.59031153 
-0.30000000 0.00000000 2705.74576405 59437.31033930 
-0.28000000 0.00000000 2705.89823699 59437.16324429 
-0.26000000 0.00000000 2473.76450771 59682.84733256 
-0.24000000 0.00000000 2473.66713277 59683.09967666 
-0.22000000 0.00000000 2473.59336751 59683.46890168 
-0.20000000 0.00000000 2473.30583149 59684.20022695 
-0.18000000 0.00000000 2703.74333668 59443.90118556 
-0.16000000 0.00000000 2701.87842503 59448.58395666 
-0.14000000 0.00000000 2471.75373114 59688.60188630 
-0.12000000 0.00000000 2470.10604106 59691.69593630 
-0.10000000 0.00000000 2468.52543263 59695.16827075 
-0.08000000 0.00000000 2466.46084998 59699.47810370 
-0.06000000 0.00000000 2678.23769730 59501.67511349 
-0.04000000 0.00000000 2669.85400777 59518.86332688 
-0.02000000 0.00000000 2461.77265753 59714.10228739 
0.00000000 0.00000000 2456.21159950 59722.69935436 
0.02000000 0.00000000 2450.53242316 59731.55883730 
0.04000000 0.00000000 2443.60712325 59741.31402666 
0.06000000 0.00000000 2489.07336337 59715.92252978 
0.08000000 0.00000000 2446.11789731 59750.33649740 
0.10000000 0.00000000 2439.94989176 59759.43583267 
0.12000000 0.00000000 2432.49632458 59768.89880392 
0.14000000 0.00000000 1649.72939526 59601.17518508 
0.16000000 0.00000000 1669.22420290 59632.35732926 
0.18000000 0.00000000 2411.31306519 59793.69827881 
0.20000000 0.00000000 2405.72230637 59800.36220633 
0.22000000 0.00000000 2399.40065796 59807.08152271 
0.24000000 0.00000000 2393.03595173 59813.56880503 
0.26000000 0.00000000 2371.23955883 59826.49238124 
0.28000000 0.00000000 2365.04521368 59832.25353683 
0.30000000 0.00000000 2359.07082677 59837.68537160 
0.32000000 0.00000000 2353.43694987 59842.66222332 
0.34000000 0.00000000 2348.42735074 59846.96811987 
0.36000000 0.00000000 2344.66016544 59850.26127452 
0.38000000 0.00000000 2342.03402364 59852.47547654 
0.40000000 0.00000000 1496.91561634 59038.55681480 
0.42000000 0.00000000 1497.01540060 59040.22917220 
0.44000000 0.00000000 2343.73951955 59851.01471762 
0.46000000 0.00000000 2347.51059838 59847.80453326 
0.48000000 0.00000000 2352.45637475 59843.48003913 
0.50000000 0.00000000 2358.59493101 59838.13537301 
0.52000000 0.00000000 2365.43111061 59832.07282014 
0.54000000 0.00000000 2372.56644427 59825.56570897 
0.56000000 0.00000000 2379.76264689 59818.81009315 
0.58000000 0.00000000 2402.71904488 59804.49898181 
0.60000000 0.00000000 2409.91807594 59797.16138298 
0.62000000 0.00000000 2416.96304863 59789.73542373 
0.64000000 0.00000000 2424.02539096 59782.08886327 
0.66000000 0.00000000 1710.63520381 59687.93120434 
0.68000000 0.00000000 1697.65348765 59671.23639275 
0.70000000 0.00000000 2445.62971329 59757.05076089 
0.72000000 0.00000000 2453.21275377 59747.72242048 
0.74000000 0.00000000 2460.15498324 59738.43143926 
0.76000000 0.00000000 2468.01374656 59728.22554519 
0.78000000 0.00000000 2473.95091870 59719.10292066 
0.80000000 0.00000000 2481.30877271 59708.86541047 
0.82000000 0.00000000 2488.31294226 59698.82364156 
0.84000000 0.00000000 2494.59358659 59689.37382770 
0.86000000 0.00000000 2541.17385728 59646.18503485 
0.88000000 0.00000000 2546.92870005 59636.50076648 
0.90000000 0.00000000 2460.55480191 59704.40927960 
0.92000000 0.00000000 2334.00712509 59783.01411662 
0.94000000 0.00000000 2559.41820794 59613.72467758 
0.96000000 0.00000000 2562.05311799 59608.31839916 
0.98000000 0.00000000 2608.47916156 59557.80412352 

