-1.00000000 0.00000000 314.29004473 63802.64305175 
-0.98000000 0.00000000 314.29002957 63802.64305137 
-0.96000000 0.00000000 314.28998481 63802.64305026 
-0.94000000 0.00000000 314.29446526 63802.64316266 
-0.92000000 0.00000000 314.29433863 63802.64315949 
-0.90000000 0.00000000 314.28699748 63802.64297533 
-0.88000000 0.00000000 314.28694693 63802.64297406 
-0.86000000 0.00000000 314.28688411 63802.64297249 
-0.84000000 0.00000000 314.30498794 63802.64342663 
-0.82000000 0.00000000 314.30500167 63802.64342698 
-0.80000000 0.00000000 314.28932074 63802.64303363 
-0.78000000 0.00000000 314.28568596 63802.64294245 
-0.76000000 0.00000000 314.28565099 63802.64294157 
-0.74000000 0.00000000 314.28562595 63802.64294095 
-0.72000000 0.00000000 314.28552806 63802.64293849 
-0.70000000 0.00000000 314.28946948 63802.64303737 
-0.68000000 0.00000000 314.28944998 63802.64303689 
-0.66000000 0.00000000 314.30479035 63802.64342170 
-0.64000000 0.00000000 314.30472667 63802.64342011 
-0.62000000 0.00000000 314.28942978 63802.64303638 
-0.60000000 0.00000000 314.30473097 63802.64342021 
-0.58000000 0.00000000 314.30480593 63802.64342209 
-0.56000000 0.00000000 314.28946400 63802.64303724 
-0.54000000 0.00000000 314.28552290 63802.64293836 
-0.52000000 0.00000000 314.28561893 63802.64294077 
-0.50000000 0.00000000 314.28564024 63802.64294130 
-0.48000000 0.00000000 314.28566309 63802.64294187 
-0.46000000 0.00000000 314.28570075 63802.64294282 
-0.44000000 0.00000000 314.30495508 63802.64342582 
-0.42000000 0.00000000 314.30497427 63802.64342630 
-0.40000000 0.00000000 314.28574341 63802.64294388 
-0.38000000 0.00000000 314.28575347 63802.64294413 
-0.36000000 0.00000000 314.28575650 63802.64294421 
-0.34000000 0.00000000 314.28575650 63802.64294421 
-0.32000000 0.00000000 314.28575404 63802.64294415 
-0.30000000 0.00000000 314.30534987 63802.64343572 
-0.28000000 0.00000000 314.30534661 63802.64343564 
-0.26000000 0.00000000 314.28573946 63802.64294378 
-0.24000000 0.00000000 314.28573865 63802.64294376 
-0.22000000 0.00000000 314.28574538 63802.64294393 
-0.20000000 0.00000000 314.28575362 63802.64294414 
-0.18000000 0.00000000 314.30540057 63802.64343699 
-0.16000000 0.00000000 314.30542017 63802.64343748 
-0.14000000 0.00000000 314.28584625 63802.64294646 
-0.12000000 0.00000000 314.28587785 63802.64294724 
-0.10000000 0.00000000 314.28594262 63802.64294886 
-0.08000000 0.00000000 314.28602247 63802.64295086 
-0.06000000 0.00000000 314.30565610 63802.64344337 
-0.04000000 0.00000000 314.30572770 63802.64344516 
-0.02000000 0.00000000 314.28658350 63802.64296492 
0.00000000 0.00000000 314.28667488 63802.64296720 
0.02000000 0.00000000 314.28679509 63802.64297021 
0.04000000 0.00000000 314.28687959 63802.64297232 
0.06000000 0.00000000 314.29025596 63802.64305701 
0.08000000 0.00000000 314.28803201 63802.64300121 
0.10000000 0.00000000 314.28821335 63802.64300575 
0.12000000 0.00000000 314.28829701 63802.64300784 
0.14000000 0.00000000 314.27436103 63802.64265822 
0.16000000 0.00000000 314.27441401 63802.64265954 
0.18000000 0.00000000 314.28845379 63802.64301176 
0.20000000 0.00000000 314.28855769 63802.64301436 
0.22000000 0.00000000 314.28859625 63802.64301533 
0.24000000 0.00000000 314.28862450 63802.64301603 
0.26000000 0.00000000 314.28756822 63802.64298953 
0.28000000 0.00000000 314.28758920 63802.64299006 
0.30000000 0.00000000 314.28761159 63802.64299062 
0.32000000 0.00000000 314.28762842 63802.64299104 
0.34000000 0.00000000 314.28763874 63802.64299130 
0.36000000 0.00000000 314.28766260 63802.64299189 
0.38000000 0.00000000 314.28767191 63802.64299213 
0.40000000 0.00000000 314.27353776 63802.64263753 
0.42000000 0.00000000 314.27353890 63802.64263756 
0.44000000 0.00000000 314.28767296 63802.64299215 
0.46000000 0.00000000 314.28766467 63802.64299194 
0.48000000 0.00000000 314.28764418 63802.64299143 
0.50000000 0.00000000 314.28763447 63802.64299119 
0.52000000 0.00000000 314.28762505 63802.64299095 
0.54000000 0.00000000 314.28761057 63802.64299059 
0.56000000 0.00000000 314.28759229 63802.64299013 
0.58000000 0.00000000 314.28866351 63802.64301701 
0.60000000 0.00000000 314.28864680 63802.64301659 
0.62000000 0.00000000 314.28862606 63802.64301607 
0.64000000 0.00000000 314.28860805 63802.64301562 
0.66000000 0.00000000 314.27454704 63802.64266287 
0.68000000 0.00000000 314.27449929 63802.64266167 
0.70000000 0.00000000 314.28852206 63802.64301347 
0.72000000 0.00000000 314.28848572 63802.64301257 
0.74000000 0.00000000 314.28839402 63802.64301027 
0.76000000 0.00000000 314.28835473 63802.64300929 
0.78000000 0.00000000 314.28819995 63802.64300541 
0.80000000 0.00000000 314.28814697 63802.64300408 
0.82000000 0.00000000 314.28809504 63802.64300279 
0.84000000 0.00000000 314.28803170 63802.64300120 
0.86000000 0.00000000 314.29054044 63802.64306414 
0.88000000 0.00000000 314.29048011 63802.64306264 
0.90000000 0.00000000 314.28554994 63802.64293897 
0.92000000 0.00000000 314.28149867 63802.64283734 
0.94000000 0.00000000 314.29030321 63802.64305822 
0.96000000 0.00000000 314.29024465 63802.64305675 
0.98000000 0.00000000 314.29348521 63802.64313805 

