-1.00000000 0.00000000 2036.98925969 58368.43795788 
-0.98000000 0.00000000 2036.37020970 58370.25422014 
-0.96000000 0.00000000 2036.22559525 58371.43811521 
-0.94000000 0.00000000 2003.92275805 58401.97174717 
-0.92000000 0.00000000 2004.31800604 58402.41593698 
-0.90000000 0.00000000 2066.58790357 58348.70213246 
-0.88000000 0.00000000 2067.32232963 58348.47762903 
-0.86000000 0.00000000 2068.26359511 58348.01642293 
-0.84000000 0.00000000 1959.55145996 58451.07763836 
-0.82000000 0.00000000 1959.39084007 58451.64936466 
-0.80000000 0.00000000 2041.98825546 58369.85575282 
-0.78000000 0.00000000 2085.41095748 58336.07917537 
-0.76000000 0.00000000 2086.12553686 58335.68620912 
-0.74000000 0.00000000 2086.67294907 58335.40416907 
-0.72000000 0.00000000 2088.30856289 58334.35414901 
-0.70000000 0.00000000 2040.82593762 58371.55596333 
-0.68000000 0.00000000 2041.05959213 58371.40039849 
-0.66000000 0.00000000 1959.19501021 58453.77428462 
-0.64000000 0.00000000 1959.47108357 58453.32406313 
-0.62000000 0.00000000 2041.57563085 58370.65934664 
-0.60000000 0.00000000 1959.92994128 58452.04034430 
-0.58000000 0.00000000 1960.09470667 58451.22949998 
-0.56000000 0.00000000 2041.95795298 58369.26695116 
-0.54000000 0.00000000 2089.62550909 58332.10873378 
-0.52000000 0.00000000 2088.33946935 58332.58947154 
-0.50000000 0.00000000 2088.18296417 58332.29169773 
-0.48000000 0.00000000 2087.99419473 58332.02890998 
-0.46000000 0.00000000 2087.57434246 58331.95161556 
-0.44000000 0.00000000 1963.38905733 58441.67431419 
-0.42000000 0.00000000 1963.69341284 58440.73062292 
-0.40000000 0.00000000 2087.18675125 58331.42272144 
-0.38000000 0.00000000 2087.05053973 58331.36598603 
-0.36000000 0.00000000 2086.98206154 58331.31558578 
-0.34000000 0.00000000 2086.92742321 58331.29749089 
-0.32000000 0.00000000 2086.88562734 58331.29735024 
-0.30000000 0.00000000 1962.89278661 58440.21022610 
-0.28000000 0.00000000 1962.77800921 58440.26930951 
-0.26000000 0.00000000 2086.85767545 58331.17909107 
-0.24000000 0.00000000 2086.85438949 58331.02749044 
-0.22000000 0.00000000 2086.82208763 58330.78613365 
-0.20000000 0.00000000 2086.89087393 58330.32666148 
-0.18000000 0.00000000 1963.55907440 58436.69022065 
-0.16000000 0.00000000 1964.40655929 58434.27231889 
-0.14000000 0.00000000 2087.33610020 58327.47995248 
-0.12000000 0.00000000 2088.06379195 58325.57702883 
-0.10000000 0.00000000 2088.72243128 58323.37681908 
-0.08000000 0.00000000 2089.62351840 58320.65710679 
-0.06000000 0.00000000 1975.66542562 58406.89764740 
-0.04000000 0.00000000 1979.72543230 58397.99350946 
-0.02000000 0.00000000 2091.30795912 58310.89550740 
0.00000000 0.00000000 2094.09749029 58305.69231981 
0.02000000 0.00000000 2096.95188988 58300.28617658 
0.04000000 0.00000000 2100.52545290 58294.42423745 
0.06000000 0.00000000 2074.45938875 58304.14189173 
0.08000000 0.00000000 2098.33997678 58287.29982447 
0.10000000 0.00000000 2101.52441948 58281.73566443 
0.12000000 0.00000000 2105.48960292 58276.09563037 
0.14000000 0.00000000 2627.58530277 58687.79350536 
0.16000000 0.00000000 2619.74295049 58643.02698587 
0.18000000 0.00000000 2117.02968413 58261.35843651 
0.20000000 0.00000000 2120.13063344 58257.31336075 
0.22000000 0.00000000 2123.71274017 58253.31935110 
0.24000000 0.00000000 2127.37213875 58249.47707886 
0.26000000 0.00000000 2140.27913810 58243.22144507 
0.28000000 0.00000000 2143.96583548 58239.81274031 
0.30000000 0.00000000 2147.55674065 58236.60333595 
0.32000000 0.00000000 2150.97116228 58233.67466554 
0.34000000 0.00000000 2154.02831864 58231.15218660 
0.36000000 0.00000000 2156.34186303 58229.20741931 
0.38000000 0.00000000 2157.96326946 58227.91196897 
0.40000000 0.00000000 2515.96503132 59314.54722600 
0.42000000 0.00000000 2516.67518803 59313.24338192 
0.44000000 0.00000000 2156.94628377 58228.77636780 
0.46000000 0.00000000 2154.64469015 58230.66051991 
0.48000000 0.00000000 2151.63376924 58233.21132120 
0.50000000 0.00000000 2147.91363420 58236.34687493 
0.52000000 0.00000000 2143.79576564 58239.90591315 
0.54000000 0.00000000 2139.52968037 58243.73678662 
0.56000000 0.00000000 2135.26530179 58247.72379206 
0.58000000 0.00000000 2121.74539763 58254.75701773 
0.60000000 0.00000000 2117.61375690 58259.07411889 
0.62000000 0.00000000 2113.62294328 58263.44814083 
0.64000000 0.00000000 2109.67496622 58267.94553616 
0.66000000 0.00000000 2598.65799617 58562.95614645 
0.68000000 0.00000000 2605.92161880 58587.74699795 
0.70000000 0.00000000 2097.91282275 58282.66112634 
0.72000000 0.00000000 2093.87594817 58288.12555369 
0.74000000 0.00000000 2090.24753812 58293.63219927 
0.76000000 0.00000000 2086.13808856 58299.58199671 
0.78000000 0.00000000 2083.14308611 58305.06468849 
0.80000000 0.00000000 2079.37116770 58311.03066184 
0.82000000 0.00000000 2075.81546193 58316.87082051 
0.84000000 0.00000000 2072.67357914 58322.38051754 
0.86000000 0.00000000 2047.42364722 58343.07947935 
0.88000000 0.00000000 2044.63380498 58348.55512539 
0.90000000 0.00000000 2092.81992415 58318.43005284 
0.92000000 0.00000000 2167.78172291 58283.68398649 
0.94000000 0.00000000 2038.77951379 58361.45280680 
0.96000000 0.00000000 2037.61828927 58364.53632974 
0.98000000 0.00000000 2013.09256666 58387.76024368 

