-1.00000000 0.00000000 314.63726395 63766.22468783 
-0.98000000 0.00000000 314.63726395 63766.22468783 
-0.96000000 0.00000000 314.63726404 63766.22468783 
-0.94000000 0.00000000 314.63725016 63766.22468749 
-0.92000000 0.00000000 314.63725051 63766.22468750 
-0.90000000 0.00000000 314.63727316 63766.22468806 
-0.88000000 0.00000000 314.63727328 63766.22468807 
-0.86000000 0.00000000 314.63727344 63766.22468807 
-0.84000000 0.00000000 314.63721747 63766.22468667 
-0.82000000 0.00000000 314.63721739 63766.22468666 
-0.80000000 0.00000000 314.63726583 63766.22468788 
-0.78000000 0.00000000 314.63727703 63766.22468816 
-0.76000000 0.00000000 314.63727711 63766.22468816 
-0.74000000 0.00000000 314.63727717 63766.22468816 
-0.72000000 0.00000000 314.63727745 63766.22468817 
-0.70000000 0.00000000 314.63726525 63766.22468786 
-0.68000000 0.00000000 314.63726529 63766.22468786 
-0.66000000 0.00000000 314.63721787 63766.22468668 
-0.64000000 0.00000000 314.63721806 63766.22468668 
-0.62000000 0.00000000 314.63726533 63766.22468787 
-0.60000000 0.00000000 314.63721805 63766.22468668 
-0.58000000 0.00000000 314.63721783 63766.22468667 
-0.56000000 0.00000000 314.63726526 63766.22468786 
-0.54000000 0.00000000 314.63727746 63766.22468817 
-0.52000000 0.00000000 314.63727718 63766.22468816 
-0.50000000 0.00000000 314.63727714 63766.22468816 
-0.48000000 0.00000000 314.63727709 63766.22468816 
-0.46000000 0.00000000 314.63727700 63766.22468816 
-0.44000000 0.00000000 314.63721751 63766.22468667 
-0.42000000 0.00000000 314.63721746 63766.22468667 
-0.40000000 0.00000000 314.63727691 63766.22468816 
-0.38000000 0.00000000 314.63727688 63766.22468816 
-0.36000000 0.00000000 314.63727687 63766.22468816 
-0.34000000 0.00000000 314.63727687 63766.22468816 
-0.32000000 0.00000000 314.63727688 63766.22468816 
-0.30000000 0.00000000 314.63721631 63766.22468664 
-0.28000000 0.00000000 314.63721632 63766.22468664 
-0.26000000 0.00000000 314.63727691 63766.22468816 
-0.24000000 0.00000000 314.63727691 63766.22468816 
-0.22000000 0.00000000 314.63727689 63766.22468816 
-0.20000000 0.00000000 314.63727687 63766.22468816 
-0.18000000 0.00000000 314.63721617 63766.22468663 
-0.16000000 0.00000000 314.63721612 63766.22468663 
-0.14000000 0.00000000 314.63727664 63766.22468815 
-0.12000000 0.00000000 314.63727657 63766.22468815 
-0.10000000 0.00000000 314.63727641 63766.22468814 
-0.08000000 0.00000000 314.63727622 63766.22468814 
-0.06000000 0.00000000 314.63721560 63766.22468662 
-0.04000000 0.00000000 314.63721544 63766.22468661 
-0.02000000 0.00000000 314.63727467 63766.22468810 
0.00000000 0.00000000 314.63727446 63766.22468810 
0.02000000 0.00000000 314.63727417 63766.22468809 
0.04000000 0.00000000 314.63727398 63766.22468808 
0.06000000 0.00000000 314.63726363 63766.22468782 
0.08000000 0.00000000 314.63727057 63766.22468800 
0.10000000 0.00000000 314.63727008 63766.22468799 
0.12000000 0.00000000 314.63726988 63766.22468798 
0.14000000 0.00000000 314.63731300 63766.22468907 
0.16000000 0.00000000 314.63731289 63766.22468907 
0.18000000 0.00000000 314.63726954 63766.22468797 
0.20000000 0.00000000 314.63726926 63766.22468796 
0.22000000 0.00000000 314.63726917 63766.22468796 
0.24000000 0.00000000 314.63726911 63766.22468796 
0.26000000 0.00000000 314.63727239 63766.22468804 
0.28000000 0.00000000 314.63727235 63766.22468804 
0.30000000 0.00000000 314.63727229 63766.22468804 
0.32000000 0.00000000 314.63727225 63766.22468804 
0.34000000 0.00000000 314.63727223 63766.22468804 
0.36000000 0.00000000 314.63727216 63766.22468804 
0.38000000 0.00000000 314.63727214 63766.22468804 
0.40000000 0.00000000 314.63731582 63766.22468914 
0.42000000 0.00000000 314.63731582 63766.22468914 
0.44000000 0.00000000 314.63727214 63766.22468804 
0.46000000 0.00000000 314.63727216 63766.22468804 
0.48000000 0.00000000 314.63727222 63766.22468804 
0.50000000 0.00000000 314.63727224 63766.22468804 
0.52000000 0.00000000 314.63727226 63766.22468804 
0.54000000 0.00000000 314.63727229 63766.22468804 
0.56000000 0.00000000 314.63727234 63766.22468804 
0.58000000 0.00000000 314.63726901 63766.22468796 
0.60000000 0.00000000 314.63726905 63766.22468796 
0.62000000 0.00000000 314.63726910 63766.22468796 
0.64000000 0.00000000 314.63726914 63766.22468796 
0.66000000 0.00000000 314.63731257 63766.22468906 
0.68000000 0.00000000 314.63731270 63766.22468906 
0.70000000 0.00000000 314.63726933 63766.22468797 
0.72000000 0.00000000 314.63726942 63766.22468797 
0.74000000 0.00000000 314.63726967 63766.22468797 
0.76000000 0.00000000 314.63726975 63766.22468798 
0.78000000 0.00000000 314.63727019 63766.22468799 
0.80000000 0.00000000 314.63727031 63766.22468799 
0.82000000 0.00000000 314.63727042 63766.22468799 
0.84000000 0.00000000 314.63727057 63766.22468800 
0.86000000 0.00000000 314.63726277 63766.22468780 
0.88000000 0.00000000 314.63726291 63766.22468780 
0.90000000 0.00000000 314.63727809 63766.22468819 
0.92000000 0.00000000 314.63729056 63766.22468851 
0.94000000 0.00000000 314.63726330 63766.22468781 
0.96000000 0.00000000 314.63726343 63766.22468782 
0.98000000 0.00000000 314.63725336 63766.22468756 

