-1.00000000 0.00000000 -998.07401363 59029.22955682 
-0.98000000 0.00000000 -999.03719296 59030.66921845 
-0.96000000 0.00000000 -999.80273380 59031.19062083 
-0.94000000 0.00000000 -1003.91908407 59092.62165692 
-0.92000000 0.00000000 -1004.45546105 59092.07536200 
-0.90000000 0.00000000 -999.21601949 58975.44098685 
-0.88000000 0.00000000 -999.42714006 58974.22095090 
-0.86000000 0.00000000 -999.57180366 58972.60247412 
-0.84000000 0.00000000 -1012.96087393 59180.01845963 
-0.82000000 0.00000000 -1013.27031912 59180.44861300 
-0.80000000 0.00000000 -1001.73397853 59021.49055312 
-0.78000000 0.00000000 -999.45082574 58941.60289659 
-0.76000000 0.00000000 -999.51690167 58940.35870000 
-0.74000000 0.00000000 -999.58115755 58939.41084389 
-0.72000000 0.00000000 -999.61588462 58936.48085089 
-0.70000000 0.00000000 -1002.34778269 59023.90743818 
-0.68000000 0.00000000 -1002.36103355 59023.48594588 
-0.66000000 0.00000000 -1014.66576730 59181.30236878 
-0.64000000 0.00000000 -1014.51434754 59180.72401117 
-0.62000000 0.00000000 -1002.10600769 59022.45733744 
-0.60000000 0.00000000 -1013.88464654 59179.65894241 
-0.58000000 0.00000000 -1013.41166498 59179.20951179 
-0.56000000 0.00000000 -1001.31410937 59021.50046405 
-0.54000000 0.00000000 -998.63485238 58933.77133488 
-0.52000000 0.00000000 -998.36234238 58935.99667516 
-0.50000000 0.00000000 -998.07131203 58936.17257579 
-0.48000000 0.00000000 -997.78971858 58936.40791511 
-0.46000000 0.00000000 -997.53026861 58937.06660992 
-0.44000000 0.00000000 -1008.63659247 59171.51445968 
-0.42000000 0.00000000 -1008.15135502 59170.78021562 
-0.40000000 0.00000000 -996.95610692 58937.51313427 
-0.38000000 0.00000000 -996.84690874 58937.69385064 
-0.36000000 0.00000000 -996.77465405 58937.75978017 
-0.34000000 0.00000000 -996.73212394 58937.80616870 
-0.32000000 0.00000000 -996.70857276 58937.83167545 
-0.30000000 0.00000000 -1007.30221296 59171.89746511 
-0.28000000 0.00000000 -1007.27481993 59172.06201005 
-0.26000000 0.00000000 -996.60061953 58937.70804075 
-0.24000000 0.00000000 -996.48778565 58937.63453814 
-0.22000000 0.00000000 -996.29748428 58937.59639306 
-0.20000000 0.00000000 -996.00054344 58937.35472412 
-0.18000000 0.00000000 -1005.22523830 59169.81638580 
-0.16000000 0.00000000 -1004.03089249 59167.87015148 
-0.14000000 0.00000000 -994.18394400 58936.05016335 
-0.12000000 0.00000000 -993.17738756 58934.51491657 
-0.10000000 0.00000000 -991.92807239 58933.08033858 
-0.08000000 0.00000000 -990.42545269 58931.18633664 
-0.06000000 0.00000000 -991.43934339 59143.58362511 
-0.04000000 0.00000000 -987.54848645 59135.12063259 
-0.02000000 0.00000000 -984.31040613 58927.25237278 
0.00000000 0.00000000 -981.93007775 58921.92994224 
0.02000000 0.00000000 -979.42763278 58916.51137750 
0.04000000 0.00000000 -976.92181732 58909.83660668 
0.06000000 0.00000000 -971.59293506 58956.32675528 
0.08000000 0.00000000 -970.89979240 58913.21370775 
0.10000000 0.00000000 -968.42352988 58907.32332180 
0.12000000 0.00000000 -966.23334514 58900.09893193 
0.14000000 0.00000000 -1354.67451280 57904.94050325 
0.16000000 0.00000000 -1323.43835659 57933.58957564 
0.18000000 0.00000000 -960.95431509 58879.42107978 
0.20000000 0.00000000 -959.45728957 58873.96617844 
0.22000000 0.00000000 -958.19455595 58867.72538336 
0.24000000 0.00000000 -957.06002533 58861.40906836 
0.26000000 0.00000000 -958.05378865 58838.99572999 
0.28000000 0.00000000 -957.17372275 58832.76113086 
0.30000000 0.00000000 -956.38082799 58826.72653346 
0.32000000 0.00000000 -955.70045473 58821.01475268 
0.34000000 0.00000000 -955.15059487 58815.91872406 
0.36000000 0.00000000 -954.70296606 58812.08513898 
0.38000000 0.00000000 -954.43341066 58809.40274354 
0.40000000 0.00000000 -1863.76945652 57856.11285170 
0.42000000 0.00000000 -1862.50804125 57855.22178019 
0.44000000 0.00000000 -954.64409746 58811.12683081 
0.46000000 0.00000000 -955.05817954 58814.96462010 
0.48000000 0.00000000 -955.65069101 58819.98640490 
0.50000000 0.00000000 -956.35733025 58826.21513616 
0.52000000 0.00000000 -957.18339313 58833.13459361 
0.54000000 0.00000000 -958.12025004 58840.33279223 
0.56000000 0.00000000 -959.14765434 58847.56615587 
0.58000000 0.00000000 -958.36704185 58871.08760974 
0.60000000 0.00000000 -959.60535265 58878.23397928 
0.62000000 0.00000000 -960.92910798 58885.19818799 
0.64000000 0.00000000 -962.34403044 58892.15455337 
0.66000000 0.00000000 -1267.92559830 57995.11600716 
0.68000000 0.00000000 -1284.99848535 57975.36836918 
0.70000000 0.00000000 -967.40199540 58913.28092023 
0.72000000 0.00000000 -969.39927893 58920.65865038 
0.74000000 0.00000000 -971.59940715 58927.36624302 
0.76000000 0.00000000 -973.87313437 58934.99207352 
0.78000000 0.00000000 -976.32641053 58940.66698541 
0.80000000 0.00000000 -978.74156562 58947.78546960 
0.82000000 0.00000000 -981.15688330 58954.55644241 
0.84000000 0.00000000 -983.52641513 58960.61245834 
0.86000000 0.00000000 -985.57317031 59007.22121683 
0.88000000 0.00000000 -988.00189308 59012.79484299 
0.90000000 0.00000000 -990.31638871 58925.21523746 
0.92000000 0.00000000 -997.82213093 58792.84612852 
0.94000000 0.00000000 -994.06954074 59024.87026369 
0.96000000 0.00000000 -995.64193158 59027.40194799 
0.98000000 0.00000000 -998.93770738 59073.93541416 

