-1.00000000 0.00000000 -1714.36331842 58986.38514420 
-0.98000000 0.00000000 -1714.61884621 58984.51560213 
-0.96000000 0.00000000 -1714.56101787 58983.40288630 
-0.94000000 0.00000000 -1737.49340099 58943.19595707 
-0.92000000 0.00000000 -1737.07831469 58942.95431710 
-0.90000000 0.00000000 -1692.20892461 59015.70136185 
-0.88000000 0.00000000 -1691.61242904 59016.20507629 
-0.86000000 0.00000000 -1690.87702918 59017.00014076 
-0.84000000 0.00000000 -1767.79239141 58880.92637971 
-0.82000000 0.00000000 -1767.83091175 58880.34276508 
-0.80000000 0.00000000 -1709.83575921 58987.17229423 
-0.78000000 0.00000000 -1678.19636186 59034.42088219 
-0.76000000 0.00000000 -1677.65020576 59035.05951882 
-0.74000000 0.00000000 -1677.22915327 59035.53236809 
-0.72000000 0.00000000 -1676.01132448 59037.11549601 
-0.70000000 0.00000000 -1710.55448232 58985.21534690 
-0.68000000 0.00000000 -1710.37893680 58985.44845901 
-0.66000000 0.00000000 -1767.63971220 58878.32832376 
-0.64000000 0.00000000 -1767.47693029 58878.85281301 
-0.62000000 0.00000000 -1710.05141021 58986.31486034 
-0.60000000 0.00000000 -1767.29392986 58880.21961998 
-0.58000000 0.00000000 -1767.28502896 58881.03422557 
-0.56000000 0.00000000 -1709.93269879 58987.70507144 
-0.54000000 0.00000000 -1675.23578170 59039.59875935 
-0.52000000 0.00000000 -1676.24116304 59038.65459020 
-0.50000000 0.00000000 -1676.41614786 59038.84654697 
-0.48000000 0.00000000 -1676.61342445 59038.99459401 
-0.46000000 0.00000000 -1676.97740132 59038.88713738 
-0.44000000 0.00000000 -1765.99113952 58891.14789017 
-0.42000000 0.00000000 -1765.88155298 58892.13528004 
-0.40000000 0.00000000 -1677.38933351 59039.17363275 
-0.38000000 0.00000000 -1677.51755719 59039.16082211 
-0.36000000 0.00000000 -1677.58961637 59039.16915061 
-0.34000000 0.00000000 -1677.64678232 59039.15419220 
-0.32000000 0.00000000 -1677.69189512 59039.12811109 
-0.30000000 0.00000000 -1766.69329060 58892.26781887 
-0.28000000 0.00000000 -1766.79484816 58892.15981859 
-0.26000000 0.00000000 -1677.76817832 59039.19001685 
-0.24000000 0.00000000 -1677.80499614 59039.31160702 
-0.22000000 0.00000000 -1677.87782287 59039.50123664 
-0.20000000 0.00000000 -1677.89519183 59039.92447113 
-0.18000000 0.00000000 -1766.75466932 58895.76027040 
-0.16000000 0.00000000 -1766.41374857 58898.33752104 
-0.14000000 0.00000000 -1677.92814211 59042.59908181 
-0.12000000 0.00000000 -1677.57510926 59044.56952372 
-0.10000000 0.00000000 -1677.30895807 59046.78063437 
-0.08000000 0.00000000 -1676.89869791 59049.55186975 
-0.06000000 0.00000000 -1760.80760330 58928.18843785 
-0.04000000 0.00000000 -1758.55667263 58938.03345613 
-0.02000000 0.00000000 -1676.61720226 59058.92782598 
0.00000000 0.00000000 -1674.89881253 59064.64859864 
0.02000000 0.00000000 -1673.13328412 59070.57163415 
0.04000000 0.00000000 -1670.81785759 59077.16718186 
0.06000000 0.00000000 -1690.87468243 59058.81299156 
0.08000000 0.00000000 -1673.19197100 59082.75674508 
0.10000000 0.00000000 -1671.10957138 59088.93166608 
0.12000000 0.00000000 -1668.39822153 59095.45317258 
0.14000000 0.00000000 -1222.98604345 59134.22835354 
0.16000000 0.00000000 -1237.42820005 59150.07707328 
0.18000000 0.00000000 -1660.31119348 59112.89028640 
0.20000000 0.00000000 -1658.11859203 59117.64705705 
0.22000000 0.00000000 -1655.53262475 59122.53200381 
0.24000000 0.00000000 -1652.86488161 59127.30830743 
0.26000000 0.00000000 -1643.12186342 59137.61745466 
0.28000000 0.00000000 -1640.39641073 59142.01413145 
0.30000000 0.00000000 -1637.72900515 59146.19665007 
0.32000000 0.00000000 -1635.18220076 59150.06264454 
0.34000000 0.00000000 -1632.89438990 59153.43417259 
0.36000000 0.00000000 -1631.16041611 59156.01676068 
0.38000000 0.00000000 -1629.94123166 59157.76658264 
0.40000000 0.00000000 -1111.22891363 58807.03982010 
0.42000000 0.00000000 -1111.27934679 58808.04432079 
0.44000000 0.00000000 -1630.69007435 59156.62611978 
0.46000000 0.00000000 -1632.40983865 59154.10319807 
0.48000000 0.00000000 -1634.65706463 59150.72438414 
0.50000000 0.00000000 -1637.43151134 59146.56127074 
0.52000000 0.00000000 -1640.49553000 59141.87125604 
0.54000000 0.00000000 -1643.65860491 59136.88077823 
0.56000000 0.00000000 -1646.80593414 59131.74820756 
0.58000000 0.00000000 -1656.99753952 59120.51070746 
0.60000000 0.00000000 -1660.00930215 59115.12476265 
0.62000000 0.00000000 -1662.89378411 59109.73679306 
0.64000000 0.00000000 -1665.72283697 59104.25167900 
0.66000000 0.00000000 -1266.50771888 59175.87868149 
0.68000000 0.00000000 -1257.02903054 59168.03574705 
0.70000000 0.00000000 -1673.97933187 59086.70776210 
0.72000000 0.00000000 -1676.75548428 59080.30389798 
0.74000000 0.00000000 -1679.18915528 59074.00469031 
0.76000000 0.00000000 -1681.95572076 59067.12198204 
0.78000000 0.00000000 -1683.85482105 59061.06409186 
0.80000000 0.00000000 -1686.31873886 59054.27716609 
0.82000000 0.00000000 -1688.60495295 59047.67776187 
0.84000000 0.00000000 -1690.57406209 59041.52641369 
0.86000000 0.00000000 -1708.95022872 59013.34651120 
0.88000000 0.00000000 -1710.60553463 59007.31404736 
0.90000000 0.00000000 -1674.56839054 59052.75072407 
0.92000000 0.00000000 -1618.23702101 59113.20858598 
0.94000000 0.00000000 -1713.83523132 58993.37864151 
0.96000000 0.00000000 -1714.38884987 58990.14325101 
0.98000000 0.00000000 -1731.82194349 58959.66256874 

