-1.00000000 0.00000000 748.62019930 55388.01909966 
-0.98000000 0.00000000 749.84960156 55384.08827488 
-0.96000000 0.00000000 751.64976334 55377.47140951 
-0.94000000 0.00000000 678.15432067 55745.12914186 
-0.92000000 0.00000000 680.24698842 55734.44435527 
-0.90000000 0.00000000 836.22553669 55051.68099572 
-0.88000000 0.00000000 838.84733946 55043.23418079 
-0.86000000 0.00000000 841.87286833 55033.38549309 
-0.84000000 0.00000000 592.16212127 56333.23618430 
-0.82000000 0.00000000 592.25236106 56333.22009470 
-0.80000000 0.00000000 771.61487366 55297.49713615 
-0.78000000 0.00000000 893.59105963 54870.69169871 
-0.76000000 0.00000000 896.02265514 54863.79855689 
-0.74000000 0.00000000 897.97967502 54858.33506494 
-0.72000000 0.00000000 903.34580155 54842.93938956 
-0.70000000 0.00000000 770.15770248 55305.39759844 
-0.68000000 0.00000000 770.90627423 55302.47662308 
-0.66000000 0.00000000 594.45407563 56319.81627586 
-0.64000000 0.00000000 594.80315592 56316.79511490 
-0.62000000 0.00000000 771.56688156 55299.31923662 
-0.60000000 0.00000000 594.58020070 56317.13416010 
-0.58000000 0.00000000 593.97096791 56320.80259856 
-0.56000000 0.00000000 769.76725971 55304.60070029 
-0.54000000 0.00000000 902.82420627 54841.91371805 
-0.52000000 0.00000000 897.36202474 54856.98099787 
-0.50000000 0.00000000 895.42628172 54861.77668517 
-0.48000000 0.00000000 893.45969132 54866.71612192 
-0.46000000 0.00000000 890.90772501 54873.49388457 
-0.44000000 0.00000000 591.22246440 56330.82560017 
-0.42000000 0.00000000 590.92695989 56332.00700464 
-0.40000000 0.00000000 887.31282886 54882.53541033 
-0.38000000 0.00000000 886.62317134 54884.32120733 
-0.36000000 0.00000000 886.39858697 54884.84807949 
-0.34000000 0.00000000 886.43772205 54884.70460514 
-0.32000000 0.00000000 886.68567018 54884.03349584 
-0.30000000 0.00000000 588.70048471 56348.91830817 
-0.28000000 0.00000000 588.78878176 56348.66359012 
-0.26000000 0.00000000 887.96993926 54880.70771994 
-0.24000000 0.00000000 888.14490015 54880.34866994 
-0.22000000 0.00000000 887.86863226 54881.27622339 
-0.20000000 0.00000000 887.36803825 54882.77296452 
-0.18000000 0.00000000 588.62465088 56351.56925413 
-0.16000000 0.00000000 588.41604230 56352.97792168 
-0.14000000 0.00000000 881.55240513 54899.36908923 
-0.12000000 0.00000000 879.07325155 54906.17572262 
-0.10000000 0.00000000 874.90584827 54917.99417001 
-0.08000000 0.00000000 869.88767704 54932.34467869 
-0.06000000 0.00000000 585.54813457 56369.53010725 
-0.04000000 0.00000000 584.62948432 56374.58989619 
-0.02000000 0.00000000 841.87351488 55018.05321773 
0.00000000 0.00000000 836.30993624 55034.73792537 
0.02000000 0.00000000 829.80086114 55054.88684141 
0.04000000 0.00000000 824.65875671 55070.57165955 
0.06000000 0.00000000 735.43842863 55427.49212597 
0.08000000 0.00000000 785.78647012 55210.96897569 
0.10000000 0.00000000 779.32167465 55234.72214576 
0.12000000 0.00000000 775.74683779 55247.49977786 
0.14000000 0.00000000 5636.74515956 59036.20114531 
0.16000000 0.00000000 5723.22523603 58514.42208828 
0.18000000 0.00000000 768.87234677 55272.88329569 
0.20000000 0.00000000 765.74564457 55285.67563214 
0.22000000 0.00000000 764.40467322 55291.37480022 
0.24000000 0.00000000 763.44947525 55295.70847452 
0.26000000 0.00000000 790.72042155 55185.70758422 
0.28000000 0.00000000 789.97185209 55189.10668598 
0.30000000 0.00000000 789.24144629 55192.47552457 
0.32000000 0.00000000 788.70286623 55195.07855045 
0.34000000 0.00000000 788.36765908 55196.82320863 
0.36000000 0.00000000 787.67334507 55199.88487436 
0.38000000 0.00000000 787.39058548 55201.20742332 
0.40000000 0.00000000 3155.04650828 62838.61111090 
0.42000000 0.00000000 3161.04229085 62834.54828513 
0.44000000 0.00000000 787.31294008 55201.27557488 
0.46000000 0.00000000 787.52824179 55200.05394062 
0.48000000 0.00000000 788.07920291 55197.38205761 
0.50000000 0.00000000 788.32942201 55195.78261973 
0.52000000 0.00000000 788.57044285 55194.13871245 
0.54000000 0.00000000 788.95707406 55191.88574007 
0.56000000 0.00000000 789.46785840 55189.16143724 
0.58000000 0.00000000 761.78008884 55300.85208316 
0.60000000 0.00000000 762.22044985 55298.34691967 
0.62000000 0.00000000 762.83336549 55295.32289920 
0.64000000 0.00000000 763.47948232 55292.42914482 
0.66000000 0.00000000 5759.80469063 57435.55821095 
0.68000000 0.00000000 5767.27310667 57787.61675770 
0.70000000 0.00000000 766.97774403 55279.25767719 
0.72000000 0.00000000 768.62968353 55273.58520030 
0.74000000 0.00000000 771.82713197 55261.92876563 
0.76000000 0.00000000 773.85499387 55255.41273158 
0.78000000 0.00000000 779.01970993 55236.54837513 
0.80000000 0.00000000 781.67325098 55228.09201665 
0.82000000 0.00000000 784.39310694 55219.55802414 
0.84000000 0.00000000 787.49940618 55209.64494102 
0.86000000 0.00000000 731.07992528 55452.85258645 
0.88000000 0.00000000 733.37559756 55444.62652587 
0.90000000 0.00000000 878.05674701 54902.72234972 
0.92000000 0.00000000 1174.93309933 54236.48661172 
0.94000000 0.00000000 740.21581293 55420.11078026 
0.96000000 0.00000000 742.46436247 55411.97065753 
0.98000000 0.00000000 688.64736417 55680.33207320 

