-1.00000000 0.00000000 -582.39887316 57923.23088114 
-0.98000000 0.00000000 -582.53704476 57926.28238789 
-0.96000000 0.00000000 -583.08774562 57927.40007951 
-0.94000000 0.00000000 -542.79582028 58065.73374879 
-0.92000000 0.00000000 -543.81145500 58064.47077066 
-0.90000000 0.00000000 -624.27816556 57807.35922986 
-0.88000000 0.00000000 -625.41770401 57804.95226276 
-0.86000000 0.00000000 -626.77961512 57801.70397742 
-0.84000000 0.00000000 -490.31575559 58273.76159747 
-0.82000000 0.00000000 -490.35024653 58274.83359026 
-0.80000000 0.00000000 -592.40719259 57907.00563852 
-0.78000000 0.00000000 -650.28573728 57737.58439253 
-0.76000000 0.00000000 -651.31015679 57735.11758819 
-0.74000000 0.00000000 -652.11151004 57733.24449025 
-0.72000000 0.00000000 -654.41853603 57727.27797209 
-0.70000000 0.00000000 -591.33143991 57912.54674748 
-0.68000000 0.00000000 -591.66862200 57911.64082410 
-0.66000000 0.00000000 -491.43027542 58276.74624151 
-0.64000000 0.00000000 -491.67014703 58275.35636861 
-0.62000000 0.00000000 -592.11991228 57909.41984195 
-0.60000000 0.00000000 -491.67148032 58272.93800100 
-0.58000000 0.00000000 -491.41010876 58272.00553991 
-0.56000000 0.00000000 -591.79389022 57907.37763036 
-0.54000000 0.00000000 -655.19195858 57721.60972076 
-0.52000000 0.00000000 -653.09372610 57726.12505229 
-0.50000000 0.00000000 -652.56216835 57726.42424434 
-0.48000000 0.00000000 -651.99968374 57726.84128561 
-0.46000000 0.00000000 -651.14241728 57728.12734781 
-0.44000000 0.00000000 -490.94906268 58254.82416772 
-0.42000000 0.00000000 -490.87609793 58253.16964036 
-0.40000000 0.00000000 -650.07316825 57728.79365321 
-0.38000000 0.00000000 -649.82093912 57729.06340713 
-0.36000000 0.00000000 -649.71789438 57729.08512181 
-0.34000000 0.00000000 -649.68065779 57729.05487179 
-0.32000000 0.00000000 -649.69554741 57728.97019023 
-0.30000000 0.00000000 -489.29055260 58255.64158839 
-0.28000000 0.00000000 -489.22873272 58255.88423137 
-0.26000000 0.00000000 -649.89622176 57728.25987260 
-0.24000000 0.00000000 -649.89386367 57727.96143677 
-0.22000000 0.00000000 -649.75768536 57727.75571504 
-0.20000000 0.00000000 -649.62654849 57727.16755212 
-0.18000000 0.00000000 -488.80159482 58250.56243950 
-0.16000000 0.00000000 -488.78332644 58246.32421995 
-0.14000000 0.00000000 -648.29349598 57724.64723417 
-0.12000000 0.00000000 -648.07370140 57721.77154660 
-0.10000000 0.00000000 -647.37887692 57719.27749603 
-0.08000000 0.00000000 -646.61133933 57716.03763310 
-0.06000000 0.00000000 -489.80023051 58195.53415701 
-0.04000000 0.00000000 -490.44125311 58178.29379902 
-0.02000000 0.00000000 -640.09268626 57711.47003261 
0.00000000 0.00000000 -640.28987649 57702.13705666 
0.02000000 0.00000000 -640.25616377 57692.85245707 
0.04000000 0.00000000 -641.06610738 57681.15526046 
0.06000000 0.00000000 -596.91437636 57783.25455417 
0.08000000 0.00000000 -627.93906402 57693.46542840 
0.10000000 0.00000000 -627.88592449 57683.79158823 
0.12000000 0.00000000 -629.24876350 57671.26718926 
0.14000000 0.00000000 -2395.41899776 56998.09243512 
0.16000000 0.00000000 -2308.65310602 56917.55961993 
0.18000000 0.00000000 -634.45211085 57635.46395146 
0.20000000 0.00000000 -635.43986189 57626.52511626 
0.22000000 0.00000000 -637.36736877 57615.93560136 
0.24000000 0.00000000 -639.50304683 57605.24874716 
0.26000000 0.00000000 -657.62969093 57560.59252205 
0.28000000 0.00000000 -660.02995233 57550.24636108 
0.30000000 0.00000000 -662.39277416 57540.30687784 
0.32000000 0.00000000 -664.71389143 57530.91848346 
0.34000000 0.00000000 -666.86030785 57522.54708145 
0.36000000 0.00000000 -668.35119915 57516.38027930 
0.38000000 0.00000000 -669.47333678 57512.03099806 
0.40000000 0.00000000 -2856.76351528 58958.42612874 
0.42000000 0.00000000 -2857.78297061 58952.84066955 
0.44000000 0.00000000 -668.72921358 57514.93577069 
0.46000000 0.00000000 -667.10913820 57521.23908599 
0.48000000 0.00000000 -665.08862436 57529.43709034 
0.50000000 0.00000000 -662.46687336 57539.73939181 
0.52000000 0.00000000 -659.58020361 57551.23904298 
0.54000000 0.00000000 -656.66703425 57563.23072579 
0.56000000 0.00000000 -653.83017339 57575.32851619 
0.58000000 0.00000000 -635.31690667 57622.10654507 
0.60000000 0.00000000 -632.74912838 57634.34101253 
0.62000000 0.00000000 -630.36796659 57646.34238462 
0.64000000 0.00000000 -628.05827347 57658.45705389 
0.66000000 0.00000000 -2130.04820785 56796.37869785 
0.68000000 0.00000000 -2184.95595503 56829.21115966 
0.70000000 0.00000000 -621.87423998 57695.74583349 
0.72000000 0.00000000 -619.95068259 57708.94451790 
0.74000000 0.00000000 -618.80094251 57720.73706233 
0.76000000 0.00000000 -616.99547914 57734.56363123 
0.78000000 0.00000000 -616.87284246 57744.31961414 
0.80000000 0.00000000 -615.49574023 57757.32910521 
0.82000000 0.00000000 -614.28408091 57769.79528326 
0.84000000 0.00000000 -613.44620937 57780.96477209 
0.86000000 0.00000000 -581.38992956 57880.62264437 
0.88000000 0.00000000 -580.81314939 57891.31110366 
0.90000000 0.00000000 -651.07377613 57703.15254824 
0.92000000 0.00000000 -768.47052975 57442.67292840 
0.94000000 0.00000000 -580.36085026 57914.81818502 
0.96000000 0.00000000 -580.58876606 57919.83159003 
0.98000000 0.00000000 -550.34709031 58023.81288522 

