-1.00000000 0.00000000 -1615.85426077 59140.38570361 
-0.98000000 0.00000000 -1616.57066392 59138.71922255 
-0.96000000 0.00000000 -1616.83154597 59137.59606757 
-0.94000000 0.00000000 -1646.07052877 59112.94679763 
-0.92000000 0.00000000 -1645.80888008 59112.44602026 
-0.90000000 0.00000000 -1590.29181655 59155.15287080 
-0.88000000 0.00000000 -1589.68393184 59155.27866945 
-0.86000000 0.00000000 -1588.88629655 59155.60302341 
-0.84000000 0.00000000 -1687.40090710 59071.94602990 
-0.82000000 0.00000000 -1687.59405675 59071.40455602 
-0.80000000 0.00000000 -1612.06615053 59138.32453553 
-0.78000000 0.00000000 -1574.09656974 59164.79729775 
-0.76000000 0.00000000 -1573.49086638 59165.08754203 
-0.74000000 0.00000000 -1573.02921546 59165.29236583 
-0.72000000 0.00000000 -1571.63378223 59166.09154186 
-0.70000000 0.00000000 -1613.17333520 59136.87246871 
-0.68000000 0.00000000 -1612.97028939 59136.99004815 
-0.66000000 0.00000000 -1687.99857530 59069.31736638 
-0.64000000 0.00000000 -1687.72291719 59069.72146407 
-0.62000000 0.00000000 -1612.47301764 59137.63096878 
-0.60000000 0.00000000 -1687.19786322 59070.93518433 
-0.58000000 0.00000000 -1686.96522456 59071.72531419 
-0.56000000 0.00000000 -1611.99798521 59138.91573186 
-0.54000000 0.00000000 -1570.34089826 59168.04269527 
-0.52000000 0.00000000 -1571.39376215 59167.73790558 
-0.50000000 0.00000000 -1571.47935688 59168.03252583 
-0.48000000 0.00000000 -1571.59452156 59168.29774470 
-0.46000000 0.00000000 -1571.91129400 59168.41567368 
-0.44000000 0.00000000 -1683.13431390 59080.74876210 
-0.42000000 0.00000000 -1682.77355973 59081.63982018 
-0.40000000 0.00000000 -1572.15663756 59168.94374718 
-0.38000000 0.00000000 -1572.26050255 59169.00746472 
-0.36000000 0.00000000 -1572.31396705 59169.05677708 
-0.34000000 0.00000000 -1572.36180433 59169.07369906 
-0.32000000 0.00000000 -1572.40293094 59169.07191178 
-0.30000000 0.00000000 -1683.37853816 59082.28918858 
-0.28000000 0.00000000 -1683.48730075 59082.24617442 
-0.26000000 0.00000000 -1572.44013851 59169.16585696 
-0.24000000 0.00000000 -1572.43372400 59169.30319384 
-0.22000000 0.00000000 -1572.43722594 59169.53000114 
-0.20000000 0.00000000 -1572.33320702 59169.95232385 
-0.18000000 0.00000000 -1682.44528248 59085.71810567 
-0.16000000 0.00000000 -1681.45767449 59088.01068414 
-0.14000000 0.00000000 -1571.62515163 59172.59541057 
-0.12000000 0.00000000 -1570.80827360 59174.31412068 
-0.10000000 0.00000000 -1569.99586378 59176.32675180 
-0.08000000 0.00000000 -1568.91826274 59178.80386239 
-0.06000000 0.00000000 -1668.74602875 59113.54464617 
-0.04000000 0.00000000 -1664.24666842 59121.71934092 
-0.02000000 0.00000000 -1566.16019256 59187.89704981 
0.00000000 0.00000000 -1563.25236412 59192.47698675 
0.02000000 0.00000000 -1560.25487022 59197.23191049 
0.04000000 0.00000000 -1556.64137735 59202.31149003 
0.06000000 0.00000000 -1577.54116241 59196.83442627 
0.08000000 0.00000000 -1557.03727012 59209.35635185 
0.10000000 0.00000000 -1553.72812046 59214.17307590 
0.12000000 0.00000000 -1549.82716243 59218.94278596 
0.14000000 0.00000000 -1165.01388479 58997.23171113 
0.16000000 0.00000000 -1174.24491386 59021.48338883 
0.18000000 0.00000000 -1538.74097901 59231.20685013 
0.20000000 0.00000000 -1535.73200559 59234.57400811 
0.22000000 0.00000000 -1532.37735018 59237.82892514 
0.24000000 0.00000000 -1528.98880079 59240.93183789 
0.26000000 0.00000000 -1518.48506638 59245.14773306 
0.28000000 0.00000000 -1515.15587553 59247.85840295 
0.30000000 0.00000000 -1511.93138068 59250.39687096 
0.32000000 0.00000000 -1508.88766815 59252.69792209 
0.34000000 0.00000000 -1506.18113415 59254.66725499 
0.36000000 0.00000000 -1504.12392617 59256.19034017 
0.38000000 0.00000000 -1502.69504603 59257.19623387 
0.40000000 0.00000000 -1132.80324107 58594.46377115 
0.42000000 0.00000000 -1132.64125514 58595.54735667 
0.44000000 0.00000000 -1503.59202024 59256.51631627 
0.46000000 0.00000000 -1505.62340584 59255.04600132 
0.48000000 0.00000000 -1508.29947455 59253.04430850 
0.50000000 0.00000000 -1511.60253015 59250.58596411 
0.52000000 0.00000000 -1515.27602923 59247.78403877 
0.54000000 0.00000000 -1519.10915822 59244.74893159 
0.56000000 0.00000000 -1522.96932352 59241.56909111 
0.58000000 0.00000000 -1534.07694991 59236.72309384 
0.60000000 0.00000000 -1537.90205625 59233.23238712 
0.62000000 0.00000000 -1541.62922415 59229.66851259 
0.64000000 0.00000000 -1545.34095057 59225.98166829 
0.66000000 0.00000000 -1194.06152943 59064.03438483 
0.68000000 0.00000000 -1187.56648856 59050.76987179 
0.70000000 0.00000000 -1556.59758851 59213.74109217 
0.72000000 0.00000000 -1560.52197778 59209.13857279 
0.74000000 0.00000000 -1564.14764640 59204.42970100 
0.76000000 0.00000000 -1568.19730457 59199.35960981 
0.78000000 0.00000000 -1571.33702806 59194.56264443 
0.80000000 0.00000000 -1575.12493188 59189.40778303 
0.82000000 0.00000000 -1578.72349856 59184.33186748 
0.84000000 0.00000000 -1581.95139761 59179.50323970 
0.86000000 0.00000000 -1604.19642762 59163.42815607 
0.88000000 0.00000000 -1607.15211043 59158.54530247 
0.90000000 0.00000000 -1566.19966213 59180.48358065 
0.92000000 0.00000000 -1505.09018677 59205.44437055 
0.94000000 0.00000000 -1613.51828496 59146.90656265 
0.96000000 0.00000000 -1614.84310083 59144.08450416 
0.98000000 0.00000000 -1637.03349756 59125.39292486 

