-1.00000000 0.00000000 2106.04208294 57999.63357845 
-0.98000000 0.00000000 2104.68432739 58001.66903322 
-0.96000000 0.00000000 2104.16205833 58003.10081533 
-0.94000000 0.00000000 2049.62586509 58029.77779301 
-0.92000000 0.00000000 2050.08030737 58030.47955765 
-0.90000000 0.00000000 2154.04293362 57987.39730543 
-0.88000000 0.00000000 2155.12222564 57987.44908290 
-0.86000000 0.00000000 2156.56624903 57987.29943832 
-0.84000000 0.00000000 1973.45789504 58079.00327070 
-0.82000000 0.00000000 1973.08717542 58079.70363402 
-0.80000000 0.00000000 2112.67707419 58003.46364452 
-0.78000000 0.00000000 2184.49892495 57980.38690849 
-0.76000000 0.00000000 2185.61768863 57980.24408554 
-0.74000000 0.00000000 2186.46889148 57980.15986206 
-0.72000000 0.00000000 2189.11160866 57979.64517811 
-0.70000000 0.00000000 2110.49587235 58005.16593366 
-0.68000000 0.00000000 2110.87158952 58005.06864439 
-0.66000000 0.00000000 1972.35171124 58082.43915008 
-0.64000000 0.00000000 1972.85179918 58081.93748700 
-0.62000000 0.00000000 2111.80845858 58004.34778685 
-0.60000000 0.00000000 1973.77900493 58080.41411956 
-0.58000000 0.00000000 1974.17397083 58079.41663352 
-0.56000000 0.00000000 2112.71874916 58002.73757978 
-0.54000000 0.00000000 2191.67137428 57977.48045556 
-0.52000000 0.00000000 2189.69038970 57977.44800088 
-0.50000000 0.00000000 2189.56210079 57976.99447621 
-0.48000000 0.00000000 2189.37868684 57976.56879885 
-0.46000000 0.00000000 2188.81003134 57976.26252811 
-0.44000000 0.00000000 1980.87376226 58068.01530440 
-0.42000000 0.00000000 1981.51319832 58066.88225109 
-0.40000000 0.00000000 2188.46161233 57975.40073642 
-0.38000000 0.00000000 2188.30719417 57975.26126050 
-0.36000000 0.00000000 2188.25232625 57975.16376764 
-0.34000000 0.00000000 2188.21182001 57975.11458388 
-0.32000000 0.00000000 2188.18819751 57975.09538332 
-0.30000000 0.00000000 1980.55047390 58065.97226270 
-0.28000000 0.00000000 1980.40807282 58066.01790206 
-0.26000000 0.00000000 2188.30542295 57974.94713497 
-0.24000000 0.00000000 2188.38459622 57974.76426493 
-0.22000000 0.00000000 2188.44263258 57974.45750686 
-0.20000000 0.00000000 2188.69963789 57973.93012544 
-0.18000000 0.00000000 1982.41011130 58061.72049443 
-0.16000000 0.00000000 1984.13043058 58058.89524074 
-0.14000000 0.00000000 2190.12628775 57970.64897575 
-0.12000000 0.00000000 2191.65565185 57968.65303412 
-0.10000000 0.00000000 2193.12958510 57966.25522140 
-0.08000000 0.00000000 2195.05747789 57963.32982882 
-0.06000000 0.00000000 2005.65471004 58027.46417756 
-0.04000000 0.00000000 2013.19266804 58017.40570848 
-0.02000000 0.00000000 2199.48080844 57952.03907573 
0.00000000 0.00000000 2204.66199396 57946.94166278 
0.02000000 0.00000000 2209.95853511 57941.62723455 
0.04000000 0.00000000 2216.41875798 57936.11568444 
0.06000000 0.00000000 2174.48602520 57935.40865573 
0.08000000 0.00000000 2214.11221349 57926.00624406 
0.10000000 0.00000000 2219.85494518 57920.62949547 
0.12000000 0.00000000 2226.80596198 57915.57715130 
0.14000000 0.00000000 2810.31332193 58971.09407153 
0.16000000 0.00000000 2818.69144038 58899.63177262 
0.18000000 0.00000000 2246.66483248 57903.08577098 
0.20000000 0.00000000 2251.94024619 57899.63075412 
0.22000000 0.00000000 2257.92681099 57896.51644969 
0.24000000 0.00000000 2263.97767505 57893.64551896 
0.26000000 0.00000000 2284.78635156 57893.16578780 
0.28000000 0.00000000 2290.75870024 57890.93125198 
0.30000000 0.00000000 2296.53860573 57888.90227531 
0.32000000 0.00000000 2302.00524293 57887.13827396 
0.34000000 0.00000000 2306.87868352 57885.69394760 
0.36000000 0.00000000 2310.55332078 57884.55306290 
0.38000000 0.00000000 2313.11868893 57883.84275993 
0.40000000 0.00000000 2435.92571889 59758.15756062 
0.42000000 0.00000000 2437.20974128 59756.90987122 
0.44000000 0.00000000 2311.45989324 57884.33207392 
0.46000000 0.00000000 2307.78394918 57885.38696521 
0.48000000 0.00000000 2302.97005830 57886.88879656 
0.50000000 0.00000000 2297.01053525 57888.73110484 
0.52000000 0.00000000 2290.39252953 57890.89701727 
0.54000000 0.00000000 2283.50629712 57893.34005943 
0.56000000 0.00000000 2276.58473415 57895.99730835 
0.58000000 0.00000000 2254.73914113 57897.22513472 
0.60000000 0.00000000 2247.91193088 57900.46289267 
0.62000000 0.00000000 2241.25679410 57903.86050189 
0.64000000 0.00000000 2234.61125289 57907.44825795 
0.66000000 0.00000000 2824.17791177 58762.29944482 
0.68000000 0.00000000 2823.48217783 58804.87589073 
0.70000000 0.00000000 2214.42435915 57919.88706806 
0.72000000 0.00000000 2207.38016647 57924.71353063 
0.74000000 0.00000000 2200.94495890 57929.81893687 
0.76000000 0.00000000 2193.67574471 57935.25763839 
0.78000000 0.00000000 2188.18846905 57940.67454240 
0.80000000 0.00000000 2181.40223927 57946.33150732 
0.82000000 0.00000000 2174.95148692 57951.95196283 
0.84000000 0.00000000 2169.17325249 57957.36886563 
0.86000000 0.00000000 2126.85209223 57972.14791635 
0.88000000 0.00000000 2121.61931804 57977.84161309 
0.90000000 0.00000000 2200.45046886 57962.09214043 
0.92000000 0.00000000 2320.09500195 57961.28912731 
0.94000000 0.00000000 2110.26641874 57991.59911330 
0.96000000 0.00000000 2107.87267121 57994.99576270 
0.98000000 0.00000000 2066.35471744 58014.99912921 

