-1.00000000 0.00000000 -1805.72853058 55440.38979413 
-0.98000000 0.00000000 -1804.28893410 55442.15572672 
-0.96000000 0.00000000 -1806.42653733 55443.79414728 
-0.94000000 0.00000000 -1482.15553188 55465.76843590 
-0.92000000 0.00000000 -1488.44595611 55465.64746860 
-0.90000000 0.00000000 -2117.58012888 55503.85802892 
-0.88000000 0.00000000 -2125.08985956 55506.63097358 
-0.86000000 0.00000000 -2134.38312581 55509.89607946 
-0.84000000 0.00000000 -1056.04006505 55636.53296419 
-0.82000000 0.00000000 -1055.35694332 55637.48077131 
-0.80000000 0.00000000 -1871.04404232 55454.06461992 
-0.78000000 0.00000000 -2301.41181954 55575.09183402 
-0.76000000 0.00000000 -2308.23503363 55578.38612115 
-0.74000000 0.00000000 -2313.53507041 55581.00949955 
-0.72000000 0.00000000 -2329.32942705 55588.60407032 
-0.70000000 0.00000000 -1860.80373571 55454.07437391 
-0.68000000 0.00000000 -1863.34090980 55454.44012292 
-0.66000000 0.00000000 -1059.45133427 55638.04731392 
-0.64000000 0.00000000 -1061.64451233 55636.55577687 
-0.62000000 0.00000000 -1867.51083314 55454.48611468 
-0.60000000 0.00000000 -1063.32584343 55634.45276013 
-0.58000000 0.00000000 -1062.62396063 55633.94947480 
-0.56000000 0.00000000 -1867.17398303 55452.77333551 
-0.54000000 0.00000000 -2337.21465156 55590.04061075 
-0.52000000 0.00000000 -2323.46758632 55582.73804024 
-0.50000000 0.00000000 -2320.56831130 55580.63418257 
-0.48000000 0.00000000 -2317.43812946 55578.45455245 
-0.46000000 0.00000000 -2312.21462692 55575.36541020 
-0.44000000 0.00000000 -1071.58149022 55619.61289931 
-0.42000000 0.00000000 -1072.34369982 55618.25796252 
-0.40000000 0.00000000 -2306.56396363 55571.36725739 
-0.38000000 0.00000000 -2305.24765553 55570.52644777 
-0.36000000 0.00000000 -2304.90434473 55570.23830960 
-0.34000000 0.00000000 -2304.97106069 55570.22646030 
-0.32000000 0.00000000 -2305.37616069 55570.43239098 
-0.30000000 0.00000000 -1063.64721229 55621.98462577 
-0.28000000 0.00000000 -1063.47210407 55622.20510984 
-0.26000000 0.00000000 -2307.82585101 55571.62663612 
-0.24000000 0.00000000 -2308.32082054 55571.72052979 
-0.22000000 0.00000000 -2308.02256370 55571.27214185 
-0.20000000 0.00000000 -2307.93026822 55570.66703771 
-0.18000000 0.00000000 -1066.03304295 55617.91203655 
-0.16000000 0.00000000 -1068.71945317 55614.31849883 
-0.14000000 0.00000000 -2302.40756381 55564.18357544 
-0.12000000 0.00000000 -2302.61395730 55561.94150295 
-0.10000000 0.00000000 -2299.74827074 55557.66891129 
-0.08000000 0.00000000 -2296.58484610 55552.58612346 
-0.06000000 0.00000000 -1102.74389601 55571.45644189 
-0.04000000 0.00000000 -1114.91525526 55557.07294372 
-0.02000000 0.00000000 -2258.37845218 55520.66533367 
0.00000000 0.00000000 -2262.18463277 55515.93731017 
0.02000000 0.00000000 -2264.17933074 55509.96679062 
0.04000000 0.00000000 -2271.74513292 55506.09534723 
0.06000000 0.00000000 -1955.61429558 55398.85348003 
0.08000000 0.00000000 -2182.74412116 55455.37291353 
0.10000000 0.00000000 -2183.30566628 55448.28363382 
0.12000000 0.00000000 -2193.36441776 55445.07515643 
0.14000000 0.00000000 -2119.22972517 61390.31991868 
0.16000000 0.00000000 -2235.49333606 61296.54251382 
0.18000000 0.00000000 -2228.17359285 55440.28581761 
0.20000000 0.00000000 -2233.57003382 55437.03849076 
0.22000000 0.00000000 -2244.97035313 55436.58918565 
0.24000000 0.00000000 -2257.30181290 55436.80128517 
0.26000000 0.00000000 -2376.57249021 55489.49556643 
0.28000000 0.00000000 -2389.31572713 55491.46837765 
0.30000000 0.00000000 -2401.57974026 55493.50013596 
0.32000000 0.00000000 -2413.52866973 55495.81966416 
0.34000000 0.00000000 -2424.53231722 55498.26405660 
0.36000000 0.00000000 -2431.74974495 55499.39269295 
0.38000000 0.00000000 -2437.29370028 55500.58784479 
0.40000000 0.00000000 -918.91724816 61939.29658770 
0.42000000 0.00000000 -921.10488350 61939.01002744 
0.44000000 0.00000000 -2433.16704611 55499.44951365 
0.46000000 0.00000000 -2424.82452482 55497.50356196 
0.48000000 0.00000000 -2414.55688118 55495.51792681 
0.50000000 0.00000000 -2400.78456401 55492.43604980 
0.52000000 0.00000000 -2385.40194938 55489.15218652 
0.54000000 0.00000000 -2369.71977980 55486.19094068 
0.56000000 0.00000000 -2354.22265596 55483.63570129 
0.58000000 0.00000000 -2231.49043752 55432.21778951 
0.60000000 0.00000000 -2216.16000804 55431.42388506 
0.62000000 0.00000000 -2201.52260145 55431.06938338 
0.64000000 0.00000000 -2186.76262240 55430.88218552 
0.66000000 0.00000000 -2473.14293071 61074.00090335 
0.68000000 0.00000000 -2399.00297506 61146.37320481 
0.70000000 0.00000000 -2144.04167797 55432.90821097 
0.72000000 0.00000000 -2129.58548812 55434.31702555 
0.74000000 0.00000000 -2120.12175359 55437.71077521 
0.76000000 0.00000000 -2105.40389198 55439.66865282 
0.78000000 0.00000000 -2102.39033951 55445.36270149 
0.80000000 0.00000000 -2089.85602385 55448.10292971 
0.82000000 0.00000000 -2078.14554994 55450.99245697 
0.84000000 0.00000000 -2068.88698741 55454.34536078 
0.86000000 0.00000000 -1823.22283355 55415.37960684 
0.88000000 0.00000000 -1814.62465565 55420.05215999 
0.90000000 0.00000000 -2328.87465150 55567.02724751 
0.92000000 0.00000000 -3004.16743260 56126.18563611 
0.94000000 0.00000000 -1799.29403105 55431.80735320 
0.96000000 0.00000000 -1797.58030874 55434.90471080 
0.98000000 0.00000000 -1554.22535700 55446.19451632 

