-1.00000000 0.00000000 -1236.66179233 58740.75891671 
-0.98000000 0.00000000 -1237.04663090 58741.84677980 
-0.96000000 0.00000000 -1237.44411653 58742.34669505 
-0.94000000 0.00000000 -1231.31599891 58777.77019404 
-0.92000000 0.00000000 -1231.71776489 58777.60635181 
-0.90000000 0.00000000 -1244.99261936 58710.96011648 
-0.88000000 0.00000000 -1245.30935815 58710.28613227 
-0.86000000 0.00000000 -1245.64074258 58709.37271104 
-0.84000000 0.00000000 -1224.60130311 58828.81330194 
-0.82000000 0.00000000 -1224.72265504 58829.12979925 
-0.80000000 0.00000000 -1240.06100505 58737.18100692 
-0.78000000 0.00000000 -1250.00414738 58691.88739155 
-0.76000000 0.00000000 -1250.22763743 58691.18352246 
-0.74000000 0.00000000 -1250.40634374 58690.64996855 
-0.72000000 0.00000000 -1250.84712468 58689.00955260 
-0.70000000 0.00000000 -1240.09912496 58738.62432401 
-0.68000000 0.00000000 -1240.16583932 58738.38755721 
-0.66000000 0.00000000 -1225.38253219 58830.01942515 
-0.64000000 0.00000000 -1225.37322365 58829.64945613 
-0.62000000 0.00000000 -1240.15432218 58737.73656426 
-0.60000000 0.00000000 -1225.16229607 58828.83898214 
-0.58000000 0.00000000 -1224.95895750 58828.41983112 
-0.56000000 0.00000000 -1239.81205903 58736.97786678 
-0.54000000 0.00000000 -1250.61279650 58687.26408816 
-0.52000000 0.00000000 -1250.12532447 58688.44518696 
-0.50000000 0.00000000 -1249.91697289 58688.48249646 
-0.48000000 0.00000000 -1249.70574067 58688.55713646 
-0.46000000 0.00000000 -1249.44797627 58688.87453371 
-0.44000000 0.00000000 -1223.33858618 58822.47575681 
-0.42000000 0.00000000 -1223.16475495 58821.90883661 
-0.40000000 0.00000000 -1249.01299774 58689.04548384 
-0.38000000 0.00000000 -1248.91216586 58689.14819939 
-0.36000000 0.00000000 -1248.84900742 58689.20056581 
-0.34000000 0.00000000 -1248.80547282 58689.25364703 
-0.32000000 0.00000000 -1248.77502787 58689.30367244 
-0.30000000 0.00000000 -1222.48657512 58822.38575902 
-0.28000000 0.00000000 -1222.43104557 58822.51114105 
-0.26000000 0.00000000 -1248.67997640 58689.34514021 
-0.24000000 0.00000000 -1248.60334424 58689.31849004 
-0.22000000 0.00000000 -1248.47386219 58689.28440475 
-0.20000000 0.00000000 -1248.30842099 58689.09702512 
-0.18000000 0.00000000 -1221.47809740 58820.69045763 
-0.16000000 0.00000000 -1221.05243337 58819.17232386 
-0.14000000 0.00000000 -1247.34347561 58687.83313581 
-0.12000000 0.00000000 -1246.94247932 58686.62597890 
-0.10000000 0.00000000 -1246.38803042 58685.36185055 
-0.08000000 0.00000000 -1245.75451789 58683.72161958 
-0.06000000 0.00000000 -1217.28237585 58800.54284987 
-0.04000000 0.00000000 -1216.28200745 58794.15951159 
-0.02000000 0.00000000 -1242.72135210 58678.95392487 
0.00000000 0.00000000 -1242.09156761 58674.95313199 
0.02000000 0.00000000 -1241.41548059 58670.82261150 
0.04000000 0.00000000 -1240.92218237 58665.97707041 
0.06000000 0.00000000 -1231.54310105 58689.04384184 
0.08000000 0.00000000 -1237.09237903 58664.96285071 
0.10000000 0.00000000 -1236.54398399 58660.49753206 
0.12000000 0.00000000 -1236.34785830 58655.41616810 
0.14000000 0.00000000 -1582.92963978 58318.05775514 
0.16000000 0.00000000 -1563.71456766 58316.57670556 
0.18000000 0.00000000 -1236.39728768 58641.21018584 
0.20000000 0.00000000 -1236.38658820 58637.33379304 
0.22000000 0.00000000 -1236.62813653 58633.10508359 
0.24000000 0.00000000 -1236.96727231 58628.86167200 
0.26000000 0.00000000 -1240.70464400 58616.80211498 
0.28000000 0.00000000 -1241.20333570 58612.67411276 
0.30000000 0.00000000 -1241.73113839 58608.68602936 
0.32000000 0.00000000 -1242.27718729 58604.93499108 
0.34000000 0.00000000 -1242.80107545 58601.61065715 
0.36000000 0.00000000 -1243.18712249 58599.07444684 
0.38000000 0.00000000 -1243.48213287 58597.32180702 
0.40000000 0.00000000 -1786.08498226 58537.00081520 
0.42000000 0.00000000 -1785.83166827 58536.05978361 
0.44000000 0.00000000 -1243.33657484 58598.42332415 
0.46000000 0.00000000 -1242.94613565 58600.91687445 
0.48000000 0.00000000 -1242.46066555 58604.21372379 
0.50000000 0.00000000 -1241.85209659 58608.27594671 
0.52000000 0.00000000 -1241.20571013 58612.80197984 
0.54000000 0.00000000 -1240.58379197 58617.54073183 
0.56000000 0.00000000 -1240.01702291 58622.33023220 
0.58000000 0.00000000 -1236.23565194 58635.14683703 
0.60000000 0.00000000 -1235.83272713 58639.93215398 
0.62000000 0.00000000 -1235.52151313 58644.61829067 
0.64000000 0.00000000 -1235.28050013 58649.30318302 
0.66000000 0.00000000 -1528.06951805 58319.30888319 
0.68000000 0.00000000 -1539.61554050 58317.85199071 
0.70000000 0.00000000 -1235.06432891 58663.67725541 
0.72000000 0.00000000 -1235.14303107 58668.74477550 
0.74000000 0.00000000 -1235.43638510 58673.51670537 
0.76000000 0.00000000 -1235.65452604 58678.80576297 
0.78000000 0.00000000 -1236.25064954 58683.08299620 
0.80000000 0.00000000 -1236.63682975 58688.11289411 
0.82000000 0.00000000 -1237.08009568 58692.92749859 
0.84000000 0.00000000 -1237.60490636 58697.30252244 
0.86000000 0.00000000 -1232.37083035 58723.82238847 
0.88000000 0.00000000 -1233.00068593 58727.91793371 
0.90000000 0.00000000 -1246.50923754 58680.54198901 
0.92000000 0.00000000 -1269.61878615 58610.35982415 
0.94000000 0.00000000 -1234.87374793 58736.97314301 
0.96000000 0.00000000 -1235.45507056 58738.93958704 
0.98000000 0.00000000 -1230.94878346 58765.81609111 

