-1.00000000 0.00000000 1762.13060952 60323.30147611 
-0.98000000 0.00000000 1764.44870043 60322.84574204 
-0.96000000 0.00000000 1765.73157954 60322.08498224 
-0.94000000 0.00000000 1829.44708620 60357.50176551 
-0.92000000 0.00000000 1829.47588186 60356.33870369 
-0.90000000 0.00000000 1714.96844225 60284.54572526 
-0.88000000 0.00000000 1714.17187021 60283.48283735 
-0.86000000 0.00000000 1712.96079162 60282.23411398 
-0.84000000 0.00000000 1932.47140343 60399.99670912 
-0.82000000 0.00000000 1933.31349345 60399.76916447 
-0.80000000 0.00000000 1759.06680449 60313.06348260 
-0.78000000 0.00000000 1686.45124611 60260.99820401 
-0.76000000 0.00000000 1685.50476272 60260.07316409 
-0.74000000 0.00000000 1684.80207175 60259.34748921 
-0.72000000 0.00000000 1682.40031788 60257.26330216 
-0.70000000 0.00000000 1762.05232807 60313.88202730 
-0.68000000 0.00000000 1761.68881788 60313.57078755 
-0.66000000 0.00000000 1935.85764914 60397.83708204 
-0.64000000 0.00000000 1935.04698461 60397.72744559 
-0.62000000 0.00000000 1760.48716206 60313.24484431 
-0.60000000 0.00000000 1933.19598119 60398.17042654 
-0.58000000 0.00000000 1932.20455524 60398.74002966 
-0.56000000 0.00000000 1758.76788435 60313.81180680 
-0.54000000 0.00000000 1679.08975733 60256.74370784 
-0.52000000 0.00000000 1680.64845701 60258.69064858 
-0.50000000 0.00000000 1680.46941353 60259.22071743 
-0.48000000 0.00000000 1680.34874831 60259.77618486 
-0.46000000 0.00000000 1680.60609075 60260.59479779 
-0.44000000 0.00000000 1918.63227329 60402.47760914 
-0.42000000 0.00000000 1917.30330907 60402.86422471 
-0.40000000 0.00000000 1680.30216936 60261.63726091 
-0.38000000 0.00000000 1680.31152097 60261.87071057 
-0.36000000 0.00000000 1680.26173677 60261.95917074 
-0.34000000 0.00000000 1680.22531385 60261.97997510 
-0.32000000 0.00000000 1680.19008709 60261.94778924 
-0.30000000 0.00000000 1917.55228248 60404.72646049 
-0.28000000 0.00000000 1917.67664156 60404.75717511 
-0.26000000 0.00000000 1679.87915832 60261.71051288 
-0.24000000 0.00000000 1679.67494507 60261.71112815 
-0.22000000 0.00000000 1679.42830959 60261.85266156 
-0.20000000 0.00000000 1678.91333455 60262.01720410 
-0.18000000 0.00000000 1913.06725861 60406.30400239 
-0.16000000 0.00000000 1909.75348705 60407.08908646 
-0.14000000 0.00000000 1676.06167984 60263.62017745 
-0.12000000 0.00000000 1673.84261780 60264.05929450 
-0.10000000 0.00000000 1671.50636166 60265.00102425 
-0.08000000 0.00000000 1668.57921950 60266.07812641 
-0.06000000 0.00000000 1871.64682349 60414.15352925 
-0.04000000 0.00000000 1859.14730944 60415.87225895 
-0.02000000 0.00000000 1659.98442874 60273.64700287 
0.00000000 0.00000000 1653.54027673 60274.02977202 
0.02000000 0.00000000 1646.95721538 60274.63419045 
0.04000000 0.00000000 1639.38546907 60274.41256375 
0.06000000 0.00000000 1673.99187586 60318.18533964 
0.08000000 0.00000000 1637.19349820 60288.22821942 
0.10000000 0.00000000 1630.35729167 60288.77866742 
0.12000000 0.00000000 1622.71447469 60287.87713385 
0.14000000 0.00000000 1245.72623894 59053.59303466 
0.16000000 0.00000000 1247.73339279 59113.84745442 
0.18000000 0.00000000 1601.96082502 60283.77854895 
0.20000000 0.00000000 1596.50166406 60283.10048139 
0.22000000 0.00000000 1590.65644626 60281.47844181 
0.24000000 0.00000000 1584.90580867 60279.64528608 
0.26000000 0.00000000 1568.47442168 60261.98573645 
0.28000000 0.00000000 1563.14856248 60259.88808433 
0.30000000 0.00000000 1558.07852618 60257.81532258 
0.32000000 0.00000000 1553.36446964 60255.76193449 
0.34000000 0.00000000 1549.22547084 60253.84834504 
0.36000000 0.00000000 1546.10537033 60252.53627747 
0.38000000 0.00000000 1543.96141870 60251.53680541 
0.40000000 0.00000000 1319.38267358 58146.21063316 
0.42000000 0.00000000 1318.90098661 58148.64537078 
0.44000000 0.00000000 1545.38017214 60252.22769437 
0.46000000 0.00000000 1548.48245331 60253.68613266 
0.48000000 0.00000000 1552.59221009 60255.48331557 
0.50000000 0.00000000 1557.69757896 60257.82290916 
0.52000000 0.00000000 1563.43579394 60260.38437288 
0.54000000 0.00000000 1569.50562968 60262.94418077 
0.56000000 0.00000000 1575.71811173 60265.41209165 
0.58000000 0.00000000 1593.29107784 60283.40667919 
0.60000000 0.00000000 1599.79589677 60285.60211437 
0.62000000 0.00000000 1606.28651631 60287.61035696 
0.64000000 0.00000000 1612.90625965 60289.54349715 
0.66000000 0.00000000 1255.58409508 59230.02400305 
0.68000000 0.00000000 1253.37289946 59195.03948732 
0.70000000 0.00000000 1633.99708310 60294.49393091 
0.72000000 0.00000000 1641.67719832 60295.93560428 
0.74000000 0.00000000 1649.02791413 60296.56480498 
0.76000000 0.00000000 1657.26741644 60297.78739034 
0.78000000 0.00000000 1664.07560316 60297.31841237 
0.80000000 0.00000000 1672.13201072 60298.03680239 
0.82000000 0.00000000 1679.96068351 60298.56612378 
0.84000000 0.00000000 1687.20176813 60298.72444362 
0.86000000 0.00000000 1730.32754135 60328.64616135 
0.88000000 0.00000000 1737.55192577 60328.35375728 
0.90000000 0.00000000 1663.21876879 60261.82946107 
0.92000000 0.00000000 1566.65082055 60155.44545841 
0.94000000 0.00000000 1754.20730348 60326.61788052 
0.96000000 0.00000000 1758.04984975 60325.84039771 
0.98000000 0.00000000 1805.81386617 60352.74469616 

