-1.00000000 0.00000000 -1236.98901428 58343.55982989 
-0.98000000 0.00000000 -1236.64921607 58345.47422944 
-0.96000000 0.00000000 -1236.68301358 58346.63550085 
-0.94000000 0.00000000 -1209.31330182 58386.11261638 
-0.92000000 0.00000000 -1209.76809327 58386.39970795 
-0.90000000 0.00000000 -1263.15367636 58314.97033451 
-0.88000000 0.00000000 -1263.84319110 58314.51010900 
-0.86000000 0.00000000 -1264.70000307 58313.75652756 
-0.84000000 0.00000000 -1172.46480032 58446.77937259 
-0.82000000 0.00000000 -1172.38585575 58447.36918890 
-0.80000000 0.00000000 -1242.13089493 58343.21714296 
-0.78000000 0.00000000 -1279.73016644 58296.64896686 
-0.76000000 0.00000000 -1280.37219143 58296.03402539 
-0.74000000 0.00000000 -1280.86688612 58295.58079664 
-0.72000000 0.00000000 -1282.31175555 58294.02927294 
-0.70000000 0.00000000 -1241.23995946 58345.21094911 
-0.68000000 0.00000000 -1241.44687288 58344.98617877 
-0.66000000 0.00000000 -1172.48564483 58449.43006537 
-0.64000000 0.00000000 -1172.69581427 58448.91796406 
-0.62000000 0.00000000 -1241.84473468 58344.11576437 
-0.60000000 0.00000000 -1172.97126316 58447.56454586 
-0.58000000 0.00000000 -1173.02190660 58446.75037629 
-0.56000000 0.00000000 -1242.01454077 58342.67778783 
-0.54000000 0.00000000 -1283.25791462 58291.46184781 
-0.52000000 0.00000000 -1282.06921752 58292.35779636 
-0.50000000 0.00000000 -1281.86942019 58292.13115390 
-0.48000000 0.00000000 -1281.64329959 58291.94847906 
-0.46000000 0.00000000 -1281.21886188 58292.01999745 
-0.44000000 0.00000000 -1174.95194082 58436.71377150 
-0.42000000 0.00000000 -1175.12125336 58435.72878120 
-0.40000000 0.00000000 -1280.75518251 58291.65347450 
-0.38000000 0.00000000 -1280.61187829 58291.64594577 
-0.36000000 0.00000000 -1280.53587022 58291.62087029 
-0.34000000 0.00000000 -1280.47824859 58291.62128839 
-0.32000000 0.00000000 -1280.43582376 58291.63406696 
-0.30000000 0.00000000 -1174.25394364 58435.49457372 
-0.28000000 0.00000000 -1174.14712895 58435.58581634 
-0.26000000 0.00000000 -1280.38517539 58291.52792487 
-0.24000000 0.00000000 -1280.35679542 58291.38529638 
-0.22000000 0.00000000 -1280.28617652 58291.16871972 
-0.20000000 0.00000000 -1280.28139465 58290.71282835 
-0.18000000 0.00000000 -1174.41065599 58431.97115603 
-0.16000000 0.00000000 -1174.90900265 58429.42885922 
-0.14000000 0.00000000 -1280.27812234 58287.88902823 
-0.12000000 0.00000000 -1280.69989540 58285.85394267 
-0.10000000 0.00000000 -1281.00908147 58283.56538312 
-0.08000000 0.00000000 -1281.47701392 58280.70690293 
-0.06000000 0.00000000 -1182.18524312 58400.10783343 
-0.04000000 0.00000000 -1184.93523164 58390.43731109 
-0.02000000 0.00000000 -1281.64386133 58270.99323345 
0.00000000 0.00000000 -1283.58200563 58265.15452019 
0.02000000 0.00000000 -1285.55100567 58259.10276971 
0.04000000 0.00000000 -1288.15043184 58252.37164212 
0.06000000 0.00000000 -1264.18672676 58270.56020352 
0.08000000 0.00000000 -1284.94811428 58246.48648186 
0.10000000 0.00000000 -1287.21276751 58240.17112275 
0.12000000 0.00000000 -1290.22341794 58233.50879812 
0.14000000 0.00000000 -1868.48193744 58409.52127795 
0.16000000 0.00000000 -1852.73484536 58371.35334130 
0.18000000 0.00000000 -1299.22574872 58215.67684629 
0.20000000 0.00000000 -1301.63126227 58210.80518682 
0.22000000 0.00000000 -1304.51107750 58205.81012666 
0.24000000 0.00000000 -1307.48839475 58200.92861942 
0.26000000 0.00000000 -1319.05671489 58190.48795789 
0.28000000 0.00000000 -1322.12074379 58185.99396134 
0.30000000 0.00000000 -1325.12106273 58181.71870963 
0.32000000 0.00000000 -1327.99143013 58177.76678876 
0.34000000 0.00000000 -1330.57556974 58174.32004277 
0.36000000 0.00000000 -1332.52569995 58171.67778168 
0.38000000 0.00000000 -1333.90239048 58169.88844017 
0.40000000 0.00000000 -1864.10699215 59041.47822238 
0.42000000 0.00000000 -1864.62232903 59039.95920345 
0.44000000 0.00000000 -1333.05023293 58171.06033785 
0.46000000 0.00000000 -1331.10467549 58173.64275550 
0.48000000 0.00000000 -1328.57097653 58177.09969499 
0.50000000 0.00000000 -1325.43665393 58181.35427621 
0.52000000 0.00000000 -1321.97855827 58186.14367927 
0.54000000 0.00000000 -1318.41550066 58191.23695301 
0.56000000 0.00000000 -1314.87567337 58196.47288187 
0.58000000 0.00000000 -1302.82059249 58207.84507944 
0.60000000 0.00000000 -1299.45191464 58213.33235350 
0.62000000 0.00000000 -1296.22764477 58218.82181816 
0.64000000 0.00000000 -1293.06279297 58224.41048024 
0.66000000 0.00000000 -1817.80100139 58306.11321723 
0.68000000 0.00000000 -1829.35006476 58325.99124805 
0.70000000 0.00000000 -1283.82454562 58242.28437627 
0.72000000 0.00000000 -1280.71223801 58248.80292564 
0.74000000 0.00000000 -1278.00157246 58255.21633370 
0.76000000 0.00000000 -1274.88571479 58262.21050374 
0.78000000 0.00000000 -1272.78412887 58268.37782271 
0.80000000 0.00000000 -1269.99418474 58275.26657164 
0.82000000 0.00000000 -1267.39355244 58281.96119508 
0.84000000 0.00000000 -1265.14539568 58288.20229968 
0.86000000 0.00000000 -1243.49364011 58316.25716376 
0.88000000 0.00000000 -1241.56419086 58322.33358125 
0.90000000 0.00000000 -1284.26337799 58277.49663576 
0.92000000 0.00000000 -1352.04654294 58218.31377244 
0.94000000 0.00000000 -1237.71671225 58336.40317226 
0.96000000 0.00000000 -1237.03032770 58339.68704219 
0.98000000 0.00000000 -1216.29295437 58369.72059788 

