-1.00000000 0.00000000 2393.97945060 58699.53790873 
-0.98000000 0.00000000 2393.31133973 58699.00305892 
-0.96000000 0.00000000 2392.81235150 58698.91116096 
-0.94000000 0.00000000 2387.14720763 58668.91706208 
-0.92000000 0.00000000 2386.85259722 58669.32023042 
-0.90000000 0.00000000 2395.54313836 58727.12318415 
-0.88000000 0.00000000 2395.46473262 58727.84228142 
-0.86000000 0.00000000 2395.44290307 58728.74776114 
-0.84000000 0.00000000 2376.22720390 58627.73834141 
-0.82000000 0.00000000 2376.01945689 58627.60571162 
-0.80000000 0.00000000 2392.11329194 58704.53279447 
-0.78000000 0.00000000 2396.63925360 58744.62888252 
-0.76000000 0.00000000 2396.64426527 58745.30381315 
-0.74000000 0.00000000 2396.63987902 58745.82167896 
-0.72000000 0.00000000 2396.71724353 58747.33359933 
-0.70000000 0.00000000 2391.65494173 58703.51400886 
-0.68000000 0.00000000 2391.66898190 58703.73343565 
-0.66000000 0.00000000 2375.16701751 58627.45690971 
-0.64000000 0.00000000 2375.30089173 58627.71100370 
-0.62000000 0.00000000 2391.87631837 58704.20253763 
-0.60000000 0.00000000 2375.75745808 58628.13320886 
-0.58000000 0.00000000 2376.07446685 58628.28529544 
-0.56000000 0.00000000 2392.40311864 58704.52544049 
-0.54000000 0.00000000 2397.41629451 58748.47146122 
-0.52000000 0.00000000 2397.51125338 58747.26995412 
-0.50000000 0.00000000 2397.68298978 58747.10219359 
-0.48000000 0.00000000 2397.84652618 58746.90445196 
-0.46000000 0.00000000 2397.98224551 58746.49526770 
-0.44000000 0.00000000 2379.47009433 58631.35097441 
-0.42000000 0.00000000 2379.80860493 58631.62931914 
-0.40000000 0.00000000 2398.31108861 58746.06825146 
-0.38000000 0.00000000 2398.36848614 58745.91971275 
-0.36000000 0.00000000 2398.40677534 58745.83267188 
-0.34000000 0.00000000 2398.42743717 58745.75725041 
-0.32000000 0.00000000 2398.43734505 58745.69196512 
-0.30000000 0.00000000 2380.21576678 58630.78144142 
-0.28000000 0.00000000 2380.21848232 58630.64480847 
-0.26000000 0.00000000 2398.50159312 58745.57120084 
-0.24000000 0.00000000 2398.57482176 58745.53140067 
-0.22000000 0.00000000 2398.69753846 58745.46322621 
-0.20000000 0.00000000 2398.89657008 58745.48722620 
-0.18000000 0.00000000 2381.65558640 58631.23321182 
-0.16000000 0.00000000 2382.54077226 58632.01489290 
-0.14000000 0.00000000 2400.11667782 58745.79554214 
-0.12000000 0.00000000 2400.82060561 58746.44377133 
-0.10000000 0.00000000 2401.67874125 58747.04320862 
-0.08000000 0.00000000 2402.71546099 58747.88254255 
-0.06000000 0.00000000 2392.09856144 58642.86153769 
-0.04000000 0.00000000 2395.09260801 58646.84789741 
-0.02000000 0.00000000 2406.79721636 58749.62940941 
0.00000000 0.00000000 2408.49682524 58752.29623602 
0.02000000 0.00000000 2410.26860210 58755.04779843 
0.04000000 0.00000000 2412.06951858 58758.47067391 
0.06000000 0.00000000 2413.93843587 58735.18750275 
0.08000000 0.00000000 2415.78980229 58756.99748489 
0.10000000 0.00000000 2417.52297203 58760.13199578 
0.12000000 0.00000000 2419.10231996 58763.96240390 
0.14000000 0.00000000 2203.92414891 59194.22772158 
0.16000000 0.00000000 2218.71490055 59185.85073132 
0.18000000 0.00000000 2422.93232104 58775.09265602 
0.20000000 0.00000000 2423.98691400 58778.14189012 
0.22000000 0.00000000 2424.90379983 58781.62152753 
0.24000000 0.00000000 2425.72995857 58785.17963216 
0.26000000 0.00000000 2425.54945205 58796.78494137 
0.28000000 0.00000000 2426.17397891 58800.36214033 
0.30000000 0.00000000 2426.72845726 58803.85148074 
0.32000000 0.00000000 2427.19855116 58807.16627050 
0.34000000 0.00000000 2427.57370068 58810.12967354 
0.36000000 0.00000000 2427.86833447 58812.38765445 
0.38000000 0.00000000 2428.04477364 58813.96437736 
0.40000000 0.00000000 2023.34274575 59174.89657687 
0.42000000 0.00000000 2023.68640198 59175.24251475 
0.44000000 0.00000000 2427.89723355 58813.00321983 
0.46000000 0.00000000 2427.61762008 58810.78185238 
0.48000000 0.00000000 2427.21606376 58807.86214911 
0.50000000 0.00000000 2426.72351091 58804.26402214 
0.52000000 0.00000000 2426.13722414 58800.27791190 
0.54000000 0.00000000 2425.46393117 58796.14139217 
0.56000000 0.00000000 2424.71738181 58792.00337760 
0.58000000 0.00000000 2424.70697261 58779.77876020 
0.60000000 0.00000000 2423.77910016 58775.76121748 
0.62000000 0.00000000 2422.78653519 58771.88739677 
0.64000000 0.00000000 2421.72292539 58768.06894902 
0.66000000 0.00000000 2245.46790232 59166.86994003 
0.68000000 0.00000000 2236.71120297 59173.44414033 
0.70000000 0.00000000 2417.94181234 58756.74152174 
0.72000000 0.00000000 2416.45288145 58752.86746169 
0.74000000 0.00000000 2414.84593052 58749.36186463 
0.76000000 0.00000000 2413.15136929 58745.42897492 
0.78000000 0.00000000 2411.39742507 58742.51246683 
0.80000000 0.00000000 2409.60885398 58738.90960775 
0.82000000 0.00000000 2407.82267822 58735.52130255 
0.84000000 0.00000000 2406.08367678 58732.53188632 
0.86000000 0.00000000 2402.91623725 58709.29509851 
0.88000000 0.00000000 2401.12009176 58706.63630337 
0.90000000 0.00000000 2402.92985169 58750.73381090 
0.92000000 0.00000000 2401.21377099 58818.06628057 
0.94000000 0.00000000 2396.70944077 58701.13045531 
0.96000000 0.00000000 2395.59650148 58700.06482806 
0.98000000 0.00000000 2391.24575561 58677.33103681 

