-1.00000000 0.00000000 314.70532053 63759.46560086 
-0.98000000 0.00000000 314.70532053 63759.46560086 
-0.96000000 0.00000000 314.70532058 63759.46560086 
-0.94000000 0.00000000 314.70531300 63759.46560067 
-0.92000000 0.00000000 314.70531319 63759.46560068 
-0.90000000 0.00000000 314.70532555 63759.46560098 
-0.88000000 0.00000000 314.70532561 63759.46560099 
-0.86000000 0.00000000 314.70532570 63759.46560099 
-0.84000000 0.00000000 314.70529515 63759.46560022 
-0.82000000 0.00000000 314.70529510 63759.46560022 
-0.80000000 0.00000000 314.70532154 63759.46560088 
-0.78000000 0.00000000 314.70532765 63759.46560104 
-0.76000000 0.00000000 314.70532769 63759.46560104 
-0.74000000 0.00000000 314.70532772 63759.46560104 
-0.72000000 0.00000000 314.70532787 63759.46560104 
-0.70000000 0.00000000 314.70532121 63759.46560088 
-0.68000000 0.00000000 314.70532123 63759.46560088 
-0.66000000 0.00000000 314.70529535 63759.46560023 
-0.64000000 0.00000000 314.70529546 63759.46560023 
-0.62000000 0.00000000 314.70532126 63759.46560088 
-0.60000000 0.00000000 314.70529545 63759.46560023 
-0.58000000 0.00000000 314.70529533 63759.46560023 
-0.56000000 0.00000000 314.70532122 63759.46560088 
-0.54000000 0.00000000 314.70532788 63759.46560104 
-0.52000000 0.00000000 314.70532773 63759.46560104 
-0.50000000 0.00000000 314.70532771 63759.46560104 
-0.48000000 0.00000000 314.70532768 63759.46560104 
-0.46000000 0.00000000 314.70532763 63759.46560104 
-0.44000000 0.00000000 314.70529517 63759.46560022 
-0.42000000 0.00000000 314.70529514 63759.46560022 
-0.40000000 0.00000000 314.70532758 63759.46560104 
-0.38000000 0.00000000 314.70532757 63759.46560104 
-0.36000000 0.00000000 314.70532757 63759.46560104 
-0.34000000 0.00000000 314.70532757 63759.46560104 
-0.32000000 0.00000000 314.70532757 63759.46560104 
-0.30000000 0.00000000 314.70529451 63759.46560021 
-0.28000000 0.00000000 314.70529452 63759.46560021 
-0.26000000 0.00000000 314.70532758 63759.46560104 
-0.24000000 0.00000000 314.70532758 63759.46560104 
-0.22000000 0.00000000 314.70532757 63759.46560104 
-0.20000000 0.00000000 314.70532756 63759.46560104 
-0.18000000 0.00000000 314.70529443 63759.46560020 
-0.16000000 0.00000000 314.70529441 63759.46560020 
-0.14000000 0.00000000 314.70532744 63759.46560103 
-0.12000000 0.00000000 314.70532741 63759.46560103 
-0.10000000 0.00000000 314.70532732 63759.46560103 
-0.08000000 0.00000000 314.70532722 63759.46560103 
-0.06000000 0.00000000 314.70529414 63759.46560020 
-0.04000000 0.00000000 314.70529406 63759.46560020 
-0.02000000 0.00000000 314.70532639 63759.46560101 
0.00000000 0.00000000 314.70532628 63759.46560100 
0.02000000 0.00000000 314.70532612 63759.46560100 
0.04000000 0.00000000 314.70532602 63759.46560100 
0.06000000 0.00000000 314.70532037 63759.46560085 
0.08000000 0.00000000 314.70532417 63759.46560095 
0.10000000 0.00000000 314.70532390 63759.46560094 
0.12000000 0.00000000 314.70532380 63759.46560094 
0.14000000 0.00000000 314.70534734 63759.46560154 
0.16000000 0.00000000 314.70534728 63759.46560154 
0.18000000 0.00000000 314.70532362 63759.46560094 
0.20000000 0.00000000 314.70532347 63759.46560093 
0.22000000 0.00000000 314.70532342 63759.46560093 
0.24000000 0.00000000 314.70532339 63759.46560093 
0.26000000 0.00000000 314.70532519 63759.46560098 
0.28000000 0.00000000 314.70532516 63759.46560098 
0.30000000 0.00000000 314.70532513 63759.46560097 
0.32000000 0.00000000 314.70532511 63759.46560097 
0.34000000 0.00000000 314.70532510 63759.46560097 
0.36000000 0.00000000 314.70532507 63759.46560097 
0.38000000 0.00000000 314.70532505 63759.46560097 
0.40000000 0.00000000 314.70534889 63759.46560158 
0.42000000 0.00000000 314.70534889 63759.46560158 
0.44000000 0.00000000 314.70532505 63759.46560097 
0.46000000 0.00000000 314.70532506 63759.46560097 
0.48000000 0.00000000 314.70532509 63759.46560097 
0.50000000 0.00000000 314.70532511 63759.46560097 
0.52000000 0.00000000 314.70532512 63759.46560097 
0.54000000 0.00000000 314.70532513 63759.46560097 
0.56000000 0.00000000 314.70532516 63759.46560097 
0.58000000 0.00000000 314.70532334 63759.46560093 
0.60000000 0.00000000 314.70532336 63759.46560093 
0.62000000 0.00000000 314.70532339 63759.46560093 
0.64000000 0.00000000 314.70532341 63759.46560093 
0.66000000 0.00000000 314.70534711 63759.46560153 
0.68000000 0.00000000 314.70534718 63759.46560153 
0.70000000 0.00000000 314.70532351 63759.46560093 
0.72000000 0.00000000 314.70532355 63759.46560093 
0.74000000 0.00000000 314.70532369 63759.46560094 
0.76000000 0.00000000 314.70532373 63759.46560094 
0.78000000 0.00000000 314.70532397 63759.46560094 
0.80000000 0.00000000 314.70532403 63759.46560095 
0.82000000 0.00000000 314.70532409 63759.46560095 
0.84000000 0.00000000 314.70532417 63759.46560095 
0.86000000 0.00000000 314.70531991 63759.46560084 
0.88000000 0.00000000 314.70531998 63759.46560084 
0.90000000 0.00000000 314.70532826 63759.46560106 
0.92000000 0.00000000 314.70533507 63759.46560123 
0.94000000 0.00000000 314.70532019 63759.46560085 
0.96000000 0.00000000 314.70532025 63759.46560085 
0.98000000 0.00000000 314.70531476 63759.46560071 

