-1.00000000 0.00000000 1508.85481423 56181.28515239 
-0.98000000 0.00000000 1508.78190966 56183.39137493 
-0.96000000 0.00000000 1510.22862809 56183.29545589 
-0.94000000 0.00000000 1367.76737288 56378.60448394 
-0.92000000 0.00000000 1370.79345635 56375.30424553 
-0.90000000 0.00000000 1657.59309846 56028.26366465 
-0.88000000 0.00000000 1661.47174526 56025.10769939 
-0.86000000 0.00000000 1666.19758143 56021.06369238 
-0.84000000 0.00000000 1187.42523201 56704.55502286 
-0.82000000 0.00000000 1187.25680675 56705.59412356 
-0.80000000 0.00000000 1541.28625395 56151.87625529 
-0.78000000 0.00000000 1751.49274143 55948.01772494 
-0.76000000 0.00000000 1755.15389085 55945.28216597 
-0.74000000 0.00000000 1758.01940869 55943.19310026 
-0.72000000 0.00000000 1766.43359102 55936.72771521 
-0.70000000 0.00000000 1536.98021646 56158.21803751 
-0.68000000 0.00000000 1538.17414918 56156.95215517 
-0.66000000 0.00000000 1189.64302288 56704.55683094 
-0.64000000 0.00000000 1190.52768815 56702.51521730 
-0.62000000 0.00000000 1539.93092206 56154.47508951 
-0.60000000 0.00000000 1190.97568150 56700.19682262 
-0.58000000 0.00000000 1190.45891964 56700.08232879 
-0.56000000 0.00000000 1539.17431787 56153.45716697 
-0.54000000 0.00000000 1769.62062113 55931.97191707 
-0.52000000 0.00000000 1762.02968590 55937.18895294 
-0.50000000 0.00000000 1760.18963647 55937.90418089 
-0.48000000 0.00000000 1758.23996053 55938.73352120 
-0.46000000 0.00000000 1755.21315029 55940.47580040 
-0.44000000 0.00000000 1192.15905314 56685.16552214 
-0.42000000 0.00000000 1192.26656204 56683.78830446 
-0.40000000 0.00000000 1751.64851861 55941.91232780 
-0.38000000 0.00000000 1750.84997268 55942.30763271 
-0.36000000 0.00000000 1750.60466058 55942.36727400 
-0.34000000 0.00000000 1750.61029919 55942.31535646 
-0.32000000 0.00000000 1750.81967513 55942.16481271 
-0.30000000 0.00000000 1188.18882725 56690.21643721 
-0.28000000 0.00000000 1188.13172553 56690.46891947 
-0.26000000 0.00000000 1752.11962167 55941.21219741 
-0.24000000 0.00000000 1752.33597800 55940.92989728 
-0.22000000 0.00000000 1752.07817320 55940.86560794 
-0.20000000 0.00000000 1751.84688601 55940.55274308 
-0.18000000 0.00000000 1188.68632756 56686.19579180 
-0.16000000 0.00000000 1189.44781555 56682.35019580 
-0.14000000 0.00000000 1747.67299781 55940.34746429 
-0.12000000 0.00000000 1747.03120350 55938.76281285 
-0.10000000 0.00000000 1744.58463759 55938.05526737 
-0.08000000 0.00000000 1741.77424311 55937.02942385 
-0.06000000 0.00000000 1199.45071906 56635.50010380 
-0.04000000 0.00000000 1203.13020545 56619.41911517 
-0.02000000 0.00000000 1717.25837242 55943.26539395 
0.00000000 0.00000000 1717.26421816 55937.51020812 
0.02000000 0.00000000 1716.20148409 55932.20425139 
0.04000000 0.00000000 1717.91256139 55924.35164216 
0.06000000 0.00000000 1561.17116193 56061.80401224 
0.08000000 0.00000000 1668.43280823 55952.29308147 
0.10000000 0.00000000 1666.59567584 55947.14621087 
0.12000000 0.00000000 1669.59603642 55938.11869258 
0.14000000 0.00000000 4083.67088576 59773.09667387 
0.16000000 0.00000000 4165.76591736 59534.98104191 
0.18000000 0.00000000 1681.79071274 55910.85795627 
0.20000000 0.00000000 1682.99932505 55904.86840871 
0.22000000 0.00000000 1687.33842307 55896.56893672 
0.24000000 0.00000000 1692.23083445 55888.01998234 
0.26000000 0.00000000 1752.86289276 55837.71593649 
0.28000000 0.00000000 1758.31951629 55829.56793472 
0.30000000 0.00000000 1763.60626470 55821.76979638 
0.32000000 0.00000000 1768.84568731 55814.36016061 
0.34000000 0.00000000 1773.74950228 55807.70866967 
0.36000000 0.00000000 1776.83428035 55803.00440305 
0.38000000 0.00000000 1779.29138691 55799.60212168 
0.40000000 0.00000000 2565.18337048 61676.78437679 
0.42000000 0.00000000 2568.84286054 61674.55276567 
0.44000000 0.00000000 1777.39743350 55801.95204355 
0.46000000 0.00000000 1773.65746054 55806.94782746 
0.48000000 0.00000000 1769.15840769 55813.34683940 
0.50000000 0.00000000 1762.99999349 55821.59968283 
0.52000000 0.00000000 1756.15129375 55830.85942491 
0.54000000 0.00000000 1749.26064618 55840.49040844 
0.56000000 0.00000000 1742.54137926 55850.18769946 
0.58000000 0.00000000 1680.73136326 55902.94792246 
0.60000000 0.00000000 1674.44282555 55913.08668650 
0.62000000 0.00000000 1668.54640574 55922.97295097 
0.64000000 0.00000000 1662.65116913 55932.98338900 
0.66000000 0.00000000 4287.71775627 59026.57786497 
0.68000000 0.00000000 4255.34471560 59186.84832392 
0.70000000 0.00000000 1646.31152324 55963.27465417 
0.72000000 0.00000000 1640.97954059 55973.87611936 
0.74000000 0.00000000 1638.18567657 55982.44396101 
0.76000000 0.00000000 1632.88926359 55993.48394428 
0.78000000 0.00000000 1633.32455198 55999.28260009 
0.80000000 0.00000000 1629.11383250 56009.34788380 
0.82000000 0.00000000 1625.26682564 56018.93981489 
0.84000000 0.00000000 1622.53484540 56027.21788492 
0.86000000 0.00000000 1509.28280224 56153.46104162 
0.88000000 0.00000000 1506.85281603 56161.79702613 
0.90000000 0.00000000 1758.28152569 55922.97538165 
0.92000000 0.00000000 2189.92160217 55704.69731554 
0.94000000 0.00000000 1503.51548427 56179.04339761 
0.96000000 0.00000000 1503.67300223 56182.22674377 
0.98000000 0.00000000 1396.79361548 56326.60403527 

