-1.00000000 0.00000000 1424.68521798 57731.90443642 
-0.98000000 0.00000000 1424.47891541 57735.08300752 
-0.96000000 0.00000000 1424.91363100 57736.36223236 
-0.94000000 0.00000000 1368.64280298 57870.01239846 
-0.92000000 0.00000000 1369.81006668 57868.93066285 
-0.90000000 0.00000000 1481.02045440 57622.61536287 
-0.88000000 0.00000000 1482.47619264 57620.41425365 
-0.86000000 0.00000000 1484.26127906 57617.40375397 
-0.84000000 0.00000000 1294.12495768 58074.21813385 
-0.82000000 0.00000000 1294.05511412 58075.33683021 
-0.80000000 0.00000000 1436.75495590 57717.49356500 
-0.78000000 0.00000000 1516.18449218 57557.38463833 
-0.76000000 0.00000000 1517.54231111 57555.10848861 
-0.74000000 0.00000000 1518.59805542 57553.38614604 
-0.72000000 0.00000000 1521.70850631 57547.84644903 
-0.70000000 0.00000000 1435.02857534 57722.94073170 
-0.68000000 0.00000000 1435.47727803 57722.08588039 
-0.66000000 0.00000000 1294.96797980 58077.54981858 
-0.64000000 0.00000000 1295.34734312 58076.15688119 
-0.62000000 0.00000000 1436.19168399 57719.90336858 
-0.60000000 0.00000000 1295.58561066 58073.64354866 
-0.58000000 0.00000000 1295.41186455 58072.61791966 
-0.56000000 0.00000000 1436.08623411 57717.72371182 
-0.54000000 0.00000000 1523.19992541 57542.23526413 
-0.52000000 0.00000000 1520.47980645 57546.33831118 
-0.50000000 0.00000000 1519.89341052 57546.51402626 
-0.48000000 0.00000000 1519.26072274 57546.80296661 
-0.46000000 0.00000000 1518.21770006 57547.90896721 
-0.44000000 0.00000000 1296.62300903 58054.66041724 
-0.42000000 0.00000000 1296.71100284 58052.92617378 
-0.40000000 0.00000000 1517.03126170 57548.33257442 
-0.38000000 0.00000000 1516.73819306 57548.54903839 
-0.36000000 0.00000000 1516.62981121 57548.54876697 
-0.34000000 0.00000000 1516.59614793 57548.51189822 
-0.32000000 0.00000000 1516.62342557 57548.43247201 
-0.30000000 0.00000000 1294.86613852 58055.16974816 
-0.28000000 0.00000000 1294.78269460 58055.41276653 
-0.26000000 0.00000000 1516.92568345 57547.76595922 
-0.24000000 0.00000000 1516.96410567 57547.46279836 
-0.22000000 0.00000000 1516.85415702 57547.22041662 
-0.20000000 0.00000000 1516.79743452 57546.58590381 
-0.18000000 0.00000000 1294.90534720 58049.80038749 
-0.16000000 0.00000000 1295.31550801 58045.38803086 
-0.14000000 0.00000000 1515.75959465 57543.65783953 
-0.12000000 0.00000000 1515.89820731 57540.64389161 
-0.10000000 0.00000000 1515.50172680 57537.89698696 
-0.08000000 0.00000000 1515.12319988 57534.36137922 
-0.06000000 0.00000000 1301.46801819 57992.74587821 
-0.04000000 0.00000000 1303.86281608 57974.94089835 
-0.02000000 0.00000000 1509.00470654 57527.93821579 
0.00000000 0.00000000 1510.36924383 57518.36956239 
0.02000000 0.00000000 1511.48999817 57508.78779598 
0.04000000 0.00000000 1513.78138293 57496.94220547 
0.06000000 0.00000000 1455.86404937 57590.77309117 
0.08000000 0.00000000 1498.69138730 57506.12814249 
0.10000000 0.00000000 1499.81823006 57496.12116473 
0.12000000 0.00000000 1502.76140127 57483.54742505 
0.14000000 0.00000000 3405.60135515 57589.93406301 
0.16000000 0.00000000 3341.74633749 57464.19487534 
0.18000000 0.00000000 1512.54301427 57447.93819561 
0.20000000 0.00000000 1514.65820696 57438.94921680 
0.22000000 0.00000000 1517.95691090 57428.50789266 
0.24000000 0.00000000 1521.48672617 57418.01977492 
0.26000000 0.00000000 1546.00375437 57376.93512948 
0.28000000 0.00000000 1549.79884154 57366.88961686 
0.30000000 0.00000000 1553.50814856 57357.25560298 
0.32000000 0.00000000 1557.10977544 57348.18347588 
0.34000000 0.00000000 1560.40557355 57340.11853971 
0.36000000 0.00000000 1562.73900934 57334.15021706 
0.38000000 0.00000000 1564.45983012 57329.96236432 
0.40000000 0.00000000 3384.40676330 59699.35243953 
0.42000000 0.00000000 3386.40470450 59694.56272930 
0.44000000 0.00000000 1563.30442506 57332.75141857 
0.46000000 0.00000000 1560.81055858 57338.81743259 
0.48000000 0.00000000 1557.66276787 57346.73605072 
0.50000000 0.00000000 1553.62498371 57356.66558206 
0.52000000 0.00000000 1549.16650203 57367.76500237 
0.54000000 0.00000000 1544.62644416 57379.37187885 
0.56000000 0.00000000 1540.16008390 57391.11403857 
0.58000000 0.00000000 1515.02011470 57434.32576587 
0.60000000 0.00000000 1510.85702685 57446.30669373 
0.62000000 0.00000000 1506.92074374 57458.09517366 
0.64000000 0.00000000 1503.04791287 57470.01640409 
0.66000000 0.00000000 3196.06508458 57248.31768590 
0.68000000 0.00000000 3242.30020932 57310.28939594 
0.70000000 0.00000000 1492.10494617 57506.93408524 
0.72000000 0.00000000 1488.51319354 57520.06554126 
0.74000000 0.00000000 1485.89577559 57531.94758201 
0.76000000 0.00000000 1482.35795910 57545.75593676 
0.78000000 0.00000000 1481.05134211 57555.80023790 
0.80000000 0.00000000 1478.06119729 57568.87477362 
0.82000000 0.00000000 1475.31158701 57581.43105598 
0.84000000 0.00000000 1473.10624380 57592.74442746 
0.86000000 0.00000000 1428.54254661 57687.63928663 
0.88000000 0.00000000 1426.72314498 57698.55035003 
0.90000000 0.00000000 1521.29735142 57522.31571448 
0.92000000 0.00000000 1677.32010238 57288.05173872 
0.94000000 0.00000000 1423.56696744 57722.73578855 
0.96000000 0.00000000 1423.22704038 57727.96787964 
0.98000000 0.00000000 1380.84571370 57828.36025990 

