-1.00000000 0.00000000 314.74252793 63755.77565434 
-0.98000000 0.00000000 314.74252793 63755.77565434 
-0.96000000 0.00000000 314.74252790 63755.77565434 
-0.94000000 0.00000000 314.74253350 63755.77565449 
-0.92000000 0.00000000 314.74253336 63755.77565448 
-0.90000000 0.00000000 314.74252423 63755.77565425 
-0.88000000 0.00000000 314.74252418 63755.77565425 
-0.86000000 0.00000000 314.74252412 63755.77565425 
-0.84000000 0.00000000 314.74254670 63755.77565482 
-0.82000000 0.00000000 314.74254673 63755.77565482 
-0.80000000 0.00000000 314.74252720 63755.77565432 
-0.78000000 0.00000000 314.74252268 63755.77565421 
-0.76000000 0.00000000 314.74252265 63755.77565421 
-0.74000000 0.00000000 314.74252263 63755.77565421 
-0.72000000 0.00000000 314.74252252 63755.77565421 
-0.70000000 0.00000000 314.74252744 63755.77565433 
-0.68000000 0.00000000 314.74252742 63755.77565433 
-0.66000000 0.00000000 314.74254655 63755.77565481 
-0.64000000 0.00000000 314.74254647 63755.77565481 
-0.62000000 0.00000000 314.74252741 63755.77565433 
-0.60000000 0.00000000 314.74254648 63755.77565481 
-0.58000000 0.00000000 314.74254656 63755.77565481 
-0.56000000 0.00000000 314.74252744 63755.77565433 
-0.54000000 0.00000000 314.74252251 63755.77565421 
-0.52000000 0.00000000 314.74252262 63755.77565421 
-0.50000000 0.00000000 314.74252264 63755.77565421 
-0.48000000 0.00000000 314.74252266 63755.77565421 
-0.46000000 0.00000000 314.74252270 63755.77565421 
-0.44000000 0.00000000 314.74254668 63755.77565482 
-0.42000000 0.00000000 314.74254670 63755.77565482 
-0.40000000 0.00000000 314.74252273 63755.77565421 
-0.38000000 0.00000000 314.74252274 63755.77565421 
-0.36000000 0.00000000 314.74252274 63755.77565421 
-0.34000000 0.00000000 314.74252274 63755.77565421 
-0.32000000 0.00000000 314.74252274 63755.77565421 
-0.30000000 0.00000000 314.74254716 63755.77565483 
-0.28000000 0.00000000 314.74254716 63755.77565483 
-0.26000000 0.00000000 314.74252273 63755.77565421 
-0.24000000 0.00000000 314.74252273 63755.77565421 
-0.22000000 0.00000000 314.74252274 63755.77565421 
-0.20000000 0.00000000 314.74252274 63755.77565421 
-0.18000000 0.00000000 314.74254722 63755.77565483 
-0.16000000 0.00000000 314.74254724 63755.77565483 
-0.14000000 0.00000000 314.74252283 63755.77565421 
-0.12000000 0.00000000 314.74252286 63755.77565422 
-0.10000000 0.00000000 314.74252292 63755.77565422 
-0.08000000 0.00000000 314.74252299 63755.77565422 
-0.06000000 0.00000000 314.74254744 63755.77565484 
-0.04000000 0.00000000 314.74254750 63755.77565484 
-0.02000000 0.00000000 314.74252360 63755.77565423 
0.00000000 0.00000000 314.74252368 63755.77565424 
0.02000000 0.00000000 314.74252380 63755.77565424 
0.04000000 0.00000000 314.74252387 63755.77565424 
0.06000000 0.00000000 314.74252804 63755.77565435 
0.08000000 0.00000000 314.74252523 63755.77565428 
0.10000000 0.00000000 314.74252543 63755.77565428 
0.12000000 0.00000000 314.74252550 63755.77565428 
0.14000000 0.00000000 314.74250811 63755.77565385 
0.16000000 0.00000000 314.74250815 63755.77565385 
0.18000000 0.00000000 314.74252563 63755.77565428 
0.20000000 0.00000000 314.74252574 63755.77565429 
0.22000000 0.00000000 314.74252578 63755.77565429 
0.24000000 0.00000000 314.74252580 63755.77565429 
0.26000000 0.00000000 314.74252447 63755.77565426 
0.28000000 0.00000000 314.74252449 63755.77565426 
0.30000000 0.00000000 314.74252451 63755.77565426 
0.32000000 0.00000000 314.74252453 63755.77565426 
0.34000000 0.00000000 314.74252454 63755.77565426 
0.36000000 0.00000000 314.74252456 63755.77565426 
0.38000000 0.00000000 314.74252457 63755.77565426 
0.40000000 0.00000000 314.74250695 63755.77565382 
0.42000000 0.00000000 314.74250696 63755.77565382 
0.44000000 0.00000000 314.74252457 63755.77565426 
0.46000000 0.00000000 314.74252456 63755.77565426 
0.48000000 0.00000000 314.74252454 63755.77565426 
0.50000000 0.00000000 314.74252453 63755.77565426 
0.52000000 0.00000000 314.74252453 63755.77565426 
0.54000000 0.00000000 314.74252451 63755.77565426 
0.56000000 0.00000000 314.74252450 63755.77565426 
0.58000000 0.00000000 314.74252584 63755.77565429 
0.60000000 0.00000000 314.74252582 63755.77565429 
0.62000000 0.00000000 314.74252580 63755.77565429 
0.64000000 0.00000000 314.74252579 63755.77565429 
0.66000000 0.00000000 314.74250827 63755.77565385 
0.68000000 0.00000000 314.74250823 63755.77565385 
0.70000000 0.00000000 314.74252572 63755.77565429 
0.72000000 0.00000000 314.74252568 63755.77565429 
0.74000000 0.00000000 314.74252559 63755.77565428 
0.76000000 0.00000000 314.74252555 63755.77565428 
0.78000000 0.00000000 314.74252538 63755.77565428 
0.80000000 0.00000000 314.74252533 63755.77565428 
0.82000000 0.00000000 314.74252529 63755.77565428 
0.84000000 0.00000000 314.74252523 63755.77565428 
0.86000000 0.00000000 314.74252838 63755.77565435 
0.88000000 0.00000000 314.74252833 63755.77565435 
0.90000000 0.00000000 314.74252221 63755.77565421 
0.92000000 0.00000000 314.74251719 63755.77565408 
0.94000000 0.00000000 314.74252818 63755.77565435 
0.96000000 0.00000000 314.74252814 63755.77565435 
0.98000000 0.00000000 314.74253220 63755.77565445 

