-1.00000000 0.00000000 318.49428181 63814.29899122 
-0.98000000 0.00000000 318.48731237 63814.29882336 
-0.96000000 0.00000000 318.47328776 63814.29848478 
-0.94000000 0.00000000 319.56337382 63814.32473637 
-0.92000000 0.00000000 319.52974658 63814.32393070 
-0.90000000 0.00000000 317.73631233 63814.28060234 
-0.88000000 0.00000000 317.72159768 63814.28024468 
-0.86000000 0.00000000 317.70403315 63814.27981755 
-0.84000000 0.00000000 322.11836184 63814.38531981 
-0.82000000 0.00000000 322.11966909 63814.38535072 
-0.80000000 0.00000000 318.29230736 63814.29410720 
-0.78000000 0.00000000 317.40366974 63814.27249690 
-0.76000000 0.00000000 317.39327150 63814.27224351 
-0.74000000 0.00000000 317.38538537 63814.27205141 
-0.72000000 0.00000000 317.35986309 63814.27142866 
-0.70000000 0.00000000 318.31993427 63814.29477833 
-0.68000000 0.00000000 318.31400288 63814.29463490 
-0.66000000 0.00000000 322.05546703 63814.38384631 
-0.64000000 0.00000000 322.03947919 63814.38347119 
-0.62000000 0.00000000 318.30775677 63814.29448383 
-0.60000000 0.00000000 322.04090598 63814.38350458 
-0.58000000 0.00000000 322.06000107 63814.38395251 
-0.56000000 0.00000000 318.31847773 63814.29474293 
-0.54000000 0.00000000 317.35846995 63814.27139448 
-0.52000000 0.00000000 317.38349827 63814.27200514 
-0.50000000 0.00000000 317.39036046 63814.27217222 
-0.48000000 0.00000000 317.39755642 63814.27234746 
-0.46000000 0.00000000 317.40823065 63814.27260762 
-0.44000000 0.00000000 322.10662056 63814.38504450 
-0.42000000 0.00000000 322.11230632 63814.38517769 
-0.40000000 0.00000000 317.42162096 63814.27293364 
-0.38000000 0.00000000 317.42448656 63814.27300347 
-0.36000000 0.00000000 317.42535807 63814.27302470 
-0.34000000 0.00000000 317.42525557 63814.27302222 
-0.32000000 0.00000000 317.42437694 63814.27300085 
-0.30000000 0.00000000 322.20442029 63814.38733704 
-0.28000000 0.00000000 322.20321440 63814.38730884 
-0.26000000 0.00000000 317.41967264 63814.27288634 
-0.24000000 0.00000000 317.41926774 63814.27287652 
-0.22000000 0.00000000 317.42093628 63814.27291725 
-0.20000000 0.00000000 317.42329356 63814.27297470 
-0.18000000 0.00000000 322.21693603 63814.38763033 
-0.16000000 0.00000000 322.22293063 63814.38777063 
-0.14000000 0.00000000 317.44958675 63814.27361544 
-0.12000000 0.00000000 317.45960643 63814.27385935 
-0.10000000 0.00000000 317.47831070 63814.27431494 
-0.08000000 0.00000000 317.50128105 63814.27487437 
-0.06000000 0.00000000 322.29498185 63814.38945627 
-0.04000000 0.00000000 322.31700179 63814.38997120 
-0.02000000 0.00000000 317.65172073 63814.27853792 
0.00000000 0.00000000 317.67929018 63814.27920812 
0.02000000 0.00000000 317.71407487 63814.28005380 
0.04000000 0.00000000 317.74018912 63814.28068818 
0.06000000 0.00000000 318.56926530 63814.30079838 
0.08000000 0.00000000 318.03190974 63814.28777803 
0.10000000 0.00000000 318.08098969 63814.28896843 
0.12000000 0.00000000 318.10582036 63814.28957004 
0.14000000 0.00000000 314.71006763 63814.20598916 
0.16000000 0.00000000 314.72643919 63814.20639666 
0.18000000 0.00000000 318.15441932 63814.29074677 
0.20000000 0.00000000 318.18227116 63814.29142175 
0.22000000 0.00000000 318.19377766 63814.29170032 
0.24000000 0.00000000 318.20242437 63814.29190959 
0.26000000 0.00000000 317.94621606 63814.28568984 
0.28000000 0.00000000 317.95257267 63814.28584401 
0.30000000 0.00000000 317.95907583 63814.28600179 
0.32000000 0.00000000 317.96404933 63814.28612242 
0.34000000 0.00000000 317.96727020 63814.28620051 
0.36000000 0.00000000 317.97362298 63814.28635473 
0.38000000 0.00000000 317.97625239 63814.28641852 
0.40000000 0.00000000 314.52838947 63814.20144543 
0.42000000 0.00000000 314.52866167 63814.20145224 
0.44000000 0.00000000 317.97649987 63814.28642455 
0.46000000 0.00000000 317.97413675 63814.28636723 
0.48000000 0.00000000 317.96866025 63814.28623430 
0.50000000 0.00000000 317.96570606 63814.28616267 
0.52000000 0.00000000 317.96273662 63814.28609070 
0.54000000 0.00000000 317.95847047 63814.28598723 
0.56000000 0.00000000 317.95321680 63814.28585977 
0.58000000 0.00000000 318.21368089 63814.29218223 
0.60000000 0.00000000 318.20866036 63814.29206073 
0.62000000 0.00000000 318.20254019 63814.29191259 
0.64000000 0.00000000 318.19693780 63814.29177704 
0.66000000 0.00000000 314.76533972 63814.20736545 
0.68000000 0.00000000 314.75206875 63814.20703489 
0.70000000 0.00000000 318.17107008 63814.29115091 
0.72000000 0.00000000 318.16007557 63814.29088476 
0.74000000 0.00000000 318.13531204 63814.29028461 
0.76000000 0.00000000 318.12308316 63814.28998857 
0.78000000 0.00000000 318.08244991 63814.28900318 
0.80000000 0.00000000 318.06644775 63814.28861551 
0.82000000 0.00000000 318.05052874 63814.28822986 
0.84000000 0.00000000 318.03168846 63814.28777325 
0.86000000 0.00000000 318.64020130 63814.30251288 
0.88000000 0.00000000 318.62190928 63814.30207177 
0.90000000 0.00000000 317.41556598 63814.27277627 
0.92000000 0.00000000 316.42361006 63814.24846586 
0.94000000 0.00000000 318.56785717 63814.30076795 
0.96000000 0.00000000 318.54998006 63814.30033659 
0.98000000 0.00000000 319.33699962 63814.31930221 

