-1.00000000 0.00000000 2482.75361759 58637.60937476 
-0.98000000 0.00000000 2481.84849421 58636.66475445 
-0.96000000 0.00000000 2481.17771483 58636.39112326 
-0.94000000 0.00000000 2472.64017521 58592.02769317 
-0.92000000 0.00000000 2472.25189652 58592.52156759 
-0.90000000 0.00000000 2485.34647587 58677.67364792 
-0.88000000 0.00000000 2485.24815021 58678.65659109 
-0.86000000 0.00000000 2485.22697094 58679.92617475 
-0.84000000 0.00000000 2455.92477314 58530.98483646 
-0.82000000 0.00000000 2455.62650049 58530.74822420 
-0.80000000 0.00000000 2480.33995186 58644.08845716 
-0.78000000 0.00000000 2486.95443607 58703.14018357 
-0.76000000 0.00000000 2486.96304306 58704.10204120 
-0.74000000 0.00000000 2486.95850180 58704.83707558 
-0.72000000 0.00000000 2487.06817402 58707.04063959 
-0.70000000 0.00000000 2479.68760610 58642.45691578 
-0.68000000 0.00000000 2479.71008603 58642.77287622 
-0.66000000 0.00000000 2454.41901226 58530.37681748 
-0.64000000 0.00000000 2454.61512205 58530.76127474 
-0.62000000 0.00000000 2479.99705562 58643.50076836 
-0.60000000 0.00000000 2455.26356770 58531.43187764 
-0.58000000 0.00000000 2455.70720937 58531.69377116 
-0.56000000 0.00000000 2480.71167717 58644.10850478 
-0.54000000 0.00000000 2487.99343022 58708.92822884 
-0.52000000 0.00000000 2488.11304540 58707.22637116 
-0.50000000 0.00000000 2488.33960466 58707.04820489 
-0.48000000 0.00000000 2488.55546904 58706.82499782 
-0.46000000 0.00000000 2488.73377465 58706.28720694 
-0.44000000 0.00000000 2460.53599625 58536.57577881 
-0.42000000 0.00000000 2461.01752779 58537.03083988 
-0.40000000 0.00000000 2489.17146846 58705.81837593 
-0.38000000 0.00000000 2489.24898467 58705.64015741 
-0.36000000 0.00000000 2489.30182054 58705.54724308 
-0.34000000 0.00000000 2489.33158880 58705.46782881 
-0.32000000 0.00000000 2489.34724129 58705.40188660 
-0.30000000 0.00000000 2461.56027154 58535.97606171 
-0.28000000 0.00000000 2461.56100024 58535.80853904 
-0.26000000 0.00000000 2489.43840584 58705.33239392 
-0.24000000 0.00000000 2489.53561632 58705.32552799 
-0.22000000 0.00000000 2489.69652225 58705.28960455 
-0.20000000 0.00000000 2489.95656967 58705.40480453 
-0.18000000 0.00000000 2463.55157518 58536.97672851 
-0.16000000 0.00000000 2464.78972641 58538.22839723 
-0.14000000 0.00000000 2491.54157413 58706.21345391 
-0.12000000 0.00000000 2492.45607243 58707.32983797 
-0.10000000 0.00000000 2493.56850106 58708.39677210 
-0.08000000 0.00000000 2494.91164683 58709.83874741 
-0.06000000 0.00000000 2478.19000221 58554.95696071 
-0.04000000 0.00000000 2482.38778212 58561.02638663 
-0.02000000 0.00000000 2500.19074275 58713.13367721 
0.00000000 0.00000000 2502.38874769 58717.32763373 
0.02000000 0.00000000 2504.67510139 58721.65027749 
0.04000000 0.00000000 2506.99102221 58726.96111203 
0.06000000 0.00000000 2509.44615393 58692.83065684 
0.08000000 0.00000000 2511.82581880 58725.28015168 
0.10000000 0.00000000 2514.05592279 58730.12581895 
0.12000000 0.00000000 2516.07344284 58735.97653737 
0.14000000 0.00000000 2197.85786603 59343.01246320 
0.16000000 0.00000000 2218.48428986 59332.50956940 
0.18000000 0.00000000 2520.90608195 58752.82576740 
0.20000000 0.00000000 2522.22875924 58757.40167958 
0.22000000 0.00000000 2523.36066786 58762.57964665 
0.24000000 0.00000000 2524.36944233 58767.84142321 
0.26000000 0.00000000 2523.85581014 58784.94656629 
0.28000000 0.00000000 2524.58261894 58790.18141056 
0.30000000 0.00000000 2525.21781011 58795.26890667 
0.32000000 0.00000000 2525.74483924 58800.08899902 
0.34000000 0.00000000 2526.15502682 58804.38942423 
0.36000000 0.00000000 2526.47872731 58807.65700881 
0.38000000 0.00000000 2526.66618676 58809.93491764 
0.40000000 0.00000000 1950.63499679 59310.06496539 
0.42000000 0.00000000 1951.10315983 59310.53148813 
0.44000000 0.00000000 2526.50763539 58808.51246406 
0.46000000 0.00000000 2526.20711902 58805.28117917 
0.48000000 0.00000000 2525.76444182 58801.03599299 
0.50000000 0.00000000 2525.21857468 58795.79904921 
0.52000000 0.00000000 2524.55630302 58789.99010120 
0.54000000 0.00000000 2523.77947357 58783.95108928 
0.56000000 0.00000000 2522.90241655 58777.89398912 
0.58000000 0.00000000 2523.15549518 58759.87895976 
0.60000000 0.00000000 2522.01535239 58753.94799245 
0.62000000 0.00000000 2520.78364196 58748.19892797 
0.64000000 0.00000000 2519.45341253 58742.49965204 
0.66000000 0.00000000 2256.64099211 59307.81245790 
0.68000000 0.00000000 2244.34890506 59316.24260472 
0.70000000 0.00000000 2514.65425002 58725.40381857 
0.72000000 0.00000000 2512.74238684 58719.50477976 
0.74000000 0.00000000 2510.66663296 58714.12763204 
0.76000000 0.00000000 2508.46962197 58708.10073987 
0.78000000 0.00000000 2506.18646358 58703.56022833 
0.80000000 0.00000000 2503.84999388 58697.99546523 
0.82000000 0.00000000 2501.50833089 58692.74092080 
0.84000000 0.00000000 2499.22219229 58688.07253577 
0.86000000 0.00000000 2494.76938126 58653.50616654 
0.88000000 0.00000000 2492.35565937 58649.33624680 
0.90000000 0.00000000 2495.21657573 58714.15014404 
0.92000000 0.00000000 2492.14532954 58812.80885746 
0.94000000 0.00000000 2486.41601075 58640.52501463 
0.96000000 0.00000000 2484.91610813 58638.74845983 
0.98000000 0.00000000 2478.45752962 58605.00878939 

