-1.00000000 0.00000000 -1537.90751610 58852.95545983 
-0.98000000 0.00000000 -1537.99273841 58852.31783842 
-0.96000000 0.00000000 -1537.94800129 58851.90423251 
-0.94000000 0.00000000 -1547.38944967 58841.88531981 
-0.92000000 0.00000000 -1547.20700118 58841.72848696 
-0.90000000 0.00000000 -1528.85784223 58859.46886476 
-0.88000000 0.00000000 -1528.59193542 58859.56031017 
-0.86000000 0.00000000 -1528.27343328 58859.73284158 
-0.84000000 0.00000000 -1560.29692330 58825.96544151 
-0.82000000 0.00000000 -1560.31615560 58825.78348070 
-0.80000000 0.00000000 -1535.86324078 58852.49221588 
-0.78000000 0.00000000 -1523.16337553 58863.83324179 
-0.76000000 0.00000000 -1522.93436083 58863.97844930 
-0.74000000 0.00000000 -1522.75711858 58864.08359146 
-0.72000000 0.00000000 -1522.26793478 58864.44835174 
-0.70000000 0.00000000 -1536.11974165 58851.96266302 
-0.68000000 0.00000000 -1536.04640259 58852.01695650 
-0.66000000 0.00000000 -1560.27422608 58825.09246798 
-0.64000000 0.00000000 -1560.19940100 58825.24504974 
-0.62000000 0.00000000 -1535.91759922 58852.27264984 
-0.60000000 0.00000000 -1560.09506550 58825.69174907 
-0.58000000 0.00000000 -1560.07033406 58825.97873577 
-0.56000000 0.00000000 -1535.88644212 58852.75423195 
-0.54000000 0.00000000 -1522.01935444 58865.22611442 
-0.52000000 0.00000000 -1522.43412404 58865.06096953 
-0.50000000 0.00000000 -1522.52279433 58865.16035710 
-0.48000000 0.00000000 -1522.62038257 58865.24663486 
-0.46000000 0.00000000 -1522.78305345 58865.26850260 
-0.44000000 0.00000000 -1559.32137217 58829.27782680 
-0.42000000 0.00000000 -1559.25952226 58829.59794501 
-0.40000000 0.00000000 -1522.99902918 58865.42377509 
-0.38000000 0.00000000 -1523.06591702 58865.43056621 
-0.36000000 0.00000000 -1523.11041182 58865.43305703 
-0.34000000 0.00000000 -1523.14916416 58865.42264961 
-0.32000000 0.00000000 -1523.18379558 58865.40463920 
-0.30000000 0.00000000 -1559.63353010 58829.73313906 
-0.28000000 0.00000000 -1559.69346388 58829.69901655 
-0.26000000 0.00000000 -1523.27282310 58865.39001965 
-0.24000000 0.00000000 -1523.31070047 58865.42774552 
-0.22000000 0.00000000 -1523.36453085 58865.50172245 
-0.20000000 0.00000000 -1523.39778273 58865.65870933 
-0.18000000 0.00000000 -1559.67241360 58830.94408615 
-0.16000000 0.00000000 -1559.48396199 58831.81342726 
-0.14000000 0.00000000 -1523.48863391 58866.71589516 
-0.12000000 0.00000000 -1523.37196704 58867.43366452 
-0.10000000 0.00000000 -1523.28446247 58868.27907451 
-0.08000000 0.00000000 -1523.13470079 58869.32953579 
-0.06000000 0.00000000 -1556.51964912 58841.74316980 
-0.04000000 0.00000000 -1555.38536058 58844.97433672 
-0.02000000 0.00000000 -1523.00105101 58873.20468772 
0.00000000 0.00000000 -1522.31522759 58875.20230005 
0.02000000 0.00000000 -1521.60717567 58877.28471289 
0.04000000 0.00000000 -1520.68826383 58879.52840615 
0.06000000 0.00000000 -1528.20159257 58876.70880496 
0.08000000 0.00000000 -1521.46871509 58882.50258731 
0.10000000 0.00000000 -1520.62413231 58884.63637071 
0.12000000 0.00000000 -1519.54807409 58886.77764017 
0.14000000 0.00000000 -1370.09110904 58820.36466535 
0.16000000 0.00000000 -1374.12842070 58829.89872808 
0.18000000 0.00000000 -1516.34280815 58892.38325570 
0.20000000 0.00000000 -1515.44923877 58893.94344339 
0.22000000 0.00000000 -1514.40305728 58895.48052064 
0.24000000 0.00000000 -1513.31659707 58896.96515743 
0.26000000 0.00000000 -1509.67404720 58899.24699203 
0.28000000 0.00000000 -1508.55601572 58900.58797081 
0.30000000 0.00000000 -1507.45670889 58901.85540687 
0.32000000 0.00000000 -1506.40612838 58903.01498118 
0.34000000 0.00000000 -1505.46264510 58904.01580471 
0.36000000 0.00000000 -1504.74049473 58904.79036633 
0.38000000 0.00000000 -1504.23392031 58905.30633975 
0.40000000 0.00000000 -1360.72764680 58663.90330845 
0.42000000 0.00000000 -1360.63677125 58664.30354089 
0.44000000 0.00000000 -1504.52574803 58904.96163461 
0.46000000 0.00000000 -1505.22856813 58904.21136576 
0.48000000 0.00000000 -1506.15306498 58903.19629767 
0.50000000 0.00000000 -1507.29135777 58901.95256304 
0.52000000 0.00000000 -1508.54957519 58900.54448789 
0.54000000 0.00000000 -1509.85033405 58899.03252304 
0.56000000 0.00000000 -1511.14417466 58897.46345249 
0.58000000 0.00000000 -1514.98235885 58894.89729416 
0.60000000 0.00000000 -1516.21636210 58893.22730389 
0.62000000 0.00000000 -1517.39147538 58891.54236147 
0.64000000 0.00000000 -1518.53438258 58889.81908107 
0.66000000 0.00000000 -1382.38751130 58845.73989188 
0.68000000 0.00000000 -1379.49843783 58840.55846837 
0.70000000 0.00000000 -1521.83196008 58884.22790769 
0.72000000 0.00000000 -1522.93439765 58882.16513615 
0.74000000 0.00000000 -1523.90925382 58880.07878869 
0.76000000 0.00000000 -1525.01005843 58877.84150720 
0.78000000 0.00000000 -1525.78329734 58875.75375979 
0.80000000 0.00000000 -1526.76935263 58873.51237927 
0.82000000 0.00000000 -1527.68610549 58871.32165322 
0.84000000 0.00000000 -1528.47761240 58869.25490403 
0.86000000 0.00000000 -1535.67316608 58862.25687287 
0.88000000 0.00000000 -1536.36904475 58860.23550851 
0.90000000 0.00000000 -1522.28469854 58870.02010824 
0.92000000 0.00000000 -1500.80394530 58882.31074511 
0.94000000 0.00000000 -1537.71678587 58855.50174237 
0.96000000 0.00000000 -1537.93972773 58854.38024583 
0.98000000 0.00000000 -1545.03613953 58846.71114962 

