-1.00000000 0.00000000 -478.98869952 58909.02046309 
-0.98000000 0.00000000 -479.82347514 58911.26159637 
-0.96000000 0.00000000 -480.58354049 58911.87044035 
-0.94000000 0.00000000 -474.93401061 59033.57364862 
-0.92000000 0.00000000 -475.60077348 59032.19090898 
-0.90000000 0.00000000 -489.19641298 58803.38656249 
-0.88000000 0.00000000 -489.62443612 58801.08610949 
-0.86000000 0.00000000 -490.04538261 58798.05250804 
-0.84000000 0.00000000 -470.34448739 59212.90213934 
-0.82000000 0.00000000 -470.60524485 59213.69927302 
-0.80000000 0.00000000 -484.27273311 58892.53731913 
-0.78000000 0.00000000 -495.06742829 58739.34908828 
-0.76000000 0.00000000 -495.35073212 58737.04267740 
-0.74000000 0.00000000 -495.58493879 58735.28139169 
-0.72000000 0.00000000 -496.11882404 58729.76114784 
-0.70000000 0.00000000 -484.57774108 58897.20997380 
-0.68000000 0.00000000 -484.66990118 58896.38197952 
-0.66000000 0.00000000 -472.04501953 59214.67456179 
-0.64000000 0.00000000 -471.98053576 59213.52591143 
-0.62000000 0.00000000 -484.56255792 58894.51221919 
-0.60000000 0.00000000 -471.46636888 59211.71335907 
-0.58000000 0.00000000 -471.01531270 59211.13175779 
-0.56000000 0.00000000 -483.80782789 58893.11258301 
-0.54000000 0.00000000 -495.41955331 58725.13149323 
-0.52000000 0.00000000 -494.72019021 58729.46467501 
-0.50000000 0.00000000 -494.34145875 58729.91990663 
-0.48000000 0.00000000 -493.96454917 58730.47730805 
-0.46000000 0.00000000 -493.54441185 58731.82099882 
-0.44000000 0.00000000 -466.92945747 59198.46015252 
-0.42000000 0.00000000 -466.50923618 59197.24886794 
-0.40000000 0.00000000 -492.79658471 58732.77416333 
-0.38000000 0.00000000 -492.64636976 58733.08068940 
-0.36000000 0.00000000 -492.56321487 58733.13328352 
-0.34000000 0.00000000 -492.52287293 58733.11685347 
-0.32000000 0.00000000 -492.51292261 58733.03560750 
-0.30000000 0.00000000 -465.49731645 59199.75631206 
-0.28000000 0.00000000 -465.48287284 59199.95300843 
-0.26000000 0.00000000 -492.49789134 58732.37635941 
-0.24000000 0.00000000 -492.41463703 58732.14163273 
-0.22000000 0.00000000 -492.23625690 58732.03802731 
-0.20000000 0.00000000 -491.96644743 58731.64688069 
-0.18000000 0.00000000 -463.85383904 59196.10972577 
-0.16000000 0.00000000 -462.90124921 59192.94469705 
-0.14000000 0.00000000 -490.14211787 58730.35548612 
-0.12000000 0.00000000 -489.22489038 58728.30748728 
-0.10000000 0.00000000 -487.98704587 58726.77063342 
-0.08000000 0.00000000 -486.50214223 58724.71707629 
-0.06000000 0.00000000 -452.80224633 59154.57979297 
-0.04000000 0.00000000 -449.68031430 59141.43525423 
-0.02000000 0.00000000 -479.65869766 58724.40470077 
0.00000000 0.00000000 -477.53243014 58717.38376880 
0.02000000 0.00000000 -475.22220682 58710.51317218 
0.04000000 0.00000000 -473.05491343 58701.45632557 
0.06000000 0.00000000 -459.02562919 58798.11477361 
0.08000000 0.00000000 -464.72025976 58716.84974798 
0.10000000 0.00000000 -462.34322225 58709.72124618 
0.12000000 0.00000000 -460.49705326 58699.81692377 
0.14000000 0.00000000 -1225.81535803 56844.31021041 
0.16000000 0.00000000 -1164.96552522 56895.23240034 
0.18000000 0.00000000 -456.29415460 58670.96925906 
0.20000000 0.00000000 -454.96730355 58663.96192265 
0.22000000 0.00000000 -454.03059111 58655.30292791 
0.24000000 0.00000000 -453.23771580 58646.48982677 
0.26000000 0.00000000 -457.50280607 58604.90606011 
0.28000000 0.00000000 -456.95005380 58596.24203069 
0.30000000 0.00000000 -456.45990867 58587.89937192 
0.32000000 0.00000000 -456.06520955 58579.97885833 
0.34000000 0.00000000 -455.77183667 58572.88011970 
0.36000000 0.00000000 -455.47952440 58567.70368619 
0.38000000 0.00000000 -455.33059723 58564.01780600 
0.40000000 0.00000000 -2345.35168566 56876.83289282 
0.42000000 0.00000000 -2342.32145766 56874.28244134 
0.44000000 0.00000000 -455.44399455 58566.50347132 
0.46000000 0.00000000 -455.66931991 58571.85983177 
0.48000000 0.00000000 -456.02859857 58578.77842205 
0.50000000 0.00000000 -456.40510132 58587.51830944 
0.52000000 0.00000000 -456.84919797 58597.25599759 
0.54000000 0.00000000 -457.38308605 58607.36438713 
0.56000000 0.00000000 -457.99701046 58617.51710314 
0.58000000 0.00000000 -453.83858387 58660.83767424 
0.60000000 0.00000000 -454.63369449 58670.98735295 
0.62000000 0.00000000 -455.51968101 58680.89405576 
0.64000000 0.00000000 -456.48192143 58690.87089606 
0.66000000 0.00000000 -1056.20844714 57008.02907316 
0.68000000 0.00000000 -1088.54088995 56972.83717716 
0.70000000 0.00000000 -460.15953486 58721.26494914 
0.72000000 0.00000000 -461.66525724 58731.93451547 
0.74000000 0.00000000 -463.49631491 58741.20757811 
0.76000000 0.00000000 -465.23809917 58752.31097819 
0.78000000 0.00000000 -467.46993270 58759.60695893 
0.80000000 0.00000000 -469.38225359 58769.91882006 
0.82000000 0.00000000 -471.30536776 58779.75638258 
0.84000000 0.00000000 -473.24441572 58788.46118289 
0.86000000 0.00000000 -468.12110078 58877.58684980 
0.88000000 0.00000000 -470.09441317 58885.82566085 
0.90000000 0.00000000 -487.26849649 58712.91582569 
0.92000000 0.00000000 -518.03646125 58462.68773071 
0.94000000 0.00000000 -475.17048932 58903.60694982 
0.96000000 0.00000000 -476.54695499 58907.26427486 
0.98000000 0.00000000 -472.54075011 58998.73758069 

