-1.00000000 0.00000000 316.77203864 63555.19768210 
-0.98000000 0.00000000 316.77203864 63555.19768210 
-0.96000000 0.00000000 316.77203864 63555.19768210 
-0.94000000 0.00000000 316.77203864 63555.19768211 
-0.92000000 0.00000000 316.77203864 63555.19768211 
-0.90000000 0.00000000 316.77203863 63555.19768210 
-0.88000000 0.00000000 316.77203863 63555.19768210 
-0.86000000 0.00000000 316.77203863 63555.19768210 
-0.84000000 0.00000000 316.77203865 63555.19768211 
-0.82000000 0.00000000 316.77203865 63555.19768211 
-0.80000000 0.00000000 316.77203864 63555.19768210 
-0.78000000 0.00000000 316.77203863 63555.19768210 
-0.76000000 0.00000000 316.77203863 63555.19768210 
-0.74000000 0.00000000 316.77203863 63555.19768210 
-0.72000000 0.00000000 316.77203863 63555.19768210 
-0.70000000 0.00000000 316.77203864 63555.19768210 
-0.68000000 0.00000000 316.77203864 63555.19768210 
-0.66000000 0.00000000 316.77203865 63555.19768211 
-0.64000000 0.00000000 316.77203865 63555.19768211 
-0.62000000 0.00000000 316.77203864 63555.19768210 
-0.60000000 0.00000000 316.77203865 63555.19768211 
-0.58000000 0.00000000 316.77203865 63555.19768211 
-0.56000000 0.00000000 316.77203864 63555.19768210 
-0.54000000 0.00000000 316.77203863 63555.19768210 
-0.52000000 0.00000000 316.77203863 63555.19768210 
-0.50000000 0.00000000 316.77203863 63555.19768210 
-0.48000000 0.00000000 316.77203863 63555.19768210 
-0.46000000 0.00000000 316.77203863 63555.19768210 
-0.44000000 0.00000000 316.77203865 63555.19768211 
-0.42000000 0.00000000 316.77203865 63555.19768211 
-0.40000000 0.00000000 316.77203863 63555.19768210 
-0.38000000 0.00000000 316.77203863 63555.19768210 
-0.36000000 0.00000000 316.77203863 63555.19768210 
-0.34000000 0.00000000 316.77203863 63555.19768210 
-0.32000000 0.00000000 316.77203863 63555.19768210 
-0.30000000 0.00000000 316.77203865 63555.19768211 
-0.28000000 0.00000000 316.77203865 63555.19768211 
-0.26000000 0.00000000 316.77203863 63555.19768210 
-0.24000000 0.00000000 316.77203863 63555.19768210 
-0.22000000 0.00000000 316.77203863 63555.19768210 
-0.20000000 0.00000000 316.77203863 63555.19768210 
-0.18000000 0.00000000 316.77203865 63555.19768211 
-0.16000000 0.00000000 316.77203865 63555.19768211 
-0.14000000 0.00000000 316.77203863 63555.19768210 
-0.12000000 0.00000000 316.77203863 63555.19768210 
-0.10000000 0.00000000 316.77203863 63555.19768210 
-0.08000000 0.00000000 316.77203863 63555.19768210 
-0.06000000 0.00000000 316.77203865 63555.19768211 
-0.04000000 0.00000000 316.77203865 63555.19768211 
-0.02000000 0.00000000 316.77203863 63555.19768210 
0.00000000 0.00000000 316.77203863 63555.19768210 
0.02000000 0.00000000 316.77203863 63555.19768210 
0.04000000 0.00000000 316.77203863 63555.19768210 
0.06000000 0.00000000 316.77203864 63555.19768210 
0.08000000 0.00000000 316.77203863 63555.19768210 
0.10000000 0.00000000 316.77203863 63555.19768210 
0.12000000 0.00000000 316.77203864 63555.19768210 
0.14000000 0.00000000 316.77203862 63555.19768211 
0.16000000 0.00000000 316.77203862 63555.19768211 
0.18000000 0.00000000 316.77203864 63555.19768210 
0.20000000 0.00000000 316.77203864 63555.19768210 
0.22000000 0.00000000 316.77203864 63555.19768210 
0.24000000 0.00000000 316.77203864 63555.19768210 
0.26000000 0.00000000 316.77203863 63555.19768210 
0.28000000 0.00000000 316.77203863 63555.19768210 
0.30000000 0.00000000 316.77203863 63555.19768210 
0.32000000 0.00000000 316.77203863 63555.19768210 
0.34000000 0.00000000 316.77203863 63555.19768210 
0.36000000 0.00000000 316.77203863 63555.19768210 
0.38000000 0.00000000 316.77203863 63555.19768210 
0.40000000 0.00000000 316.77203862 63555.19768211 
0.42000000 0.00000000 316.77203862 63555.19768211 
0.44000000 0.00000000 316.77203863 63555.19768210 
0.46000000 0.00000000 316.77203863 63555.19768210 
0.48000000 0.00000000 316.77203863 63555.19768210 
0.50000000 0.00000000 316.77203863 63555.19768210 
0.52000000 0.00000000 316.77203863 63555.19768210 
0.54000000 0.00000000 316.77203863 63555.19768210 
0.56000000 0.00000000 316.77203863 63555.19768210 
0.58000000 0.00000000 316.77203864 63555.19768210 
0.60000000 0.00000000 316.77203864 63555.19768210 
0.62000000 0.00000000 316.77203864 63555.19768210 
0.64000000 0.00000000 316.77203864 63555.19768210 
0.66000000 0.00000000 316.77203862 63555.19768211 
0.68000000 0.00000000 316.77203862 63555.19768211 
0.70000000 0.00000000 316.77203864 63555.19768210 
0.72000000 0.00000000 316.77203864 63555.19768210 
0.74000000 0.00000000 316.77203864 63555.19768210 
0.76000000 0.00000000 316.77203864 63555.19768210 
0.78000000 0.00000000 316.77203863 63555.19768210 
0.80000000 0.00000000 316.77203863 63555.19768210 
0.82000000 0.00000000 316.77203863 63555.19768210 
0.84000000 0.00000000 316.77203863 63555.19768210 
0.86000000 0.00000000 316.77203864 63555.19768210 
0.88000000 0.00000000 316.77203864 63555.19768210 
0.90000000 0.00000000 316.77203863 63555.19768211 
0.92000000 0.00000000 316.77203863 63555.19768211 
0.94000000 0.00000000 316.77203864 63555.19768210 
0.96000000 0.00000000 316.77203864 63555.19768210 
0.98000000 0.00000000 316.77203864 63555.19768210 

