-1.00000000 0.00000000 -1583.33831631 58584.49718520 
-0.98000000 0.00000000 -1582.80357810 58584.42803743 
-0.96000000 0.00000000 -1582.43971852 58584.58245010 
-0.94000000 0.00000000 -1575.22829282 58567.08869735 
-0.92000000 0.00000000 -1575.06604258 58567.48074039 
-0.90000000 0.00000000 -1587.49092456 58601.95923117 
-0.88000000 0.00000000 -1587.52037386 58602.47547836 
-0.86000000 0.00000000 -1587.61106453 58603.08826159 
-0.84000000 0.00000000 -1563.32298848 58543.97001863 
-0.82000000 0.00000000 -1563.16837833 58543.96322472 
-0.80000000 0.00000000 -1582.59020451 58588.65017370 
-0.78000000 0.00000000 -1590.26506123 58612.95164070 
-0.76000000 0.00000000 -1590.34801470 58613.39449263 
-0.74000000 0.00000000 -1590.40588251 58613.73808800 
-0.72000000 0.00000000 -1590.63414727 58614.68996139 
-0.70000000 0.00000000 -1582.16635903 58588.18887923 
-0.68000000 0.00000000 -1582.20110458 58588.32832972 
-0.66000000 0.00000000 -1562.57180666 58544.18409797 
-0.64000000 0.00000000 -1562.69190828 58544.30341623 
-0.62000000 0.00000000 -1582.40055539 58588.54940065 
-0.60000000 0.00000000 -1563.05622526 58544.41707861 
-0.58000000 0.00000000 -1563.29491289 58544.40300942 
-0.56000000 0.00000000 -1582.81006828 58588.53723183 
-0.54000000 0.00000000 -1591.26573079 58615.10658608 
-0.52000000 0.00000000 -1591.19692049 58614.27985700 
-0.50000000 0.00000000 -1591.29998074 58614.08950008 
-0.48000000 0.00000000 -1591.39345200 58613.88303590 
-0.46000000 0.00000000 -1591.44271877 58613.55158880 
-0.44000000 0.00000000 -1565.99089394 58545.19942056 
-0.42000000 0.00000000 -1566.25521805 58545.25796408 
-0.40000000 0.00000000 -1591.62234822 58613.10935856 
-0.38000000 0.00000000 -1591.64311231 58612.98018507 
-0.36000000 0.00000000 -1591.65665232 58612.89873705 
-0.34000000 0.00000000 -1591.65842609 58612.83192501 
-0.32000000 0.00000000 -1591.65327546 58612.77568295 
-0.30000000 0.00000000 -1566.43167466 58544.51046218 
-0.28000000 0.00000000 -1566.41463149 58544.40836181 
-0.26000000 0.00000000 -1591.67066203 58612.63644276 
-0.24000000 0.00000000 -1591.71453964 58612.56700615 
-0.22000000 0.00000000 -1591.79190882 58612.45802852 
-0.20000000 0.00000000 -1591.93636866 58612.37683273 
-0.18000000 0.00000000 -1567.47837658 58544.22388514 
-0.16000000 0.00000000 -1568.18822594 58544.41432552 
-0.14000000 0.00000000 -1592.86261869 58612.03347751 
-0.12000000 0.00000000 -1593.45574585 58612.15281205 
-0.10000000 0.00000000 -1594.16006499 58612.18092178 
-0.08000000 0.00000000 -1595.02644765 58612.29464847 
-0.06000000 0.00000000 -1576.16295329 58548.13846353 
-0.04000000 0.00000000 -1578.73514663 58549.69292171 
-0.02000000 0.00000000 -1598.27586245 58611.77774823 
0.00000000 0.00000000 -1599.85299471 58612.81353983 
0.02000000 0.00000000 -1601.49711899 58613.87591023 
0.04000000 0.00000000 -1603.24378173 58615.35462563 
0.06000000 0.00000000 -1601.97913613 58599.80673865 
0.08000000 0.00000000 -1605.86339143 58612.98772832 
0.10000000 0.00000000 -1607.52873517 58614.31797683 
0.12000000 0.00000000 -1609.16404932 58616.14770149 
0.14000000 0.00000000 -1509.52001702 58958.22033146 
0.16000000 0.00000000 -1519.29697301 58948.10163062 
0.18000000 0.00000000 -1613.37236962 58621.76316772 
0.20000000 0.00000000 -1614.53727095 58623.31298173 
0.22000000 0.00000000 -1615.65496121 58625.19322020 
0.24000000 0.00000000 -1616.71813641 58627.16500187 
0.26000000 0.00000000 -1618.02624461 58634.56311115 
0.28000000 0.00000000 -1618.95211532 58636.63081684 
0.30000000 0.00000000 -1619.81667891 58638.67250974 
0.32000000 0.00000000 -1620.59733603 58640.63515542 
0.34000000 0.00000000 -1621.26272975 58642.40747869 
0.36000000 0.00000000 -1621.77754049 58643.75836052 
0.38000000 0.00000000 -1622.11520417 58644.71283371 
0.40000000 0.00000000 -1374.66684433 58997.32496375 
0.42000000 0.00000000 -1374.95737988 58997.46789196 
0.44000000 0.00000000 -1621.87846263 58644.16026207 
0.46000000 0.00000000 -1621.37926945 58642.83591194 
0.48000000 0.00000000 -1620.69849039 58641.10471925 
0.50000000 0.00000000 -1619.86341653 58638.97134265 
0.52000000 0.00000000 -1618.91018914 58636.62274276 
0.54000000 0.00000000 -1617.87495580 58634.20970979 
0.56000000 0.00000000 -1616.78758228 58631.82475091 
0.58000000 0.00000000 -1615.26747162 58624.09016634 
0.60000000 0.00000000 -1614.07282017 58621.85533216 
0.62000000 0.00000000 -1612.85182565 58619.74352892 
0.64000000 0.00000000 -1611.58918066 58617.70158194 
0.66000000 0.00000000 -1536.16480393 58927.54176500 
0.68000000 0.00000000 -1530.59430382 58934.62951182 
0.70000000 0.00000000 -1607.40442584 58611.91584698 
0.72000000 0.00000000 -1605.83685526 58610.01794841 
0.74000000 0.00000000 -1604.22848731 58608.39958634 
0.76000000 0.00000000 -1602.51010818 58606.54281775 
0.78000000 0.00000000 -1600.86797327 58605.35609372 
0.80000000 0.00000000 -1599.12634461 58603.74482109 
0.82000000 0.00000000 -1597.41564117 58602.26926638 
0.84000000 0.00000000 -1595.78945130 58601.03134407 
0.86000000 0.00000000 -1590.90348510 58587.28827785 
0.88000000 0.00000000 -1589.29568293 58586.26189385 
0.90000000 0.00000000 -1595.48931399 58614.00578672 
0.92000000 0.00000000 -1602.15253046 58657.56772852 
0.94000000 0.00000000 -1585.48072918 58584.42106535 
0.96000000 0.00000000 -1584.55954503 58584.17456110 
0.98000000 0.00000000 -1579.02332459 58570.99921344 

