-1.00000000 0.00000000 314.19578199 63805.50293095 
-0.98000000 0.00000000 314.19582555 63805.50293203 
-0.96000000 0.00000000 314.19594274 63805.50293495 
-0.94000000 0.00000000 314.18475809 63805.50265424 
-0.92000000 0.00000000 314.18507913 63805.50266229 
-0.90000000 0.00000000 314.20341785 63805.50312251 
-0.88000000 0.00000000 314.20354826 63805.50312578 
-0.86000000 0.00000000 314.20370908 63805.50312980 
-0.84000000 0.00000000 314.15849909 63805.50199506 
-0.82000000 0.00000000 314.15846838 63805.50199428 
-0.80000000 0.00000000 314.19763441 63805.50297733 
-0.78000000 0.00000000 314.20671551 63805.50320521 
-0.76000000 0.00000000 314.20680609 63805.50320748 
-0.74000000 0.00000000 314.20687171 63805.50320912 
-0.72000000 0.00000000 314.20711904 63805.50321532 
-0.70000000 0.00000000 314.19727799 63805.50296835 
-0.68000000 0.00000000 314.19732874 63805.50296962 
-0.66000000 0.00000000 314.15901814 63805.50200803 
-0.64000000 0.00000000 314.15917798 63805.50201204 
-0.62000000 0.00000000 314.19738149 63805.50297094 
-0.60000000 0.00000000 314.15916661 63805.50201176 
-0.58000000 0.00000000 314.15897802 63805.50200703 
-0.56000000 0.00000000 314.19729196 63805.50296870 
-0.54000000 0.00000000 314.20713227 63805.50321565 
-0.52000000 0.00000000 314.20688968 63805.50320957 
-0.50000000 0.00000000 314.20683361 63805.50320817 
-0.48000000 0.00000000 314.20677375 63805.50320667 
-0.46000000 0.00000000 314.20667712 63805.50320425 
-0.44000000 0.00000000 314.15858792 63805.50199728 
-0.42000000 0.00000000 314.15853825 63805.50199603 
-0.40000000 0.00000000 314.20656543 63805.50320146 
-0.38000000 0.00000000 314.20653956 63805.50320082 
-0.36000000 0.00000000 314.20653174 63805.50320062 
-0.34000000 0.00000000 314.20653190 63805.50320062 
-0.32000000 0.00000000 314.20653849 63805.50320079 
-0.30000000 0.00000000 314.15759921 63805.50197246 
-0.28000000 0.00000000 314.15760801 63805.50197268 
-0.26000000 0.00000000 314.20657674 63805.50320174 
-0.24000000 0.00000000 314.20657907 63805.50320180 
-0.22000000 0.00000000 314.20656217 63805.50320138 
-0.20000000 0.00000000 314.20654093 63805.50320085 
-0.18000000 0.00000000 314.15747202 63805.50196927 
-0.16000000 0.00000000 314.15742091 63805.50196799 
-0.14000000 0.00000000 314.20630304 63805.50319489 
-0.12000000 0.00000000 314.20622008 63805.50319282 
-0.10000000 0.00000000 314.20605324 63805.50318864 
-0.08000000 0.00000000 314.20584774 63805.50318350 
-0.06000000 0.00000000 314.15680639 63805.50195262 
-0.04000000 0.00000000 314.15661967 63805.50194795 
-0.02000000 0.00000000 314.20442302 63805.50314780 
0.00000000 0.00000000 314.20418564 63805.50314187 
0.02000000 0.00000000 314.20387595 63805.50313412 
0.04000000 0.00000000 314.20365538 63805.50312860 
0.06000000 0.00000000 314.19521362 63805.50291677 
0.08000000 0.00000000 314.20075887 63805.50305596 
0.10000000 0.00000000 314.20029758 63805.50304440 
0.12000000 0.00000000 314.20008095 63805.50303898 
0.14000000 0.00000000 314.23487870 63805.50391214 
0.16000000 0.00000000 314.23474038 63805.50390869 
0.18000000 0.00000000 314.19967135 63805.50302874 
0.20000000 0.00000000 314.19940747 63805.50302213 
0.22000000 0.00000000 314.19930748 63805.50301963 
0.24000000 0.00000000 314.19923385 63805.50301779 
0.26000000 0.00000000 314.20186927 63805.50308393 
0.28000000 0.00000000 314.20181468 63805.50308257 
0.30000000 0.00000000 314.20175693 63805.50308112 
0.32000000 0.00000000 314.20171337 63805.50308003 
0.34000000 0.00000000 314.20168635 63805.50307936 
0.36000000 0.00000000 314.20162583 63805.50307784 
0.38000000 0.00000000 314.20160194 63805.50307724 
0.40000000 0.00000000 314.23690115 63805.50396296 
0.42000000 0.00000000 314.23689830 63805.50396289 
0.44000000 0.00000000 314.20159930 63805.50307718 
0.46000000 0.00000000 314.20162059 63805.50307771 
0.48000000 0.00000000 314.20167259 63805.50307901 
0.50000000 0.00000000 314.20169785 63805.50307964 
0.52000000 0.00000000 314.20172256 63805.50308026 
0.54000000 0.00000000 314.20175999 63805.50308120 
0.56000000 0.00000000 314.20180704 63805.50308238 
0.58000000 0.00000000 314.19913322 63805.50301527 
0.60000000 0.00000000 314.19917661 63805.50301636 
0.62000000 0.00000000 314.19923028 63805.50301770 
0.64000000 0.00000000 314.19927738 63805.50301888 
0.66000000 0.00000000 314.23439672 63805.50390009 
0.68000000 0.00000000 314.23451882 63805.50390315 
0.70000000 0.00000000 314.19950072 63805.50302446 
0.72000000 0.00000000 314.19959520 63805.50302682 
0.74000000 0.00000000 314.19982839 63805.50303267 
0.76000000 0.00000000 314.19993112 63805.50303523 
0.78000000 0.00000000 314.20032269 63805.50304505 
0.80000000 0.00000000 314.20046037 63805.50304849 
0.82000000 0.00000000 314.20059574 63805.50305188 
0.84000000 0.00000000 314.20075983 63805.50305598 
0.86000000 0.00000000 314.19450043 63805.50289888 
0.88000000 0.00000000 314.19465733 63805.50290281 
0.90000000 0.00000000 314.20697656 63805.50321195 
0.92000000 0.00000000 314.21710082 63805.50346598 
0.94000000 0.00000000 314.19511810 63805.50291433 
0.96000000 0.00000000 314.19527061 63805.50291814 
0.98000000 0.00000000 314.18718357 63805.50271516 

