-1.00000000 0.00000000 -1268.60125305 59198.48640094 
-0.98000000 0.00000000 -1269.72846310 59198.45494916 
-0.96000000 0.00000000 -1270.45241581 59198.12492740 
-0.94000000 0.00000000 -1290.00857474 59224.39189806 
-0.92000000 0.00000000 -1290.27046856 59223.71943775 
-0.90000000 0.00000000 -1255.17001571 59171.68513102 
-0.88000000 0.00000000 -1254.98937996 59170.92149792 
-0.86000000 0.00000000 -1254.65284066 59170.01594039 
-0.84000000 0.00000000 -1320.46574639 59258.80753592 
-0.82000000 0.00000000 -1320.81452995 59258.77035583 
-0.80000000 0.00000000 -1269.24021582 59191.92154546 
-0.78000000 0.00000000 -1246.30583859 59155.06444743 
-0.76000000 0.00000000 -1246.01635237 59154.40475728 
-0.74000000 0.00000000 -1245.80562841 59153.89178932 
-0.72000000 0.00000000 -1245.05167284 59152.44216498 
-0.70000000 0.00000000 -1270.31445636 59192.60595069 
-0.68000000 0.00000000 -1270.20913717 59192.39353508 
-0.66000000 0.00000000 -1322.10311424 59258.12617818 
-0.64000000 0.00000000 -1321.82641837 59257.97057075 
-0.62000000 0.00000000 -1269.73752662 59192.09204189 
-0.60000000 0.00000000 -1321.03918577 59257.94251782 
-0.58000000 0.00000000 -1320.54261237 59258.08299440 
-0.56000000 0.00000000 -1268.88168288 59192.22457294 
-0.54000000 0.00000000 -1243.60808921 59151.86999965 
-0.52000000 0.00000000 -1243.99624029 59153.15482911 
-0.50000000 0.00000000 -1243.83117621 59153.46074234 
-0.48000000 0.00000000 -1243.68953591 59153.78884134 
-0.46000000 0.00000000 -1243.67651406 59154.30592972 
-0.44000000 0.00000000 -1314.69896335 59258.00434003 
-0.42000000 0.00000000 -1314.12257454 59258.02041143 
-0.40000000 0.00000000 -1243.39233425 59154.96991692 
-0.38000000 0.00000000 -1243.36934352 59155.14804074 
-0.36000000 0.00000000 -1243.34476803 59155.24464443 
-0.34000000 0.00000000 -1243.33821294 59155.31129986 
-0.32000000 0.00000000 -1243.34112420 59155.35536001 
-0.30000000 0.00000000 -1313.80615486 59259.23116286 
-0.28000000 0.00000000 -1313.84034779 59259.34766391 
-0.26000000 0.00000000 -1243.26952173 59155.42622402 
-0.24000000 0.00000000 -1243.17697516 59155.49229903 
-0.22000000 0.00000000 -1243.03219208 59155.63200696 
-0.20000000 0.00000000 -1242.74837957 59155.74967819 
-0.18000000 0.00000000 -1311.61694912 59259.90304607 
-0.16000000 0.00000000 -1310.12354853 59259.87874782 
-0.14000000 0.00000000 -1240.99426445 59156.47265986 
-0.12000000 0.00000000 -1239.79278890 59156.45695606 
-0.10000000 0.00000000 -1238.41789783 59156.65335481 
-0.08000000 0.00000000 -1236.71333623 59156.79476899 
-0.06000000 0.00000000 -1293.26545034 59257.49336624 
-0.04000000 0.00000000 -1287.79183698 59256.21344698 
-0.02000000 0.00000000 -1230.72345380 59159.09614239 
0.00000000 0.00000000 -1227.39390776 59158.11614315 
0.02000000 0.00000000 -1223.93887744 59157.14979589 
0.04000000 0.00000000 -1220.15460442 59155.55219710 
0.06000000 0.00000000 -1227.85319729 59181.60088057 
0.08000000 0.00000000 -1216.09761433 59161.09438906 
0.10000000 0.00000000 -1212.53789440 59159.79489214 
0.12000000 0.00000000 -1208.86708262 59157.64025400 
0.14000000 0.00000000 -1211.55657398 58428.65446816 
0.16000000 0.00000000 -1200.71624364 58461.67464529 
0.18000000 0.00000000 -1199.15335170 59150.72374992 
0.20000000 0.00000000 -1196.48965475 59148.91636935 
0.22000000 0.00000000 -1193.80807156 59146.55627629 
0.24000000 0.00000000 -1191.20526803 59144.05730820 
0.26000000 0.00000000 -1186.20197864 59132.30709035 
0.28000000 0.00000000 -1183.82273146 59129.64840527 
0.30000000 0.00000000 -1181.56636312 59127.02261710 
0.32000000 0.00000000 -1179.48860466 59124.48362427 
0.34000000 0.00000000 -1177.68270183 59122.17609842 
0.36000000 0.00000000 -1176.29439593 59120.44894920 
0.38000000 0.00000000 -1175.35939830 59119.21262991 
0.40000000 0.00000000 -1458.67937207 58083.38476255 
0.42000000 0.00000000 -1457.86495265 58083.83215019 
0.44000000 0.00000000 -1175.98162468 59119.96346348 
0.46000000 0.00000000 -1177.33735820 59121.69987033 
0.48000000 0.00000000 -1179.15655412 59123.94169263 
0.50000000 0.00000000 -1181.39067359 59126.72727827 
0.52000000 0.00000000 -1183.90881300 59129.78571723 
0.54000000 0.00000000 -1186.59472108 59132.90747572 
0.56000000 0.00000000 -1189.36554671 59135.97570063 
0.58000000 0.00000000 -1194.84670237 59148.13921804 
0.60000000 0.00000000 -1197.76460862 59150.98262337 
0.62000000 0.00000000 -1200.69909930 59153.65698417 
0.64000000 0.00000000 -1203.69876448 59156.24426872 
0.66000000 0.00000000 -1183.59922609 58524.92455609 
0.68000000 0.00000000 -1188.89331756 58504.75303917 
0.70000000 0.00000000 -1213.38952341 59163.47467566 
0.72000000 0.00000000 -1216.95213582 59165.80570409 
0.74000000 0.00000000 -1220.50473560 59167.65862527 
0.76000000 0.00000000 -1224.35423194 59169.88766374 
0.78000000 0.00000000 -1227.84254947 59171.03045257 
0.80000000 0.00000000 -1231.67325868 59172.87513643 
0.82000000 0.00000000 -1235.41179023 59174.52857361 
0.84000000 0.00000000 -1238.92358474 59175.84510382 
0.86000000 0.00000000 -1252.77543212 59196.87083541 
0.88000000 0.00000000 -1256.21568208 59197.85658707 
0.90000000 0.00000000 -1235.13905899 59154.01353270 
0.92000000 0.00000000 -1206.48459190 59084.29880529 
0.94000000 0.00000000 -1264.28694798 59199.33408414 
0.96000000 0.00000000 -1266.20646325 59199.40478773 
0.98000000 0.00000000 -1281.13057541 59219.22013427 

