-1.00000000 0.00000000 -469.00029811 53830.68514923 
-0.98000000 0.00000000 -472.74166186 53826.72120042 
-0.96000000 0.00000000 -478.64010009 53819.92844447 
-0.94000000 0.00000000 -228.51372940 54220.53330722 
-0.92000000 0.00000000 -234.91186082 54208.53051982 
-0.90000000 0.00000000 -794.41014993 53502.25382533 
-0.88000000 0.00000000 -804.37867155 53494.80425931 
-0.86000000 0.00000000 -815.99808375 53486.14934185 
-0.84000000 0.00000000 22.01330102 54901.57683539 
-0.82000000 0.00000000 21.83915662 54901.52824357 
-0.80000000 0.00000000 -549.20656549 53737.99211025 
-0.78000000 0.00000000 -1020.65272063 53352.50561420 
-0.76000000 0.00000000 -1030.31817323 53347.36679313 
-0.74000000 0.00000000 -1038.08380088 53343.33717169 
-0.72000000 0.00000000 -1059.61896706 53332.02085066 
-0.70000000 0.00000000 -543.43435916 53746.05802703 
-0.68000000 0.00000000 -546.14540993 53743.09473198 
-0.66000000 0.00000000 16.41052904 54885.49501217 
-0.64000000 0.00000000 15.44452703 54881.93341154 
-0.62000000 0.00000000 -548.82099836 53739.86491574 
-0.60000000 0.00000000 15.77675007 54882.37199249 
-0.58000000 0.00000000 17.17144064 54886.73564892 
-0.56000000 0.00000000 -543.10417733 53745.13278969 
-0.54000000 0.00000000 -1059.20023564 53330.73791274 
-0.52000000 0.00000000 -1037.66970587 53341.68942206 
-0.50000000 0.00000000 -1030.37809926 53345.09850136 
-0.48000000 0.00000000 -1022.94924092 53348.64702176 
-0.46000000 0.00000000 -1013.13408297 53353.63391750 
-0.44000000 0.00000000 22.56693552 54898.96443913 
-0.42000000 0.00000000 23.15854234 54900.39834570 
-0.40000000 0.00000000 -999.64733816 53360.23681376 
-0.38000000 0.00000000 -997.04506736 53361.55888170 
-0.36000000 0.00000000 -996.23620370 53361.93471317 
-0.34000000 0.00000000 -996.42148655 53361.81325006 
-0.32000000 0.00000000 -997.39371643 53361.29967753 
-0.30000000 0.00000000 28.64051746 54920.35417630 
-0.28000000 0.00000000 28.45396473 54920.01208769 
-0.26000000 0.00000000 -1002.35184488 53358.77208991 
-0.24000000 0.00000000 -1003.01786555 53358.48457569 
-0.22000000 0.00000000 -1001.92812657 53359.15688300 
-0.20000000 0.00000000 -1000.02123914 53360.22648241 
-0.18000000 0.00000000 28.78445697 54923.00260864 
-0.16000000 0.00000000 29.14700115 54924.50518116 
-0.14000000 0.00000000 -977.78404326 53372.51829816 
-0.12000000 0.00000000 -968.56044663 53377.51791453 
-0.10000000 0.00000000 -952.80256505 53386.47049314 
-0.08000000 0.00000000 -933.88956654 53397.50396415 
-0.06000000 0.00000000 34.17541889 54942.60581927 
-0.04000000 0.00000000 35.74595077 54948.14645497 
-0.02000000 0.00000000 -827.48822861 53467.86283479 
0.00000000 0.00000000 -807.40075045 53481.77334233 
0.02000000 0.00000000 -783.74782601 53498.96170169 
0.04000000 0.00000000 -765.48284618 53512.33928652 
0.06000000 0.00000000 -434.93528045 53866.48500121 
0.08000000 0.00000000 -620.03425457 53644.00058856 
0.10000000 0.00000000 -597.05115856 53666.83017218 
0.12000000 0.00000000 -584.70976005 53678.98342113 
0.14000000 0.00000000 -2721.80967753 62571.12302949 
0.16000000 0.00000000 -2926.79833433 62402.39885526 
0.18000000 0.00000000 -560.55187719 53703.18467049 
0.20000000 0.00000000 -548.94411763 53715.83485482 
0.22000000 0.00000000 -543.73262923 53721.37062258 
0.24000000 0.00000000 -539.78670798 53725.56219174 
0.26000000 0.00000000 -641.00961414 53615.64996421 
0.28000000 0.00000000 -637.58516765 53618.77409315 
0.30000000 0.00000000 -634.22792280 53621.88926999 
0.32000000 0.00000000 -631.64022654 53624.27669665 
0.34000000 0.00000000 -629.90214287 53625.84823626 
0.36000000 0.00000000 -626.91990316 53628.74180247 
0.38000000 0.00000000 -625.62395817 53629.97025236 
0.40000000 0.00000000 -910.27936753 63522.11438244 
0.42000000 0.00000000 -913.17712802 63521.24038931 
0.44000000 0.00000000 -625.54537023 53630.11147560 
0.46000000 0.00000000 -626.73238552 53629.03184876 
0.48000000 0.00000000 -629.32240347 53626.56994683 
0.50000000 0.00000000 -630.89345356 53625.18988710 
0.52000000 0.00000000 -632.51548970 53623.78799777 
0.54000000 0.00000000 -634.73410389 53621.80619868 
0.56000000 0.00000000 -637.42103018 53619.37786145 
0.58000000 0.00000000 -534.95971708 53731.21257288 
0.60000000 0.00000000 -537.16819548 53728.90866128 
0.62000000 0.00000000 -539.84800455 53726.10407404 
0.64000000 0.00000000 -542.43964937 53723.47170983 
0.66000000 0.00000000 -3349.21629323 61997.24961209 
0.68000000 0.00000000 -3210.69816312 62137.90218882 
0.70000000 0.00000000 -554.39587628 53711.35168047 
0.72000000 0.00000000 -559.63383928 53706.14852304 
0.74000000 0.00000000 -570.35063900 53694.99019860 
0.76000000 0.00000000 -576.55014722 53689.08029928 
0.78000000 0.00000000 -594.26690963 53670.90953080 
0.80000000 0.00000000 -602.57079140 53663.19462093 
0.82000000 0.00000000 -611.08405340 53655.43337723 
0.84000000 0.00000000 -621.05684569 53646.33359620 
0.86000000 0.00000000 -414.64158674 53896.85521627 
0.88000000 0.00000000 -421.29678688 53888.58468816 
0.90000000 0.00000000 -968.22976109 53373.29293777 
0.92000000 0.00000000 -2172.64588530 53142.10081131 
0.94000000 0.00000000 -441.76785160 53863.74169405 
0.96000000 0.00000000 -448.73827905 53855.42686933 
0.98000000 0.00000000 -264.46908355 54147.55285222 

