-1.00000000 0.00000000 -1504.25970203 58966.24017914 
-0.98000000 0.00000000 -1504.66620541 58965.47457932 
-0.96000000 0.00000000 -1504.82676267 58964.88894407 
-0.94000000 0.00000000 -1519.84775468 58959.97162646 
-0.92000000 0.00000000 -1519.73474454 58959.59780229 
-0.90000000 0.00000000 -1491.36582126 58966.84788642 
-0.88000000 0.00000000 -1491.04730807 58966.73399802 
-0.86000000 0.00000000 -1490.63144906 58966.68015735 
-0.84000000 0.00000000 -1541.40543096 58950.23426094 
-0.82000000 0.00000000 -1541.51751583 58950.00249222 
-0.80000000 0.00000000 -1502.37871177 58963.81454712 
-0.78000000 0.00000000 -1483.13242245 58967.57160489 
-0.76000000 0.00000000 -1482.81990091 58967.56066265 
-0.74000000 0.00000000 -1482.58178424 58967.54274809 
-0.72000000 0.00000000 -1481.87671724 58967.59141263 
-0.70000000 0.00000000 -1502.93337901 58963.33447419 
-0.68000000 0.00000000 -1502.82918073 58963.34088980 
-0.66000000 0.00000000 -1541.80846055 58949.01120119 
-0.64000000 0.00000000 -1541.65573537 58949.14850673 
-0.62000000 0.00000000 -1502.56535723 58963.56400652 
-0.60000000 0.00000000 -1541.33487391 58949.65711049 
-0.58000000 0.00000000 -1541.17542606 58950.02310910 
-0.56000000 0.00000000 -1502.29249283 58964.17251140 
-0.54000000 0.00000000 -1481.21022288 58968.38362810 
-0.52000000 0.00000000 -1481.73520912 58968.52959081 
-0.50000000 0.00000000 -1481.77606718 58968.73585375 
-0.48000000 0.00000000 -1481.83270728 58968.93299388 
-0.46000000 0.00000000 -1481.99143905 58969.10326874 
-0.44000000 0.00000000 -1538.82821916 58953.80912399 
-0.42000000 0.00000000 -1538.60950848 58954.18719766 
-0.40000000 0.00000000 -1482.12687188 58969.49481748 
-0.38000000 0.00000000 -1482.18788316 58969.56271930 
-0.36000000 0.00000000 -1482.22619391 58969.60559479 
-0.34000000 0.00000000 -1482.26400008 58969.62672595 
-0.32000000 0.00000000 -1482.30038146 58969.63434626 
-0.30000000 0.00000000 -1538.91518080 58954.72307976 
-0.28000000 0.00000000 -1538.98588980 58954.73248178 
-0.26000000 0.00000000 -1482.37027357 58969.69447407 
-0.24000000 0.00000000 -1482.38108230 58969.77639555 
-0.22000000 0.00000000 -1482.39202611 58969.91885727 
-0.20000000 0.00000000 -1482.34144831 58970.15068292 
-0.18000000 0.00000000 -1538.34499224 58956.38342808 
-0.16000000 0.00000000 -1537.73733971 58957.37744856 
-0.14000000 0.00000000 -1481.91286735 58971.59587472 
-0.12000000 0.00000000 -1481.44220145 58972.42232236 
-0.10000000 0.00000000 -1480.94865718 58973.43919249 
-0.08000000 0.00000000 -1480.29580425 58974.66713674 
-0.06000000 0.00000000 -1530.01431647 58967.97918626 
-0.04000000 0.00000000 -1527.32693617 58971.26944247 
-0.02000000 0.00000000 -1478.38929645 58979.56701047 
0.00000000 0.00000000 -1476.72452837 58981.55238615 
0.02000000 0.00000000 -1474.99998065 58983.62725038 
0.04000000 0.00000000 -1472.96809735 58985.72364625 
0.06000000 0.00000000 -1482.72406672 58988.74694011 
0.08000000 0.00000000 -1472.54902362 58990.28513223 
0.10000000 0.00000000 -1470.65904363 58992.30858579 
0.12000000 0.00000000 -1468.50481460 58994.13354676 
0.14000000 0.00000000 -1314.24230181 58765.07782871 
0.16000000 0.00000000 -1315.87351594 58781.90045418 
0.18000000 0.00000000 -1462.44721143 58998.56154063 
0.20000000 0.00000000 -1460.77387499 58999.79620545 
0.22000000 0.00000000 -1458.94385492 59000.86484555 
0.24000000 0.00000000 -1457.09857626 59001.83131460 
0.26000000 0.00000000 -1451.98326519 59001.51346043 
0.28000000 0.00000000 -1450.17562402 59002.26687692 
0.30000000 0.00000000 -1448.42434336 59002.94297920 
0.32000000 0.00000000 -1446.77494822 59003.52281386 
0.34000000 0.00000000 -1445.31218476 59003.99137712 
0.36000000 0.00000000 -1444.19219689 59004.36294256 
0.38000000 0.00000000 -1443.41834594 59004.58827453 
0.40000000 0.00000000 -1354.11364524 58533.03647381 
0.42000000 0.00000000 -1353.87037981 58533.54314900 
0.44000000 0.00000000 -1443.89356571 59004.40413555 
0.46000000 0.00000000 -1444.98763556 59004.05145633 
0.48000000 0.00000000 -1446.43691195 59003.54965159 
0.50000000 0.00000000 -1448.22055447 59002.94035326 
0.52000000 0.00000000 -1450.20723648 59002.22370057 
0.54000000 0.00000000 -1452.28637448 59001.40985802 
0.56000000 0.00000000 -1454.38496877 59000.51640159 
0.58000000 0.00000000 -1459.83572797 59000.63516816 
0.60000000 0.00000000 -1461.92126725 58999.55810747 
0.62000000 0.00000000 -1463.95476536 58998.41092046 
0.64000000 0.00000000 -1465.97696211 58997.18699996 
0.66000000 0.00000000 -1320.51346281 58811.57440181 
0.68000000 0.00000000 -1318.84732850 58801.88465665 
0.70000000 0.00000000 -1472.12128665 58992.85473376 
0.72000000 0.00000000 -1474.27050901 58991.15384300 
0.74000000 0.00000000 -1476.28865300 58989.30675617 
0.76000000 0.00000000 -1478.51905295 58987.37420054 
0.78000000 0.00000000 -1480.31543673 58985.34273254 
0.80000000 0.00000000 -1482.42363363 58983.29909281 
0.82000000 0.00000000 -1484.43430062 58981.25782144 
0.84000000 0.00000000 -1486.25230766 58979.26521456 
0.86000000 0.00000000 -1497.46488949 58976.48312551 
0.88000000 0.00000000 -1499.15652051 58974.44760950 
0.90000000 0.00000000 -1478.99850002 58974.82012363 
0.92000000 0.00000000 -1449.27627214 58971.84797743 
0.94000000 0.00000000 -1502.83238510 58969.42226887 
0.96000000 0.00000000 -1503.60664348 58968.14418324 
0.98000000 0.00000000 -1514.97888514 58964.29471898 

