-1.00000000 0.00000000 314.34950092 63795.15454993 
-0.98000000 0.00000000 314.34949923 63795.15454988 
-0.96000000 0.00000000 314.34949275 63795.15454972 
-0.94000000 0.00000000 314.35021295 63795.15456780 
-0.92000000 0.00000000 314.35019323 63795.15456731 
-0.90000000 0.00000000 314.34901488 63795.15453773 
-0.88000000 0.00000000 314.34900731 63795.15453754 
-0.86000000 0.00000000 314.34899773 63795.15453730 
-0.84000000 0.00000000 314.35190556 63795.15461029 
-0.82000000 0.00000000 314.35190823 63795.15461036 
-0.80000000 0.00000000 314.34939044 63795.15454716 
-0.78000000 0.00000000 314.34880715 63795.15453252 
-0.76000000 0.00000000 314.34880196 63795.15453239 
-0.74000000 0.00000000 314.34879834 63795.15453230 
-0.72000000 0.00000000 314.34878299 63795.15453192 
-0.70000000 0.00000000 314.34941628 63795.15454781 
-0.68000000 0.00000000 314.34941341 63795.15454774 
-0.66000000 0.00000000 314.35187715 63795.15460958 
-0.64000000 0.00000000 314.35186703 63795.15460932 
-0.62000000 0.00000000 314.34941047 63795.15454767 
-0.60000000 0.00000000 314.35186764 63795.15460934 
-0.58000000 0.00000000 314.35187950 63795.15460964 
-0.56000000 0.00000000 314.34941544 63795.15454779 
-0.54000000 0.00000000 314.34878221 63795.15453190 
-0.52000000 0.00000000 314.34879728 63795.15453227 
-0.50000000 0.00000000 314.34880033 63795.15453235 
-0.48000000 0.00000000 314.34880364 63795.15453243 
-0.46000000 0.00000000 314.34880936 63795.15453258 
-0.44000000 0.00000000 314.35190118 63795.15461018 
-0.42000000 0.00000000 314.35190403 63795.15461025 
-0.40000000 0.00000000 314.34881554 63795.15453273 
-0.38000000 0.00000000 314.34881706 63795.15453277 
-0.36000000 0.00000000 314.34881751 63795.15453278 
-0.34000000 0.00000000 314.34881753 63795.15453278 
-0.32000000 0.00000000 314.34881719 63795.15453277 
-0.30000000 0.00000000 314.35196421 63795.15461176 
-0.28000000 0.00000000 314.35196377 63795.15461175 
-0.26000000 0.00000000 314.34881507 63795.15453272 
-0.24000000 0.00000000 314.34881498 63795.15453272 
-0.22000000 0.00000000 314.34881604 63795.15453274 
-0.20000000 0.00000000 314.34881728 63795.15453277 
-0.18000000 0.00000000 314.35197225 63795.15461196 
-0.16000000 0.00000000 314.35197512 63795.15461203 
-0.14000000 0.00000000 314.34883129 63795.15453312 
-0.12000000 0.00000000 314.34883584 63795.15453324 
-0.10000000 0.00000000 314.34884558 63795.15453348 
-0.08000000 0.00000000 314.34885761 63795.15453378 
-0.06000000 0.00000000 314.35200971 63795.15461290 
-0.04000000 0.00000000 314.35202018 63795.15461316 
-0.02000000 0.00000000 314.34894464 63795.15453596 
0.00000000 0.00000000 314.34895813 63795.15453630 
0.02000000 0.00000000 314.34897620 63795.15453675 
0.04000000 0.00000000 314.34898853 63795.15453706 
0.06000000 0.00000000 314.34952954 63795.15455064 
0.08000000 0.00000000 314.34917122 63795.15454164 
0.10000000 0.00000000 314.34919924 63795.15454235 
0.12000000 0.00000000 314.34921168 63795.15454266 
0.14000000 0.00000000 314.34697277 63795.15448647 
0.16000000 0.00000000 314.34698049 63795.15448666 
0.18000000 0.00000000 314.34923450 63795.15454323 
0.20000000 0.00000000 314.34925062 63795.15454363 
0.22000000 0.00000000 314.34925633 63795.15454377 
0.24000000 0.00000000 314.34926046 63795.15454388 
0.26000000 0.00000000 314.34909049 63795.15453961 
0.28000000 0.00000000 314.34909357 63795.15453969 
0.30000000 0.00000000 314.34909693 63795.15453977 
0.32000000 0.00000000 314.34909943 63795.15453983 
0.34000000 0.00000000 314.34910092 63795.15453987 
0.36000000 0.00000000 314.34910463 63795.15453996 
0.38000000 0.00000000 314.34910604 63795.15454000 
0.40000000 0.00000000 314.34683616 63795.15448303 
0.42000000 0.00000000 314.34683634 63795.15448304 
0.44000000 0.00000000 314.34910621 63795.15454000 
0.46000000 0.00000000 314.34910495 63795.15453997 
0.48000000 0.00000000 314.34910177 63795.15453989 
0.50000000 0.00000000 314.34910034 63795.15453986 
0.52000000 0.00000000 314.34909898 63795.15453982 
0.54000000 0.00000000 314.34909682 63795.15453977 
0.56000000 0.00000000 314.34909407 63795.15453970 
0.58000000 0.00000000 314.34926630 63795.15454402 
0.60000000 0.00000000 314.34926383 63795.15454396 
0.62000000 0.00000000 314.34926074 63795.15454388 
0.64000000 0.00000000 314.34925813 63795.15454382 
0.66000000 0.00000000 314.34700036 63795.15448716 
0.68000000 0.00000000 314.34699306 63795.15448697 
0.70000000 0.00000000 314.34924544 63795.15454350 
0.72000000 0.00000000 314.34924009 63795.15454337 
0.74000000 0.00000000 314.34922591 63795.15454301 
0.76000000 0.00000000 314.34922020 63795.15454287 
0.78000000 0.00000000 314.34919600 63795.15454226 
0.80000000 0.00000000 314.34918819 63795.15454207 
0.82000000 0.00000000 314.34918059 63795.15454188 
0.84000000 0.00000000 314.34917118 63795.15454164 
0.86000000 0.00000000 314.34957486 63795.15455178 
0.88000000 0.00000000 314.34956598 63795.15455155 
0.90000000 0.00000000 314.34877506 63795.15453171 
0.92000000 0.00000000 314.34812528 63795.15451540 
0.94000000 0.00000000 314.34954005 63795.15455091 
0.96000000 0.00000000 314.34953146 63795.15455069 
0.98000000 0.00000000 314.35005267 63795.15456377 

