-1.00000000 0.00000000 2408.85982873 58499.06511680 
-0.98000000 0.00000000 2407.77674623 58498.87949916 
-0.96000000 0.00000000 2407.09174527 58499.09041810 
-0.94000000 0.00000000 2387.27809030 58468.28679296 
-0.92000000 0.00000000 2387.06168433 58468.94204123 
-0.90000000 0.00000000 2422.17971085 58530.20172305 
-0.88000000 0.00000000 2422.36247890 58531.06904414 
-0.86000000 0.00000000 2422.69427408 58532.12126596 
-0.84000000 0.00000000 2355.72812975 58429.04320342 
-0.82000000 0.00000000 2355.39798808 58429.04085761 
-0.80000000 0.00000000 2408.45063250 58505.92779342 
-0.78000000 0.00000000 2430.64811794 58550.02308447 
-0.76000000 0.00000000 2430.92206600 58550.80520555 
-0.74000000 0.00000000 2431.12137761 58551.41013655 
-0.72000000 0.00000000 2431.82774507 58553.14542392 
-0.70000000 0.00000000 2407.41973714 58505.01273916 
-0.68000000 0.00000000 2407.52706236 58505.25699058 
-0.66000000 0.00000000 2354.21723489 58429.51649976 
-0.64000000 0.00000000 2354.49741668 58429.70568800 
-0.62000000 0.00000000 2407.98771525 58505.66714002 
-0.60000000 0.00000000 2355.26304850 58429.83723231 
-0.58000000 0.00000000 2355.73420567 58429.76520642 
-0.56000000 0.00000000 2408.80393467 58505.70068464 
-0.54000000 0.00000000 2433.19371589 58554.09329296 
-0.52000000 0.00000000 2432.83536839 58552.62015630 
-0.50000000 0.00000000 2432.99292508 58552.32723360 
-0.48000000 0.00000000 2433.12815425 58552.00438559 
-0.46000000 0.00000000 2433.14250281 58551.44801062 
-0.44000000 0.00000000 2361.40429436 58430.64468666 
-0.42000000 0.00000000 2361.96045423 58430.70632982 
-0.40000000 0.00000000 2433.40940790 58550.78166227 
-0.38000000 0.00000000 2433.42929088 58550.58638625 
-0.36000000 0.00000000 2433.44975846 58550.47734452 
-0.34000000 0.00000000 2433.45259607 58550.39460036 
-0.32000000 0.00000000 2433.44603210 58550.33230189 
-0.30000000 0.00000000 2362.15527227 58429.49628380 
-0.28000000 0.00000000 2362.10814530 58429.36072386 
-0.26000000 0.00000000 2433.50200603 58550.22282090 
-0.24000000 0.00000000 2433.58694762 58550.15625120 
-0.22000000 0.00000000 2433.72305781 58550.02417854 
-0.20000000 0.00000000 2433.99273869 58549.95107070 
-0.18000000 0.00000000 2364.21609965 58429.04062613 
-0.16000000 0.00000000 2365.67527554 58429.26553885 
-0.14000000 0.00000000 2435.67911964 58549.58178638 
-0.12000000 0.00000000 2436.83395183 58549.89861982 
-0.10000000 0.00000000 2438.16082603 58550.04349153 
-0.08000000 0.00000000 2439.80693004 58550.34274261 
-0.06000000 0.00000000 2382.37462238 58434.24899253 
-0.04000000 0.00000000 2387.84342227 58436.47270121 
-0.02000000 0.00000000 2445.63714300 58549.55651475 
0.00000000 0.00000000 2448.84453202 58551.54071146 
0.02000000 0.00000000 2452.17328172 58553.56913655 
0.04000000 0.00000000 2455.80591655 58556.38672115 
0.06000000 0.00000000 2448.68190358 58526.71908413 
0.08000000 0.00000000 2459.86548147 58551.77150935 
0.10000000 0.00000000 2463.29506784 58554.25497067 
0.12000000 0.00000000 2466.80823046 58557.70432289 
0.14000000 0.00000000 2315.13839089 59269.94689662 
0.16000000 0.00000000 2333.76656242 59248.30604474 
0.18000000 0.00000000 2476.03438153 58568.28311674 
0.20000000 0.00000000 2478.55736573 58571.14405005 
0.22000000 0.00000000 2481.07317885 58574.62620148 
0.24000000 0.00000000 2483.50066453 58578.25806286 
0.26000000 0.00000000 2487.81735563 58592.65784736 
0.28000000 0.00000000 2489.98117133 58596.45624604 
0.30000000 0.00000000 2492.01961369 58600.19459393 
0.32000000 0.00000000 2493.88230028 58603.78643238 
0.34000000 0.00000000 2495.48887669 58607.03136641 
0.36000000 0.00000000 2496.72229206 58609.48779687 
0.38000000 0.00000000 2497.54633623 58611.22612256 
0.40000000 0.00000000 2050.62743825 59385.87843460 
0.42000000 0.00000000 2051.21730517 59386.02020735 
0.44000000 0.00000000 2496.99347082 58610.16596546 
0.46000000 0.00000000 2495.79274471 58607.72182651 
0.48000000 0.00000000 2494.17062592 58604.54382779 
0.50000000 0.00000000 2492.17164937 58600.62265746 
0.52000000 0.00000000 2489.90287916 58596.31137314 
0.54000000 0.00000000 2487.46346536 58591.88869800 
0.56000000 0.00000000 2484.92748291 58587.51807662 
0.58000000 0.00000000 2480.11470557 58572.55099283 
0.60000000 0.00000000 2477.37761947 58568.45955165 
0.62000000 0.00000000 2474.60994652 58564.57667402 
0.64000000 0.00000000 2471.76840663 58560.79835256 
0.66000000 0.00000000 2366.58289361 59203.47509442 
0.68000000 0.00000000 2356.14642830 59218.31076527 
0.70000000 0.00000000 2462.51463287 58549.99379944 
0.72000000 0.00000000 2459.09149832 58546.43260679 
0.74000000 0.00000000 2455.66408261 58543.40755941 
0.76000000 0.00000000 2451.94843257 58539.92753446 
0.78000000 0.00000000 2448.56678256 58537.72299627 
0.80000000 0.00000000 2444.85757848 58534.71013478 
0.82000000 0.00000000 2441.23361373 58531.95261268 
0.84000000 0.00000000 2437.82678023 58529.63655653 
0.86000000 0.00000000 2424.24683766 58504.21654722 
0.88000000 0.00000000 2420.87992464 58502.38832501 
0.90000000 0.00000000 2441.25605806 58553.68646320 
0.92000000 0.00000000 2465.55929964 58636.82792531 
0.94000000 0.00000000 2413.00947253 58499.06418508 
0.96000000 0.00000000 2411.14931696 58498.58868974 
0.98000000 0.00000000 2396.08360178 58475.14634635 

