-1.00000000 0.00000000 2250.30269322 58657.60779007 
-0.98000000 0.00000000 2249.82775280 58657.99338265 
-0.96000000 0.00000000 2249.57446104 58658.39760939 
-0.94000000 0.00000000 2237.52431177 58651.89299101 
-0.92000000 0.00000000 2237.52239376 58652.30135419 
-0.90000000 0.00000000 2259.79118424 58666.54507745 
-0.88000000 0.00000000 2259.99618119 58666.88407524 
-0.86000000 0.00000000 2260.28588819 58667.24134649 
-0.84000000 0.00000000 2219.64168753 58645.14781925 
-0.82000000 0.00000000 2219.51022555 58645.26780253 
-0.80000000 0.00000000 2251.11173587 58661.14065547 
-0.78000000 0.00000000 2265.91955611 58672.03000749 
-0.76000000 0.00000000 2266.14336551 58672.27404658 
-0.74000000 0.00000000 2266.31159003 58672.46867237 
-0.72000000 0.00000000 2266.83214599 58672.95327448 
-0.70000000 0.00000000 2250.60197992 58661.15886853 
-0.68000000 0.00000000 2250.67937235 58661.22904477 
-0.66000000 0.00000000 2219.08416004 58645.90800824 
-0.64000000 0.00000000 2219.22617328 58645.89581347 
-0.62000000 0.00000000 2250.92352549 58661.22308769 
-0.60000000 0.00000000 2219.57360390 58645.68202984 
-0.58000000 0.00000000 2219.77153250 58645.47890667 
-0.56000000 0.00000000 2251.26443899 58660.88173474 
-0.54000000 0.00000000 2267.50662982 58672.73358734 
-0.52000000 0.00000000 2267.16366458 58672.20740668 
-0.50000000 0.00000000 2267.18410700 58671.98971856 
-0.48000000 0.00000000 2267.19080554 58671.76850924 
-0.46000000 0.00000000 2267.11720484 58671.49523251 
-0.44000000 0.00000000 2222.32544151 58643.86158769 
-0.42000000 0.00000000 2222.56842785 58643.68913404 
-0.40000000 0.00000000 2267.11195011 58671.03878376 
-0.38000000 0.00000000 2267.08313205 58670.93144321 
-0.36000000 0.00000000 2267.06441221 58670.86369257 
-0.34000000 0.00000000 2267.04059686 58670.81591874 
-0.32000000 0.00000000 2267.01438462 58670.78131793 
-0.30000000 0.00000000 2222.45552150 58643.01792208 
-0.28000000 0.00000000 2222.40404644 58642.96015358 
-0.26000000 0.00000000 2266.97299087 58670.67198841 
-0.24000000 0.00000000 2266.98361355 58670.58835972 
-0.22000000 0.00000000 2267.00935327 58670.44952242 
-0.20000000 0.00000000 2267.10199414 58670.27545844 
-0.18000000 0.00000000 2223.23577372 58641.97307427 
-0.16000000 0.00000000 2223.90314148 58641.53405643 
-0.14000000 0.00000000 2267.76971061 58669.27924320 
-0.12000000 0.00000000 2268.31650600 58668.87898600 
-0.10000000 0.00000000 2268.92852283 58668.32280647 
-0.08000000 0.00000000 2269.70959050 58667.69367207 
-0.06000000 0.00000000 2231.95756648 58637.70155507 
-0.04000000 0.00000000 2234.67695026 58636.70867698 
-0.02000000 0.00000000 2272.32553163 58664.66160689 
0.00000000 0.00000000 2274.03360685 58664.09613489 
0.02000000 0.00000000 2275.80912030 58663.49279934 
0.04000000 0.00000000 2277.81497285 58663.09758541 
0.06000000 0.00000000 2271.45377035 58653.14761979 
0.08000000 0.00000000 2279.26661205 58659.26016490 
0.10000000 0.00000000 2281.15281736 58658.82248322 
0.12000000 0.00000000 2283.18392903 58658.76114254 
0.14000000 0.00000000 2309.36870638 58987.49367385 
0.16000000 0.00000000 2315.10316406 58971.94205790 
0.18000000 0.00000000 2288.72848229 58659.23448284 
0.20000000 0.00000000 2290.26589512 58659.35840653 
0.22000000 0.00000000 2291.87771463 58659.75337216 
0.24000000 0.00000000 2293.47629569 58660.25649126 
0.26000000 0.00000000 2297.14445057 58664.39184336 
0.28000000 0.00000000 2298.66298588 58665.07364057 
0.30000000 0.00000000 2300.12103892 58665.78709728 
0.32000000 0.00000000 2301.48004684 58666.51424889 
0.34000000 0.00000000 2302.67373959 58667.20340060 
0.36000000 0.00000000 2303.59120495 58667.72146971 
0.38000000 0.00000000 2304.21699985 58668.10919603 
0.40000000 0.00000000 2193.41689317 59126.94071159 
0.42000000 0.00000000 2193.74383160 59126.81309222 
0.44000000 0.00000000 2303.82062788 58667.91750479 
0.46000000 0.00000000 2302.92692049 58667.40396481 
0.48000000 0.00000000 2301.73419172 58666.75632457 
0.50000000 0.00000000 2300.26872803 58665.95420345 
0.52000000 0.00000000 2298.62703086 58665.09872536 
0.54000000 0.00000000 2296.89306912 58664.26550409 
0.56000000 0.00000000 2295.12520077 58663.49433984 
0.58000000 0.00000000 2291.15963048 58659.29752728 
0.60000000 0.00000000 2289.35676560 58658.71769877 
0.62000000 0.00000000 2287.57596459 58658.24454811 
0.64000000 0.00000000 2285.78586869 58657.85316845 
0.66000000 0.00000000 2323.81324965 58942.79080846 
0.68000000 0.00000000 2321.05098941 58952.60577538 
0.70000000 0.00000000 2280.20413629 58657.23634548 
0.72000000 0.00000000 2278.20923462 58657.19166510 
0.74000000 0.00000000 2276.27559806 58657.37666960 
0.76000000 0.00000000 2274.16770140 58657.48218501 
0.78000000 0.00000000 2272.35372556 58657.99691673 
0.80000000 0.00000000 2270.31139793 58658.29175421 
0.82000000 0.00000000 2268.34283595 58658.65539481 
0.84000000 0.00000000 2266.52856197 58659.11594119 
0.86000000 0.00000000 2257.69423546 58653.40602135 
0.88000000 0.00000000 2255.97211111 58653.99613035 
0.90000000 0.00000000 2270.67710384 58668.52529845 
0.92000000 0.00000000 2291.25550271 58693.81541076 
0.94000000 0.00000000 2252.09445385 58655.81012932 
0.96000000 0.00000000 2251.22772456 58656.38647604 
0.98000000 0.00000000 2242.06065926 58651.57856448 

