-1.00000000 0.00000000 -947.26322989 61965.57580949 
-0.98000000 0.00000000 -948.52785862 61964.41072920 
-0.96000000 0.00000000 -948.06345496 61963.49520893 
-0.94000000 0.00000000 -1116.13839371 61952.93165322 
-0.92000000 0.00000000 -1112.90556100 61952.60662850 
-0.90000000 0.00000000 -820.06868183 61957.30108708 
-0.88000000 0.00000000 -817.41232477 61956.85198779 
-0.86000000 0.00000000 -814.06418852 61956.40721249 
-0.84000000 0.00000000 -1431.52192739 61890.65077016 
-0.82000000 0.00000000 -1432.47158850 61890.08883892 
-0.80000000 0.00000000 -921.04915115 61960.94490624 
-0.78000000 0.00000000 -754.20068124 61949.55158496 
-0.76000000 0.00000000 -751.92537646 61949.16227116 
-0.74000000 0.00000000 -750.17921525 61948.83701531 
-0.72000000 0.00000000 -744.81363955 61948.01428016 
-0.70000000 0.00000000 -926.12808553 61960.35455963 
-0.68000000 0.00000000 -925.07048004 61960.29112281 
-0.66000000 0.00000000 -1430.50369423 61888.80595856 
-0.64000000 0.00000000 -1428.41620844 61889.48655006 
-0.62000000 0.00000000 -923.15353992 61960.52150516 
-0.60000000 0.00000000 -1426.35676440 61890.77390457 
-0.58000000 0.00000000 -1426.55445019 61891.33933596 
-0.56000000 0.00000000 -922.74895923 61961.53315964 
-0.54000000 0.00000000 -741.59254735 61948.83105053 
-0.52000000 0.00000000 -746.10653180 61949.87154676 
-0.50000000 0.00000000 -746.89533661 61950.38884312 
-0.48000000 0.00000000 -747.77013346 61950.90288007 
-0.46000000 0.00000000 -749.38292697 61951.48765854 
-0.44000000 0.00000000 -1413.94207555 61900.63519128 
-0.42000000 0.00000000 -1412.80242592 61901.52332585 
-0.40000000 0.00000000 -750.92666936 61952.44022276 
-0.38000000 0.00000000 -751.30857240 61952.60439933 
-0.36000000 0.00000000 -751.38360302 61952.66207228 
-0.34000000 0.00000000 -751.34161633 61952.64972294 
-0.32000000 0.00000000 -751.20055324 61952.58482358 
-0.30000000 0.00000000 -1419.97176945 61900.47892286 
-0.28000000 0.00000000 -1420.18393864 61900.31526016 
-0.26000000 0.00000000 -750.36561238 61952.31934904 
-0.24000000 0.00000000 -750.16553087 61952.33440061 
-0.22000000 0.00000000 -750.20100258 61952.48987361 
-0.20000000 0.00000000 -750.11144392 61952.78304054 
-0.18000000 0.00000000 -1416.63551642 61903.05318757 
-0.16000000 0.00000000 -1413.31852636 61905.30572929 
-0.14000000 0.00000000 -751.18012925 61955.27333704 
-0.12000000 0.00000000 -750.62036224 61956.62388336 
-0.10000000 0.00000000 -750.99417080 61958.51863039 
-0.08000000 0.00000000 -751.33415408 61960.85803059 
-0.06000000 0.00000000 -1373.21202278 61931.94595014 
-0.04000000 0.00000000 -1359.56651292 61940.72789909 
-0.02000000 0.00000000 -761.44047089 61972.13369933 
0.00000000 0.00000000 -758.80945771 61975.89418116 
0.02000000 0.00000000 -756.71852499 61980.07177231 
0.04000000 0.00000000 -752.65754394 61984.15344704 
0.06000000 0.00000000 -867.60561911 62004.46997227 
0.08000000 0.00000000 -780.50363568 61998.85426680 
0.10000000 0.00000000 -778.72442170 62003.61882826 
0.12000000 0.00000000 -773.68436413 62007.63073884 
0.14000000 0.00000000 43.70330281 61225.86072220 
0.16000000 0.00000000 33.24996701 61260.99557655 
0.18000000 0.00000000 -757.71097207 62017.75054436 
0.20000000 0.00000000 -754.72339898 62021.09310497 
0.22000000 0.00000000 -749.78132960 62023.87922307 
0.24000000 0.00000000 -744.60318619 62026.51160110 
0.26000000 0.00000000 -704.84330628 62020.66010543 
0.28000000 0.00000000 -699.91536441 62022.97844939 
0.30000000 0.00000000 -695.21474119 62025.20806925 
0.32000000 0.00000000 -690.71090043 62027.22476745 
0.34000000 0.00000000 -686.62911786 62028.93483600 
0.36000000 0.00000000 -683.87559352 62030.42555955 
0.38000000 0.00000000 -681.82044114 62031.36203500 
0.40000000 0.00000000 147.50035887 60709.99096395 
0.42000000 0.00000000 147.30953916 60711.43943850 
0.44000000 0.00000000 -683.30392454 62030.87261553 
0.46000000 0.00000000 -686.37002719 62029.60963600 
0.48000000 0.00000000 -690.22065710 62027.81162883 
0.50000000 0.00000000 -695.32451723 62025.76967460 
0.52000000 0.00000000 -701.06811179 62023.48702508 
0.54000000 0.00000000 -707.01053133 62021.01179022 
0.56000000 0.00000000 -712.97001148 62018.43322536 
0.58000000 0.00000000 -754.45575532 62023.83966382 
0.60000000 0.00000000 -760.78294741 62021.08232553 
0.62000000 0.00000000 -766.93112496 62018.29489873 
0.64000000 0.00000000 -773.18958461 62015.49352702 
0.66000000 0.00000000 9.55857896 61329.34436238 
0.68000000 0.00000000 16.65298297 61308.16351792 
0.70000000 0.00000000 -791.97608273 62006.32229761 
0.72000000 0.00000000 -798.53468714 62002.94109704 
0.74000000 0.00000000 -803.38007903 61999.13646986 
0.76000000 0.00000000 -810.22405901 61995.50703191 
0.78000000 0.00000000 -812.79582341 61991.28549695 
0.80000000 0.00000000 -818.91033805 61987.58747625 
0.82000000 0.00000000 -824.72994234 61983.98122886 
0.84000000 0.00000000 -829.60292926 61980.48332046 
0.86000000 0.00000000 -931.81019317 61982.99382625 
0.88000000 0.00000000 -937.11281454 61979.40450636 
0.90000000 0.00000000 -739.43439536 61959.29841097 
0.92000000 0.00000000 -530.32869149 61902.81552855 
0.94000000 0.00000000 -947.68743891 61970.85870327 
0.96000000 0.00000000 -949.42852005 61968.75818975 
0.98000000 0.00000000 -1072.17251030 61962.00185613 

