-1.00000000 0.00000000 267.75012208 58198.74729273 
-0.98000000 0.00000000 267.44477585 58196.21869758 
-0.96000000 0.00000000 267.15096048 58191.85539779 
-0.94000000 0.00000000 271.23558454 58439.45276777 
-0.92000000 0.00000000 270.98199535 58432.39503897 
-0.90000000 0.00000000 262.02448859 57969.64538801 
-0.88000000 0.00000000 261.81411748 57963.88670870 
-0.86000000 0.00000000 261.59644726 57957.14978908 
-0.84000000 0.00000000 275.82673819 58831.09450956 
-0.82000000 0.00000000 275.76752072 58831.13664262 
-0.80000000 0.00000000 265.41584411 58138.12028983 
-0.78000000 0.00000000 258.62525351 57844.43451204 
-0.76000000 0.00000000 258.46425634 57839.66256342 
-0.74000000 0.00000000 258.32989165 57835.88564603 
-0.72000000 0.00000000 258.01317055 57825.15425352 
-0.70000000 0.00000000 265.34366380 58143.70572170 
-0.68000000 0.00000000 265.28689436 58141.74480908 
-0.66000000 0.00000000 275.33384996 58822.58223477 
-0.64000000 0.00000000 275.33161415 58820.57580211 
-0.62000000 0.00000000 265.29356198 58139.58375077 
-0.60000000 0.00000000 275.45897405 58820.72845548 
-0.58000000 0.00000000 275.59069236 58823.09207048 
-0.56000000 0.00000000 265.59713018 58143.00413051 
-0.54000000 0.00000000 258.30944666 57824.26505052 
-0.52000000 0.00000000 258.69626661 57834.72528390 
-0.50000000 0.00000000 258.89300017 57837.99570900 
-0.48000000 0.00000000 259.08852096 57841.36734340 
-0.46000000 0.00000000 259.30958278 57846.02676048 
-0.44000000 0.00000000 276.67934918 58829.06665111 
-0.42000000 0.00000000 276.78964559 58829.78274131 
-0.40000000 0.00000000 259.68009621 57852.18229140 
-0.38000000 0.00000000 259.74816382 57853.40303383 
-0.36000000 0.00000000 259.77787485 57853.75874263 
-0.34000000 0.00000000 259.78258102 57853.65848916 
-0.32000000 0.00000000 259.76860326 57853.19968928 
-0.30000000 0.00000000 277.06920807 58840.90745224 
-0.28000000 0.00000000 277.05470545 58840.76204885 
-0.26000000 0.00000000 259.70085517 57850.93732738 
-0.24000000 0.00000000 259.71387783 57850.70582288 
-0.22000000 0.00000000 259.77507332 57851.36655973 
-0.20000000 0.00000000 259.88133206 57852.41644905 
-0.18000000 0.00000000 277.38622998 58842.72434344 
-0.16000000 0.00000000 277.62014639 58843.62018304 
-0.14000000 0.00000000 260.72852188 57863.92585044 
-0.12000000 0.00000000 261.16954792 57868.61414744 
-0.10000000 0.00000000 261.78259729 57876.76681966 
-0.08000000 0.00000000 262.52644578 57886.65167363 
-0.06000000 0.00000000 280.32378248 58854.00929288 
-0.04000000 0.00000000 281.20078817 58857.16880510 
-0.02000000 0.00000000 265.99687993 57945.61706844 
0.00000000 0.00000000 267.07800540 57956.98405037 
0.02000000 0.00000000 268.25908916 57970.72306894 
0.04000000 0.00000000 269.38285392 57981.38559607 
0.06000000 0.00000000 275.74506078 58224.30718693 
0.08000000 0.00000000 273.38408331 58077.29994659 
0.10000000 0.00000000 274.55419014 58093.44746124 
0.12000000 0.00000000 275.48892754 58102.16046707 
0.14000000 0.00000000 -255.18730573 54391.79695587 
0.16000000 0.00000000 -195.75623939 54521.94959617 
0.18000000 0.00000000 277.66570997 58119.84898950 
0.20000000 0.00000000 278.33073395 58128.81374075 
0.22000000 0.00000000 278.83858191 58133.01633363 
0.24000000 0.00000000 279.29085843 58136.33805073 
0.26000000 0.00000000 277.90735981 58061.89438833 
0.28000000 0.00000000 278.30747332 58064.63980204 
0.30000000 0.00000000 278.68563326 58067.35667957 
0.32000000 0.00000000 279.02263291 58069.52156947 
0.34000000 0.00000000 279.30493798 58071.05022069 
0.36000000 0.00000000 279.55315651 58073.40632897 
0.38000000 0.00000000 279.70392208 58074.48969649 
0.40000000 0.00000000 -2185.93605868 53274.83121360 
0.42000000 0.00000000 -2177.04159660 53273.69750525 
0.44000000 0.00000000 279.58911644 58074.46954899 
0.46000000 0.00000000 279.36233366 58073.40951484 
0.48000000 0.00000000 279.04262069 58071.27229375 
0.50000000 0.00000000 278.68569248 58069.79389807 
0.52000000 0.00000000 278.28949102 58068.23243604 
0.54000000 0.00000000 277.85897631 58066.22444846 
0.56000000 0.00000000 277.40644640 58063.88592185 
0.58000000 0.00000000 278.75887109 58139.41140387 
0.60000000 0.00000000 278.29583058 58137.27654206 
0.62000000 0.00000000 277.80772677 58134.83658237 
0.64000000 0.00000000 277.29531174 58132.54389999 
0.66000000 0.00000000 -100.11740913 54778.88214372 
0.68000000 0.00000000 -129.10064167 54697.11883347 
0.70000000 0.00000000 275.43720263 58123.02237905 
0.72000000 0.00000000 274.69729995 58119.11024187 
0.74000000 0.00000000 273.81783084 58111.18609186 
0.76000000 0.00000000 272.98041059 58106.80482040 
0.78000000 0.00000000 271.92867605 58094.05504299 
0.80000000 0.00000000 271.03101049 58088.41758532 
0.82000000 0.00000000 270.14132384 58082.74760439 
0.84000000 0.00000000 269.25558717 58076.14948339 
0.86000000 0.00000000 272.01407472 58241.35185173 
0.88000000 0.00000000 271.23226072 58235.99030680 
0.90000000 0.00000000 262.20598936 57865.31282277 
0.92000000 0.00000000 246.01349709 57383.65569304 
0.94000000 0.00000000 269.25903999 58219.98412743 
0.96000000 0.00000000 268.72993630 58214.65043593 
0.98000000 0.00000000 271.55415889 58395.50814574 

