-1.00000000 0.00000000 229.56861718 56716.53181717 
-0.98000000 0.00000000 229.03574112 56713.16231500 
-0.96000000 0.00000000 228.39188167 56707.48111139 
-0.94000000 0.00000000 247.72089757 57022.46346677 
-0.92000000 0.00000000 247.05071063 57013.38267112 
-0.90000000 0.00000000 206.02756805 56424.78692517 
-0.88000000 0.00000000 205.29073437 56417.40954324 
-0.86000000 0.00000000 204.46425238 56408.80015188 
-0.84000000 0.00000000 270.34943594 57521.10415084 
-0.82000000 0.00000000 270.28275789 57521.11352705 
-0.80000000 0.00000000 222.61523005 56638.61299367 
-0.78000000 0.00000000 191.09228142 56265.57237788 
-0.76000000 0.00000000 190.44675637 56259.47907644 
-0.74000000 0.00000000 189.92307777 56254.64957521 
-0.72000000 0.00000000 188.53530141 56241.00300698 
-0.70000000 0.00000000 222.86271868 56645.52700156 
-0.68000000 0.00000000 222.65454524 56643.01277500 
-0.66000000 0.00000000 269.45728769 57509.94819224 
-0.64000000 0.00000000 269.37889645 57507.39626977 
-0.62000000 0.00000000 222.52266991 56640.28330058 
-0.60000000 0.00000000 269.52976392 57507.65221999 
-0.58000000 0.00000000 269.76883613 57510.72041703 
-0.56000000 0.00000000 223.17475370 56644.79348530 
-0.54000000 0.00000000 188.92675540 56240.07674870 
-0.52000000 0.00000000 190.40083082 56253.42715464 
-0.50000000 0.00000000 190.97983264 56257.66058618 
-0.48000000 0.00000000 191.56402109 56262.01988474 
-0.46000000 0.00000000 192.29135746 56268.00647781 
-0.44000000 0.00000000 271.23759854 57518.89147386 
-0.42000000 0.00000000 271.39028075 57519.85995126 
-0.40000000 0.00000000 193.37274094 56275.97596734 
-0.38000000 0.00000000 193.57776198 56277.55154466 
-0.36000000 0.00000000 193.65213775 56278.01698333 
-0.34000000 0.00000000 193.64936355 56277.89302162 
-0.32000000 0.00000000 193.58650456 56277.30579766 
-0.30000000 0.00000000 272.10283465 57534.11344884 
-0.28000000 0.00000000 272.07129197 57533.91631462 
-0.26000000 0.00000000 193.26265073 56274.40412865 
-0.24000000 0.00000000 193.23887062 56274.10838183 
-0.22000000 0.00000000 193.35144018 56274.95663111 
-0.20000000 0.00000000 193.55067116 56276.31564558 
-0.18000000 0.00000000 272.34437700 57536.50252332 
-0.16000000 0.00000000 272.56180185 57537.72672020 
-0.14000000 0.00000000 195.51159939 56291.15251014 
-0.12000000 0.00000000 196.41860561 56297.24573373 
-0.10000000 0.00000000 197.82637427 56307.77419122 
-0.08000000 0.00000000 199.52462869 56320.54176173 
-0.06000000 0.00000000 275.17259294 57551.95108566 
-0.04000000 0.00000000 276.01064725 57556.29433929 
-0.02000000 0.00000000 208.37102057 56396.28581075 
0.00000000 0.00000000 210.45681499 56411.06832674 
0.02000000 0.00000000 212.81322728 56428.87405576 
0.04000000 0.00000000 214.81947012 56442.76881902 
0.06000000 0.00000000 238.88185149 56751.95400513 
0.08000000 0.00000000 226.21645679 56565.28912155 
0.10000000 0.00000000 228.45290647 56586.06829620 
0.12000000 0.00000000 229.84850350 56597.33656680 
0.14000000 0.00000000 -3057.60379706 53522.55813891 
0.16000000 0.00000000 -2730.64269382 53364.48013941 
0.18000000 0.00000000 232.44311892 56619.97624294 
0.20000000 0.00000000 233.34105904 56631.28613595 
0.22000000 0.00000000 233.69383852 56636.48122759 
0.24000000 0.00000000 233.88689822 56640.50961080 
0.26000000 0.00000000 226.64498832 56545.61836923 
0.28000000 0.00000000 226.72547907 56548.86345130 
0.30000000 0.00000000 226.79415766 56552.07198673 
0.32000000 0.00000000 226.81779742 56554.59358188 
0.34000000 0.00000000 226.80185839 56556.33441720 
0.36000000 0.00000000 226.89828674 56559.16673228 
0.38000000 0.00000000 226.90926178 56560.42905109 
0.40000000 0.00000000 -4832.25984777 59249.07232523 
0.42000000 0.00000000 -4836.37066789 59233.81470171 
0.44000000 0.00000000 226.88103349 56560.39207562 
0.46000000 0.00000000 226.85532846 56559.15227874 
0.48000000 0.00000000 226.76410622 56556.59184355 
0.50000000 0.00000000 226.77089265 56554.90982613 
0.52000000 0.00000000 226.79512746 56553.15229086 
0.54000000 0.00000000 226.78895497 56550.84448370 
0.56000000 0.00000000 226.74731188 56548.11974204 
0.58000000 0.00000000 234.09181854 56644.39395887 
0.60000000 0.00000000 234.02497955 56641.88828111 
0.62000000 0.00000000 233.86347386 56638.95486858 
0.64000000 0.00000000 233.62840423 56636.15768663 
0.66000000 0.00000000 -2132.05420056 53212.99786902 
0.68000000 0.00000000 -2316.80198300 53243.05321245 
0.70000000 0.00000000 232.01740476 56624.03202575 
0.72000000 0.00000000 231.17825449 56618.92393528 
0.74000000 0.00000000 229.85469052 56608.65815081 
0.76000000 0.00000000 228.77638568 56602.85002339 
0.78000000 0.00000000 226.82739753 56586.36571176 
0.80000000 0.00000000 225.51380429 56578.89905257 
0.82000000 0.00000000 224.17603559 56571.37677327 
0.84000000 0.00000000 222.74826848 56562.67069944 
0.86000000 0.00000000 237.04191838 56772.44471453 
0.88000000 0.00000000 235.87590454 56765.31596519 
0.90000000 0.00000000 197.65729585 56293.99525021 
0.92000000 0.00000000 123.62968889 55684.34574529 
0.94000000 0.00000000 232.69095458 56744.14503808 
0.96000000 0.00000000 231.74526336 56737.13629666 
0.98000000 0.00000000 245.72235315 56967.09178383 

