-1.00000000 0.00000000 -1558.42863479 58913.24995435 
-0.98000000 0.00000000 -1558.63042234 58912.35519900 
-0.96000000 0.00000000 -1558.63338171 58911.76454131 
-0.94000000 0.00000000 -1572.36849668 58898.20849675 
-0.92000000 0.00000000 -1572.15404975 58897.96669389 
-0.90000000 0.00000000 -1545.65948253 58921.80594181 
-0.88000000 0.00000000 -1545.30760872 58921.90763137 
-0.86000000 0.00000000 -1544.87436512 58922.12011011 
-0.84000000 0.00000000 -1591.33136227 58876.40055354 
-0.82000000 0.00000000 -1591.38081888 58876.13488423 
-0.80000000 0.00000000 -1555.87901178 58912.39079657 
-0.78000000 0.00000000 -1537.59128913 58927.51862987 
-0.76000000 0.00000000 -1537.27412182 58927.70245875 
-0.74000000 0.00000000 -1537.02986545 58927.83445470 
-0.72000000 0.00000000 -1536.33577083 58928.31154345 
-0.70000000 0.00000000 -1556.30367000 58911.63969679 
-0.68000000 0.00000000 -1556.20079742 58911.71009309 
-0.66000000 0.00000000 -1591.40661873 58875.11944155 
-0.64000000 0.00000000 -1591.29067569 58875.33128742 
-0.62000000 0.00000000 -1555.99616748 58912.06165907 
-0.60000000 0.00000000 -1591.10533842 58875.95997673 
-0.58000000 0.00000000 -1591.04318034 58876.36684809 
-0.56000000 0.00000000 -1555.88602244 58912.74155007 
-0.54000000 0.00000000 -1535.88191494 58929.38781763 
-0.52000000 0.00000000 -1536.44776054 58929.18523589 
-0.50000000 0.00000000 -1536.54477129 58929.33299105 
-0.48000000 0.00000000 -1536.65520857 58929.46338609 
-0.46000000 0.00000000 -1536.86077265 58929.50809507 
-0.44000000 0.00000000 -1589.70285729 58881.02111501 
-0.42000000 0.00000000 -1589.58500005 58881.47619830 
-0.40000000 0.00000000 -1537.10454411 58929.75384713 
-0.38000000 0.00000000 -1537.18511371 58929.77366588 
-0.36000000 0.00000000 -1537.23636178 58929.78667888 
-0.34000000 0.00000000 -1537.28141766 58929.78187993 
-0.32000000 0.00000000 -1537.32157349 58929.76672327 
-0.30000000 0.00000000 -1590.03892337 58881.73322970 
-0.28000000 0.00000000 -1590.11390664 58881.69706405 
-0.26000000 0.00000000 -1537.41345010 58929.77693496 
-0.24000000 0.00000000 -1537.44822875 58929.83976212 
-0.22000000 0.00000000 -1537.49924182 58929.95298821 
-0.20000000 0.00000000 -1537.51226626 58930.17881335 
-0.18000000 0.00000000 -1589.92057299 58883.48469803 
-0.16000000 0.00000000 -1589.57788459 58884.69979258 
-0.14000000 0.00000000 -1537.47096311 58931.65198038 
-0.12000000 0.00000000 -1537.21901855 58932.63299150 
-0.10000000 0.00000000 -1536.99358473 58933.78642644 
-0.08000000 0.00000000 -1536.66329298 58935.21395682 
-0.06000000 0.00000000 -1584.65429829 58898.43404077 
-0.04000000 0.00000000 -1582.82984999 58902.87700032 
-0.02000000 0.00000000 -1536.03691506 58940.47430860 
0.00000000 0.00000000 -1534.88759273 58943.15701388 
0.02000000 0.00000000 -1533.70058738 58945.95021758 
0.04000000 0.00000000 -1532.21049086 58948.95013606 
0.06000000 0.00000000 -1542.75783792 58945.42716953 
0.08000000 0.00000000 -1532.96978402 58953.00586414 
0.10000000 0.00000000 -1531.59940103 58955.85622912 
0.12000000 0.00000000 -1529.91236875 58958.70289651 
0.14000000 0.00000000 -1323.71643515 58856.42502441 
0.16000000 0.00000000 -1329.04706475 58869.72324687 
0.18000000 0.00000000 -1524.98067888 58966.11196456 
0.20000000 0.00000000 -1523.61803987 58968.16508405 
0.22000000 0.00000000 -1522.05433980 58970.17445126 
0.24000000 0.00000000 -1520.44739932 58972.10642254 
0.26000000 0.00000000 -1515.23983326 58974.96343466 
0.28000000 0.00000000 -1513.61337878 58976.68974407 
0.30000000 0.00000000 -1512.02269724 58978.31611679 
0.32000000 0.00000000 -1510.50926724 58979.79938981 
0.34000000 0.00000000 -1509.15494567 58981.07596432 
0.36000000 0.00000000 -1508.12046570 58982.06342972 
0.38000000 0.00000000 -1507.39755209 58982.71929382 
0.40000000 0.00000000 -1311.15793142 58638.27962906 
0.42000000 0.00000000 -1311.03776453 58638.84314589 
0.44000000 0.00000000 -1507.82774685 58982.27791775 
0.46000000 0.00000000 -1508.83974403 58981.32169187 
0.48000000 0.00000000 -1510.17169524 58980.02565358 
0.50000000 0.00000000 -1511.81247036 58978.43647924 
0.52000000 0.00000000 -1513.62979765 58976.63347555 
0.54000000 0.00000000 -1515.51471180 58974.69193202 
0.56000000 0.00000000 -1517.39785219 58972.67066123 
0.58000000 0.00000000 -1522.89202352 58969.43862284 
0.60000000 0.00000000 -1524.71214658 58967.26622397 
0.62000000 0.00000000 -1526.46017925 58965.06541094 
0.64000000 0.00000000 -1528.17520865 58962.80570067 
0.66000000 0.00000000 -1340.16223617 58892.21526959 
0.68000000 0.00000000 -1336.35163141 58884.97056772 
0.70000000 0.00000000 -1533.21808467 58955.41742529 
0.72000000 0.00000000 -1534.93135353 58952.67488587 
0.74000000 0.00000000 -1536.47455735 58949.88998754 
0.76000000 0.00000000 -1538.20697406 58946.90104863 
0.78000000 0.00000000 -1539.47827990 58944.09710255 
0.80000000 0.00000000 -1541.05732131 58941.08841356 
0.82000000 0.00000000 -1542.53817711 58938.14072052 
0.84000000 0.00000000 -1543.83765618 58935.35185385 
0.86000000 0.00000000 -1554.33334245 58926.04332682 
0.88000000 0.00000000 -1555.49261512 58923.29001892 
0.90000000 0.00000000 -1535.40967941 58936.14851419 
0.92000000 0.00000000 -1504.91653978 58951.91309479 
0.94000000 0.00000000 -1557.84689046 58916.80036870 
0.96000000 0.00000000 -1558.28284071 58915.24902487 
0.98000000 0.00000000 -1568.64880551 58904.88975367 

