-1.00000000 0.00000000 1988.61790415 59039.46283762 
-0.98000000 0.00000000 1989.29574840 59040.03238109 
-0.96000000 0.00000000 1989.81745007 59040.14816627 
-0.94000000 0.00000000 1994.02313273 59071.09987064 
-0.92000000 0.00000000 1994.36114693 59070.70807269 
-0.90000000 0.00000000 1988.06235460 59011.30292556 
-0.88000000 0.00000000 1988.16896980 59010.58396552 
-0.86000000 0.00000000 1988.22110799 59009.67319470 
-0.84000000 0.00000000 2002.06114434 59114.25428191 
-0.82000000 0.00000000 2002.26702506 59114.41238072 
-0.80000000 0.00000000 1990.83087221 59034.50544934 
-0.78000000 0.00000000 1987.36045484 58993.49617657 
-0.76000000 0.00000000 1987.36978113 58992.81447880 
-0.74000000 0.00000000 1987.38557003 58992.29161584 
-0.72000000 0.00000000 1987.33331272 58990.75272820 
-0.70000000 0.00000000 1991.27350072 59035.57970660 
-0.68000000 0.00000000 1991.26936384 59035.35583166 
-0.66000000 0.00000000 2003.15261703 59114.63725397 
-0.64000000 0.00000000 2003.03805242 59114.36408933 
-0.62000000 0.00000000 1991.07276891 59034.86969738 
-0.60000000 0.00000000 2002.60276928 59113.89607473 
-0.58000000 0.00000000 2002.28646672 59113.71853490 
-0.56000000 0.00000000 1990.53088657 59034.52217484 
-0.54000000 0.00000000 1986.61354711 58989.57800827 
-0.52000000 0.00000000 1986.49032954 58990.79859790 
-0.50000000 0.00000000 1986.30453240 58990.96386062 
-0.48000000 0.00000000 1986.12677094 58991.15930207 
-0.46000000 0.00000000 1985.97438065 58991.57018120 
-0.44000000 0.00000000 1999.02875161 59110.33412638 
-0.42000000 0.00000000 1998.70028600 59110.02338913 
-0.40000000 0.00000000 1985.61499018 58991.98315643 
-0.38000000 0.00000000 1985.55030191 58992.12593799 
-0.36000000 0.00000000 1985.50702193 58992.20519649 
-0.34000000 0.00000000 1985.48263045 58992.27173814 
-0.32000000 0.00000000 1985.46983655 58992.32702287 
-0.30000000 0.00000000 1998.18854565 59110.83295445 
-0.28000000 0.00000000 1998.17206448 59110.96205490 
-0.26000000 0.00000000 1985.39674206 58992.41153551 
-0.24000000 0.00000000 1985.31781514 58992.43864489 
-0.22000000 0.00000000 1985.18620016 58992.49539927 
-0.20000000 0.00000000 1984.97596602 58992.45991938 
-0.18000000 0.00000000 1996.73179588 59110.21887568 
-0.16000000 0.00000000 1995.88473689 59109.35973913 
-0.14000000 0.00000000 1983.69355383 58992.13682112 
-0.12000000 0.00000000 1982.96316494 58991.48699689 
-0.10000000 0.00000000 1982.06909537 58990.89776729 
-0.08000000 0.00000000 1980.99069246 58990.07699863 
-0.06000000 0.00000000 1986.90442548 59097.84549434 
-0.04000000 0.00000000 1984.11522928 59093.69917466 
-0.02000000 0.00000000 1976.71465559 58988.49686076 
0.00000000 0.00000000 1974.96096408 58985.88339757 
0.02000000 0.00000000 1973.12631731 58983.20218831 
0.04000000 0.00000000 1971.26151048 58979.85426165 
0.06000000 0.00000000 1968.90098921 59003.68959077 
0.08000000 0.00000000 1967.31276972 58981.66308593 
0.10000000 0.00000000 1965.50839077 58978.64039183 
0.12000000 0.00000000 1963.86355696 58974.91229860 
0.14000000 0.00000000 2166.35112986 58466.55825089 
0.16000000 0.00000000 2149.99302636 58480.82928002 
0.18000000 0.00000000 1959.83039831 58964.09234923 
0.20000000 0.00000000 1958.70455132 58961.16065129 
0.22000000 0.00000000 1957.71600783 58957.79389105 
0.24000000 0.00000000 1956.81456753 58954.35295360 
0.26000000 0.00000000 1956.88337560 58942.68276572 
0.28000000 0.00000000 1956.16109987 58939.22624090 
0.30000000 0.00000000 1955.50602516 58935.85745743 
0.32000000 0.00000000 1954.93620606 58932.65636501 
0.34000000 0.00000000 1954.46849777 58929.79303280 
0.36000000 0.00000000 1954.09836008 58927.61885589 
0.38000000 0.00000000 1953.86911732 58926.09760760 
0.40000000 0.00000000 2408.14273343 58446.08009437 
0.42000000 0.00000000 2407.59562435 58445.66532008 
0.44000000 0.00000000 1954.05050670 58927.03136463 
0.46000000 0.00000000 1954.40397092 58929.17885013 
0.48000000 0.00000000 1954.90011637 58931.99671859 
0.50000000 0.00000000 1955.50100220 58935.47620650 
0.52000000 0.00000000 1956.19973442 58939.33189836 
0.54000000 0.00000000 1956.98245534 58943.33229528 
0.56000000 0.00000000 1957.83124937 58947.33485041 
0.58000000 0.00000000 1957.93443838 58959.60687039 
0.60000000 0.00000000 1958.93164574 58963.49978974 
0.62000000 0.00000000 1959.98609770 58967.25834015 
0.64000000 0.00000000 1961.10541190 58970.97147802 
0.66000000 0.00000000 2121.35558646 58510.91923846 
0.68000000 0.00000000 2130.53146881 58500.84129027 
0.70000000 0.00000000 1965.02907326 58982.02560098 
0.72000000 0.00000000 1966.55774185 58985.82124414 
0.74000000 0.00000000 1968.20621231 58989.24815173 
0.76000000 0.00000000 1969.93078199 58993.11851502 
0.78000000 0.00000000 1971.72705558 58995.96557947 
0.80000000 0.00000000 1973.53833962 58999.52527138 
0.82000000 0.00000000 1975.34272982 59002.88260446 
0.84000000 0.00000000 1977.09939445 59005.85102691 
0.86000000 0.00000000 1979.66006356 59029.49826193 
0.88000000 0.00000000 1981.43601579 59032.17990951 
0.90000000 0.00000000 1980.80619213 58987.14659379 
0.92000000 0.00000000 1982.41190560 58918.27909074 
0.94000000 0.00000000 1985.82307173 59037.78734721 
0.96000000 0.00000000 1986.94243379 59038.88906096 
0.98000000 0.00000000 1990.27005898 59062.28760079 

