-1.00000000 0.00000000 2413.03583770 58823.02617324 
-0.98000000 0.00000000 2412.60846228 58822.05260366 
-0.96000000 0.00000000 2412.20293807 58821.63062569 
-0.94000000 0.00000000 2415.65488440 58788.11105638 
-0.92000000 0.00000000 2415.28585463 58788.31385478 
-0.90000000 0.00000000 2406.72563738 58851.40715281 
-0.88000000 0.00000000 2406.45708673 58852.06938317 
-0.86000000 0.00000000 2406.18565614 58852.95353807 
-0.84000000 0.00000000 2417.66304709 58739.92027708 
-0.82000000 0.00000000 2417.51759123 58739.64786721 
-0.80000000 0.00000000 2410.02430470 58826.74587038 
-0.78000000 0.00000000 2402.81763536 58869.48282060 
-0.76000000 0.00000000 2402.63439347 58870.15543238 
-0.74000000 0.00000000 2402.48667399 58870.66611236 
-0.72000000 0.00000000 2402.13509112 58872.21535292 
-0.70000000 0.00000000 2409.90695744 58825.43166780 
-0.68000000 0.00000000 2409.85775808 58825.65847607 
-0.66000000 0.00000000 2416.81061685 58738.91935525 
-0.64000000 0.00000000 2416.85605797 58739.26187391 
-0.62000000 0.00000000 2409.90603854 58826.26088555 
-0.60000000 0.00000000 2417.13554272 58739.99019054 
-0.58000000 0.00000000 2417.36907030 58740.35627701 
-0.56000000 0.00000000 2410.27130029 58826.93048786 
-0.54000000 0.00000000 2402.42121302 58873.79873643 
-0.52000000 0.00000000 2402.83480651 58872.66997553 
-0.50000000 0.00000000 2403.02916092 58872.61576229 
-0.48000000 0.00000000 2403.22484516 58872.52647804 
-0.46000000 0.00000000 2403.45509976 58872.20951260 
-0.44000000 0.00000000 2419.46878026 58745.70194784 
-0.42000000 0.00000000 2419.68612020 58746.20766997 
-0.40000000 0.00000000 2403.85834189 58872.00028799 
-0.38000000 0.00000000 2403.94989234 58871.89010384 
-0.36000000 0.00000000 2404.00819094 58871.82824147 
-0.34000000 0.00000000 2404.04827302 58871.76624615 
-0.32000000 0.00000000 2404.07643019 58871.70713823 
-0.30000000 0.00000000 2420.28552882 58745.64155985 
-0.28000000 0.00000000 2420.32783394 58745.50687741 
-0.26000000 0.00000000 2404.16994023 58871.62613560 
-0.24000000 0.00000000 2404.24518787 58871.63334992 
-0.22000000 0.00000000 2404.37035594 58871.64485859 
-0.20000000 0.00000000 2404.53493321 58871.79772650 
-0.18000000 0.00000000 2421.41638105 58747.05785477 
-0.16000000 0.00000000 2421.96515489 58748.43158219 
-0.14000000 0.00000000 2405.49144962 58872.90001216 
-0.12000000 0.00000000 2405.91134334 58874.00320032 
-0.10000000 0.00000000 2406.47474591 58875.15982247 
-0.08000000 0.00000000 2407.12249890 58876.67175505 
-0.06000000 0.00000000 2427.18367113 58765.65515776 
-0.04000000 0.00000000 2428.64502523 58771.63212945 
-0.02000000 0.00000000 2410.09500288 58881.08895486 
0.00000000 0.00000000 2410.79458771 58884.84650688 
0.02000000 0.00000000 2411.53011063 58888.73503177 
0.04000000 0.00000000 2412.10308454 58893.30503997 
0.06000000 0.00000000 2420.12859033 58871.57010896 
0.08000000 0.00000000 2415.64612238 58894.31628242 
0.10000000 0.00000000 2416.23780554 58898.55786173 
0.12000000 0.00000000 2416.50576572 58903.38256777 
0.14000000 0.00000000 2123.42306094 59197.98200878 
0.16000000 0.00000000 2137.87607865 59198.17929193 
0.18000000 0.00000000 2416.63778146 58916.89412945 
0.20000000 0.00000000 2416.67570192 58920.59975887 
0.22000000 0.00000000 2416.47749401 58924.63822937 
0.24000000 0.00000000 2416.18027118 58928.69437131 
0.26000000 0.00000000 2412.81080895 58940.00212540 
0.28000000 0.00000000 2412.33841924 58943.94369681 
0.30000000 0.00000000 2411.83139629 58947.75268445 
0.32000000 0.00000000 2411.30217153 58951.33381148 
0.34000000 0.00000000 2410.79128678 58954.50554335 
0.36000000 0.00000000 2410.40910633 58956.92857310 
0.38000000 0.00000000 2410.11781528 58958.60122065 
0.40000000 0.00000000 1973.14668040 59074.80017395 
0.42000000 0.00000000 1973.36975479 59075.35027474 
0.44000000 0.00000000 2410.26156310 58957.55742169 
0.46000000 0.00000000 2410.64578860 58955.18173483 
0.48000000 0.00000000 2411.12255385 58952.03614038 
0.50000000 0.00000000 2411.71187377 58948.16114663 
0.52000000 0.00000000 2412.33071839 58943.84120497 
0.54000000 0.00000000 2412.91850759 58939.31507532 
0.56000000 0.00000000 2413.44505333 58934.73891619 
0.58000000 0.00000000 2416.82813923 58922.69173516 
0.60000000 0.00000000 2417.16828505 58918.11367963 
0.62000000 0.00000000 2417.41298753 58913.63474425 
0.64000000 0.00000000 2417.58124593 58909.16363431 
0.66000000 0.00000000 2164.98344964 59194.93769271 
0.68000000 0.00000000 2156.04133370 59196.37912675 
0.70000000 0.00000000 2417.54526121 58895.48433700 
0.72000000 0.00000000 2417.36502848 58890.67486425 
0.74000000 0.00000000 2416.98160137 58886.14942042 
0.76000000 0.00000000 2416.64096863 58881.14329684 
0.78000000 0.00000000 2415.96690507 58877.09973274 
0.80000000 0.00000000 2415.45181187 58872.35487840 
0.82000000 0.00000000 2414.87738205 58867.82247690 
0.84000000 0.00000000 2414.23051837 58863.71467154 
0.86000000 0.00000000 2417.97542518 58838.63564975 
0.88000000 0.00000000 2417.18177706 58834.80763197 
0.90000000 0.00000000 2406.52614705 58879.63209843 
0.92000000 0.00000000 2386.59588458 58945.10181782 
0.94000000 0.00000000 2414.93855974 58826.41896662 
0.96000000 0.00000000 2414.27976860 58824.62291567 
0.98000000 0.00000000 2416.85509097 58799.19547230 

