-1.00000000 0.00000000 -1045.28047783 59695.03117542 
-0.98000000 0.00000000 -1047.10207181 59695.19222831 
-0.96000000 0.00000000 -1048.23673082 59694.83488727 
-0.94000000 0.00000000 -1084.79963275 59739.86658187 
-0.92000000 0.00000000 -1085.13227973 59738.87303422 
-0.90000000 0.00000000 -1019.58169607 59650.73519601 
-0.88000000 0.00000000 -1019.22342759 59649.59336291 
-0.86000000 0.00000000 -1018.59384395 59648.19598282 
-0.84000000 0.00000000 -1142.81075460 59800.19212503 
-0.82000000 0.00000000 -1143.42228309 59800.19752750 
-0.80000000 0.00000000 -1045.55376056 59685.34049198 
-0.78000000 0.00000000 -1003.25706992 59623.54942891 
-0.76000000 0.00000000 -1002.73123878 59622.50812709 
-0.74000000 0.00000000 -1002.34736907 59621.70114842 
-0.72000000 0.00000000 -1000.96380885 59619.32449696 
-0.70000000 0.00000000 -1047.50825133 59686.69887913 
-0.68000000 0.00000000 -1047.31274892 59686.34786655 
-0.66000000 0.00000000 -1145.58576546 59799.24737101 
-0.64000000 0.00000000 -1145.08556332 59798.95685365 
-0.62000000 0.00000000 -1046.50469629 59685.78661976 
-0.60000000 0.00000000 -1143.74906243 59798.84920131 
-0.58000000 0.00000000 -1142.93998653 59799.05694657 
-0.56000000 0.00000000 -1045.11390714 59685.84986475 
-0.54000000 0.00000000 -998.54604362 59618.09543154 
-0.52000000 0.00000000 -999.31881671 59620.14686367 
-0.50000000 0.00000000 -999.07313517 59620.56575809 
-0.48000000 0.00000000 -998.86666348 59621.02161706 
-0.46000000 0.00000000 -998.89103716 59621.79510917 
-0.44000000 0.00000000 -1133.01885294 59798.59400849 
-0.42000000 0.00000000 -1132.03832332 59798.57283127 
-0.40000000 0.00000000 -998.44839797 59622.66199154 
-0.38000000 0.00000000 -998.40867155 59622.88706102 
-0.36000000 0.00000000 -998.35458744 59622.97806296 
-0.34000000 0.00000000 -998.32446582 59623.01879021 
-0.32000000 0.00000000 -998.30568396 59623.01883581 
-0.30000000 0.00000000 -1131.64688648 59800.29862407 
-0.28000000 0.00000000 -1131.70626432 59800.40443567 
-0.26000000 0.00000000 -998.11360639 59622.87030757 
-0.24000000 0.00000000 -997.95032510 59622.86775244 
-0.22000000 0.00000000 -997.71991312 59622.97334474 
-0.20000000 0.00000000 -997.27448145 59623.02784149 
-0.18000000 0.00000000 -1128.09770895 59800.72830176 
-0.16000000 0.00000000 -1125.64401303 59800.54257053 
-0.14000000 0.00000000 -994.65326310 59623.74013633 
-0.12000000 0.00000000 -992.81187007 59623.54082280 
-0.10000000 0.00000000 -990.75888157 59623.70437634 
-0.08000000 0.00000000 -988.21194183 59623.79456804 
-0.06000000 0.00000000 -1097.91391328 59796.11937607 
-0.04000000 0.00000000 -1088.91101665 59794.05154573 
-0.02000000 0.00000000 -979.69907803 59627.44279560 
0.00000000 0.00000000 -974.56819538 59625.84243066 
0.02000000 0.00000000 -969.27142682 59624.33150776 
0.04000000 0.00000000 -963.38322511 59621.82521114 
0.06000000 0.00000000 -979.98771622 59666.30984820 
0.08000000 0.00000000 -958.50681398 59631.79373069 
0.10000000 0.00000000 -953.03651419 59629.98971588 
0.12000000 0.00000000 -947.25389172 59626.76960837 
0.14000000 0.00000000 -830.04628033 58407.99337382 
0.16000000 0.00000000 -821.45620812 58465.51435603 
0.18000000 0.00000000 -931.84195171 59616.51133360 
0.20000000 0.00000000 -927.68087170 59614.02094626 
0.22000000 0.00000000 -923.41249649 59610.63966008 
0.24000000 0.00000000 -919.25565962 59607.08413483 
0.26000000 0.00000000 -909.94292393 59587.74186547 
0.28000000 0.00000000 -906.13069747 59584.02311246 
0.30000000 0.00000000 -902.51155480 59580.38442872 
0.32000000 0.00000000 -899.16760194 59576.87478545 
0.34000000 0.00000000 -896.25030146 59573.68671273 
0.36000000 0.00000000 -894.02256806 59571.35696401 
0.38000000 0.00000000 -892.51122608 59569.67550681 
0.40000000 0.00000000 -1101.61595519 57641.25012468 
0.42000000 0.00000000 -1100.50033144 57642.92812364 
0.44000000 0.00000000 -893.51435194 59570.77079998 
0.46000000 0.00000000 -895.70301818 59573.18244327 
0.48000000 0.00000000 -898.62551501 59576.26900934 
0.50000000 0.00000000 -902.22767687 59580.15433441 
0.52000000 0.00000000 -906.28221270 59584.43717998 
0.54000000 0.00000000 -910.59315827 59588.81667182 
0.56000000 0.00000000 -915.02801007 59593.13947571 
0.58000000 0.00000000 -925.11371940 59613.10118567 
0.60000000 0.00000000 -929.77768131 59617.18592286 
0.62000000 0.00000000 -934.46007388 59621.06795638 
0.64000000 0.00000000 -939.24846985 59624.88203905 
0.66000000 0.00000000 -809.39838952 58576.35730158 
0.68000000 0.00000000 -813.08912165 58542.47677063 
0.70000000 0.00000000 -954.68439975 59635.79039188 
0.72000000 0.00000000 -960.35250674 59639.38737673 
0.74000000 0.00000000 -965.93484516 59642.21388312 
0.76000000 0.00000000 -972.05370579 59645.72964034 
0.78000000 0.00000000 -977.44407123 59647.45397623 
0.80000000 0.00000000 -983.50706615 59650.43210501 
0.82000000 0.00000000 -989.42123438 59653.14872876 
0.84000000 0.00000000 -994.95573155 59655.35813354 
0.86000000 0.00000000 -1020.26681686 59691.10241253 
0.88000000 0.00000000 -1025.74376094 59692.84366653 
0.90000000 0.00000000 -985.13173505 59618.96484354 
0.92000000 0.00000000 -930.75053584 59503.78697266 
0.94000000 0.00000000 -1038.57650422 59695.82178954 
0.96000000 0.00000000 -1041.61905049 59696.15151315 
0.98000000 0.00000000 -1069.29723090 59730.20728073 

