-1.00000000 0.00000000 256.63924416 59372.10343694 
-0.98000000 0.00000000 256.38901250 59370.22501621 
-0.96000000 0.00000000 256.19706756 59366.89399704 
-0.94000000 0.00000000 254.56461956 59560.93010582 
-0.92000000 0.00000000 254.45682484 59555.46229648 
-0.90000000 0.00000000 256.75175645 59192.95973453 
-0.88000000 0.00000000 256.70077390 59188.48941599 
-0.86000000 0.00000000 256.66900654 59183.24570529 
-0.84000000 0.00000000 251.05544170 59867.86991017 
-0.82000000 0.00000000 250.98656885 59867.92983039 
-0.80000000 0.00000000 255.78795905 59325.14284929 
-0.78000000 0.00000000 256.85309713 59095.01549516 
-0.76000000 0.00000000 256.83217313 59091.30101907 
-0.74000000 0.00000000 256.80936607 59088.36549096 
-0.72000000 0.00000000 256.80532015 59079.97655721 
-0.70000000 0.00000000 255.57890408 59329.63721105 
-0.68000000 0.00000000 255.57115039 59328.11392635 
-0.66000000 0.00000000 250.66533660 59861.38685415 
-0.64000000 0.00000000 250.70529065 59859.81241965 
-0.62000000 0.00000000 255.63140573 59326.40883024 
-0.60000000 0.00000000 250.85024615 59859.89618446 
-0.58000000 0.00000000 250.95356140 59861.71481103 
-0.56000000 0.00000000 255.84871615 59328.98677326 
-0.54000000 0.00000000 257.10310856 59079.14586203 
-0.52000000 0.00000000 257.18021854 59087.29086600 
-0.50000000 0.00000000 257.27501573 59089.79886945 
-0.48000000 0.00000000 257.36619246 59092.38795128 
-0.46000000 0.00000000 257.44696648 59095.99064824 
-0.44000000 0.00000000 252.09619040 59866.06867675 
-0.42000000 0.00000000 252.20937168 59866.59669752 
-0.40000000 0.00000000 257.62625807 59100.71036465 
-0.38000000 0.00000000 257.65638213 59101.64925295 
-0.36000000 0.00000000 257.67365655 59101.91816693 
-0.34000000 0.00000000 257.67966146 59101.83653641 
-0.32000000 0.00000000 257.67776185 59101.47897168 
-0.30000000 0.00000000 252.29896355 59875.26165937 
-0.28000000 0.00000000 252.28435262 59875.15255527 
-0.26000000 0.00000000 257.67265809 59099.71869084 
-0.24000000 0.00000000 257.69122975 59099.53413096 
-0.22000000 0.00000000 257.73192048 59100.03959452 
-0.20000000 0.00000000 257.80580020 59100.83682855 
-0.18000000 0.00000000 252.64413017 59876.61189991 
-0.16000000 0.00000000 252.90850477 59877.25387271 
-0.14000000 0.00000000 258.31357132 59109.66429691 
-0.12000000 0.00000000 258.61620007 59113.22359410 
-0.10000000 0.00000000 258.99459918 59119.46836500 
-0.08000000 0.00000000 259.45793402 59127.03952870 
-0.06000000 0.00000000 255.98083537 59884.70163121 
-0.04000000 0.00000000 256.98843169 59886.95288079 
-0.02000000 0.00000000 261.33799242 59172.54848257 
0.00000000 0.00000000 262.13104366 59181.17373857 
0.02000000 0.00000000 262.97382115 59191.64384696 
0.04000000 0.00000000 263.85031645 59199.69581936 
0.06000000 0.00000000 264.55909569 59389.76808697 
0.08000000 0.00000000 265.60824898 59274.27010100 
0.10000000 0.00000000 266.47286090 59286.64502848 
0.12000000 0.00000000 267.29216230 59293.21278052 
0.14000000 0.00000000 170.07330412 56338.79822613 
0.16000000 0.00000000 180.72907885 56448.79849201 
0.18000000 0.00000000 269.41496781 59306.42483348 
0.20000000 0.00000000 270.02944732 59313.27288311 
0.22000000 0.00000000 270.60758278 59316.40285963 
0.24000000 0.00000000 271.16231996 59318.85304433 
0.26000000 0.00000000 271.59313138 59260.36432274 
0.28000000 0.00000000 272.10912222 59262.37863982 
0.30000000 0.00000000 272.60016356 59264.37901923 
0.32000000 0.00000000 273.05063008 59265.95826884 
0.34000000 0.00000000 273.44037455 59267.05505806 
0.36000000 0.00000000 273.74996829 59268.82191386 
0.38000000 0.00000000 273.95511993 59269.61800893 
0.40000000 0.00000000 -120.78003709 54800.39174741 
0.42000000 0.00000000 -119.41005869 54804.50581225 
0.44000000 0.00000000 273.82711391 59269.63510094 
0.46000000 0.00000000 273.53625176 59268.87910268 
0.48000000 0.00000000 273.14112671 59267.30530978 
0.50000000 0.00000000 272.66626762 59266.26864314 
0.52000000 0.00000000 272.13385942 59265.18169763 
0.54000000 0.00000000 271.56544325 59263.75417288 
0.56000000 0.00000000 270.97904553 59262.07285040 
0.58000000 0.00000000 270.47563773 59321.41901666 
0.60000000 0.00000000 269.87617457 59319.90317334 
0.62000000 0.00000000 269.27247682 59318.15201850 
0.64000000 0.00000000 268.65812063 59316.52263016 
0.66000000 0.00000000 197.78038800 56662.04245090 
0.68000000 0.00000000 192.23486423 56594.80139023 
0.70000000 0.00000000 266.66124486 59309.62973607 
0.72000000 0.00000000 265.92556972 59306.78195359 
0.74000000 0.00000000 265.15765923 59300.80392071 
0.76000000 0.00000000 264.36356783 59297.61410374 
0.78000000 0.00000000 263.56478244 59287.87372544 
0.80000000 0.00000000 262.76382957 59283.71062857 
0.82000000 0.00000000 261.98085997 59279.52073303 
0.84000000 0.00000000 261.23268788 59274.59750906 
0.86000000 0.00000000 260.05936799 59404.28692037 
0.88000000 0.00000000 259.36060914 59400.30809909 
0.90000000 0.00000000 259.68842546 59110.02341370 
0.92000000 0.00000000 258.88934142 58732.50348107 
0.94000000 0.00000000 257.67910577 59388.33431756 
0.96000000 0.00000000 257.25969011 59384.30886098 
0.98000000 0.00000000 255.92544468 59526.13057334 

