-1.00000000 0.00000000 158.96399443 55838.15986645 
-0.98000000 0.00000000 158.13702655 55834.33641326 
-0.96000000 0.00000000 157.00714890 55827.92325471 
-0.94000000 0.00000000 198.30532848 56181.66424363 
-0.92000000 0.00000000 197.06748744 56171.41607376 
-0.90000000 0.00000000 108.33725050 55511.36398127 
-0.88000000 0.00000000 106.78522855 55503.09903046 
-0.86000000 0.00000000 105.00871852 55493.46191989 
-0.84000000 0.00000000 244.81385736 56743.02092536 
-0.82000000 0.00000000 244.73475203 56743.00910217 
-0.80000000 0.00000000 145.27208142 55750.50618472 
-0.78000000 0.00000000 75.01673160 55333.66435837 
-0.76000000 0.00000000 73.58790467 55326.86192040 
-0.74000000 0.00000000 72.43443176 55321.46784202 
-0.72000000 0.00000000 69.30571997 55306.26299148 
-0.70000000 0.00000000 146.00365893 55758.16199838 
-0.68000000 0.00000000 145.56711678 55755.33374848 
-0.66000000 0.00000000 243.38949843 56730.28361592 
-0.64000000 0.00000000 243.21590157 56727.40989673 
-0.62000000 0.00000000 145.22014068 55752.28178534 
-0.60000000 0.00000000 243.40226014 56727.73073981 
-0.58000000 0.00000000 243.78168143 56731.21855342 
-0.56000000 0.00000000 146.38179759 55757.41107832 
-0.54000000 0.00000000 69.80050704 55305.30843461 
-0.52000000 0.00000000 73.03065557 55320.20231563 
-0.50000000 0.00000000 74.21688705 55324.95076253 
-0.48000000 0.00000000 75.41870743 55329.83886052 
-0.46000000 0.00000000 76.95479913 55336.53687930 
-0.44000000 0.00000000 245.78809337 56740.72520236 
-0.42000000 0.00000000 245.99957007 56741.84630728 
-0.40000000 0.00000000 79.15957436 55345.47900928 
-0.38000000 0.00000000 79.58023613 55347.24431141 
-0.36000000 0.00000000 79.72220548 55347.76716761 
-0.34000000 0.00000000 79.70349879 55347.62807791 
-0.32000000 0.00000000 79.55787546 55346.96826426 
-0.30000000 0.00000000 247.24842710 56757.93818522 
-0.28000000 0.00000000 247.18847183 56757.70168984 
-0.26000000 0.00000000 78.79916806 55343.69931385 
-0.24000000 0.00000000 78.70123218 55343.35369625 
-0.22000000 0.00000000 78.87549792 55344.28141047 
-0.20000000 0.00000000 79.19500986 55345.77733697 
-0.18000000 0.00000000 247.32609201 56760.53902777 
-0.16000000 0.00000000 247.50352079 56761.90878609 
-0.14000000 0.00000000 82.78949217 55362.25065070 
-0.12000000 0.00000000 84.36065390 55369.02057478 
-0.10000000 0.00000000 86.94417482 55380.73390235 
-0.08000000 0.00000000 90.05591295 55394.94494437 
-0.06000000 0.00000000 249.86501538 56777.93606964 
-0.04000000 0.00000000 250.62750860 56782.83565108 
-0.02000000 0.00000000 107.06602064 55479.38612874 
0.00000000 0.00000000 110.60096543 55495.86181250 
0.02000000 0.00000000 114.68879788 55515.71482659 
0.04000000 0.00000000 117.98600876 55531.19496216 
0.06000000 0.00000000 169.28833360 55877.52452539 
0.08000000 0.00000000 140.91314600 55668.16261889 
0.10000000 0.00000000 144.86926737 55691.35495056 
0.12000000 0.00000000 147.12447628 55703.87802645 
0.14000000 0.00000000 -5002.08665090 56618.11063809 
0.16000000 0.00000000 -4888.45436603 56068.93454312 
0.18000000 0.00000000 151.36327961 55728.80651133 
0.20000000 0.00000000 153.14581555 55741.28661771 
0.22000000 0.00000000 153.86748057 55746.88945060 
0.24000000 0.00000000 154.33600140 55751.16531784 
0.26000000 0.00000000 138.68154570 55644.58519083 
0.28000000 0.00000000 139.00338424 55647.96247400 
0.30000000 0.00000000 139.31276144 55651.30582147 
0.32000000 0.00000000 139.51915446 55653.89887818 
0.34000000 0.00000000 139.62295786 55655.64895362 
0.36000000 0.00000000 139.95072138 55658.66482633 
0.38000000 0.00000000 140.06615209 55659.97598940 
0.40000000 0.00000000 -3312.56245676 61989.73699363 
0.42000000 0.00000000 -3319.34365200 61982.54283695 
0.44000000 0.00000000 140.12657012 55660.00689740 
0.46000000 0.00000000 140.06075305 55658.76994801 
0.48000000 0.00000000 139.82646341 55656.10851059 
0.50000000 0.00000000 139.78368076 55654.47527531 
0.52000000 0.00000000 139.76078106 55652.78957981 
0.54000000 0.00000000 139.66241595 55650.50660363 
0.56000000 0.00000000 139.49226971 55647.76274554 
0.58000000 0.00000000 155.40544351 55755.94639754 
0.60000000 0.00000000 155.24954592 55753.42325749 
0.62000000 0.00000000 154.96362292 55750.39693754 
0.64000000 0.00000000 154.61761501 55747.49455368 
0.66000000 0.00000000 -4510.32466011 55070.54797898 
0.68000000 0.00000000 -4651.65187420 55377.46538681 
0.70000000 0.00000000 152.38338642 55734.41125000 
0.72000000 0.00000000 151.25456388 55728.79500371 
0.74000000 0.00000000 149.19547661 55717.37299971 
0.76000000 0.00000000 147.76426803 55710.92508125 
0.78000000 0.00000000 144.50912759 55692.49731159 
0.80000000 0.00000000 142.66997389 55684.15821578 
0.82000000 0.00000000 140.78385218 55675.74399503 
0.84000000 0.00000000 138.67722885 55665.99350272 
0.86000000 0.00000000 170.51619868 55901.17906655 
0.88000000 0.00000000 168.91426010 55893.15043755 
0.90000000 0.00000000 85.59425867 55365.75221947 
0.92000000 0.00000000 -87.79255157 54692.70477914 
0.94000000 0.00000000 164.26949216 55869.27590017 
0.96000000 0.00000000 162.78997362 55861.36650228 
0.98000000 0.00000000 192.94530877 56119.58842912 

