-1.00000000 0.00000000 303.39541742 63814.90201650 
-0.98000000 0.00000000 303.41417697 63814.90252207 
-0.96000000 0.00000000 303.45052016 63814.90350724 
-0.94000000 0.00000000 300.72445668 63814.82842819 
-0.92000000 0.00000000 300.80969039 63814.83079278 
-0.90000000 0.00000000 305.29764575 63814.95350271 
-0.88000000 0.00000000 305.33541977 63814.95451392 
-0.86000000 0.00000000 305.38026529 63814.95571512 
-0.84000000 0.00000000 294.33710690 63814.64658399 
-0.82000000 0.00000000 294.33465936 63814.64650776 
-0.80000000 0.00000000 303.91096020 63814.91600270 
-0.78000000 0.00000000 306.13499373 63814.97592308 
-0.76000000 0.00000000 306.16176644 63814.97663500 
-0.74000000 0.00000000 306.18221899 63814.97717813 
-0.72000000 0.00000000 306.24674076 63814.97889807 
-0.70000000 0.00000000 303.84535832 63814.91420331 
-0.68000000 0.00000000 303.86067633 63814.91461741 
-0.66000000 0.00000000 294.50041975 63814.65130015 
-0.64000000 0.00000000 294.54060127 63814.65246738 
-0.62000000 0.00000000 303.87683565 63814.91505386 
-0.60000000 0.00000000 294.53687027 63814.65235960 
-0.58000000 0.00000000 294.48876122 63814.65096244 
-0.56000000 0.00000000 303.84902748 63814.91430210 
-0.54000000 0.00000000 306.25024799 63814.97899051 
-0.52000000 0.00000000 306.18696892 63814.97730351 
-0.50000000 0.00000000 306.16911357 63814.97682935 
-0.48000000 0.00000000 306.15044165 63814.97633324 
-0.46000000 0.00000000 306.12312489 63814.97560584 
-0.44000000 0.00000000 294.36790434 63814.64746959 
-0.42000000 0.00000000 294.35326958 63814.64704586 
-0.40000000 0.00000000 306.08840563 63814.97468282 
-0.38000000 0.00000000 306.08107431 63814.97448747 
-0.36000000 0.00000000 306.07884757 63814.97442808 
-0.34000000 0.00000000 306.07915597 63814.97443605 
-0.32000000 0.00000000 306.08148030 63814.97449760 
-0.30000000 0.00000000 294.12266950 63814.64032789 
-0.28000000 0.00000000 294.12587016 63814.64042012 
-0.26000000 0.00000000 306.09376570 63814.97482373 
-0.24000000 0.00000000 306.09488073 63814.97485309 
-0.22000000 0.00000000 306.09071294 63814.97474167 
-0.20000000 0.00000000 306.08469170 63814.97458126 
-0.18000000 0.00000000 294.09140045 63814.63941576 
-0.16000000 0.00000000 294.07592455 63814.63896719 
-0.14000000 0.00000000 306.01744984 63814.97278969 
-0.12000000 0.00000000 305.99145258 63814.97209831 
-0.10000000 0.00000000 305.94348425 63814.97081999 
-0.08000000 0.00000000 305.88460020 63814.96925005 
-0.06000000 0.00000000 293.88980574 63814.63356932 
-0.04000000 0.00000000 293.83286267 63814.63191681 
-0.02000000 0.00000000 305.50269757 63814.95903579 
0.00000000 0.00000000 305.43157215 63814.95713500 
0.02000000 0.00000000 305.34232066 63814.95474640 
0.04000000 0.00000000 305.27474437 63814.95293919 
0.06000000 0.00000000 303.19830526 63814.89667536 
0.08000000 0.00000000 304.54058750 63814.93316150 
0.10000000 0.00000000 304.41582667 63814.92979510 
0.12000000 0.00000000 304.35190837 63814.92807264 
0.14000000 0.00000000 312.84605139 63815.15074122 
0.16000000 0.00000000 312.80369758 63815.14967179 
0.18000000 0.00000000 304.22613342 63814.92468381 
0.20000000 0.00000000 304.15544489 63814.92277196 
0.22000000 0.00000000 304.12581572 63814.92197215 
0.24000000 0.00000000 304.10348121 63814.92136943 
0.26000000 0.00000000 304.74389386 63814.93870216 
0.28000000 0.00000000 304.72749843 63814.93826162 
0.30000000 0.00000000 304.71081479 63814.93781289 
0.32000000 0.00000000 304.69802684 63814.93746902 
0.34000000 0.00000000 304.68969013 63814.93724504 
0.36000000 0.00000000 304.67358531 63814.93681096 
0.38000000 0.00000000 304.66686597 63814.93663005 
0.40000000 0.00000000 313.29291525 63815.16207304 
0.42000000 0.00000000 313.29223993 63815.16205598 
0.44000000 0.00000000 304.66626052 63814.93661367 
0.46000000 0.00000000 304.67231317 63814.93677660 
0.48000000 0.00000000 304.68621005 63814.93715116 
0.50000000 0.00000000 304.69383936 63814.93735625 
0.52000000 0.00000000 304.70153951 63814.93756311 
0.54000000 0.00000000 304.71250905 63814.93785813 
0.56000000 0.00000000 304.72597169 63814.93822036 
0.58000000 0.00000000 304.07466945 63814.92059104 
0.60000000 0.00000000 304.08760740 63814.92094050 
0.62000000 0.00000000 304.10334189 63814.92136561 
0.64000000 0.00000000 304.11784166 63814.92175693 
0.66000000 0.00000000 312.70382315 63815.14714715 
0.68000000 0.00000000 312.73767587 63815.14800430 
0.70000000 0.00000000 304.18452106 63814.92355703 
0.72000000 0.00000000 304.21288611 63814.92432242 
0.74000000 0.00000000 304.27580706 63814.92602350 
0.76000000 0.00000000 304.30747116 63814.92687686 
0.78000000 0.00000000 304.41029280 63814.92965600 
0.80000000 0.00000000 304.45157372 63814.93076798 
0.82000000 0.00000000 304.49271700 63814.93187559 
0.84000000 0.00000000 304.54122557 63814.93318176 
0.86000000 0.00000000 303.02022541 63814.89181487 
0.88000000 0.00000000 303.06743788 63814.89309947 
0.90000000 0.00000000 306.08701547 63814.97471791 
0.92000000 0.00000000 308.57023715 63815.04045073 
0.94000000 0.00000000 303.20708397 63814.89689569 
0.96000000 0.00000000 303.25326458 63814.89815019 
0.98000000 0.00000000 301.28567453 63814.84403206 

