-1.00000000 0.00000000 -1572.39235371 58456.20249814 
-0.98000000 0.00000000 -1571.64200740 58456.47773183 
-0.96000000 0.00000000 -1571.20370032 58456.88642124 
-0.94000000 0.00000000 -1554.89346224 58442.31027700 
-0.92000000 0.00000000 -1554.81571089 58442.85403313 
-0.90000000 0.00000000 -1584.51054012 58473.01669878 
-0.88000000 0.00000000 -1584.73407167 58473.56514851 
-0.86000000 0.00000000 -1585.07682091 58474.18390104 
-0.84000000 0.00000000 -1530.10632408 58425.14989723 
-0.82000000 0.00000000 -1529.89036295 58425.25533993 
-0.80000000 0.00000000 -1572.87032754 58461.26040514 
-0.78000000 0.00000000 -1592.31866250 58483.58004455 
-0.76000000 0.00000000 -1592.59125416 58484.02175582 
-0.74000000 0.00000000 -1592.79384883 58484.36843831 
-0.72000000 0.00000000 -1593.45451652 58485.29760195 
-0.70000000 0.00000000 -1572.10808256 58461.01369539 
-0.68000000 0.00000000 -1572.20618219 58461.14592101 
-0.66000000 0.00000000 -1529.15505942 58425.95533460 
-0.64000000 0.00000000 -1529.36132198 58425.99949137 
-0.62000000 0.00000000 -1572.55844785 58461.26174027 
-0.60000000 0.00000000 -1529.89282747 58425.85271568 
-0.58000000 0.00000000 -1530.20733378 58425.65634944 
-0.56000000 0.00000000 -1573.11033926 58460.97931797 
-0.54000000 0.00000000 -1594.47023807 58485.39353042 
-0.52000000 0.00000000 -1594.07212537 58484.50738804 
-0.50000000 0.00000000 -1594.14403046 58484.23458526 
-0.48000000 0.00000000 -1594.19727503 58483.94971582 
-0.46000000 0.00000000 -1594.14437166 58483.55091943 
-0.44000000 0.00000000 -1534.12875308 58424.50888723 
-0.42000000 0.00000000 -1534.50812948 58424.37647476 
-0.40000000 0.00000000 -1594.23673768 58482.96040231 
-0.38000000 0.00000000 -1594.22225403 58482.80912429 
-0.36000000 0.00000000 -1594.21628527 58482.71690377 
-0.34000000 0.00000000 -1594.20036163 58482.64925688 
-0.32000000 0.00000000 -1594.17950349 58482.59870007 
-0.30000000 0.00000000 -1534.49357203 58423.43591356 
-0.28000000 0.00000000 -1534.43959714 58423.34465074 
-0.26000000 0.00000000 -1594.17420103 58482.46505756 
-0.24000000 0.00000000 -1594.21511966 58482.37182389 
-0.22000000 0.00000000 -1594.28571481 58482.21271540 
-0.20000000 0.00000000 -1594.45578407 58482.04207615 
-0.18000000 0.00000000 -1535.81796433 58422.39604518 
-0.16000000 0.00000000 -1536.83723692 58422.08466548 
-0.14000000 0.00000000 -1595.57696808 58481.09136651 
-0.12000000 0.00000000 -1596.41315480 58480.85171249 
-0.10000000 0.00000000 -1597.35921135 58480.43116009 
-0.08000000 0.00000000 -1598.54928358 58479.99767846 
-0.06000000 0.00000000 -1548.81659417 58420.27076309 
-0.04000000 0.00000000 -1552.80627509 58420.07901231 
-0.02000000 0.00000000 -1602.63074751 58477.24225141 
0.00000000 0.00000000 -1605.09847887 58477.37773271 
0.02000000 0.00000000 -1607.66195606 58477.49704645 
0.04000000 0.00000000 -1610.51754475 58478.03105128 
0.06000000 0.00000000 -1602.86572548 58460.76225525 
0.08000000 0.00000000 -1613.03485838 58473.45106155 
0.10000000 0.00000000 -1615.72284774 58473.85008281 
0.12000000 0.00000000 -1618.56149020 58474.85746679 
0.14000000 0.00000000 -1596.42634838 58975.92258654 
0.16000000 0.00000000 -1607.12952589 58955.88170024 
0.18000000 0.00000000 -1626.19555425 58478.50602838 
0.20000000 0.00000000 -1628.29814147 58479.49389079 
0.22000000 0.00000000 -1630.46100434 58480.89865173 
0.24000000 0.00000000 -1632.58304736 58482.44092977 
0.26000000 0.00000000 -1637.08817562 58490.30725646 
0.28000000 0.00000000 -1639.05782191 58492.05467799 
0.30000000 0.00000000 -1640.93565599 58493.81086244 
0.32000000 0.00000000 -1642.67378258 58495.53352961 
0.34000000 0.00000000 -1644.19103288 58497.11707522 
0.36000000 0.00000000 -1645.35582770 58498.31378075 
0.38000000 0.00000000 -1646.14484398 58499.17802965 
0.40000000 0.00000000 -1415.89697317 59129.96198350 
0.42000000 0.00000000 -1416.35367287 59129.90144831 
0.44000000 0.00000000 -1645.63161610 58498.68753793 
0.46000000 0.00000000 -1644.49505519 58497.49845917 
0.48000000 0.00000000 -1642.97299124 58495.96925347 
0.50000000 0.00000000 -1641.10091215 58494.08138466 
0.52000000 0.00000000 -1638.99472797 58492.02881978 
0.54000000 0.00000000 -1636.75680617 58489.96117125 
0.56000000 0.00000000 -1634.45948486 58487.96251842 
0.58000000 0.00000000 -1629.54968315 58479.87392264 
0.60000000 0.00000000 -1627.15900556 58478.12694377 
0.62000000 0.00000000 -1624.77585822 58476.53483600 
0.64000000 0.00000000 -1622.35971291 58475.04505147 
0.66000000 0.00000000 -1624.72496544 58916.79612945 
0.68000000 0.00000000 -1619.11853518 58929.81493192 
0.70000000 0.00000000 -1614.69385430 58471.21438622 
0.72000000 0.00000000 -1611.91645322 58470.08791726 
0.74000000 0.00000000 -1609.19011399 58469.31746753 
0.76000000 0.00000000 -1606.22494640 58468.34494424 
0.78000000 0.00000000 -1603.61519478 58468.10168924 
0.80000000 0.00000000 -1600.70850666 58467.43276160 
0.82000000 0.00000000 -1597.89165207 58466.90078113 
0.84000000 0.00000000 -1595.27415650 58466.58520695 
0.86000000 0.00000000 -1583.53239338 58454.18268326 
0.88000000 0.00000000 -1581.01223765 58454.13273719 
0.90000000 0.00000000 -1599.83489233 58481.69359748 
0.92000000 0.00000000 -1625.05544268 58528.11279747 
0.94000000 0.00000000 -1575.23921030 58454.67489271 
0.96000000 0.00000000 -1573.91351810 58455.02278880 
0.98000000 0.00000000 -1561.48896755 58444.03878166 

