-1.00000000 0.00000000 -1992.60434513 60553.01210263 
-0.98000000 0.00000000 -1995.45867042 60549.19106381 
-0.96000000 0.00000000 -1996.21574425 60547.26965505 
-0.94000000 0.00000000 -2157.82557874 60410.90260263 
-0.92000000 0.00000000 -2155.86161454 60411.59707156 
-0.90000000 0.00000000 -1859.70303251 60641.35537545 
-0.88000000 0.00000000 -1856.91585354 60642.78472915 
-0.86000000 0.00000000 -1853.23530963 60644.88127659 
-0.84000000 0.00000000 -2408.13672954 60145.57652111 
-0.82000000 0.00000000 -2409.17811246 60143.72904632 
-0.80000000 0.00000000 -1971.34704732 60561.94649002 
-0.78000000 0.00000000 -1782.86073835 60687.64942156 
-0.76000000 0.00000000 -1780.15417459 60689.10057842 
-0.74000000 0.00000000 -1778.09127071 60690.17217253 
-0.72000000 0.00000000 -1771.61077280 60693.82532566 
-0.70000000 0.00000000 -1977.32544375 60556.45954928 
-0.68000000 0.00000000 -1976.26210067 60557.17435628 
-0.66000000 0.00000000 -2410.01425857 60139.39427475 
-0.64000000 0.00000000 -2408.41047181 60141.51119845 
-0.62000000 0.00000000 -1973.86906997 60559.32119653 
-0.60000000 0.00000000 -2406.03418374 60145.58654146 
-0.58000000 0.00000000 -2405.37880700 60147.40715274 
-0.56000000 0.00000000 -1972.09844202 60562.09117824 
-0.54000000 0.00000000 -1766.06776035 60698.69911325 
-0.52000000 0.00000000 -1771.11638226 60696.32018605 
-0.50000000 0.00000000 -1771.61678188 60696.56895186 
-0.48000000 0.00000000 -1772.23840492 60696.72998118 
-0.46000000 0.00000000 -1773.78747092 60696.31657408 
-0.44000000 0.00000000 -2388.95614716 60176.63536187 
-0.42000000 0.00000000 -2387.38924846 60179.45192003 
-0.40000000 0.00000000 -1774.83470421 60696.73019708 
-0.38000000 0.00000000 -1775.17768788 60696.70503165 
-0.36000000 0.00000000 -1775.22444835 60696.77241554 
-0.34000000 0.00000000 -1775.19201372 60696.82042493 
-0.32000000 0.00000000 -1775.08438267 60696.86596258 
-0.30000000 0.00000000 -2391.22421269 60176.79806422 
-0.28000000 0.00000000 -2391.48145713 60176.43219126 
-0.26000000 0.00000000 -1774.26759547 60697.28672239 
-0.24000000 0.00000000 -1773.97210491 60697.55902947 
-0.22000000 0.00000000 -1773.82620295 60697.87780026 
-0.20000000 0.00000000 -1773.33598488 60698.58185931 
-0.18000000 0.00000000 -2386.48736824 60185.58245665 
-0.16000000 0.00000000 -2382.32618537 60192.60206166 
-0.14000000 0.00000000 -1771.68572554 60702.48225206 
-0.12000000 0.00000000 -1769.21755329 60705.62720053 
-0.10000000 0.00000000 -1767.34570859 60708.89822518 
-0.08000000 0.00000000 -1764.86188707 60713.01383094 
-0.06000000 0.00000000 -2331.50337039 60273.77229890 
-0.04000000 0.00000000 -2313.96361240 60300.24089226 
-0.02000000 0.00000000 -1764.30046376 60724.79394449 
0.00000000 0.00000000 -1755.97254437 60734.07501698 
0.02000000 0.00000000 -1747.84483332 60743.51640523 
0.04000000 0.00000000 -1737.18207731 60754.38560860 
0.06000000 0.00000000 -1853.82862409 60697.77114216 
0.08000000 0.00000000 -1755.28139381 60756.87252250 
0.10000000 0.00000000 -1746.86950798 60766.77923313 
0.12000000 0.00000000 -1735.21190910 60777.87384432 
0.14000000 0.00000000 -442.86515095 60524.96294932 
0.16000000 0.00000000 -466.61300522 60560.30713872 
0.18000000 0.00000000 -1701.54990707 60807.62225822 
0.20000000 0.00000000 -1693.45158013 60815.35836533 
0.22000000 0.00000000 -1683.48430188 60823.58205143 
0.24000000 0.00000000 -1673.39162523 60831.61799275 
0.26000000 0.00000000 -1626.39080377 60853.07445567 
0.28000000 0.00000000 -1616.75419670 60860.17308987 
0.30000000 0.00000000 -1607.52441421 60866.88912720 
0.32000000 0.00000000 -1598.80523904 60873.08732882 
0.34000000 0.00000000 -1591.02613037 60878.48874670 
0.36000000 0.00000000 -1585.37560442 60882.56844593 
0.38000000 0.00000000 -1581.36339690 60885.35057398 
0.40000000 0.00000000 -214.55449486 59932.75228254 
0.42000000 0.00000000 -214.93485111 59934.51704439 
0.44000000 0.00000000 -1584.07880433 60883.53973556 
0.46000000 0.00000000 -1589.92618450 60879.52182063 
0.48000000 0.00000000 -1597.50345704 60874.15305941 
0.50000000 0.00000000 -1607.11755164 60867.46348100 
0.52000000 0.00000000 -1617.88514308 60859.88614969 
0.54000000 0.00000000 -1629.12580901 60851.79753167 
0.56000000 0.00000000 -1640.48201204 60843.44657986 
0.58000000 0.00000000 -1689.80512222 60819.93694432 
0.60000000 0.00000000 -1701.50728399 60810.74331987 
0.62000000 0.00000000 -1712.99393645 60801.50125368 
0.64000000 0.00000000 -1724.62651122 60792.00526036 
0.66000000 0.00000000 -518.60715156 60626.64518686 
0.68000000 0.00000000 -502.80638870 60606.76346730 
0.70000000 0.00000000 -1760.43068999 60761.28643424 
0.72000000 0.00000000 -1773.11967677 60749.92837885 
0.74000000 0.00000000 -1784.18542157 60739.03537475 
0.76000000 0.00000000 -1797.50276184 60726.67344221 
0.78000000 0.00000000 -1806.26309491 60716.56731739 
0.80000000 0.00000000 -1818.71747440 60704.36492537 
0.82000000 0.00000000 -1830.64683192 60692.43500732 
0.84000000 0.00000000 -1841.23874235 60681.37343757 
0.86000000 0.00000000 -1952.99755555 60604.80943804 
0.88000000 0.00000000 -1963.38313612 60592.84393938 
0.90000000 0.00000000 -1750.93461372 60721.27480619 
0.92000000 0.00000000 -1480.13259305 60836.53138078 
0.94000000 0.00000000 -1985.85376857 60565.30380737 
0.96000000 0.00000000 -1990.47781586 60559.02795842 
0.98000000 0.00000000 -2111.22120727 60459.68369358 

