-1.00000000 0.00000000 315.66621946 63664.23799123 
-0.98000000 0.00000000 315.66621946 63664.23799123 
-0.96000000 0.00000000 315.66621946 63664.23799123 
-0.94000000 0.00000000 315.66621940 63664.23799123 
-0.92000000 0.00000000 315.66621940 63664.23799123 
-0.90000000 0.00000000 315.66621950 63664.23799123 
-0.88000000 0.00000000 315.66621950 63664.23799123 
-0.86000000 0.00000000 315.66621950 63664.23799123 
-0.84000000 0.00000000 315.66621925 63664.23799123 
-0.82000000 0.00000000 315.66621925 63664.23799123 
-0.80000000 0.00000000 315.66621947 63664.23799123 
-0.78000000 0.00000000 315.66621952 63664.23799123 
-0.76000000 0.00000000 315.66621952 63664.23799123 
-0.74000000 0.00000000 315.66621952 63664.23799123 
-0.72000000 0.00000000 315.66621952 63664.23799123 
-0.70000000 0.00000000 315.66621947 63664.23799123 
-0.68000000 0.00000000 315.66621947 63664.23799123 
-0.66000000 0.00000000 315.66621925 63664.23799123 
-0.64000000 0.00000000 315.66621926 63664.23799123 
-0.62000000 0.00000000 315.66621947 63664.23799123 
-0.60000000 0.00000000 315.66621926 63664.23799123 
-0.58000000 0.00000000 315.66621925 63664.23799123 
-0.56000000 0.00000000 315.66621947 63664.23799123 
-0.54000000 0.00000000 315.66621952 63664.23799123 
-0.52000000 0.00000000 315.66621952 63664.23799123 
-0.50000000 0.00000000 315.66621952 63664.23799123 
-0.48000000 0.00000000 315.66621952 63664.23799123 
-0.46000000 0.00000000 315.66621952 63664.23799123 
-0.44000000 0.00000000 315.66621925 63664.23799123 
-0.42000000 0.00000000 315.66621925 63664.23799123 
-0.40000000 0.00000000 315.66621952 63664.23799123 
-0.38000000 0.00000000 315.66621952 63664.23799123 
-0.36000000 0.00000000 315.66621952 63664.23799123 
-0.34000000 0.00000000 315.66621952 63664.23799123 
-0.32000000 0.00000000 315.66621952 63664.23799123 
-0.30000000 0.00000000 315.66621925 63664.23799123 
-0.28000000 0.00000000 315.66621925 63664.23799123 
-0.26000000 0.00000000 315.66621952 63664.23799123 
-0.24000000 0.00000000 315.66621952 63664.23799123 
-0.22000000 0.00000000 315.66621952 63664.23799123 
-0.20000000 0.00000000 315.66621952 63664.23799123 
-0.18000000 0.00000000 315.66621925 63664.23799123 
-0.16000000 0.00000000 315.66621925 63664.23799123 
-0.14000000 0.00000000 315.66621952 63664.23799123 
-0.12000000 0.00000000 315.66621952 63664.23799123 
-0.10000000 0.00000000 315.66621952 63664.23799123 
-0.08000000 0.00000000 315.66621952 63664.23799123 
-0.06000000 0.00000000 315.66621925 63664.23799123 
-0.04000000 0.00000000 315.66621925 63664.23799123 
-0.02000000 0.00000000 315.66621951 63664.23799123 
0.00000000 0.00000000 315.66621951 63664.23799123 
0.02000000 0.00000000 315.66621951 63664.23799123 
0.04000000 0.00000000 315.66621951 63664.23799123 
0.06000000 0.00000000 315.66621946 63664.23799123 
0.08000000 0.00000000 315.66621949 63664.23799123 
0.10000000 0.00000000 315.66621949 63664.23799123 
0.12000000 0.00000000 315.66621949 63664.23799123 
0.14000000 0.00000000 315.66621968 63664.23799124 
0.16000000 0.00000000 315.66621968 63664.23799124 
0.18000000 0.00000000 315.66621949 63664.23799123 
0.20000000 0.00000000 315.66621949 63664.23799123 
0.22000000 0.00000000 315.66621949 63664.23799123 
0.24000000 0.00000000 315.66621949 63664.23799123 
0.26000000 0.00000000 315.66621950 63664.23799123 
0.28000000 0.00000000 315.66621950 63664.23799123 
0.30000000 0.00000000 315.66621950 63664.23799123 
0.32000000 0.00000000 315.66621950 63664.23799123 
0.34000000 0.00000000 315.66621950 63664.23799123 
0.36000000 0.00000000 315.66621950 63664.23799123 
0.38000000 0.00000000 315.66621950 63664.23799123 
0.40000000 0.00000000 315.66621970 63664.23799124 
0.42000000 0.00000000 315.66621970 63664.23799124 
0.44000000 0.00000000 315.66621950 63664.23799123 
0.46000000 0.00000000 315.66621950 63664.23799123 
0.48000000 0.00000000 315.66621950 63664.23799123 
0.50000000 0.00000000 315.66621950 63664.23799123 
0.52000000 0.00000000 315.66621950 63664.23799123 
0.54000000 0.00000000 315.66621950 63664.23799123 
0.56000000 0.00000000 315.66621950 63664.23799123 
0.58000000 0.00000000 315.66621949 63664.23799123 
0.60000000 0.00000000 315.66621949 63664.23799123 
0.62000000 0.00000000 315.66621949 63664.23799123 
0.64000000 0.00000000 315.66621949 63664.23799123 
0.66000000 0.00000000 315.66621968 63664.23799124 
0.68000000 0.00000000 315.66621968 63664.23799124 
0.70000000 0.00000000 315.66621949 63664.23799123 
0.72000000 0.00000000 315.66621949 63664.23799123 
0.74000000 0.00000000 315.66621949 63664.23799123 
0.76000000 0.00000000 315.66621949 63664.23799123 
0.78000000 0.00000000 315.66621949 63664.23799123 
0.80000000 0.00000000 315.66621949 63664.23799123 
0.82000000 0.00000000 315.66621949 63664.23799123 
0.84000000 0.00000000 315.66621949 63664.23799123 
0.86000000 0.00000000 315.66621946 63664.23799123 
0.88000000 0.00000000 315.66621946 63664.23799123 
0.90000000 0.00000000 315.66621953 63664.23799124 
0.92000000 0.00000000 315.66621958 63664.23799124 
0.94000000 0.00000000 315.66621946 63664.23799123 
0.96000000 0.00000000 315.66621946 63664.23799123 
0.98000000 0.00000000 315.66621942 63664.23799123 

