-1.00000000 0.00000000 594.66804755 61193.18997538 
-0.98000000 0.00000000 595.10265517 61192.22388258 
-0.96000000 0.00000000 595.28157727 61190.41459935 
-0.94000000 0.00000000 615.26948946 61301.09514944 
-0.92000000 0.00000000 615.06720932 61298.03988164 
-0.90000000 0.00000000 580.61305134 61091.27794476 
-0.88000000 0.00000000 580.37726427 61088.77355066 
-0.86000000 0.00000000 580.04291237 61085.81953507 
-0.84000000 0.00000000 653.00596609 61475.66595372 
-0.82000000 0.00000000 653.20643066 61475.72160137 
-0.80000000 0.00000000 592.84959834 61166.97826005 
-0.78000000 0.00000000 573.13406597 61035.50164599 
-0.76000000 0.00000000 572.90224523 61033.40840105 
-0.74000000 0.00000000 572.73198049 61031.75938420 
-0.72000000 0.00000000 572.13065581 61026.98759802 
-0.70000000 0.00000000 593.66223622 61169.67888171 
-0.68000000 0.00000000 593.55797056 61168.82462329 
-0.66000000 0.00000000 653.48480248 61472.13540008 
-0.64000000 0.00000000 653.21166635 61471.24370912 
-0.62000000 0.00000000 593.28225022 61167.84119805 
-0.60000000 0.00000000 652.78968908 61471.27550921 
-0.58000000 0.00000000 652.66068849 61472.29036923 
-0.56000000 0.00000000 592.98434236 61169.20543152 
-0.54000000 0.00000000 571.45686700 61026.35953485 
-0.52000000 0.00000000 571.88537199 61030.95673020 
-0.50000000 0.00000000 571.87239230 61032.32703373 
-0.48000000 0.00000000 571.87279728 61033.74574145 
-0.46000000 0.00000000 571.96759547 61035.74931251 
-0.44000000 0.00000000 649.69692917 61474.58654139 
-0.42000000 0.00000000 649.41488661 61474.86780394 
-0.40000000 0.00000000 571.94746561 61038.32622048 
-0.38000000 0.00000000 571.95785875 61038.84184638 
-0.36000000 0.00000000 571.94761025 61038.98333976 
-0.34000000 0.00000000 571.93642375 61038.93207561 
-0.32000000 0.00000000 571.92268234 61038.72873188 
-0.30000000 0.00000000 650.02482374 61479.75247810 
-0.28000000 0.00000000 650.06911413 61479.69163890 
-0.26000000 0.00000000 571.83504379 61037.73291327 
-0.24000000 0.00000000 571.79321263 61037.62261731 
-0.22000000 0.00000000 571.75450527 61037.89658717 
-0.20000000 0.00000000 571.66650947 61038.32256612 
-0.18000000 0.00000000 649.18581932 61480.48533099 
-0.16000000 0.00000000 648.46071832 61480.82584323 
-0.14000000 0.00000000 571.24933332 61043.15295849 
-0.12000000 0.00000000 570.86513072 61045.05976112 
-0.10000000 0.00000000 570.50432222 61048.47075763 
-0.08000000 0.00000000 570.04756604 61052.60702866 
-0.06000000 0.00000000 639.88057993 61484.78750726 
-0.04000000 0.00000000 637.02160120 61485.97790450 
-0.02000000 0.00000000 569.13302675 61077.87951683 
0.00000000 0.00000000 567.97382683 61082.50693647 
0.02000000 0.00000000 566.81452557 61088.17631878 
0.04000000 0.00000000 565.39871306 61092.45322545 
0.06000000 0.00000000 576.78990492 61201.01335191 
0.08000000 0.00000000 566.38490338 61134.53558325 
0.10000000 0.00000000 565.18907580 61141.32239566 
0.12000000 0.00000000 563.69567397 61144.79909624 
0.14000000 0.00000000 492.55263052 59440.17903599 
0.16000000 0.00000000 492.00005033 59503.75962826 
0.18000000 0.00000000 559.49545877 61151.62901281 
0.20000000 0.00000000 558.44015050 61155.34374478 
0.22000000 0.00000000 557.22266293 61156.93769390 
0.24000000 0.00000000 556.00665327 61158.15076843 
0.26000000 0.00000000 551.37780577 61124.38853249 
0.28000000 0.00000000 550.24288032 61125.36320092 
0.30000000 0.00000000 549.16109286 61126.34009374 
0.32000000 0.00000000 548.14865602 61127.09001812 
0.34000000 0.00000000 547.25354014 61127.58418747 
0.36000000 0.00000000 546.59240323 61128.49166981 
0.38000000 0.00000000 546.13017896 61128.87687753 
0.40000000 0.00000000 508.60492283 58528.78760118 
0.42000000 0.00000000 508.53077344 58531.30907508 
0.44000000 0.00000000 546.43347534 61128.92247991 
0.46000000 0.00000000 547.10059625 61128.58386922 
0.48000000 0.00000000 547.97521991 61127.81028871 
0.50000000 0.00000000 549.07572319 61127.37246925 
0.52000000 0.00000000 550.31224168 61126.92518561 
0.54000000 0.00000000 551.61303524 61126.29444958 
0.56000000 0.00000000 552.93708727 61125.52432766 
0.58000000 0.00000000 557.83954036 61159.78091008 
0.60000000 0.00000000 559.22711129 61159.10535072 
0.62000000 0.00000000 560.59925340 61158.29632423 
0.64000000 0.00000000 561.99299135 61157.56077625 
0.66000000 0.00000000 492.08069802 59627.70269028 
0.68000000 0.00000000 492.32079878 59589.00758079 
0.70000000 0.00000000 566.34010453 61154.25361115 
0.72000000 0.00000000 567.89686855 61152.85871037 
0.74000000 0.00000000 569.30762829 61149.68166937 
0.76000000 0.00000000 570.95733539 61148.11249288 
0.78000000 0.00000000 572.15514270 61142.79765973 
0.80000000 0.00000000 573.73005973 61140.68059367 
0.82000000 0.00000000 575.25139751 61138.54640746 
0.84000000 0.00000000 576.62993378 61135.98647369 
0.86000000 0.00000000 588.93734473 61210.39889337 
0.88000000 0.00000000 590.33865080 61208.33733873 
0.90000000 0.00000000 568.41662223 61042.50609001 
0.92000000 0.00000000 544.91799660 60826.29348867 
0.94000000 0.00000000 593.47660866 61202.04724110 
0.96000000 0.00000000 594.16321282 61199.90057994 
0.98000000 0.00000000 608.88563171 61280.92803814 

