-1.00000000 0.00000000 1671.49838922 57242.22482357 
-0.98000000 0.00000000 1670.56086667 57245.46189649 
-0.96000000 0.00000000 1670.74685928 57246.98647021 
-0.94000000 0.00000000 1581.06179825 57363.98842373 
-0.92000000 0.00000000 1582.54622388 57363.30898178 
-0.90000000 0.00000000 1758.43301446 57153.99438749 
-0.88000000 0.00000000 1760.55573258 57152.38732958 
-0.86000000 0.00000000 1763.23646375 57150.10064820 
-0.84000000 0.00000000 1461.65877669 57552.99802020 
-0.82000000 0.00000000 1461.38560750 57554.16663240 
-0.80000000 0.00000000 1687.88802076 57232.38481319 
-0.78000000 0.00000000 1813.06804601 57103.54443664 
-0.76000000 0.00000000 1815.13398097 57101.86471531 
-0.74000000 0.00000000 1816.72975630 57100.60806768 
-0.72000000 0.00000000 1821.55039747 57096.44923949 
-0.70000000 0.00000000 1684.78792174 57237.28555219 
-0.68000000 0.00000000 1685.47230166 57236.58886694 
-0.66000000 0.00000000 1461.99846299 57556.85738427 
-0.64000000 0.00000000 1462.65556671 57555.50100643 
-0.62000000 0.00000000 1686.74512532 57234.62558454 
-0.60000000 0.00000000 1463.35801168 57552.89041861 
-0.58000000 0.00000000 1463.35100142 57551.72556446 
-0.56000000 0.00000000 1687.11167853 57232.31025563 
-0.54000000 0.00000000 1824.60703526 57091.44733898 
-0.52000000 0.00000000 1820.57072124 57094.31976245 
-0.50000000 0.00000000 1819.87696924 57094.21891369 
-0.48000000 0.00000000 1819.10383995 57094.21180019 
-0.46000000 0.00000000 1817.67327841 57094.84129565 
-0.44000000 0.00000000 1467.82874271 57532.89901132 
-0.42000000 0.00000000 1468.23170435 57531.07320340 
-0.40000000 0.00000000 1816.25632108 57094.71649392 
-0.38000000 0.00000000 1815.88022929 57094.80252854 
-0.36000000 0.00000000 1815.76348293 57094.75695064 
-0.34000000 0.00000000 1815.73959895 57094.71063188 
-0.32000000 0.00000000 1815.79488272 57094.65069014 
-0.30000000 0.00000000 1465.85563509 57532.83599549 
-0.28000000 0.00000000 1465.73069683 57533.07412985 
-0.26000000 0.00000000 1816.31897852 57094.13879156 
-0.24000000 0.00000000 1816.44782091 57093.85268151 
-0.22000000 0.00000000 1816.39902193 57093.55379988 
-0.20000000 0.00000000 1816.50863436 57092.87496724 
-0.18000000 0.00000000 1466.93371068 57527.10002711 
-0.16000000 0.00000000 1468.18599767 57522.49950116 
-0.14000000 0.00000000 1816.14393583 57089.32200885 
-0.12000000 0.00000000 1817.07109394 57086.26535890 
-0.10000000 0.00000000 1817.34034503 57083.20610007 
-0.08000000 0.00000000 1817.82714748 57079.33129137 
-0.06000000 0.00000000 1484.49742435 57468.06759534 
-0.04000000 0.00000000 1490.39065386 57449.79608949 
-0.02000000 0.00000000 1812.69342369 57069.43642008 
0.00000000 0.00000000 1816.61300358 57060.16004491 
0.02000000 0.00000000 1820.26757140 57050.74272792 
0.04000000 0.00000000 1825.80173812 57039.58526049 
0.06000000 0.00000000 1738.26974131 57108.12262905 
0.08000000 0.00000000 1806.57924178 57041.16825291 
0.10000000 0.00000000 1810.29502507 57031.26749211 
0.12000000 0.00000000 1816.69267782 57019.64504817 
0.14000000 0.00000000 3591.11835438 58695.02518299 
0.16000000 0.00000000 3593.98203991 58529.59883434 
0.18000000 0.00000000 1836.47681737 56987.53724357 
0.20000000 0.00000000 1841.05493782 56979.22719834 
0.22000000 0.00000000 1847.34232869 56970.04282211 
0.24000000 0.00000000 1853.90843317 56960.93898751 
0.26000000 0.00000000 1892.30853973 56931.74455631 
0.28000000 0.00000000 1899.14226468 56923.34805948 
0.30000000 0.00000000 1905.78532397 56915.34567050 
0.32000000 0.00000000 1912.17760477 56907.88592867 
0.34000000 0.00000000 1917.97894929 56901.32135092 
0.36000000 0.00000000 1922.15061913 56896.40352552 
0.38000000 0.00000000 1925.17739550 56893.00650246 
0.40000000 0.00000000 2848.52337258 60502.85065325 
0.42000000 0.00000000 2851.23092090 60499.96349594 
0.44000000 0.00000000 1923.12348523 56895.24827960 
0.46000000 0.00000000 1918.72329543 56900.16315030 
0.48000000 0.00000000 1913.11697512 56906.65667650 
0.50000000 0.00000000 1905.99379956 56914.75966813 
0.52000000 0.00000000 1898.11289184 56923.87065339 
0.54000000 0.00000000 1890.03261026 56933.49221252 
0.56000000 0.00000000 1882.02203705 56943.31938844 
0.58000000 0.00000000 1842.49377275 56974.56428177 
0.60000000 0.00000000 1834.86569864 56984.93183902 
0.62000000 0.00000000 1827.55079778 56995.22829371 
0.64000000 0.00000000 1820.28000079 57005.70249035 
0.66000000 0.00000000 3568.58631101 58206.93964106 
0.68000000 0.00000000 3579.69298851 58304.34131744 
0.70000000 0.00000000 1798.97846566 57038.72300877 
0.72000000 0.00000000 1791.75425257 57050.63919398 
0.74000000 0.00000000 1785.93808756 57061.76077389 
0.76000000 0.00000000 1778.63272888 57074.43450055 
0.78000000 0.00000000 1774.74299947 57084.31282238 
0.80000000 0.00000000 1768.25043870 57096.51324321 
0.82000000 0.00000000 1762.16582984 57108.30151040 
0.84000000 0.00000000 1756.99740888 57119.06610773 
0.86000000 0.00000000 1685.70411322 57197.35593617 
0.88000000 0.00000000 1681.23861541 57208.03105936 
0.90000000 0.00000000 1827.68531202 57070.14438143 
0.92000000 0.00000000 2065.51769487 56918.89745194 
0.94000000 0.00000000 1672.33792086 57232.09027173 
0.96000000 0.00000000 1670.79300311 57237.44305812 
0.98000000 0.00000000 1602.91624464 57324.94558566 

