-1.00000000 0.00000000 -108.25658517 59009.62294825 
-0.98000000 0.00000000 -108.97585938 59010.73280094 
-0.96000000 0.00000000 -109.60885750 59010.08664934 
-0.94000000 0.00000000 -106.29618413 59169.64397247 
-0.92000000 0.00000000 -106.81172875 59166.73741774 
-0.90000000 0.00000000 -115.38998359 58867.32377178 
-0.88000000 0.00000000 -115.71135406 58864.04003213 
-0.86000000 0.00000000 -116.01699330 58859.92733161 
-0.84000000 0.00000000 -104.32082075 59411.00810861 
-0.82000000 0.00000000 -104.52683902 59411.64394310 
-0.80000000 0.00000000 -112.38812293 58981.07557384 
-0.78000000 0.00000000 -119.38444351 58784.64388456 
-0.76000000 0.00000000 -119.59143416 58781.61657742 
-0.74000000 0.00000000 -119.76681984 58779.27527572 
-0.72000000 0.00000000 -120.13828138 58772.17366763 
-0.70000000 0.00000000 -112.71189755 58986.27204374 
-0.68000000 0.00000000 -112.78378357 58985.12739800 
-0.66000000 0.00000000 -105.68703254 59410.29287523 
-0.64000000 0.00000000 -105.62873838 59408.88187050 
-0.62000000 0.00000000 -112.67911131 58983.11610815 
-0.60000000 0.00000000 -105.20793871 59407.48965270 
-0.58000000 0.00000000 -104.84461633 59407.62498427 
-0.56000000 0.00000000 -112.02120673 58982.87693678 
-0.54000000 0.00000000 -119.44591278 58768.28443100 
-0.52000000 0.00000000 -118.90779694 58774.37819947 
-0.50000000 0.00000000 -118.57926410 58775.55652199 
-0.48000000 0.00000000 -118.25480729 58776.84170509 
-0.46000000 0.00000000 -117.90816249 58779.08097590 
-0.44000000 0.00000000 -101.45272155 59399.07174755 
-0.42000000 0.00000000 -101.10769120 59398.29504127 
-0.40000000 0.00000000 -117.27221013 58781.36851669 
-0.38000000 0.00000000 -117.15187242 58781.91473665 
-0.36000000 0.00000000 -117.08832476 58782.04087799 
-0.34000000 0.00000000 -117.06375687 58781.99814456 
-0.32000000 0.00000000 -117.06724298 58781.81460679 
-0.30000000 0.00000000 -100.41035067 59403.16967740 
-0.28000000 0.00000000 -100.42606440 59403.31484181 
-0.26000000 0.00000000 -117.09582168 58780.72075684 
-0.24000000 0.00000000 -117.03912010 58780.48275961 
-0.22000000 0.00000000 -116.90153355 58780.58028044 
-0.20000000 0.00000000 -116.67705120 58780.55318937 
-0.18000000 0.00000000 -99.23090724 59400.93297268 
-0.16000000 0.00000000 -98.46016184 59398.68823468 
-0.14000000 0.00000000 -115.08896549 58782.55409904 
-0.12000000 0.00000000 -114.24264365 58782.17219304 
-0.10000000 0.00000000 -113.11368471 58783.09390821 
-0.08000000 0.00000000 -111.74360597 58784.06137290 
-0.06000000 0.00000000 -89.87473170 59371.12443877 
-0.04000000 0.00000000 -87.12690317 59361.57421525 
-0.02000000 0.00000000 -105.55984437 58799.19091342 
0.00000000 0.00000000 -103.44389588 58796.64922525 
0.02000000 0.00000000 -101.14421383 58794.84511720 
0.04000000 0.00000000 -98.89349803 58790.52669697 
0.06000000 0.00000000 -88.73570651 58929.46293162 
0.08000000 0.00000000 -91.65809703 58827.58847599 
0.10000000 0.00000000 -89.23656879 58826.21459357 
0.12000000 0.00000000 -87.19823925 58820.73138976 
0.14000000 0.00000000 -667.86473791 56255.82016382 
0.16000000 0.00000000 -616.34258976 56346.41089025 
0.18000000 0.00000000 -82.22145723 58802.75371576 
0.20000000 0.00000000 -80.68262174 58799.59960190 
0.22000000 0.00000000 -79.42638664 58793.90559560 
0.24000000 0.00000000 -78.27604598 58787.85669773 
0.26000000 0.00000000 -80.53326279 58735.79947653 
0.28000000 0.00000000 -79.54710437 58729.70206075 
0.30000000 0.00000000 -78.61880108 58723.84911246 
0.32000000 0.00000000 -77.79139594 58718.18429128 
0.34000000 0.00000000 -77.09771893 58713.00002772 
0.36000000 0.00000000 -76.50334621 58709.54305968 
0.38000000 0.00000000 -76.13487848 58706.92509908 
0.40000000 0.00000000 -1919.44354069 55483.65091606 
0.42000000 0.00000000 -1914.69517319 55483.35917576 
0.44000000 0.00000000 -76.37384913 58708.85451342 
0.46000000 0.00000000 -76.90094552 58712.77968973 
0.48000000 0.00000000 -77.64546636 58717.65245960 
0.50000000 0.00000000 -78.49620674 58724.13044733 
0.52000000 0.00000000 -79.45211145 58731.37312915 
0.54000000 0.00000000 -80.49670246 58738.79236674 
0.56000000 0.00000000 -81.59926080 58746.16060272 
0.58000000 0.00000000 -79.47398511 58799.85360468 
0.60000000 0.00000000 -80.66618916 58807.25759521 
0.62000000 0.00000000 -81.90616934 58814.38570773 
0.64000000 0.00000000 -83.19190502 58821.60044275 
0.66000000 0.00000000 -527.54413468 56531.04642107 
0.68000000 0.00000000 -554.10464112 56474.49981654 
0.70000000 0.00000000 -87.64249093 58842.88370404 
0.72000000 0.00000000 -89.35254202 58850.20066070 
0.74000000 0.00000000 -91.29724384 58855.37881611 
0.76000000 0.00000000 -93.18919029 58862.91491425 
0.78000000 0.00000000 -95.40293400 58865.29228956 
0.80000000 0.00000000 -97.38378612 58871.88818430 
0.82000000 0.00000000 -99.33986198 58878.10869019 
0.84000000 0.00000000 -101.26271050 58883.20480825 
0.86000000 0.00000000 -98.51408950 58995.98908188 
0.88000000 0.00000000 -100.36358575 59001.05861593 
0.90000000 0.00000000 -112.11115154 58768.99609069 
0.92000000 0.00000000 -133.18937981 58446.30296313 
0.94000000 0.00000000 -104.97856863 59010.86452067 
0.96000000 0.00000000 -106.19088184 59012.35611455 
0.98000000 0.00000000 -103.99643016 59130.94896078 

