-1.00000000 0.00000000 -1618.92526030 58326.98711835 
-0.98000000 0.00000000 -1617.83848552 58327.24468524 
-0.96000000 0.00000000 -1617.20669482 58327.71182593 
-0.94000000 0.00000000 -1592.78711883 58306.98704826 
-0.92000000 0.00000000 -1592.68605268 58307.68015830 
-0.90000000 0.00000000 -1637.12989485 58350.55756164 
-0.88000000 0.00000000 -1637.45606874 58351.28848744 
-0.86000000 0.00000000 -1637.95864857 58352.13152691 
-0.84000000 0.00000000 -1555.64192012 58282.96734832 
-0.82000000 0.00000000 -1555.32158376 58283.09448615 
-0.80000000 0.00000000 -1619.68701732 58333.51067969 
-0.78000000 0.00000000 -1648.73728618 58365.55643747 
-0.76000000 0.00000000 -1649.13770436 58366.17215043 
-0.74000000 0.00000000 -1649.43520780 58366.65341677 
-0.72000000 0.00000000 -1650.41779172 58367.98030528 
-0.70000000 0.00000000 -1618.53373122 58333.07201988 
-0.68000000 0.00000000 -1618.67946083 58333.25602993 
-0.66000000 0.00000000 -1554.25370662 58284.00028099 
-0.64000000 0.00000000 -1554.55721412 58284.06651154 
-0.62000000 0.00000000 -1619.19717710 58333.45369917 
-0.60000000 0.00000000 -1555.32405597 58283.88911142 
-0.58000000 0.00000000 -1555.77115992 58283.63768721 
-0.56000000 0.00000000 -1619.99784580 58333.16054316 
-0.54000000 0.00000000 -1651.90969640 58368.31447472 
-0.52000000 0.00000000 -1651.31091951 58367.09181646 
-0.50000000 0.00000000 -1651.41444709 58366.75738919 
-0.48000000 0.00000000 -1651.49105533 58366.40413278 
-0.46000000 0.00000000 -1651.41028421 58365.88263413 
-0.44000000 0.00000000 -1561.43373322 58282.23077469 
-0.42000000 0.00000000 -1561.98459414 58282.06968958 
-0.40000000 0.00000000 -1651.55485240 58365.15864202 
-0.38000000 0.00000000 -1651.53993661 58364.96986710 
-0.36000000 0.00000000 -1651.54000173 58364.86086819 
-0.34000000 0.00000000 -1651.52717440 58364.78335319 
-0.32000000 0.00000000 -1651.50850857 58364.72861547 
-0.30000000 0.00000000 -1561.96949747 58280.87047014 
-0.28000000 0.00000000 -1561.89969800 58280.76364293 
-0.26000000 0.00000000 -1651.53916641 58364.60638393 
-0.24000000 0.00000000 -1651.60923361 58364.51141768 
-0.22000000 0.00000000 -1651.71857569 58364.33533434 
-0.20000000 0.00000000 -1651.96883304 58364.16060155 
-0.18000000 0.00000000 -1563.89481746 58279.64362785 
-0.16000000 0.00000000 -1565.35345358 58279.28069375 
-0.14000000 0.00000000 -1653.55716130 58363.14662180 
-0.12000000 0.00000000 -1654.74244578 58362.97935293 
-0.10000000 0.00000000 -1656.06887168 58362.58345333 
-0.08000000 0.00000000 -1657.73530664 58362.20247301 
-0.06000000 0.00000000 -1582.46058142 58277.33524184 
-0.04000000 0.00000000 -1588.16353983 58277.23766683 
-0.02000000 0.00000000 -1663.33676861 58359.13544235 
0.00000000 0.00000000 -1666.82106742 58359.68728197 
0.02000000 0.00000000 -1670.43341681 58360.22965930 
0.04000000 0.00000000 -1674.47729029 58361.38016890 
0.06000000 0.00000000 -1662.54938944 58336.71351622 
0.08000000 0.00000000 -1677.70729357 58355.45513494 
0.10000000 0.00000000 -1681.49758344 58356.37229116 
0.12000000 0.00000000 -1685.53261651 58358.15066031 
0.14000000 0.00000000 -1647.45330712 59083.23141216 
0.16000000 0.00000000 -1663.29922832 59055.70256386 
0.18000000 0.00000000 -1696.39478078 58364.22328470 
0.20000000 0.00000000 -1699.36424246 58365.85112218 
0.22000000 0.00000000 -1702.43291001 58368.05759497 
0.24000000 0.00000000 -1705.44201539 58370.43777557 
0.26000000 0.00000000 -1712.12594937 58382.05100590 
0.28000000 0.00000000 -1714.90926254 58384.69118162 
0.30000000 0.00000000 -1717.56022776 58387.32602983 
0.32000000 0.00000000 -1720.01380913 58389.89626137 
0.34000000 0.00000000 -1722.15598832 58392.24906696 
0.36000000 0.00000000 -1723.79567871 58394.02251956 
0.38000000 0.00000000 -1724.90795812 58395.29743904 
0.40000000 0.00000000 -1389.79973261 59289.98302500 
0.42000000 0.00000000 -1390.43475785 59289.90781198 
0.44000000 0.00000000 -1724.18090746 58394.53938405 
0.46000000 0.00000000 -1722.57625182 58392.76324169 
0.48000000 0.00000000 -1720.42988505 58390.47874532 
0.50000000 0.00000000 -1717.78533408 58387.65840300 
0.52000000 0.00000000 -1714.80894596 58384.58589235 
0.54000000 0.00000000 -1711.64650684 58381.47909487 
0.56000000 0.00000000 -1708.39936790 58378.45913260 
0.58000000 0.00000000 -1701.13361597 58366.52088528 
0.60000000 0.00000000 -1697.74242991 58363.83933124 
0.62000000 0.00000000 -1694.35884081 58361.36231395 
0.64000000 0.00000000 -1690.92276006 58359.01077676 
0.66000000 0.00000000 -1689.99601464 59000.77239192 
0.68000000 0.00000000 -1681.61753137 59018.77406553 
0.70000000 0.00000000 -1680.00044821 58352.73481450 
0.72000000 0.00000000 -1676.03779511 58350.81406574 
0.74000000 0.00000000 -1672.16209763 58349.39109100 
0.76000000 0.00000000 -1667.92929831 58347.66024580 
0.78000000 0.00000000 -1664.23834745 58346.97685879 
0.80000000 0.00000000 -1660.09315366 58345.67322757 
0.82000000 0.00000000 -1656.07596949 58344.57037544 
0.84000000 0.00000000 -1652.34699240 58343.78820376 
0.86000000 0.00000000 -1634.82959655 58325.63854153 
0.88000000 0.00000000 -1631.22928108 58325.28660681 
0.90000000 0.00000000 -1659.70437924 58364.72274495 
0.92000000 0.00000000 -1697.50750287 58432.10210504 
0.94000000 0.00000000 -1622.97783346 58325.33798009 
0.96000000 0.00000000 -1621.08117801 58325.63634015 
0.98000000 0.00000000 -1602.50046191 58309.86960875 

