-1.00000000 0.00000000 -3664.15606956 61794.02360566 
-0.98000000 0.00000000 -3656.07435595 61803.02594053 
-0.96000000 0.00000000 -3642.97666869 61817.92783126 
-0.94000000 0.00000000 -4336.37550952 60826.69528035 
-0.92000000 0.00000000 -4316.04645483 60861.42988555 
-0.90000000 0.00000000 -3050.19582265 62423.88942075 
-0.88000000 0.00000000 -3035.19631634 62436.87979714 
-0.86000000 0.00000000 -3017.86133861 62451.85551964 
-0.84000000 0.00000000 -5162.96137038 58370.51006247 
-0.82000000 0.00000000 -5162.55803489 58371.39458965 
-0.80000000 0.00000000 -3489.94452112 61988.15890602 
-0.78000000 0.00000000 -2744.69032097 62676.62028301 
-0.76000000 0.00000000 -2733.26020902 62685.24019107 
-0.74000000 0.00000000 -2724.17624135 62692.02033338 
-0.72000000 0.00000000 -2699.18129177 62710.95320803 
-0.70000000 0.00000000 -3502.86721823 61972.55614180 
-0.68000000 0.00000000 -3497.22638360 61978.55247774 
-0.66000000 0.00000000 -5150.56124305 58444.69217168 
-0.64000000 0.00000000 -5148.25415133 58460.13951468 
-0.62000000 0.00000000 -3491.26613623 61984.86631751 
-0.60000000 0.00000000 -5148.61812108 58458.30320593 
-0.58000000 0.00000000 -5151.50105230 58439.46728705 
-0.56000000 0.00000000 -3501.92493474 61973.61141260 
-0.54000000 0.00000000 -2698.18333245 62711.69130162 
-0.52000000 0.00000000 -2722.80241553 62693.05385794 
-0.50000000 0.00000000 -2730.95548646 62686.98561677 
-0.48000000 0.00000000 -2739.34576805 62680.70537182 
-0.46000000 0.00000000 -2750.70381093 62672.07187478 
-0.44000000 0.00000000 -5160.94498366 58384.39166740 
-0.42000000 0.00000000 -5161.98032016 58377.97666305 
-0.40000000 0.00000000 -2766.17336289 62660.36096725 
-0.38000000 0.00000000 -2769.19902243 62658.03347502 
-0.36000000 0.00000000 -2770.10442120 62657.33160077 
-0.34000000 0.00000000 -2769.85624979 62657.50349099 
-0.32000000 0.00000000 -2768.69902313 62658.36470153 
-0.30000000 0.00000000 -5173.04479020 58291.87304155 
-0.28000000 0.00000000 -5172.76670323 58293.50836612 
-0.26000000 0.00000000 -2762.94709674 62662.68436836 
-0.24000000 0.00000000 -2762.25769127 62663.18157724 
-0.22000000 0.00000000 -2763.69355386 62662.04385293 
-0.20000000 0.00000000 -2766.10296674 62660.18298883 
-0.18000000 0.00000000 -5174.30243924 58280.61606142 
-0.16000000 0.00000000 -5175.27595667 58273.84149613 
-0.14000000 0.00000000 -2793.54752445 62638.95278470 
-0.12000000 0.00000000 -2804.99722223 62630.12441884 
-0.10000000 0.00000000 -2824.83527635 62614.58862792 
-0.08000000 0.00000000 -2849.05298657 62595.43382513 
-0.06000000 0.00000000 -5186.65202750 58191.97811314 
-0.04000000 0.00000000 -5189.97522831 58166.84482843 
-0.02000000 0.00000000 -2995.39305416 62474.20764519 
0.00000000 0.00000000 -3024.76065283 62449.26763701 
0.02000000 0.00000000 -3060.31160584 62418.50941691 
0.04000000 0.00000000 -3088.32020667 62394.10134536 
0.06000000 0.00000000 -3740.42660245 61706.05051947 
0.08000000 0.00000000 -3339.42954214 62155.09415423 
0.10000000 0.00000000 -3383.28536285 62110.92568526 
0.12000000 0.00000000 -3407.23059415 62086.70828435 
0.14000000 0.00000000 -17.79113687 63792.81400088 
0.16000000 0.00000000 -40.83748978 63790.69186076 
0.18000000 0.00000000 -3455.26408897 62037.53598157 
0.20000000 0.00000000 -3479.20213865 62012.18750573 
0.22000000 0.00000000 -3490.04598129 62000.76054316 
0.24000000 0.00000000 -3498.33316116 61992.00998643 
0.26000000 0.00000000 -3297.82922704 62200.96090376 
0.28000000 0.00000000 -3304.16635185 62194.83415049 
0.30000000 0.00000000 -3310.42233390 62188.74205401 
0.32000000 0.00000000 -3315.27167098 62184.01608054 
0.34000000 0.00000000 -3318.54442028 62180.83662826 
0.36000000 0.00000000 -3324.16704780 62175.26757563 
0.38000000 0.00000000 -3326.62010298 62172.85004943 
0.40000000 0.00000000 162.98788831 63808.00611873 
0.42000000 0.00000000 162.71120014 63807.98993105 
0.44000000 0.00000000 -3326.75382768 62172.70447487 
0.46000000 0.00000000 -3324.49435339 62174.92383739 
0.48000000 0.00000000 -3319.59301663 62179.77243540 
0.50000000 0.00000000 -3316.61118121 62182.67337419 
0.52000000 0.00000000 -3313.53556682 62185.65297259 
0.54000000 0.00000000 -3309.35226267 62189.72621480 
0.56000000 0.00000000 -3304.31467052 62194.63554568 
0.58000000 0.00000000 -3508.29536330 61981.34062379 
0.60000000 0.00000000 -3503.55046240 61986.38983981 
0.62000000 0.00000000 -3497.84773417 61992.45566545 
0.64000000 0.00000000 -3492.38736645 61998.21802124 
0.66000000 0.00000000 -92.68391095 63785.56811749 
0.68000000 0.00000000 -75.54956185 63787.41126387 
0.70000000 0.00000000 -3467.70378478 62024.16522828 
0.72000000 0.00000000 -3457.09753130 62035.21520262 
0.74000000 0.00000000 -3435.47083029 62057.87838320 
0.76000000 0.00000000 -3423.28855375 62070.34244646 
0.78000000 0.00000000 -3388.47429369 62106.29513773 
0.80000000 0.00000000 -3372.72080371 62122.10168386 
0.82000000 0.00000000 -3356.80060532 62137.93761663 
0.84000000 0.00000000 -3338.34756164 62156.20578408 
0.86000000 0.00000000 -3791.07651507 61643.06825587 
0.88000000 0.00000000 -3775.01835582 61662.62241197 
0.90000000 0.00000000 -2804.28203600 62635.44686146 
0.92000000 0.00000000 -1845.96222581 63252.79377118 
0.94000000 0.00000000 -3726.81873372 61720.34883658 
0.96000000 0.00000000 -3710.74689526 61739.30067307 
0.98000000 0.00000000 -4218.72889791 61027.92361407 

