-1.00000000 0.00000000 2034.52750594 59136.90075595 
-0.98000000 0.00000000 2035.32845419 59137.03317179 
-0.96000000 0.00000000 2035.87323096 59136.86297856 
-0.94000000 0.00000000 2046.89068657 59160.80761502 
-0.92000000 0.00000000 2047.14103035 59160.30171792 
-0.90000000 0.00000000 2027.80393689 59113.40377691 
-0.88000000 0.00000000 2027.75010059 59112.74334864 
-0.86000000 0.00000000 2027.60033118 59111.94858893 
-0.84000000 0.00000000 2064.53506775 59192.98433890 
-0.82000000 0.00000000 2064.77625411 59193.00885150 
-0.80000000 0.00000000 2035.62766450 59131.58551598 
-0.78000000 0.00000000 2023.20978814 59098.71921734 
-0.76000000 0.00000000 2023.06913137 59098.13890226 
-0.74000000 0.00000000 2022.96977560 59097.68941217 
-0.72000000 0.00000000 2022.58208078 59096.41534172 
-0.70000000 0.00000000 2036.29978380 59132.26588390 
-0.68000000 0.00000000 2036.24621259 59132.07905146 
-0.66000000 0.00000000 2065.71466699 59192.72760809 
-0.64000000 0.00000000 2065.53815284 59192.55803197 
-0.62000000 0.00000000 2035.94348982 59131.76990883 
-0.60000000 0.00000000 2064.99452578 59192.39479830 
-0.58000000 0.00000000 2064.63569164 59192.41338181 
-0.56000000 0.00000000 2035.32776921 59131.75576704 
-0.54000000 0.00000000 2021.61483820 59095.78667613 
-0.52000000 0.00000000 2021.75914872 59096.88096907 
-0.50000000 0.00000000 2021.61195334 59097.11460574 
-0.48000000 0.00000000 2021.47938473 59097.36963348 
-0.46000000 0.00000000 2021.41889916 59097.79393003 
-0.44000000 0.00000000 2060.59650888 59191.28944821 
-0.42000000 0.00000000 2060.19690926 59191.20125600 
-0.40000000 0.00000000 2021.15683665 59098.32356126 
-0.38000000 0.00000000 2021.12551786 59098.47626743 
-0.36000000 0.00000000 2021.10177730 59098.56425930 
-0.34000000 0.00000000 2021.09416645 59098.63177441 
-0.32000000 0.00000000 2021.09576559 59098.68374126 
-0.30000000 0.00000000 2059.87083879 59192.15072570 
-0.28000000 0.00000000 2059.88531279 59192.26678543 
-0.26000000 0.00000000 2021.04898645 59098.78768912 
-0.24000000 0.00000000 2020.97892552 59098.84897379 
-0.22000000 0.00000000 2020.86272860 59098.96209280 
-0.20000000 0.00000000 2020.64791835 59099.03722540 
-0.18000000 0.00000000 2058.27408084 59192.39291979 
-0.16000000 0.00000000 2057.22729145 59192.11434853 
-0.14000000 0.00000000 2019.30359583 59099.41188511 
-0.12000000 0.00000000 2018.43412108 59099.23271427 
-0.10000000 0.00000000 2017.41335180 59099.18837886 
-0.08000000 0.00000000 2016.15725811 59099.04207087 
-0.06000000 0.00000000 2045.58572534 59187.12217736 
-0.04000000 0.00000000 2041.84672181 59185.08286839 
-0.02000000 0.00000000 2011.53255039 59099.88040328 
0.00000000 0.00000000 2009.21089478 59098.55811914 
0.02000000 0.00000000 2006.79392262 59097.21810229 
0.04000000 0.00000000 2004.20404094 59095.32627385 
0.06000000 0.00000000 2006.95535347 59116.74452173 
0.08000000 0.00000000 2000.63020080 59098.86647600 
0.10000000 0.00000000 1998.17104793 59097.21671100 
0.12000000 0.00000000 1995.72156054 59094.88541084 
0.14000000 0.00000000 2078.02613117 58554.57581576 
0.16000000 0.00000000 2066.12819320 58575.80854959 
0.18000000 0.00000000 1989.35619906 59087.73713255 
0.20000000 0.00000000 1987.59654151 59085.81669293 
0.22000000 0.00000000 1985.88085385 59083.45725514 
0.24000000 0.00000000 1984.23579506 59080.99115101 
0.26000000 0.00000000 1981.81168430 59071.03529968 
0.28000000 0.00000000 1980.34267260 59068.46538820 
0.30000000 0.00000000 1978.95980816 59065.93629135 
0.32000000 0.00000000 1977.69875433 59063.50653881 
0.34000000 0.00000000 1976.61309798 59061.31193281 
0.36000000 0.00000000 1975.77342323 59059.65344000 
0.38000000 0.00000000 1975.21579597 59058.47805853 
0.40000000 0.00000000 2294.08230383 58390.87614733 
0.42000000 0.00000000 2293.48132813 58390.88589138 
0.44000000 0.00000000 1975.59666999 59059.18136911 
0.46000000 0.00000000 1976.41253338 59060.82692641 
0.48000000 0.00000000 1977.51625630 59062.96925498 
0.50000000 0.00000000 1978.86770167 59065.62025873 
0.52000000 0.00000000 1980.39889314 59068.54084721 
0.54000000 0.00000000 1982.04618385 59071.54142897 
0.56000000 0.00000000 1983.76068577 59074.51018485 
0.58000000 0.00000000 1986.48931731 59084.88763895 
0.60000000 0.00000000 1988.32978300 59087.68734692 
0.62000000 0.00000000 1990.19823546 59090.34412085 
0.64000000 0.00000000 1992.12116029 59092.92961933 
0.66000000 0.00000000 2046.31299658 58617.20804079 
0.68000000 0.00000000 2052.60702273 58603.63020499 
0.70000000 0.00000000 1998.43535269 59100.32493096 
0.72000000 0.00000000 2000.78508723 59102.77024371 
0.74000000 0.00000000 2003.17634834 59104.84016814 
0.76000000 0.00000000 2005.73978260 59107.24585502 
0.78000000 0.00000000 2008.15586551 59108.74523222 
0.80000000 0.00000000 2010.74091922 59110.83940563 
0.82000000 0.00000000 2013.27613612 59112.76358993 
0.84000000 0.00000000 2015.67997162 59114.38086998 
0.86000000 0.00000000 2023.37184795 59133.08800701 
0.88000000 0.00000000 2025.73949727 59134.44284271 
0.90000000 0.00000000 2015.34656881 59096.65244251 
0.92000000 0.00000000 2002.09699479 59037.45970532 
0.94000000 0.00000000 2031.36474848 59136.92432662 
0.96000000 0.00000000 2032.72680280 59137.27860432 
0.98000000 0.00000000 2041.18967771 59155.32033518 

