-1.00000000 0.00000000 -1344.45011238 58919.39250388 
-0.98000000 0.00000000 -1345.02743683 58919.52474101 
-0.96000000 0.00000000 -1345.43579797 58919.40197831 
-0.94000000 0.00000000 -1351.89908282 58938.97656144 
-0.92000000 0.00000000 -1352.11103297 58938.57831655 
-0.90000000 0.00000000 -1341.06301972 58900.35364347 
-0.88000000 0.00000000 -1341.06373513 58899.80854825 
-0.86000000 0.00000000 -1341.00286808 58899.15429456 
-0.84000000 0.00000000 -1362.58404270 58965.49802976 
-0.82000000 0.00000000 -1362.75274165 58965.52907317 
-0.80000000 0.00000000 -1345.57778299 58915.08419731 
-0.78000000 0.00000000 -1338.64056958 58888.42449115 
-0.76000000 0.00000000 -1338.57348999 58887.94967545 
-0.74000000 0.00000000 -1338.52850232 58887.58194353 
-0.72000000 0.00000000 -1338.32641621 58886.55067553 
-0.70000000 0.00000000 -1346.01461727 58915.63253004 
-0.68000000 0.00000000 -1345.98692686 58915.48024805 
-0.66000000 0.00000000 -1363.43026494 58965.37141053 
-0.64000000 0.00000000 -1363.31345045 58965.22541968 
-0.62000000 0.00000000 -1345.78526137 58915.22272573 
-0.60000000 0.00000000 -1362.93225652 58965.05477070 
-0.58000000 0.00000000 -1362.67302129 58965.04013357 
-0.56000000 0.00000000 -1345.33740505 58915.19187678 
-0.54000000 0.00000000 -1337.65520700 58886.04434709 
-0.52000000 0.00000000 -1337.68963534 58886.92759413 
-0.50000000 0.00000000 -1337.56671163 58887.11793406 
-0.48000000 0.00000000 -1337.45334239 58887.32601858 
-0.46000000 0.00000000 -1337.38203348 58887.67089865 
-0.44000000 0.00000000 -1359.84234884 58963.83550753 
-0.42000000 0.00000000 -1359.56186469 58963.73755359 
-0.40000000 0.00000000 -1337.15939988 58888.11302111 
-0.38000000 0.00000000 -1337.12850440 58888.24365364 
-0.36000000 0.00000000 -1337.10769131 58888.32360353 
-0.34000000 0.00000000 -1337.10029812 58888.38845944 
-0.32000000 0.00000000 -1337.10084923 58888.44209472 
-0.30000000 0.00000000 -1359.28166683 58964.50390790 
-0.28000000 0.00000000 -1359.28701621 58964.60992638 
-0.26000000 0.00000000 -1337.06768511 58888.56579095 
-0.24000000 0.00000000 -1337.01406022 58888.62785264 
-0.22000000 0.00000000 -1336.92222725 58888.72954325 
-0.20000000 0.00000000 -1336.75907404 58888.79689000 
-0.18000000 0.00000000 -1358.11530624 58964.64643989 
-0.16000000 0.00000000 -1357.37192552 58964.35029839 
-0.14000000 0.00000000 -1335.73264067 58889.07692689 
-0.12000000 0.00000000 -1335.09469030 58888.90481863 
-0.10000000 0.00000000 -1334.33289186 58888.82644380 
-0.08000000 0.00000000 -1333.40065035 58888.65017445 
-0.06000000 0.00000000 -1349.19551883 58959.43259458 
-0.04000000 0.00000000 -1346.59050591 58957.49634973 
-0.02000000 0.00000000 -1329.86708987 58889.03140393 
0.00000000 0.00000000 -1328.21234793 58887.84923093 
0.02000000 0.00000000 -1326.48588480 58886.64275560 
0.04000000 0.00000000 -1324.66574699 58884.99341876 
0.06000000 0.00000000 -1325.28781675 58901.72911993 
0.08000000 0.00000000 -1321.73977549 58887.44929492 
0.10000000 0.00000000 -1320.00195972 58885.97989811 
0.12000000 0.00000000 -1318.31551290 58883.98409583 
0.14000000 0.00000000 -1415.29205859 58493.46868465 
0.16000000 0.00000000 -1404.95990398 58507.04630420 
0.18000000 0.00000000 -1313.99745674 58877.92813697 
0.20000000 0.00000000 -1312.79829232 58876.27623689 
0.22000000 0.00000000 -1311.65982387 58874.28148905 
0.24000000 0.00000000 -1310.58071459 58872.19967957 
0.26000000 0.00000000 -1309.39448679 58864.33319493 
0.28000000 0.00000000 -1308.45256035 58862.17078344 
0.30000000 0.00000000 -1307.57283469 58860.04201464 
0.32000000 0.00000000 -1306.77850081 58857.99989411 
0.34000000 0.00000000 -1306.10127909 58856.15863754 
0.36000000 0.00000000 -1305.57518772 58854.75967522 
0.38000000 0.00000000 -1305.23074729 58853.77163903 
0.40000000 0.00000000 -1580.82539791 58420.98042530 
0.42000000 0.00000000 -1580.41651346 58420.84281880 
0.44000000 0.00000000 -1305.47474150 58854.35089988 
0.46000000 0.00000000 -1305.98495487 58855.72711219 
0.48000000 0.00000000 -1306.68024608 58857.52597422 
0.50000000 0.00000000 -1307.52960069 58859.74745482 
0.52000000 0.00000000 -1308.49700349 58862.19739989 
0.54000000 0.00000000 -1309.54656959 58864.71960957 
0.56000000 0.00000000 -1310.64856064 58867.21902321 
0.58000000 0.00000000 -1312.03565530 58875.44959578 
0.60000000 0.00000000 -1313.24082231 58877.81422910 
0.62000000 0.00000000 -1314.47545323 58880.05949549 
0.64000000 0.00000000 -1315.75462735 58882.24242371 
0.66000000 0.00000000 -1387.51230258 58533.91305931 
0.68000000 0.00000000 -1393.17970767 58524.84825019 
0.70000000 0.00000000 -1320.01741041 58888.49970540 
0.72000000 0.00000000 -1321.62040147 58890.57640671 
0.74000000 0.00000000 -1323.27774340 58892.36332233 
0.76000000 0.00000000 -1325.04005320 58894.41862892 
0.78000000 0.00000000 -1326.75089279 58895.75997793 
0.80000000 0.00000000 -1328.54647644 58897.56970877 
0.82000000 0.00000000 -1330.31401526 58899.24078881 
0.84000000 0.00000000 -1332.00186778 58900.66039315 
0.86000000 0.00000000 -1336.45955065 58915.75145339 
0.88000000 0.00000000 -1338.12565190 58916.97248710 
0.90000000 0.00000000 -1332.97113594 58886.77263746 
0.92000000 0.00000000 -1327.07941944 58839.86920920 
0.94000000 0.00000000 -1342.12146423 58919.26526610 
0.96000000 0.00000000 -1343.10177958 58919.61541338 
0.98000000 0.00000000 -1348.10752990 58934.33476877 

