-1.00000000 0.00000000 2784.04212298 58338.96399832 
-0.98000000 0.00000000 2782.23377643 58336.73135572 
-0.96000000 0.00000000 2781.01212431 58335.97000204 
-0.94000000 0.00000000 2751.16079142 58237.64793715 
-0.92000000 0.00000000 2750.66580369 58238.63515902 
-0.90000000 0.00000000 2799.18067483 58427.69647775 
-0.88000000 0.00000000 2799.22735402 58429.70269612 
-0.86000000 0.00000000 2799.46845003 58432.36917429 
-0.84000000 0.00000000 2695.11577470 58104.93357609 
-0.82000000 0.00000000 2694.44873045 58104.40437594 
-0.80000000 0.00000000 2781.71981180 58351.90498566 
-0.78000000 0.00000000 2807.29010032 58483.93285026 
-0.76000000 0.00000000 2807.48025910 58485.99679144 
-0.74000000 0.00000000 2807.60479250 58487.56813630 
-0.72000000 0.00000000 2808.20417056 58492.45771001 
-0.70000000 0.00000000 2780.05621657 58347.98864372 
-0.68000000 0.00000000 2780.18067843 58348.67608750 
-0.66000000 0.00000000 2692.04174434 58103.70363688 
-0.64000000 0.00000000 2692.57346883 58104.51091353 
-0.62000000 0.00000000 2780.87679819 58350.32578923 
-0.60000000 0.00000000 2694.03433883 58105.84312264 
-0.58000000 0.00000000 2694.93563301 58106.31388421 
-0.56000000 0.00000000 2782.28306261 58351.80238476 
-0.54000000 0.00000000 2810.10890442 58497.04478896 
-0.52000000 0.00000000 2809.99480352 58493.33612054 
-0.50000000 0.00000000 2810.34867832 58493.06132971 
-0.48000000 0.00000000 2810.67699049 58492.68702435 
-0.46000000 0.00000000 2810.88296417 58491.60239221 
-0.44000000 0.00000000 2705.76888479 58115.93680914 
-0.42000000 0.00000000 2706.84003951 58116.85734350 
-0.40000000 0.00000000 2811.55979424 58490.90857579 
-0.38000000 0.00000000 2811.66744298 58490.62277844 
-0.36000000 0.00000000 2811.75024684 58490.52947236 
-0.34000000 0.00000000 2811.79692535 58490.46926502 
-0.32000000 0.00000000 2811.82209698 58490.44478863 
-0.30000000 0.00000000 2707.39425771 58114.87999311 
-0.28000000 0.00000000 2707.33838455 58114.64333175 
-0.26000000 0.00000000 2811.98626312 58490.71365553 
-0.24000000 0.00000000 2812.14856674 58490.85934091 
-0.22000000 0.00000000 2812.40516234 58490.94569137 
-0.20000000 0.00000000 2812.84703661 58491.37226415 
-0.18000000 0.00000000 2711.34136733 58117.33358152 
-0.16000000 0.00000000 2714.02627917 58119.82726845 
-0.14000000 0.00000000 2815.52095116 58493.60259775 
-0.12000000 0.00000000 2817.17825904 58496.18519753 
-0.10000000 0.00000000 2819.13177569 58498.59171744 
-0.08000000 0.00000000 2821.51346629 58501.76695971 
-0.06000000 0.00000000 2744.01256960 58152.44174792 
-0.04000000 0.00000000 2753.60672024 58164.30712997 
-0.02000000 0.00000000 2830.41169398 58508.28456556 
0.00000000 0.00000000 2834.61452407 58517.28375753 
0.02000000 0.00000000 2838.95488095 58526.47990373 
0.04000000 0.00000000 2843.47547492 58537.86972294 
0.06000000 0.00000000 2841.06893855 58457.77413441 
0.08000000 0.00000000 2850.90981108 58531.90426575 
0.10000000 0.00000000 2855.23363683 58542.00503754 
0.12000000 0.00000000 2859.33464666 58554.46433847 
0.14000000 0.00000000 2200.95992464 59855.31517768 
0.16000000 0.00000000 2240.06295038 59836.69024108 
0.18000000 0.00000000 2869.33485508 58590.33569180 
0.20000000 0.00000000 2872.01566909 58599.82182964 
0.22000000 0.00000000 2874.42948801 58610.68479900 
0.24000000 0.00000000 2876.62691283 58621.68134134 
0.26000000 0.00000000 2877.23191795 58660.79251343 
0.28000000 0.00000000 2878.83739472 58671.64828497 
0.30000000 0.00000000 2880.26361528 58682.15359745 
0.32000000 0.00000000 2881.47524660 58692.09602018 
0.34000000 0.00000000 2882.44345826 58700.96575222 
0.36000000 0.00000000 2883.19571855 58707.63653698 
0.38000000 0.00000000 2883.65327753 58712.30167747 
0.40000000 0.00000000 1749.70445455 59825.12660294 
0.42000000 0.00000000 1750.56394242 59825.78816674 
0.44000000 0.00000000 2883.32599856 58709.27507767 
0.46000000 0.00000000 2882.63171510 58702.58432790 
0.48000000 0.00000000 2881.62385901 58693.83486684 
0.50000000 0.00000000 2880.36329796 58682.98877847 
0.52000000 0.00000000 2878.84574652 58670.94666200 
0.54000000 0.00000000 2877.09386526 58658.42686034 
0.56000000 0.00000000 2875.14715818 58645.85295049 
0.58000000 0.00000000 2873.86755995 58604.84792831 
0.60000000 0.00000000 2871.34298680 58592.44995254 
0.62000000 0.00000000 2868.65809200 58580.37869252 
0.64000000 0.00000000 2865.78522510 58568.33213667 
0.66000000 0.00000000 2315.91778910 59790.95776789 
0.68000000 0.00000000 2292.19250696 59806.03823582 
0.70000000 0.00000000 2855.62301646 58531.87718027 
0.72000000 0.00000000 2851.61292033 58519.21759756 
0.74000000 0.00000000 2847.38219501 58507.76689671 
0.76000000 0.00000000 2842.79594984 58494.78786924 
0.78000000 0.00000000 2838.30633463 58485.21691888 
0.80000000 0.00000000 2833.49292089 58473.22036627 
0.82000000 0.00000000 2828.68465188 58461.87107905 
0.84000000 0.00000000 2824.04421625 58451.78192281 
0.86000000 0.00000000 2808.22817388 58373.53200933 
0.88000000 0.00000000 2803.17295515 58364.60855706 
0.90000000 0.00000000 2822.90765854 58511.98264901 
0.92000000 0.00000000 2827.95611523 58735.90749617 
0.94000000 0.00000000 2790.96475743 58345.54783578 
0.96000000 0.00000000 2787.96893113 58341.61851136 
0.98000000 0.00000000 2765.89708317 58266.42076778 

