-1.00000000 0.00000000 5766.11986285 56709.84444222 
-0.98000000 0.00000000 5768.80938585 56729.93165546 
-0.96000000 0.00000000 5773.56006483 56762.54711839 
-0.94000000 0.00000000 5236.57814493 55122.60695959 
-0.92000000 0.00000000 5259.20401052 55167.40533811 
-0.90000000 0.00000000 5827.82677072 58278.87716284 
-0.88000000 0.00000000 5824.14778449 58317.50875019 
-0.86000000 0.00000000 5819.69348125 58362.18322167 
-0.84000000 0.00000000 3630.72687475 53466.60648652 
-0.82000000 0.00000000 3631.31042947 53467.22479778 
-0.80000000 0.00000000 5820.46945672 57146.92924983 
-0.78000000 0.00000000 5711.14907591 59066.23654954 
-0.76000000 0.00000000 5704.75855542 59095.33992699 
-0.74000000 0.00000000 5699.54754838 59118.42166275 
-0.72000000 0.00000000 5685.10672285 59182.21026811 
-0.70000000 0.00000000 5816.04353702 57113.45009739 
-0.68000000 0.00000000 5817.34789469 57127.64664938 
-0.66000000 0.00000000 3674.42590955 53490.94948490 
-0.64000000 0.00000000 3683.55132608 53495.64120358 
-0.62000000 0.00000000 5818.90914499 57142.52748366 
-0.60000000 0.00000000 3682.67815889 53494.83027322 
-0.58000000 0.00000000 3671.77696509 53488.88102132 
-0.56000000 0.00000000 5817.16296139 57115.36770287 
-0.54000000 0.00000000 5685.75531316 59184.21277012 
-0.52000000 0.00000000 5700.30869035 59121.25698047 
-0.50000000 0.00000000 5705.31633366 59100.42160148 
-0.48000000 0.00000000 5710.36930006 59078.96443811 
-0.46000000 0.00000000 5716.89158246 59049.87234849 
-0.44000000 0.00000000 3640.76382447 53469.64411550 
-0.42000000 0.00000000 3637.15407505 53467.50482001 
-0.40000000 0.00000000 5725.88635373 59010.21232877 
-0.38000000 0.00000000 5727.59072641 59002.42960864 
-0.36000000 0.00000000 5728.13209783 59000.08073079 
-0.34000000 0.00000000 5728.01918184 59000.68563623 
-0.32000000 0.00000000 5727.38874458 59003.61965827 
-0.30000000 0.00000000 3587.74434748 53443.50521932 
-0.28000000 0.00000000 3588.66609614 53444.06147074 
-0.26000000 0.00000000 5724.15726215 59018.28266270 
-0.24000000 0.00000000 5723.72047245 59020.03343774 
-0.22000000 0.00000000 5724.42252556 59016.34241520 
-0.20000000 0.00000000 5725.68247965 59010.17041245 
-0.18000000 0.00000000 3581.21629157 53440.65219621 
-0.16000000 0.00000000 3577.36804908 53438.59397782 
-0.14000000 0.00000000 5740.00306737 58939.81025398 
-0.12000000 0.00000000 5745.93240121 58910.45791750 
-0.10000000 0.00000000 5755.70384730 58859.49793383 
-0.08000000 0.00000000 5767.09467838 58797.20961958 
-0.06000000 0.00000000 3531.44565894 53414.11458494 
-0.04000000 0.00000000 3517.49988432 53406.79890564 
-0.02000000 0.00000000 5821.55223292 58419.30678567 
0.00000000 0.00000000 5830.38914448 58343.39243717 
0.02000000 0.00000000 5839.68790081 58251.43315561 
0.04000000 0.00000000 5846.37270554 58179.00173598 
0.06000000 0.00000000 5740.54517537 56517.87421492 
0.08000000 0.00000000 5860.56297383 57530.68993487 
0.10000000 0.00000000 5856.97658552 57418.22221525 
0.12000000 0.00000000 5854.59244573 57356.96295807 
0.14000000 0.00000000 1070.02927131 63749.54655328 
0.16000000 0.00000000 1127.39453623 63741.71793857 
0.18000000 0.00000000 5848.30686361 57234.41179177 
0.20000000 0.00000000 5843.63522124 57173.48076023 
0.22000000 0.00000000 5841.53765524 57145.92889214 
0.24000000 0.00000000 5839.88656143 57124.88830374 
0.26000000 0.00000000 5869.51778783 57638.11902479 
0.28000000 0.00000000 5869.52291072 57621.80585121 
0.30000000 0.00000000 5869.45576686 57605.69718759 
0.32000000 0.00000000 5869.39994365 57593.20695028 
0.34000000 0.00000000 5869.38410907 57584.77314158 
0.36000000 0.00000000 5869.15816675 57570.29489269 
0.38000000 0.00000000 5869.08046112 57563.97717045 
0.40000000 0.00000000 623.07740261 63794.06588997 
0.42000000 0.00000000 623.74582427 63794.03051585 
0.44000000 0.00000000 5869.01106828 57563.65870276 
0.46000000 0.00000000 5869.03840492 57569.49760964 
0.48000000 0.00000000 5869.18745466 57582.14212315 
0.50000000 0.00000000 5869.16379760 57589.85457220 
0.52000000 0.00000000 5869.11211553 57597.81269208 
0.54000000 0.00000000 5869.09243325 57608.62555320 
0.56000000 0.00000000 5869.08043056 57621.64196155 
0.58000000 0.00000000 5837.24086800 57099.88142036 
0.60000000 0.00000000 5838.15750702 57111.98530236 
0.62000000 0.00000000 5839.25223595 57126.53514013 
0.64000000 0.00000000 5840.19931118 57140.48788618 
0.66000000 0.00000000 1254.61282740 63721.61193185 
0.68000000 0.00000000 1211.99695900 63728.78255231 
0.70000000 0.00000000 5844.24958574 57203.61431232 
0.72000000 0.00000000 5845.77625691 57230.77872686 
0.74000000 0.00000000 5849.20534279 57286.09933529 
0.76000000 0.00000000 5850.47721001 57317.37739606 
0.78000000 0.00000000 5854.88314619 57406.60634663 
0.80000000 0.00000000 5855.87244648 57447.13523370 
0.82000000 0.00000000 5856.58480171 57488.11897859 
0.84000000 0.00000000 5857.23116261 57535.62869345 
0.86000000 0.00000000 5710.43754290 56395.54542262 
0.88000000 0.00000000 5718.16585029 56435.12083793 
0.90000000 0.00000000 5749.09923476 58916.15350921 
0.92000000 0.00000000 4827.67948518 61245.16670009 
0.94000000 0.00000000 5739.95031702 56554.24234407 
0.96000000 0.00000000 5746.77912446 56594.06410170 
0.98000000 0.00000000 5367.47756306 55385.36786247 

