-1.00000000 0.00000000 313.91246292 63809.90515940 
-0.98000000 0.00000000 313.91280531 63809.90516793 
-0.96000000 0.00000000 313.91360398 63809.90518793 
-0.94000000 0.00000000 313.84381777 63809.90343298 
-0.92000000 0.00000000 313.84588152 63809.90348482 
-0.90000000 0.00000000 313.96046333 63809.90636552 
-0.88000000 0.00000000 313.96132904 63809.90638721 
-0.86000000 0.00000000 313.96238152 63809.90641360 
-0.84000000 0.00000000 313.68008705 63809.89931153 
-0.82000000 0.00000000 313.67993916 63809.89930775 
-0.80000000 0.00000000 313.92457689 63809.90546329 
-0.78000000 0.00000000 313.98133059 63809.90688955 
-0.76000000 0.00000000 313.98193639 63809.90690472 
-0.74000000 0.00000000 313.98238438 63809.90691593 
-0.72000000 0.00000000 313.98396420 63809.90695559 
-0.70000000 0.00000000 313.92253693 63809.90541180 
-0.68000000 0.00000000 313.92287900 63809.90542037 
-0.66000000 0.00000000 313.68364409 63809.89940074 
-0.64000000 0.00000000 313.68465203 63809.89942612 
-0.62000000 0.00000000 313.92323678 63809.90542933 
-0.60000000 0.00000000 313.68457300 63809.89942413 
-0.58000000 0.00000000 313.68337799 63809.89939406 
-0.56000000 0.00000000 313.92262706 63809.90541406 
-0.54000000 0.00000000 313.98405015 63809.90695774 
-0.52000000 0.00000000 313.98250095 63809.90691886 
-0.50000000 0.00000000 313.98211519 63809.90690921 
-0.48000000 0.00000000 313.98170671 63809.90689898 
-0.46000000 0.00000000 313.98107148 63809.90688306 
-0.44000000 0.00000000 313.68072304 63809.89932745 
-0.42000000 0.00000000 313.68039133 63809.89931912 
-0.40000000 0.00000000 313.98030992 63809.90686400 
-0.38000000 0.00000000 313.98013951 63809.90685973 
-0.36000000 0.00000000 313.98008774 63809.90685843 
-0.34000000 0.00000000 313.98009072 63809.90685850 
-0.32000000 0.00000000 313.98013766 63809.90685967 
-0.30000000 0.00000000 313.67451571 63809.89917114 
-0.28000000 0.00000000 313.67457925 63809.89917273 
-0.26000000 0.00000000 313.98040047 63809.90686625 
-0.24000000 0.00000000 313.98041922 63809.90686672 
-0.22000000 0.00000000 313.98031282 63809.90686404 
-0.20000000 0.00000000 313.98017249 63809.90686053 
-0.18000000 0.00000000 313.67371673 63809.89915102 
-0.16000000 0.00000000 313.67337131 63809.89914235 
-0.14000000 0.00000000 313.97860689 63809.90682128 
-0.12000000 0.00000000 313.97803901 63809.90680707 
-0.10000000 0.00000000 313.97693469 63809.90677939 
-0.08000000 0.00000000 313.97557635 63809.90674535 
-0.06000000 0.00000000 313.66922193 63809.89903820 
-0.04000000 0.00000000 313.66795814 63809.89900648 
-0.02000000 0.00000000 313.96638744 63809.90651479 
0.00000000 0.00000000 313.96479183 63809.90647483 
0.02000000 0.00000000 313.96274068 63809.90642342 
0.04000000 0.00000000 313.96124520 63809.90638598 
0.06000000 0.00000000 313.90840974 63809.90505809 
0.08000000 0.00000000 313.94292915 63809.90592593 
0.10000000 0.00000000 313.93994439 63809.90585103 
0.12000000 0.00000000 313.93849658 63809.90581476 
0.14000000 0.00000000 314.15572677 63809.91126999 
0.16000000 0.00000000 314.15478883 63809.91124654 
0.18000000 0.00000000 313.93571605 63809.90574513 
0.20000000 0.00000000 313.93401418 63809.90570241 
0.22000000 0.00000000 313.93334451 63809.90568563 
0.24000000 0.00000000 313.93284681 63809.90567317 
0.26000000 0.00000000 313.94927347 63809.90608607 
0.28000000 0.00000000 313.94890583 63809.90607686 
0.30000000 0.00000000 313.94852265 63809.90606726 
0.32000000 0.00000000 313.94823187 63809.90605997 
0.34000000 0.00000000 313.94804792 63809.90605536 
0.36000000 0.00000000 313.94765843 63809.90604559 
0.38000000 0.00000000 313.94750149 63809.90604165 
0.40000000 0.00000000 314.16794420 63809.91157698 
0.42000000 0.00000000 314.16792650 63809.91157654 
0.44000000 0.00000000 313.94748504 63809.90604124 
0.46000000 0.00000000 313.94762528 63809.90604475 
0.48000000 0.00000000 313.94796027 63809.90605316 
0.50000000 0.00000000 313.94813061 63809.90605743 
0.52000000 0.00000000 313.94829932 63809.90606165 
0.54000000 0.00000000 313.94854891 63809.90606791 
0.56000000 0.00000000 313.94885983 63809.90607570 
0.58000000 0.00000000 313.93218020 63809.90565646 
0.60000000 0.00000000 313.93247153 63809.90566375 
0.62000000 0.00000000 313.93282959 63809.90567273 
0.64000000 0.00000000 313.93314980 63809.90568075 
0.66000000 0.00000000 314.15250322 63809.91118935 
0.68000000 0.00000000 314.15330073 63809.91120932 
0.70000000 0.00000000 313.93464991 63809.90571833 
0.72000000 0.00000000 313.93528575 63809.90573426 
0.74000000 0.00000000 313.93679355 63809.90577210 
0.76000000 0.00000000 313.93749197 63809.90578959 
0.78000000 0.00000000 313.93999915 63809.90585253 
0.80000000 0.00000000 313.94092512 63809.90587573 
0.82000000 0.00000000 313.94184031 63809.90589865 
0.84000000 0.00000000 313.94293787 63809.90592615 
0.86000000 0.00000000 313.90392254 63809.90494532 
0.88000000 0.00000000 313.90497917 63809.90497179 
0.90000000 0.00000000 313.98199164 63809.90690729 
0.92000000 0.00000000 314.04529679 63809.90849736 
0.94000000 0.00000000 313.90809088 63809.90504975 
0.96000000 0.00000000 313.90912047 63809.90507555 
0.98000000 0.00000000 313.85869181 63809.90380741 

