-1.00000000 0.00000000 1532.79176129 60163.75274849 
-0.98000000 0.00000000 1534.72366427 60164.14649124 
-0.96000000 0.00000000 1535.88813152 60163.81302029 
-0.94000000 0.00000000 1579.79602438 60227.18780459 
-0.92000000 0.00000000 1580.03894277 60225.94278819 
-0.90000000 0.00000000 1501.93641534 60103.71872623 
-0.88000000 0.00000000 1501.49237095 60102.26387976 
-0.86000000 0.00000000 1500.74590286 60100.45203063 
-0.84000000 0.00000000 1651.83102486 60315.32077466 
-0.82000000 0.00000000 1652.52509393 60315.43461159 
-0.80000000 0.00000000 1532.26710726 60151.46001128 
-0.78000000 0.00000000 1483.03930035 60067.47936617 
-0.76000000 0.00000000 1482.43737298 60066.12300240 
-0.74000000 0.00000000 1481.99758237 60065.07374071 
-0.72000000 0.00000000 1480.41148258 60061.91841680 
-0.70000000 0.00000000 1534.51908181 60153.50222237 
-0.68000000 0.00000000 1534.28662332 60153.02493351 
-0.66000000 0.00000000 1654.85456016 60314.44940418 
-0.64000000 0.00000000 1654.25375441 60313.98894461 
-0.62000000 0.00000000 1533.38799855 60152.20962849 
-0.60000000 0.00000000 1652.75203258 60313.68110886 
-0.58000000 0.00000000 1651.88568029 60313.87284364 
-0.56000000 0.00000000 1531.91302810 60152.16451378 
-0.54000000 0.00000000 1477.80199815 60060.14162438 
-0.52000000 0.00000000 1478.72811447 60062.83737276 
-0.50000000 0.00000000 1478.48604119 60063.35046127 
-0.48000000 0.00000000 1478.28681339 60063.91255574 
-0.46000000 0.00000000 1478.34923560 60064.90010614 
-0.44000000 0.00000000 1640.77352551 60312.16817334 
-0.42000000 0.00000000 1639.67901336 60312.02565918 
-0.40000000 0.00000000 1477.90542870 60065.92559796 
-0.38000000 0.00000000 1477.86670427 60066.18321064 
-0.36000000 0.00000000 1477.80462278 60066.26085125 
-0.34000000 0.00000000 1477.76465173 60066.26948402 
-0.32000000 0.00000000 1477.73428751 60066.22072302 
-0.30000000 0.00000000 1639.49418437 60314.12259127 
-0.28000000 0.00000000 1639.57567775 60314.20683065 
-0.26000000 0.00000000 1477.49731208 60065.84684243 
-0.24000000 0.00000000 1477.32195633 60065.77333812 
-0.22000000 0.00000000 1477.08776015 60065.83898477 
-0.20000000 0.00000000 1476.63196016 60065.83289472 
-0.18000000 0.00000000 1635.70981250 60313.94894470 
-0.16000000 0.00000000 1633.01509920 60313.41700269 
-0.14000000 0.00000000 1474.02017338 60066.56015621 
-0.12000000 0.00000000 1472.14012093 60066.24227698 
-0.10000000 0.00000000 1470.08257629 60066.43506549 
-0.08000000 0.00000000 1467.52612861 60066.56646231 
-0.06000000 0.00000000 1602.42015026 60305.41095510 
-0.04000000 0.00000000 1592.48008804 60302.22654026 
-0.02000000 0.00000000 1459.30986496 60071.80098054 
0.00000000 0.00000000 1454.03109948 60069.93681685 
0.02000000 0.00000000 1448.60241312 60068.27907407 
0.04000000 0.00000000 1442.50329228 60065.38193978 
0.06000000 0.00000000 1463.35284370 60125.58868601 
0.08000000 0.00000000 1438.52614988 60079.77788689 
0.10000000 0.00000000 1432.90992123 60078.00924125 
0.12000000 0.00000000 1426.86527798 60074.38415437 
0.14000000 0.00000000 1267.48608891 58595.09258708 
0.16000000 0.00000000 1261.46555925 58662.17451109 
0.18000000 0.00000000 1410.67739300 60062.82085904 
0.20000000 0.00000000 1406.35328384 60060.24361093 
0.22000000 0.00000000 1401.85914972 60056.50953495 
0.24000000 0.00000000 1397.47274034 60052.58518537 
0.26000000 0.00000000 1386.75412426 60027.72802255 
0.28000000 0.00000000 1382.73354714 60023.68215156 
0.30000000 0.00000000 1378.91601870 60019.75360844 
0.32000000 0.00000000 1375.38338403 60015.96726466 
0.34000000 0.00000000 1372.29622286 60012.52497754 
0.36000000 0.00000000 1369.94955918 60010.07670085 
0.38000000 0.00000000 1368.35097412 60008.28785841 
0.40000000 0.00000000 1477.93699815 57629.17372441 
0.42000000 0.00000000 1477.00588015 57631.61832138 
0.44000000 0.00000000 1369.40939571 60009.50691484 
0.46000000 0.00000000 1371.72268059 60012.11217069 
0.48000000 0.00000000 1374.80401168 60015.41779615 
0.50000000 0.00000000 1378.61296575 60019.64743839 
0.52000000 0.00000000 1382.89982591 60024.33324533 
0.54000000 0.00000000 1387.45212092 60029.13311271 
0.56000000 0.00000000 1392.13008772 60033.88735822 
0.58000000 0.00000000 1403.69009348 60059.52013729 
0.60000000 0.00000000 1408.62058975 60064.10746478 
0.62000000 0.00000000 1413.56553226 60068.49632197 
0.64000000 0.00000000 1418.62386405 60072.85932647 
0.66000000 0.00000000 1253.92563186 58792.57230315 
0.68000000 0.00000000 1256.40205394 58753.25786700 
0.70000000 0.00000000 1434.90296877 60085.52510754 
0.72000000 0.00000000 1440.87587075 60089.77552770 
0.74000000 0.00000000 1446.70566485 60093.03706186 
0.76000000 0.00000000 1453.15105500 60097.27924280 
0.78000000 0.00000000 1458.71010559 60099.17861414 
0.80000000 0.00000000 1465.07797395 60102.83893479 
0.82000000 0.00000000 1471.28785096 60106.22872149 
0.84000000 0.00000000 1477.08226745 60109.01717295 
0.86000000 0.00000000 1506.55415530 60157.56078561 
0.88000000 0.00000000 1512.34996477 60159.94309271 
0.90000000 0.00000000 1463.85698567 60059.97745871 
0.92000000 0.00000000 1401.71600651 59909.60585963 
0.94000000 0.00000000 1525.89417400 60164.33868950 
0.96000000 0.00000000 1529.08793949 60164.95522918 
0.98000000 0.00000000 1562.07938787 60212.67418518 

