-1.00000000 0.00000000 -1447.59020013 58621.03689524 
-0.98000000 0.00000000 -1447.44464830 58621.54701008 
-0.96000000 0.00000000 -1447.43178136 58621.91848426 
-0.94000000 0.00000000 -1438.60123197 58626.54025965 
-0.92000000 0.00000000 -1438.73010656 58626.74610396 
-0.90000000 0.00000000 -1455.69681029 58619.23794319 
-0.88000000 0.00000000 -1455.92552995 58619.26897315 
-0.86000000 0.00000000 -1456.20645018 58619.25246602 
-0.84000000 0.00000000 -1426.27046873 58634.69220139 
-0.82000000 0.00000000 -1426.23313048 58634.83458995 
-0.80000000 0.00000000 -1449.20233987 58622.26697274 
-0.78000000 0.00000000 -1460.84270280 58617.87710810 
-0.76000000 0.00000000 -1461.04693113 58617.84781389 
-0.74000000 0.00000000 -1461.20416607 58617.83139453 
-0.72000000 0.00000000 -1461.64485862 58617.72399922 
-0.70000000 0.00000000 -1448.93518518 58622.60658222 
-0.68000000 0.00000000 -1449.00125609 58622.59036629 
-0.66000000 0.00000000 -1426.18112338 58635.42180996 
-0.64000000 0.00000000 -1426.26041830 58635.32394887 
-0.62000000 0.00000000 -1449.13632919 58622.42497369 
-0.60000000 0.00000000 -1426.40132493 58634.99136673 
-0.58000000 0.00000000 -1426.45821488 58634.76064451 
-0.56000000 0.00000000 -1449.21926804 58622.02599742 
-0.54000000 0.00000000 -1461.93717427 58617.15578950 
-0.52000000 0.00000000 -1461.58051359 58617.12174576 
-0.50000000 0.00000000 -1461.51948365 58616.99822014 
-0.48000000 0.00000000 -1461.44957534 58616.88240636 
-0.46000000 0.00000000 -1461.31920881 58616.79475380 
-0.44000000 0.00000000 -1427.47909313 58632.29712948 
-0.42000000 0.00000000 -1427.56877416 58632.05440756 
-0.40000000 0.00000000 -1461.15860722 58616.57173137 
-0.38000000 0.00000000 -1461.10363576 58616.53901041 
-0.36000000 0.00000000 -1461.06615639 58616.51981710 
-0.34000000 0.00000000 -1461.03164807 58616.51447109 
-0.32000000 0.00000000 -1460.99942504 58616.51765728 
-0.30000000 0.00000000 -1427.27932713 58631.80209384 
-0.28000000 0.00000000 -1427.22503193 58631.80908926 
-0.26000000 0.00000000 -1460.91888101 58616.49976855 
-0.24000000 0.00000000 -1460.89051277 58616.45306536 
-0.22000000 0.00000000 -1460.85379818 58616.36763427 
-0.20000000 0.00000000 -1460.84412839 58616.21823249 
-0.18000000 0.00000000 -1427.39347343 58630.77708287 
-0.16000000 0.00000000 -1427.65527766 58630.11990333 
-0.14000000 0.00000000 -1460.89758031 58615.25736123 
-0.12000000 0.00000000 -1461.08055388 58614.67880697 
-0.10000000 0.00000000 -1461.25682549 58613.97434609 
-0.08000000 0.00000000 -1461.50967564 58613.11540910 
-0.06000000 0.00000000 -1431.30217606 58622.89815035 
-0.04000000 0.00000000 -1432.62240948 58620.60570117 
-0.02000000 0.00000000 -1462.10888518 58609.75704776 
0.00000000 0.00000000 -1462.91335043 58608.28964364 
0.02000000 0.00000000 -1463.74614059 58606.75448872 
0.04000000 0.00000000 -1464.76837596 58605.16502975 
0.06000000 0.00000000 -1458.37670932 58604.44282573 
0.08000000 0.00000000 -1464.51491890 58602.19713020 
0.10000000 0.00000000 -1465.46166682 58600.66845983 
0.12000000 0.00000000 -1466.59553551 58599.22929835 
0.14000000 0.00000000 -1571.48339848 58734.58514409 
0.16000000 0.00000000 -1570.52694010 58723.37640259 
0.18000000 0.00000000 -1469.88012617 58595.61236415 
0.20000000 0.00000000 -1470.79807385 58594.60187576 
0.22000000 0.00000000 -1471.83797842 58593.67477750 
0.24000000 0.00000000 -1472.90574648 58592.80964117 
0.26000000 0.00000000 -1476.13936171 58592.31866808 
0.28000000 0.00000000 -1477.21888311 58591.59197353 
0.30000000 0.00000000 -1478.27510994 58590.92228235 
0.32000000 0.00000000 -1479.27882156 58590.32798412 
0.34000000 0.00000000 -1480.17566282 58589.83025050 
0.36000000 0.00000000 -1480.86393464 58589.44129344 
0.38000000 0.00000000 -1481.34346390 58589.19300888 
0.40000000 0.00000000 -1538.18681801 58880.22069975 
0.42000000 0.00000000 -1538.36271599 58879.93575709 
0.44000000 0.00000000 -1481.06305524 58589.37906269 
0.46000000 0.00000000 -1480.39462977 58589.75456809 
0.48000000 0.00000000 -1479.51170991 58590.27353319 
0.50000000 0.00000000 -1478.42597313 58590.90641392 
0.52000000 0.00000000 -1477.22224314 58591.63510246 
0.54000000 0.00000000 -1475.97144875 58592.43794725 
0.56000000 0.00000000 -1474.72009782 58593.29369254 
0.58000000 0.00000000 -1471.29283495 58593.95443254 
0.60000000 0.00000000 -1470.08153751 58594.92164373 
0.62000000 0.00000000 -1468.91787388 58595.92495665 
0.64000000 0.00000000 -1467.77735234 58596.97362555 
0.66000000 0.00000000 -1567.56683626 58704.03717356 
0.68000000 0.00000000 -1568.70273709 58710.51957363 
0.70000000 0.00000000 -1464.41812509 58600.53335719 
0.72000000 0.00000000 -1463.27282972 58601.88918121 
0.74000000 0.00000000 -1462.22754977 58603.31722733 
0.76000000 0.00000000 -1461.06221594 58604.82183730 
0.78000000 0.00000000 -1460.17879620 58606.33135842 
0.80000000 0.00000000 -1459.10500036 58607.88236513 
0.82000000 0.00000000 -1458.09317384 58609.41520964 
0.84000000 0.00000000 -1457.19754557 58610.88965080 
0.86000000 0.00000000 -1450.54448831 58613.93705169 
0.88000000 0.00000000 -1449.73176992 58615.39865814 
0.90000000 0.00000000 -1462.27209925 58612.88507976 
0.92000000 0.00000000 -1481.12118730 58611.45781159 
0.94000000 0.00000000 -1448.05688480 58618.92672315 
0.96000000 0.00000000 -1447.73863827 58619.79942499 
0.98000000 0.00000000 -1441.08673991 58623.40979524 

