-1.00000000 0.00000000 -1907.91265347 58529.46781547 
-0.98000000 0.00000000 -1906.90507930 58527.49191248 
-0.96000000 0.00000000 -1906.09828829 58526.66167825 
-0.94000000 0.00000000 -1900.80681431 58454.05765663 
-0.92000000 0.00000000 -1900.24716017 58454.56874341 
-0.90000000 0.00000000 -1905.34776763 58591.96458121 
-0.88000000 0.00000000 -1905.07432491 58593.35169627 
-0.86000000 0.00000000 -1904.85160807 58595.22446693 
-0.84000000 0.00000000 -1885.16643232 58351.58656713 
-0.82000000 0.00000000 -1884.78468788 58351.05123428 
-0.80000000 0.00000000 -1903.96542202 58537.59090869 
-0.78000000 0.00000000 -1903.29692566 58631.50334451 
-0.76000000 0.00000000 -1903.14854543 58632.94703509 
-0.74000000 0.00000000 -1903.02084057 58634.04218400 
-0.72000000 0.00000000 -1902.79180131 58637.45146709 
-0.70000000 0.00000000 -1903.34935254 58534.63818370 
-0.68000000 0.00000000 -1903.33188761 58535.12770753 
-0.66000000 0.00000000 -1883.17329936 58349.83374102 
-0.64000000 0.00000000 -1883.39820448 58350.52139722 
-0.62000000 0.00000000 -1903.59072498 58536.40518653 
-0.60000000 0.00000000 -1884.19897289 58351.86443857 
-0.58000000 0.00000000 -1884.76538194 58352.47745507 
-0.56000000 0.00000000 -1904.41198236 58537.76377222 
-0.54000000 0.00000000 -1903.61038059 58640.94341340 
-0.52000000 0.00000000 -1904.04019852 58638.44192908 
-0.50000000 0.00000000 -1904.34902198 58638.33200299 
-0.48000000 0.00000000 -1904.65235045 58638.14818296 
-0.46000000 0.00000000 -1904.96175739 58637.46205155 
-0.44000000 0.00000000 -1890.74780599 58362.30796284 
-0.42000000 0.00000000 -1891.34749036 58363.25075419 
-0.40000000 0.00000000 -1905.58057048 58637.09912283 
-0.38000000 0.00000000 -1905.70600794 58636.90629260 
-0.36000000 0.00000000 -1905.78658054 58636.83092964 
-0.34000000 0.00000000 -1905.83606270 58636.76464421 
-0.32000000 0.00000000 -1905.86532823 58636.71299466 
-0.30000000 0.00000000 -1892.18250605 58362.04684605 
-0.28000000 0.00000000 -1892.19892260 58361.83261308 
-0.26000000 0.00000000 -1905.98053455 58636.79327954 
-0.24000000 0.00000000 -1906.09565613 58636.88572007 
-0.22000000 0.00000000 -1906.29201771 58636.96867168 
-0.20000000 0.00000000 -1906.58287981 58637.33465874 
-0.18000000 0.00000000 -1894.67917004 58364.74929926 
-0.16000000 0.00000000 -1896.17363879 58367.26401071 
-0.14000000 0.00000000 -1908.35026883 58639.53146024 
-0.12000000 0.00000000 -1909.26505663 58641.74056224 
-0.10000000 0.00000000 -1910.42709926 58643.95694325 
-0.08000000 0.00000000 -1911.80489270 58646.84474691 
-0.06000000 0.00000000 -1911.90317111 58398.94448015 
-0.04000000 0.00000000 -1916.68549112 58410.09010329 
-0.02000000 0.00000000 -1917.63561869 58654.38137209 
0.00000000 0.00000000 -1919.57358989 58661.81987460 
0.02000000 0.00000000 -1921.58829434 58669.47477485 
0.04000000 0.00000000 -1923.45120520 58678.64700574 
0.06000000 0.00000000 -1932.50408810 58626.80244088 
0.08000000 0.00000000 -1929.68588850 58678.01073804 
0.10000000 0.00000000 -1931.53417377 58686.36761365 
0.12000000 0.00000000 -1932.92184340 58696.17238461 
0.14000000 0.00000000 -1392.85269247 59463.31105386 
0.16000000 0.00000000 -1420.66778603 59456.12970032 
0.18000000 0.00000000 -1935.64727437 58723.86526271 
0.20000000 0.00000000 -1936.39212429 58731.31189001 
0.22000000 0.00000000 -1936.77852589 58739.57593040 
0.24000000 0.00000000 -1936.99357579 58747.88222176 
0.26000000 0.00000000 -1932.85846776 58773.80180137 
0.28000000 0.00000000 -1932.70435754 58781.88198583 
0.30000000 0.00000000 -1932.46508195 58789.68249711 
0.32000000 0.00000000 -1932.14328604 58797.02912099 
0.34000000 0.00000000 -1931.77943755 58803.55083621 
0.36000000 0.00000000 -1931.51949878 58808.49280608 
0.38000000 0.00000000 -1931.29056503 58811.92164752 
0.40000000 0.00000000 -1081.68342106 59346.29120790 
0.42000000 0.00000000 -1082.24117680 59347.03252788 
0.44000000 0.00000000 -1931.39909854 58809.72584467 
0.46000000 0.00000000 -1931.69042459 58804.82242074 
0.48000000 0.00000000 -1932.00807069 58798.36623200 
0.50000000 0.00000000 -1932.39655265 58790.38643065 
0.52000000 0.00000000 -1932.75097950 58781.50069401 
0.54000000 0.00000000 -1933.00331114 58772.21459217 
0.56000000 0.00000000 -1933.12931499 58762.84220772 
0.58000000 0.00000000 -1937.07971364 58735.43464522 
0.60000000 0.00000000 -1936.81961169 58726.07008872 
0.62000000 0.00000000 -1936.40597355 58716.90609079 
0.64000000 0.00000000 -1935.85577258 58707.73584823 
0.66000000 0.00000000 -1474.16482032 59435.57827003 
0.68000000 0.00000000 -1457.14531674 59442.71794474 
0.70000000 0.00000000 -1933.15707208 58679.67630228 
0.72000000 0.00000000 -1931.88622245 58669.82559967 
0.74000000 0.00000000 -1930.30409011 58660.69149978 
0.76000000 0.00000000 -1928.67439126 58650.47797038 
0.78000000 0.00000000 -1926.66208896 58642.50801082 
0.80000000 0.00000000 -1924.74903878 58632.90618279 
0.82000000 0.00000000 -1922.76008408 58623.75916366 
0.84000000 0.00000000 -1920.72644633 58615.51969988 
0.86000000 0.00000000 -1920.62491620 58559.97487032 
0.88000000 0.00000000 -1918.23594272 58552.41731396 
0.90000000 0.00000000 -1911.46554162 58653.78043647 
0.92000000 0.00000000 -1888.88337196 58803.28208935 
0.94000000 0.00000000 -1912.09060963 58535.92729403 
0.96000000 0.00000000 -1910.46307168 58532.41117253 
0.98000000 0.00000000 -1906.70075689 58477.13858308 

