-1.00000000 0.00000000 1514.07484467 59153.73931266 
-0.98000000 0.00000000 1515.04495315 59155.70297912 
-0.96000000 0.00000000 1515.85306923 59156.43408329 
-0.94000000 0.00000000 1516.61575870 59240.91061035 
-0.92000000 0.00000000 1517.23614534 59240.17920230 
-0.90000000 0.00000000 1518.65427967 59080.68785023 
-0.88000000 0.00000000 1518.95996365 59079.10063791 
-0.86000000 0.00000000 1519.21777729 59076.97131004 
-0.84000000 0.00000000 1521.28605215 59362.94197916 
-0.82000000 0.00000000 1521.60264769 59363.56465152 
-0.80000000 0.00000000 1518.56436305 59143.56607343 
-0.78000000 0.00000000 1521.01550839 59035.27592811 
-0.76000000 0.00000000 1521.16745510 59033.63356396 
-0.74000000 0.00000000 1521.29951371 59032.38406979 
-0.72000000 0.00000000 1521.52308940 59028.45650288 
-0.70000000 0.00000000 1519.10586521 59146.96333877 
-0.68000000 0.00000000 1519.14951760 59146.39351556 
-0.66000000 0.00000000 1523.12804999 59364.76011783 
-0.64000000 0.00000000 1522.99760856 59363.95086056 
-0.62000000 0.00000000 1518.93477686 59144.99128404 
-0.60000000 0.00000000 1522.36396369 59362.48990259 
-0.58000000 0.00000000 1521.86407254 59361.89209569 
-0.56000000 0.00000000 1518.11057649 59143.68020314 
-0.54000000 0.00000000 1520.59983027 59024.75574367 
-0.52000000 0.00000000 1520.15411287 59027.73181652 
-0.50000000 0.00000000 1519.81561208 59027.94367708 
-0.48000000 0.00000000 1519.48401248 59028.23402940 
-0.46000000 0.00000000 1519.15100648 59029.09426416 
-0.44000000 0.00000000 1516.98943549 59351.41093260 
-0.42000000 0.00000000 1516.49194143 59350.40283054 
-0.40000000 0.00000000 1518.48016535 59029.59850288 
-0.38000000 0.00000000 1518.34854165 59029.80365588 
-0.36000000 0.00000000 1518.26667821 59029.85011555 
-0.34000000 0.00000000 1518.22064570 59029.86613020 
-0.32000000 0.00000000 1518.19858759 59029.84981742 
-0.30000000 0.00000000 1515.51230260 59351.83485277 
-0.28000000 0.00000000 1515.48634897 59352.01020264 
-0.26000000 0.00000000 1518.11246093 59029.51209915 
-0.24000000 0.00000000 1518.00301951 59029.35547883 
-0.22000000 0.00000000 1517.80629921 59029.25176457 
-0.20000000 0.00000000 1517.50438935 59028.88433526 
-0.18000000 0.00000000 1513.44823806 59348.78798840 
-0.16000000 0.00000000 1512.26286625 59346.15628563 
-0.14000000 0.00000000 1515.60417920 59027.13546200 
-0.12000000 0.00000000 1514.58979157 59025.14142653 
-0.10000000 0.00000000 1513.29501722 59023.33869054 
-0.08000000 0.00000000 1511.74097277 59020.98042802 
-0.06000000 0.00000000 1499.78857368 59314.03931085 
-0.04000000 0.00000000 1495.94768552 59302.98413609 
-0.02000000 0.00000000 1505.12395259 59016.75858614 
0.00000000 0.00000000 1502.75829813 59010.08630574 
0.02000000 0.00000000 1500.24616848 59003.36077230 
0.04000000 0.00000000 1497.79136634 58994.99283259 
0.06000000 0.00000000 1488.88425678 59059.37801174 
0.08000000 0.00000000 1490.67448395 59001.22217545 
0.10000000 0.00000000 1488.16268879 58994.04828043 
0.12000000 0.00000000 1486.04645199 58985.04243366 
0.14000000 0.00000000 2016.46544181 57646.89116322 
0.16000000 0.00000000 1975.01198176 57685.83086398 
0.18000000 0.00000000 1481.06480922 58959.27193436 
0.20000000 0.00000000 1479.60358467 58952.63850033 
0.22000000 0.00000000 1478.44888349 58944.93411962 
0.24000000 0.00000000 1477.43513556 58937.14765430 
0.26000000 0.00000000 1479.80833977 58907.21145458 
0.28000000 0.00000000 1479.05862934 58899.57082130 
0.30000000 0.00000000 1478.39034915 58892.19790784 
0.32000000 0.00000000 1477.83135665 58885.22261583 
0.34000000 0.00000000 1477.39336047 58878.99779183 
0.36000000 0.00000000 1477.01549783 58874.35879466 
0.38000000 0.00000000 1476.80083899 58871.10043654 
0.40000000 0.00000000 2736.99594813 57571.10408546 
0.42000000 0.00000000 2735.08184114 57569.82992869 
0.44000000 0.00000000 1476.96894570 58873.24127663 
0.46000000 0.00000000 1477.29890821 58877.93519500 
0.48000000 0.00000000 1477.78897623 58884.05576218 
0.50000000 0.00000000 1478.35393620 58891.68807391 
0.52000000 0.00000000 1479.02012180 58900.17893739 
0.54000000 0.00000000 1479.79322693 58909.01493725 
0.56000000 0.00000000 1480.65804862 58917.90437342 
0.58000000 0.00000000 1478.46378519 58949.24771033 
0.60000000 0.00000000 1479.54426552 58958.09332532 
0.62000000 0.00000000 1480.71869523 58966.73834008 
0.64000000 0.00000000 1481.98455159 58975.41490691 
0.66000000 0.00000000 1900.86066112 57769.98015482 
0.68000000 0.00000000 1923.27053466 57743.52606664 
0.70000000 0.00000000 1486.63131437 59001.92605055 
0.72000000 0.00000000 1488.49587912 59011.23793081 
0.74000000 0.00000000 1490.62208185 59019.63892323 
0.76000000 0.00000000 1492.76459445 59029.31566994 
0.78000000 0.00000000 1495.21819200 59036.35463575 
0.80000000 0.00000000 1497.52723413 59045.41523015 
0.82000000 0.00000000 1499.84517910 59054.05930160 
0.84000000 0.00000000 1502.14363342 59061.79637839 
0.86000000 0.00000000 1501.55586816 59125.07687162 
0.88000000 0.00000000 1503.92712538 59132.28399343 
0.90000000 0.00000000 1511.95196026 59012.73092049 
0.92000000 0.00000000 1528.59451104 58834.89366602 
0.94000000 0.00000000 1509.92485162 59148.02139147 
0.96000000 0.00000000 1511.50681849 59151.35607228 
0.98000000 0.00000000 1512.28050476 59215.22263149 

