-1.00000000 0.00000000 1371.55707179 59907.68768027 
-0.98000000 0.00000000 1373.11441566 59908.74110306 
-0.96000000 0.00000000 1374.14249113 59908.74576773 
-0.94000000 0.00000000 1400.83648940 59992.99298130 
-0.92000000 0.00000000 1401.23397990 59991.70266570 
-0.90000000 0.00000000 1354.68286929 59831.54752032 
-0.88000000 0.00000000 1354.53328874 59829.79676564 
-0.86000000 0.00000000 1354.18056705 59827.55663385 
-0.84000000 0.00000000 1445.67111647 60114.40850893 
-0.82000000 0.00000000 1446.21522889 60114.77727721 
-0.80000000 0.00000000 1373.04373037 59893.93064374 
-0.78000000 0.00000000 1344.07645637 59785.55559661 
-0.76000000 0.00000000 1343.76899793 59783.86709007 
-0.74000000 0.00000000 1343.55326765 59782.56888832 
-0.72000000 0.00000000 1342.67072620 59778.58571789 
-0.70000000 0.00000000 1374.63204707 59896.90965244 
-0.68000000 0.00000000 1374.51111570 59896.30794199 
-0.66000000 0.00000000 1448.25397524 60114.52484543 
-0.64000000 0.00000000 1447.84422457 60113.80934718 
-0.62000000 0.00000000 1373.88372136 59895.11828201 
-0.60000000 0.00000000 1446.68728790 60112.94265697 
-0.58000000 0.00000000 1445.96186668 60112.84655784 
-0.56000000 0.00000000 1372.65482854 59894.59239893 
-0.54000000 0.00000000 1340.70140279 59775.81609336 
-0.52000000 0.00000000 1341.09043743 59779.08613626 
-0.50000000 0.00000000 1340.80475225 59779.58023875 
-0.48000000 0.00000000 1340.54819366 59780.14182311 
-0.46000000 0.00000000 1340.45192256 59781.25493001 
-0.44000000 0.00000000 1437.29883056 60107.07620302 
-0.42000000 0.00000000 1436.43902053 60106.53755639 
-0.40000000 0.00000000 1339.90953435 59782.25608455 
-0.38000000 0.00000000 1339.83379323 59782.53041256 
-0.36000000 0.00000000 1339.76431335 59782.59851934 
-0.34000000 0.00000000 1339.72345469 59782.59726078 
-0.32000000 0.00000000 1339.69879757 59782.53569619 
-0.30000000 0.00000000 1435.93796740 60108.77296820 
-0.28000000 0.00000000 1435.98356956 60108.89607504 
-0.26000000 0.00000000 1339.53135814 59782.05642049 
-0.24000000 0.00000000 1339.38531082 59781.92458348 
-0.22000000 0.00000000 1339.16872416 59781.92928917 
-0.20000000 0.00000000 1338.77431203 59781.78718151 
-0.18000000 0.00000000 1432.88388635 60107.28989598 
-0.16000000 0.00000000 1430.79627494 60105.77864457 
-0.14000000 0.00000000 1336.42914755 59781.80921402 
-0.12000000 0.00000000 1334.87365903 59780.88931010 
-0.10000000 0.00000000 1333.09549721 59780.48212402 
-0.08000000 0.00000000 1330.90474103 59779.85673231 
-0.06000000 0.00000000 1407.39504148 60086.56542484 
-0.04000000 0.00000000 1399.85956931 60079.72982684 
-0.02000000 0.00000000 1323.19527009 59783.18524916 
0.00000000 0.00000000 1318.98680057 59779.53964908 
0.02000000 0.00000000 1314.61979068 59776.08513570 
0.04000000 0.00000000 1309.85313872 59771.06713976 
0.06000000 0.00000000 1319.08516642 59843.92757269 
0.08000000 0.00000000 1304.50552478 59785.83474653 
0.10000000 0.00000000 1299.99840011 59782.22609747 
0.12000000 0.00000000 1295.37694489 59776.44700222 
0.14000000 0.00000000 1351.69375906 58099.83606411 
0.16000000 0.00000000 1335.74706737 58171.36898616 
0.18000000 0.00000000 1283.22337997 59758.97571295 
0.20000000 0.00000000 1279.90563725 59754.89151290 
0.22000000 0.00000000 1276.59659782 59749.48357067 
0.24000000 0.00000000 1273.40309528 59743.90083642 
0.26000000 0.00000000 1267.55547661 59713.34701808 
0.28000000 0.00000000 1264.67230528 59707.74550155 
0.30000000 0.00000000 1261.94452608 59702.33299000 
0.32000000 0.00000000 1259.43792305 59697.15901472 
0.34000000 0.00000000 1257.26281305 59692.49110778 
0.36000000 0.00000000 1255.58732862 59689.13051414 
0.38000000 0.00000000 1254.46118570 59686.70757680 
0.40000000 0.00000000 1752.72448754 57148.08661419 
0.42000000 0.00000000 1751.13742339 57150.19398672 
0.44000000 0.00000000 1255.20841843 59688.35199728 
0.46000000 0.00000000 1256.83875260 59691.87866059 
0.48000000 0.00000000 1259.02854550 59696.39500471 
0.50000000 0.00000000 1261.71369957 59702.13899094 
0.52000000 0.00000000 1264.74107395 59708.52393559 
0.54000000 0.00000000 1267.97420014 59715.11243625 
0.56000000 0.00000000 1271.31572726 59721.68919229 
0.58000000 0.00000000 1277.74634538 59753.35435493 
0.60000000 0.00000000 1281.30180695 59759.83358525 
0.62000000 0.00000000 1284.89344087 59766.10329415 
0.64000000 0.00000000 1288.58218949 59772.38406991 
0.66000000 0.00000000 1309.67750928 58311.84928163 
0.68000000 0.00000000 1317.70385815 58269.40940583 
0.70000000 0.00000000 1300.61891339 59791.13053317 
0.72000000 0.00000000 1305.07903072 59797.59123984 
0.74000000 0.00000000 1309.54795788 59802.92601741 
0.76000000 0.00000000 1314.39458428 59809.54009607 
0.78000000 0.00000000 1318.81335824 59813.30728837 
0.80000000 0.00000000 1323.66316347 59819.27585187 
0.82000000 0.00000000 1328.41157493 59824.90792313 
0.84000000 0.00000000 1332.89035228 59829.75792936 
0.86000000 0.00000000 1350.59860922 59892.53729273 
0.88000000 0.00000000 1355.07845488 59896.98949451 
0.90000000 0.00000000 1328.70865492 59771.44728623 
0.92000000 0.00000000 1296.35067514 59586.37866109 
0.94000000 0.00000000 1365.71162253 59906.13310395 
0.96000000 0.00000000 1368.28229476 59907.83212435 
0.98000000 0.00000000 1388.45275831 59971.15260897 

