-1.00000000 0.00000000 1879.72774300 58737.18030539 
-0.98000000 0.00000000 1879.97645138 58738.87403635 
-0.96000000 0.00000000 1880.34624465 58739.74893092 
-0.94000000 0.00000000 1866.65654172 58787.69485618 
-0.92000000 0.00000000 1867.15662720 58787.63010936 
-0.90000000 0.00000000 1895.04882935 58698.23612010 
-0.88000000 0.00000000 1895.53664400 58697.43802221 
-0.86000000 0.00000000 1896.08783699 58696.30478103 
-0.84000000 0.00000000 1849.57389414 58857.80456890 
-0.82000000 0.00000000 1849.66232156 58858.31223172 
-0.80000000 0.00000000 1884.31817613 58733.63902540 
-0.78000000 0.00000000 1904.50543120 58673.32430370 
-0.76000000 0.00000000 1904.89743406 58672.43264921 
-0.74000000 0.00000000 1905.20546361 58671.76148638 
-0.72000000 0.00000000 1906.03467016 58669.62032394 
-0.70000000 0.00000000 1884.08820734 58735.75948977 
-0.68000000 0.00000000 1884.21059924 58735.45348996 
-0.66000000 0.00000000 1850.31304740 58859.84730000 
-0.64000000 0.00000000 1850.36725034 58859.32014211 
-0.62000000 0.00000000 1884.31852974 58734.52626311 
-0.60000000 0.00000000 1850.25217997 58858.10339753 
-0.58000000 0.00000000 1850.07685671 58857.44402945 
-0.56000000 0.00000000 1884.05542593 58733.30709403 
-0.54000000 0.00000000 1906.10812975 58667.01948855 
-0.52000000 0.00000000 1905.31272028 58668.48818708 
-0.50000000 0.00000000 1905.06526465 58668.44290359 
-0.48000000 0.00000000 1904.80742547 58668.44853448 
-0.46000000 0.00000000 1904.44832181 58668.77986227 
-0.44000000 0.00000000 1849.12264897 58848.49058110 
-0.42000000 0.00000000 1849.00983943 58847.62321392 
-0.40000000 0.00000000 1903.92070058 58668.79359644 
-0.38000000 0.00000000 1903.78894966 58668.87851797 
-0.36000000 0.00000000 1903.71192229 58668.90547857 
-0.34000000 0.00000000 1903.65871154 58668.93971467 
-0.32000000 0.00000000 1903.62248118 58668.97323780 
-0.30000000 0.00000000 1848.13807762 58847.96968530 
-0.28000000 0.00000000 1848.06128251 58848.10276411 
-0.26000000 0.00000000 1903.53668911 58668.91180997 
-0.24000000 0.00000000 1903.46476378 58668.81688541 
-0.22000000 0.00000000 1903.33241777 58668.69365213 
-0.20000000 0.00000000 1903.18683197 58668.34451127 
-0.18000000 0.00000000 1847.29045509 58845.13862820 
-0.16000000 0.00000000 1847.04747253 58842.86884070 
-0.14000000 0.00000000 1902.32177827 58666.18473312 
-0.12000000 0.00000000 1902.08330566 58664.35319978 
-0.10000000 0.00000000 1901.66832334 58662.40569697 
-0.08000000 0.00000000 1901.22447285 58659.92113186 
-0.06000000 0.00000000 1845.65722119 58815.77277363 
-0.04000000 0.00000000 1845.50911595 58806.62047617 
-0.02000000 0.00000000 1898.45705266 58652.44123824 
0.00000000 0.00000000 1898.43076464 58646.72134533 
0.02000000 0.00000000 1898.36516389 58640.82097298 
0.04000000 0.00000000 1898.64957251 58633.98527715 
0.06000000 0.00000000 1882.84676263 58663.73776973 
0.08000000 0.00000000 1894.08270115 58631.68057349 
0.10000000 0.00000000 1894.20107789 58625.38994743 
0.12000000 0.00000000 1894.86554850 58618.33883343 
0.14000000 0.00000000 2427.16108330 58280.86849859 
0.16000000 0.00000000 2400.70655689 58269.42479985 
0.18000000 0.00000000 1897.43846468 58598.84518924 
0.20000000 0.00000000 1898.09017050 58593.56299232 
0.22000000 0.00000000 1899.11406868 58587.87163905 
0.24000000 0.00000000 1900.25324715 58582.20315723 
0.26000000 0.00000000 1907.11851042 58566.52931384 
0.28000000 0.00000000 1908.42596613 58561.09205657 
0.30000000 0.00000000 1909.73976369 58555.86244635 
0.32000000 0.00000000 1911.03369164 58550.96251819 
0.34000000 0.00000000 1912.22812924 58546.63374699 
0.36000000 0.00000000 1913.11630334 58543.33695088 
0.38000000 0.00000000 1913.76496091 58541.06605926 
0.40000000 0.00000000 2666.57115335 58709.97560534 
0.42000000 0.00000000 2666.42105644 58708.43968374 
0.44000000 0.00000000 1913.39022665 58542.52403143 
0.46000000 0.00000000 1912.49309292 58545.77572587 
0.48000000 0.00000000 1911.34834004 58550.07885973 
0.50000000 0.00000000 1909.92103129 58555.38508390 
0.52000000 0.00000000 1908.36816532 58561.30939093 
0.54000000 0.00000000 1906.80821173 58567.53089350 
0.56000000 0.00000000 1905.30400534 58573.84308329 
0.58000000 0.00000000 1898.26397441 58590.53302967 
0.60000000 0.00000000 1896.95435691 58596.91554984 
0.62000000 0.00000000 1895.76646220 58603.20552330 
0.64000000 0.00000000 1894.65570640 58609.53385416 
0.66000000 0.00000000 2349.91474585 58256.31400367 
0.68000000 0.00000000 2366.12604000 58259.59611388 
0.70000000 0.00000000 1891.84777975 58629.20333954 
0.72000000 0.00000000 1891.03743787 58636.21088022 
0.74000000 0.00000000 1890.54315847 58642.87268479 
0.76000000 0.00000000 1889.85672434 58650.24623620 
0.78000000 0.00000000 1889.81706092 58656.31947148 
0.80000000 0.00000000 1889.37547227 58663.39951139 
0.82000000 0.00000000 1889.03832372 58670.20816903 
0.84000000 0.00000000 1888.87592024 58676.44057106 
0.86000000 0.00000000 1877.67419799 58712.05650847 
0.88000000 0.00000000 1877.69940688 58717.95300012 
0.90000000 0.00000000 1902.74595559 58655.59833831 
0.92000000 0.00000000 1944.18487765 58564.72741775 
0.94000000 0.00000000 1878.30577912 58731.21531196 
0.96000000 0.00000000 1878.63748515 58734.17790701 
0.98000000 0.00000000 1868.38411188 58770.61001190 

