-1.00000000 0.00000000 1751.79985216 59229.72564422 
-0.98000000 0.00000000 1752.87694540 59230.92956778 
-0.96000000 0.00000000 1753.69017878 59231.30265470 
-0.94000000 0.00000000 1762.07002199 59288.27192252 
-0.92000000 0.00000000 1762.57911755 59287.67715777 
-0.90000000 0.00000000 1749.30650966 59179.10484606 
-0.88000000 0.00000000 1749.43586853 59177.93033263 
-0.86000000 0.00000000 1749.47089731 59176.39194167 
-0.84000000 0.00000000 1777.32966395 59368.78256974 
-0.82000000 0.00000000 1777.67605265 59369.13658295 
-0.80000000 0.00000000 1754.98176118 59221.92162199 
-0.78000000 0.00000000 1747.24170257 59147.33044947 
-0.76000000 0.00000000 1747.22322865 59146.15393500 
-0.74000000 0.00000000 1747.22317878 59145.25555798 
-0.72000000 0.00000000 1747.05920067 59142.50140318 
-0.70000000 0.00000000 1755.76657092 59224.09613305 
-0.68000000 0.00000000 1755.75110978 59223.69887960 
-0.66000000 0.00000000 1779.16474895 59369.71115857 
-0.64000000 0.00000000 1778.96913974 59369.19334573 
-0.62000000 0.00000000 1755.42192629 59222.77333923 
-0.60000000 0.00000000 1778.24853851 59368.29703726 
-0.58000000 0.00000000 1777.73156343 59367.95263019 
-0.56000000 0.00000000 1754.55282284 59221.99752608 
-0.54000000 0.00000000 1745.88579792 59140.10484663 
-0.52000000 0.00000000 1745.76167160 59142.23361708 
-0.50000000 0.00000000 1745.48022143 59142.44179138 
-0.48000000 0.00000000 1745.21239062 59142.70426582 
-0.46000000 0.00000000 1744.99559957 59143.36067507 
-0.44000000 0.00000000 1772.29800622 59361.51185231 
-0.42000000 0.00000000 1771.74991810 59360.90140088 
-0.40000000 0.00000000 1744.44859040 59143.86323143 
-0.38000000 0.00000000 1744.35162886 59144.04810044 
-0.36000000 0.00000000 1744.28433876 59144.11955072 
-0.34000000 0.00000000 1744.24585669 59144.16804086 
-0.32000000 0.00000000 1744.22522137 59144.19391191 
-0.30000000 0.00000000 1770.96175236 59362.07945278 
-0.28000000 0.00000000 1770.94640911 59362.23607147 
-0.26000000 0.00000000 1744.11219600 59144.08821877 
-0.24000000 0.00000000 1743.99445819 59144.03392609 
-0.22000000 0.00000000 1743.80050398 59144.02437765 
-0.20000000 0.00000000 1743.48452117 59143.83984068 
-0.18000000 0.00000000 1768.69045048 59360.44765746 
-0.16000000 0.00000000 1767.32905518 59358.81204280 
-0.14000000 0.00000000 1741.55671200 59142.88229168 
-0.12000000 0.00000000 1740.43228161 59141.59107289 
-0.10000000 0.00000000 1739.06782657 59140.43120927 
-0.08000000 0.00000000 1737.41498307 59138.87849350 
-0.06000000 0.00000000 1752.72573545 59338.03521272 
-0.04000000 0.00000000 1748.15499820 59330.71142719 
-0.02000000 0.00000000 1730.94001978 59136.10511873 
0.00000000 0.00000000 1728.16679013 59131.46530203 
0.02000000 0.00000000 1725.26428574 59126.75270870 
0.04000000 0.00000000 1722.27623401 59120.85953946 
0.06000000 0.00000000 1719.93574750 59165.33425604 
0.08000000 0.00000000 1716.38410033 59124.93778895 
0.10000000 0.00000000 1713.48019033 59119.77528585 
0.12000000 0.00000000 1710.77971829 59113.31528542 
0.14000000 0.00000000 2012.73686739 58104.14084098 
0.16000000 0.00000000 1985.77263017 58137.92850716 
0.18000000 0.00000000 1704.05571767 59094.67380602 
0.20000000 0.00000000 1702.17414818 59089.77242007 
0.22000000 0.00000000 1700.47778742 59084.09790633 
0.24000000 0.00000000 1698.90567801 59078.33407741 
0.26000000 0.00000000 1698.43440243 59057.11752877 
0.28000000 0.00000000 1697.12464016 59051.39348243 
0.30000000 0.00000000 1695.91654392 59045.84484457 
0.32000000 0.00000000 1694.84431882 59040.58284194 
0.34000000 0.00000000 1693.94582756 59035.87971991 
0.36000000 0.00000000 1693.23524633 59032.34733552 
0.38000000 0.00000000 1692.78229714 59029.86926518 
0.40000000 0.00000000 2486.83943126 57921.97341552 
0.42000000 0.00000000 2485.54420973 57921.53273931 
0.44000000 0.00000000 1693.10899367 59031.45900947 
0.46000000 0.00000000 1693.78441913 59035.00180083 
0.48000000 0.00000000 1694.72023201 59039.62950504 
0.50000000 0.00000000 1695.85266457 59045.37371733 
0.52000000 0.00000000 1697.15288405 59051.74868605 
0.54000000 0.00000000 1698.58470460 59058.36881705 
0.56000000 0.00000000 1700.11115140 59065.00859668 
0.58000000 0.00000000 1700.87297731 59087.23267614 
0.60000000 0.00000000 1702.60724145 59093.75966759 
0.62000000 0.00000000 1704.41560887 59100.10340403 
0.64000000 0.00000000 1706.31516400 59106.42679971 
0.66000000 0.00000000 1938.51289265 58207.62192018 
0.68000000 0.00000000 1953.04877236 58185.50253859 
0.70000000 0.00000000 1712.85240931 59125.51824247 
0.72000000 0.00000000 1715.36947078 59132.14999390 
0.74000000 0.00000000 1718.04892779 59138.12071503 
0.76000000 0.00000000 1720.86472053 59144.94194992 
0.78000000 0.00000000 1723.73496081 59149.90230390 
0.80000000 0.00000000 1726.66328452 59156.22320992 
0.82000000 0.00000000 1729.57001256 59162.21646605 
0.84000000 0.00000000 1732.38373567 59167.54418615 
0.86000000 0.00000000 1737.58047963 59210.98703076 
0.88000000 0.00000000 1740.43016958 59215.84624316 
0.90000000 0.00000000 1736.91087681 59133.28649032 
0.92000000 0.00000000 1735.57335887 59007.81187584 
0.94000000 0.00000000 1747.42758935 59226.24773035 
0.96000000 0.00000000 1749.20044330 59228.38227389 
0.98000000 0.00000000 1755.71295191 59271.52138636 

