-1.00000000 0.00000000 2281.22227839 58948.17705452 
-0.98000000 0.00000000 2281.23771625 58947.55509747 
-0.96000000 0.00000000 2281.14622061 58947.17698633 
-0.94000000 0.00000000 2289.60335283 58935.32816485 
-0.92000000 0.00000000 2289.40102772 58935.22713989 
-0.90000000 0.00000000 2272.76686937 58956.61416268 
-0.88000000 0.00000000 2272.50693284 58956.76715428 
-0.86000000 0.00000000 2272.20268280 58957.00987646 
-0.84000000 0.00000000 2300.90639065 58917.02038341 
-0.82000000 0.00000000 2300.90576177 58916.84398966 
-0.80000000 0.00000000 2279.09580817 58948.25855572 
-0.78000000 0.00000000 2267.47319675 58962.16591223 
-0.76000000 0.00000000 2267.25679465 58962.36032121 
-0.74000000 0.00000000 2267.08850007 58962.50394913 
-0.72000000 0.00000000 2266.63259926 58962.97118708 
-0.70000000 0.00000000 2279.29681660 58947.69341149 
-0.68000000 0.00000000 2279.22847032 58947.76316274 
-0.66000000 0.00000000 2300.78769834 58916.20444115 
-0.64000000 0.00000000 2300.72889296 58916.36725964 
-0.62000000 0.00000000 2279.12630136 58948.03668425 
-0.60000000 0.00000000 2300.67257672 58916.81406370 
-0.58000000 0.00000000 2300.67910857 58917.09009838 
-0.56000000 0.00000000 2279.14828684 58948.49804646 
-0.54000000 0.00000000 2266.46754449 58963.76705987 
-0.52000000 0.00000000 2266.87023615 58963.50666459 
-0.50000000 0.00000000 2266.97148997 58963.57805533 
-0.48000000 0.00000000 2267.08033616 58963.63486336 
-0.46000000 0.00000000 2267.24804368 58963.61453187 
-0.44000000 0.00000000 2300.28447528 58920.38461673 
-0.42000000 0.00000000 2300.25715574 58920.70165125 
-0.40000000 0.00000000 2267.48510908 58963.70712562 
-0.38000000 0.00000000 2267.55394696 58963.69700978 
-0.36000000 0.00000000 2267.59959411 58963.68856646 
-0.34000000 0.00000000 2267.63799304 58963.66947839 
-0.32000000 0.00000000 2267.67138444 58963.64432065 
-0.30000000 0.00000000 2300.65077271 58920.73389026 
-0.28000000 0.00000000 2300.70787719 58920.68685992 
-0.26000000 0.00000000 2267.76101706 58963.60991250 
-0.24000000 0.00000000 2267.80400391 58963.63646359 
-0.22000000 0.00000000 2267.86721901 58963.69303064 
-0.20000000 0.00000000 2267.91878111 58963.83284534 
-0.18000000 0.00000000 2300.82526796 58921.86428176 
-0.16000000 0.00000000 2300.73071061 58922.72989169 
-0.14000000 0.00000000 2268.12932471 58964.80496748 
-0.12000000 0.00000000 2268.09085895 58965.50953818 
-0.10000000 0.00000000 2268.09599640 58966.32633728 
-0.08000000 0.00000000 2268.06057821 58967.35140686 
-0.06000000 0.00000000 2298.82586939 58932.82197852 
-0.04000000 0.00000000 2298.03363503 58936.14928795 
-0.02000000 0.00000000 2268.35333460 58971.02387937 
0.00000000 0.00000000 2267.87851207 58973.07453540 
0.02000000 0.00000000 2267.39035208 58975.21026607 
0.04000000 0.00000000 2266.70613202 58977.55119884 
0.06000000 0.00000000 2274.00724085 58972.97494098 
0.08000000 0.00000000 2267.82344491 58980.14144591 
0.10000000 0.00000000 2267.20190799 58982.35984850 
0.12000000 0.00000000 2266.34655793 58984.64441471 
0.14000000 0.00000000 2109.32820921 58958.93609055 
0.16000000 0.00000000 2114.28025091 58966.93741726 
0.18000000 0.00000000 2263.71265675 58990.72249956 
0.20000000 0.00000000 2262.97733256 58992.41355242 
0.22000000 0.00000000 2262.08449533 58994.12142801 
0.24000000 0.00000000 2261.14466030 58995.78981733 
0.26000000 0.00000000 2257.70312770 58998.85800180 
0.28000000 0.00000000 2256.71475480 59000.39823510 
0.30000000 0.00000000 2255.73704305 59001.86436220 
0.32000000 0.00000000 2254.79682254 59003.21675024 
0.34000000 0.00000000 2253.94788742 59004.39304795 
0.36000000 0.00000000 2253.29880560 59005.30113484 
0.38000000 0.00000000 2252.84046647 59005.91242109 
0.40000000 0.00000000 2085.59983391 58814.42710107 
0.42000000 0.00000000 2085.54567312 58814.82314394 
0.44000000 0.00000000 2253.09877521 59005.51531341 
0.46000000 0.00000000 2253.73054980 59004.63462259 
0.48000000 0.00000000 2254.55857098 59003.44972439 
0.50000000 0.00000000 2255.57855410 59001.99623758 
0.52000000 0.00000000 2256.70219882 59000.35810627 
0.54000000 0.00000000 2257.85749536 58998.61149003 
0.56000000 0.00000000 2258.99926269 58996.81267751 
0.58000000 0.00000000 2262.60807655 58993.42744368 
0.60000000 0.00000000 2263.67725542 58991.54761003 
0.62000000 0.00000000 2264.68463196 58989.66815321 
0.64000000 0.00000000 2265.65469235 58987.76032027 
0.66000000 0.00000000 2124.05956702 58979.86339847 
0.68000000 0.00000000 2120.65945009 58975.68054018 
0.70000000 0.00000000 2268.38349374 58981.67176617 
0.72000000 0.00000000 2269.27397521 58979.45376879 
0.74000000 0.00000000 2270.03244627 58977.24608146 
0.76000000 0.00000000 2270.90173001 58974.86411453 
0.78000000 0.00000000 2271.45547635 58972.70637736 
0.80000000 0.00000000 2272.20773925 58970.34950304 
0.82000000 0.00000000 2272.89520700 58968.05769494 
0.84000000 0.00000000 2273.46927540 58965.91415632 
0.86000000 0.00000000 2279.98743421 58957.49149619 
0.88000000 0.00000000 2280.46937068 58955.41420634 
0.90000000 0.00000000 2267.27616792 58968.21932025 
0.92000000 0.00000000 2246.85681003 58985.22251704 
0.94000000 0.00000000 2281.31156046 58950.62040189 
0.96000000 0.00000000 2281.41320019 58949.50890700 
0.98000000 0.00000000 2287.75424919 58940.47309389 

