-1.00000000 0.00000000 2639.08737437 61701.48515363 
-0.98000000 0.00000000 2640.65095167 61699.44804185 
-0.96000000 0.00000000 2639.34020267 61699.22912638 
-0.94000000 0.00000000 2921.39076860 61521.70253938 
-0.92000000 0.00000000 2915.68114926 61524.95218776 
-0.90000000 0.00000000 2414.40750620 61809.47357374 
-0.88000000 0.00000000 2409.49884281 61811.38280881 
-0.86000000 0.00000000 2403.39213037 61813.87080266 
-0.84000000 0.00000000 3407.10194246 61105.48772122 
-0.82000000 0.00000000 3408.24550538 61103.89949281 
-0.80000000 0.00000000 2590.87149907 61722.68002334 
-0.78000000 0.00000000 2295.80715250 61857.63744235 
-0.76000000 0.00000000 2291.61095996 61859.14301988 
-0.74000000 0.00000000 2288.37063083 61860.27495167 
-0.72000000 0.00000000 2278.61087158 61863.87673832 
-0.70000000 0.00000000 2599.12486148 61717.53006462 
-0.68000000 0.00000000 2597.23825676 61718.46484014 
-0.66000000 0.00000000 3404.08817010 61105.64423065 
-0.64000000 0.00000000 3401.12534169 61108.78303919 
-0.62000000 0.00000000 2594.00482234 61720.40458721 
-0.60000000 0.00000000 3398.55492362 61112.26715612 
-0.58000000 0.00000000 3399.19617610 61112.36915299 
-0.56000000 0.00000000 2593.84181431 61721.50642236 
-0.54000000 0.00000000 2273.37072380 61866.99373967 
-0.52000000 0.00000000 2281.74108919 61864.23398381 
-0.50000000 0.00000000 2283.39199174 61864.00066975 
-0.48000000 0.00000000 2285.19151457 61863.69669042 
-0.46000000 0.00000000 2288.30628191 61862.86317418 
-0.44000000 0.00000000 3384.34161954 61134.57012161 
-0.42000000 0.00000000 3383.02945870 61136.60281511 
-0.40000000 0.00000000 2291.53149191 61862.35598461 
-0.38000000 0.00000000 2292.29830227 61862.17646226 
-0.36000000 0.00000000 2292.47924493 61862.15969956 
-0.34000000 0.00000000 2292.42225314 61862.18305662 
-0.32000000 0.00000000 2292.16747048 61862.24546669 
-0.30000000 0.00000000 3394.04481420 61126.67623653 
-0.28000000 0.00000000 3394.31287967 61126.29507738 
-0.26000000 0.00000000 2290.65317739 61862.70587490 
-0.24000000 0.00000000 2290.33184623 61862.87554463 
-0.22000000 0.00000000 2290.48309804 61862.96477136 
-0.20000000 0.00000000 2290.47527609 61863.25628841 
-0.18000000 0.00000000 3390.22981797 61132.61695127 
-0.16000000 0.00000000 3386.15892294 61138.33428695 
-0.14000000 0.00000000 2293.45386707 61864.28408617 
-0.12000000 0.00000000 2293.05244876 61865.74198003 
-0.10000000 0.00000000 2294.49605173 61866.87042147 
-0.08000000 0.00000000 2296.04924901 61868.35965902 
-0.06000000 0.00000000 3335.81854142 61206.70989152 
-0.04000000 0.00000000 3318.28612833 61229.62250647 
-0.02000000 0.00000000 2318.23470455 61868.77854117 
0.00000000 0.00000000 2315.08791058 61873.71072707 
0.02000000 0.00000000 2313.02897308 61878.52363718 
0.04000000 0.00000000 2307.45246823 61884.83491345 
0.06000000 0.00000000 2516.85609437 61803.03801095 
0.08000000 0.00000000 2361.97717231 61873.37344589 
0.10000000 0.00000000 2360.64816336 61878.40833622 
0.12000000 0.00000000 2353.27719866 61885.54539013 
0.14000000 0.00000000 809.56066848 61638.54384300 
0.16000000 0.00000000 829.05633534 61666.16028201 
0.18000000 0.00000000 2328.79924294 61906.11748151 
0.20000000 0.00000000 2324.70351619 61911.04337769 
0.22000000 0.00000000 2316.92181096 61917.10957128 
0.24000000 0.00000000 2308.63578306 61923.23222382 
0.26000000 0.00000000 2235.98951711 61949.78608347 
0.28000000 0.00000000 2227.94681423 61955.30717507 
0.30000000 0.00000000 2220.25727178 61960.57244472 
0.32000000 0.00000000 2212.83314952 61965.51203595 
0.34000000 0.00000000 2206.05424355 61969.88684031 
0.36000000 0.00000000 2201.57583730 61973.08955719 
0.38000000 0.00000000 2198.17516399 61975.34181579 
0.40000000 0.00000000 627.65315453 61220.21422816 
0.42000000 0.00000000 627.96692662 61221.40852817 
0.44000000 0.00000000 2200.67942900 61973.85864851 
0.46000000 0.00000000 2205.78762390 61970.59657711 
0.48000000 0.00000000 2212.13214216 61966.32871548 
0.50000000 0.00000000 2220.63348698 61960.91713721 
0.52000000 0.00000000 2230.18789503 61954.81743370 
0.54000000 0.00000000 2240.01650818 61948.39618958 
0.56000000 0.00000000 2249.81843262 61941.85926296 
0.58000000 0.00000000 2325.34416136 61913.32963075 
0.60000000 0.00000000 2335.63574623 61906.14993495 
0.62000000 0.00000000 2345.56712260 61899.06691744 
0.64000000 0.00000000 2355.65620465 61891.85900906 
0.66000000 0.00000000 872.68544388 61719.14286775 
0.68000000 0.00000000 859.26539893 61702.78255250 
0.70000000 0.00000000 2385.48489968 61869.50052147 
0.72000000 0.00000000 2395.77440732 61861.50839954 
0.74000000 0.00000000 2402.86790931 61854.61167162 
0.76000000 0.00000000 2413.51040608 61846.14897342 
0.78000000 0.00000000 2416.40696409 61840.83462235 
0.80000000 0.00000000 2425.68692671 61832.90491791 
0.82000000 0.00000000 2434.45335972 61825.27326059 
0.84000000 0.00000000 2441.57411170 61818.51388882 
0.86000000 0.00000000 2620.37639655 61728.64323000 
0.88000000 0.00000000 2627.99930056 61721.05906707 
0.90000000 0.00000000 2275.35087271 61876.60223656 
0.92000000 0.00000000 1888.58712992 61978.75967313 
0.94000000 0.00000000 2642.41288342 61704.89066443 
0.96000000 0.00000000 2644.41573067 61701.72443207 
0.98000000 0.00000000 2851.55341820 61574.60444895 

