-1.00000000 0.00000000 92.80793129 63806.85750176 
-0.98000000 0.00000000 93.29874932 63806.89066222 
-0.96000000 0.00000000 94.15862823 63806.94970655 
-0.94000000 0.00000000 36.30591530 63802.55270517 
-0.92000000 0.00000000 38.19336049 63802.70553196 
-0.90000000 0.00000000 133.66166864 63809.55638658 
-0.88000000 0.00000000 134.53153882 63809.60935372 
-0.86000000 0.00000000 135.54772331 63809.67124449 
-0.84000000 0.00000000 -98.94207843 63789.60356868 
-0.82000000 0.00000000 -98.93692859 63789.60275700 
-0.80000000 0.00000000 104.47837370 63807.65404440 
-0.78000000 0.00000000 151.82463169 63810.64513162 
-0.76000000 0.00000000 152.44684331 63810.68069676 
-0.74000000 0.00000000 152.93225367 63810.70826638 
-0.72000000 0.00000000 154.35120323 63810.78995255 
-0.70000000 0.00000000 103.32901409 63807.57190983 
-0.68000000 0.00000000 103.68812578 63807.59587528 
-0.66000000 0.00000000 -95.06404999 63790.01683479 
-0.64000000 0.00000000 -94.19923983 63790.11047024 
-0.62000000 0.00000000 104.06868328 63807.62112306 
-0.60000000 0.00000000 -94.28996158 63790.10077637 
-0.58000000 0.00000000 -95.33395606 63789.98777692 
-0.56000000 0.00000000 103.40774900 63807.57689775 
-0.54000000 0.00000000 154.42590983 63810.79378318 
-0.52000000 0.00000000 153.03344280 63810.71353839 
-0.50000000 0.00000000 152.60528112 63810.68916380 
-0.48000000 0.00000000 152.16109457 63810.66380438 
-0.46000000 0.00000000 151.53713897 63810.62785746 
-0.44000000 0.00000000 -98.19382234 63789.68212852 
-0.42000000 0.00000000 -98.53280886 63789.64564312 
-0.40000000 0.00000000 150.71344957 63810.58057046 
-0.38000000 0.00000000 150.54642177 63810.57088077 
-0.36000000 0.00000000 150.49615912 63810.56793827 
-0.34000000 0.00000000 150.50679736 63810.56848598 
-0.32000000 0.00000000 150.56559280 63810.57179728 
-0.30000000 0.00000000 -103.43058149 63789.10713775 
-0.28000000 0.00000000 -103.34920354 63789.11580091 
-0.26000000 0.00000000 150.86499238 63810.58883807 
-0.24000000 0.00000000 150.89660232 63810.59058857 
-0.22000000 0.00000000 150.80920076 63810.58545326 
-0.20000000 0.00000000 150.67325802 63810.57758569 
-0.18000000 0.00000000 -104.08614442 63789.03446990 
-0.16000000 0.00000000 -104.44699881 63788.99529815 
-0.14000000 0.00000000 149.14315197 63810.48890887 
-0.12000000 0.00000000 148.52581257 63810.45329218 
-0.10000000 0.00000000 147.42410548 63810.38912865 
-0.08000000 0.00000000 146.07320476 63810.31010304 
-0.06000000 0.00000000 -108.79994906 63788.52098728 
-0.04000000 0.00000000 -110.13639784 63788.37469961 
-0.02000000 0.00000000 137.56591735 63809.80115078 
0.00000000 0.00000000 135.90308693 63809.70091741 
0.02000000 0.00000000 133.84958744 63809.57600265 
0.04000000 0.00000000 132.25584920 63809.47893458 
0.06000000 0.00000000 87.95464745 63806.52129087 
0.08000000 0.00000000 116.34384123 63808.46578255 
0.10000000 0.00000000 113.55369354 63808.28399276 
0.12000000 0.00000000 112.06947204 63808.18735807 
0.14000000 0.00000000 292.65286095 63816.86176179 
0.16000000 0.00000000 291.65455725 63816.83261842 
0.18000000 0.00000000 109.10406892 63807.99355502 
0.20000000 0.00000000 107.53137865 63807.88891844 
0.22000000 0.00000000 106.84324420 63807.84335661 
0.24000000 0.00000000 106.31997105 63807.80870211 
0.26000000 0.00000000 119.89585508 63808.70738504 
0.28000000 0.00000000 119.51337677 63808.68302936 
0.30000000 0.00000000 119.13018993 63808.65852400 
0.32000000 0.00000000 118.83456832 63808.63961656 
0.34000000 0.00000000 118.63816554 63808.62708444 
0.36000000 0.00000000 118.28125341 63808.60403923 
0.38000000 0.00000000 118.12875231 63808.59422667 
0.40000000 0.00000000 301.63125333 63817.12302291 
0.42000000 0.00000000 301.61741949 63817.12264032 
0.44000000 0.00000000 118.11725651 63808.59347519 
0.46000000 0.00000000 118.25583719 63808.60239007 
0.48000000 0.00000000 118.56500833 63808.62235621 
0.50000000 0.00000000 118.74386285 63808.63379995 
0.52000000 0.00000000 118.92645104 63808.64545441 
0.54000000 0.00000000 119.18024919 63808.66170619 
0.56000000 0.00000000 119.48856003 63808.68146377 
0.58000000 0.00000000 105.66457190 63807.76515182 
0.60000000 0.00000000 105.96567038 63807.78521086 
0.62000000 0.00000000 106.32934861 63807.80944255 
0.64000000 0.00000000 106.67099031 63807.83211236 
0.66000000 0.00000000 289.35428041 63816.76485018 
0.68000000 0.00000000 290.11969909 63816.78782556 
0.70000000 0.00000000 108.22447013 63807.93509347 
0.72000000 0.00000000 108.88711544 63807.97885514 
0.74000000 0.00000000 110.29200609 63808.07203610 
0.76000000 0.00000000 111.03957746 63808.12100400 
0.78000000 0.00000000 113.30663451 63808.27050877 
0.80000000 0.00000000 114.27106111 63808.33317792 
0.82000000 0.00000000 115.23749388 63808.39572788 
0.84000000 0.00000000 116.36449703 63808.46855945 
0.86000000 0.00000000 84.12772462 63806.24912305 
0.88000000 0.00000000 85.23215834 63806.32725412 
0.90000000 0.00000000 149.53746995 63810.52701951 
0.92000000 0.00000000 202.46071140 63813.35271946 
0.94000000 0.00000000 88.50804783 63806.55736860 
0.96000000 0.00000000 89.59098717 63806.63294205 
0.98000000 0.00000000 47.87292470 63803.49207211 

