-1.00000000 0.00000000 -784.54612226 58545.93983820 
-0.98000000 0.00000000 -784.98408640 58548.60355800 
-0.96000000 0.00000000 -785.55572966 58549.80591531 
-0.94000000 0.00000000 -767.28684336 58645.05248289 
-0.92000000 0.00000000 -768.00943104 58644.52122248 
-0.90000000 0.00000000 -805.52616163 58466.34928002 
-0.88000000 0.00000000 -806.18152496 58464.71480563 
-0.86000000 0.00000000 -806.91904551 58462.45237548 
-0.84000000 0.00000000 -744.74728834 58784.77179392 
-0.82000000 0.00000000 -744.89447425 58785.62334969 
-0.80000000 0.00000000 -790.98812228 58536.62937298 
-0.78000000 0.00000000 -818.36086656 58416.78017010 
-0.76000000 0.00000000 -818.89205152 58415.01965592 
-0.74000000 0.00000000 -819.31186745 58413.68837393 
-0.72000000 0.00000000 -820.44872490 58409.41940015 
-0.70000000 0.00000000 -790.71867038 58540.68773311 
-0.68000000 0.00000000 -790.88934843 58540.06987163 
-0.66000000 0.00000000 -745.99030750 58787.70810791 
-0.64000000 0.00000000 -746.05060860 58786.73237967 
-0.62000000 0.00000000 -791.01269487 58538.39444502 
-0.60000000 0.00000000 -745.80873888 58784.77611122 
-0.58000000 0.00000000 -745.49776062 58783.85786669 
-0.56000000 0.00000000 -790.55429694 58536.52552015 
-0.54000000 0.00000000 -820.45593493 58404.84865055 
-0.52000000 0.00000000 -819.33501060 58407.94747468 
-0.50000000 0.00000000 -818.96653576 58408.02018186 
-0.48000000 0.00000000 -818.58584492 58408.18403197 
-0.46000000 0.00000000 -818.06948962 58408.98238624 
-0.44000000 0.00000000 -743.45796094 58769.65842993 
-0.42000000 0.00000000 -743.23452504 58768.28102334 
-0.40000000 0.00000000 -817.31586747 58409.22776553 
-0.38000000 0.00000000 -817.14173326 58409.39709649 
-0.36000000 0.00000000 -817.05140482 58409.41471898 
-0.34000000 0.00000000 -817.00170854 58409.41676132 
-0.32000000 0.00000000 -816.98208013 58409.39537582 
-0.30000000 0.00000000 -742.04679363 58769.45489269 
-0.28000000 0.00000000 -741.98414931 58769.65054875 
-0.26000000 0.00000000 -816.97448979 58409.00478968 
-0.24000000 0.00000000 -816.90852036 58408.78733842 
-0.22000000 0.00000000 -816.75011357 58408.58635869 
-0.20000000 0.00000000 -816.55778387 58408.03983018 
-0.18000000 0.00000000 -740.89220011 58765.09003358 
-0.16000000 0.00000000 -740.42367460 58761.55876994 
-0.14000000 0.00000000 -815.22425551 58405.18580669 
-0.12000000 0.00000000 -814.76471473 58402.47111926 
-0.10000000 0.00000000 -814.00343368 58399.82844511 
-0.08000000 0.00000000 -813.13569032 58396.43547538 
-0.06000000 0.00000000 -736.41568737 58719.31889047 
-0.04000000 0.00000000 -735.41656395 58704.98789723 
-0.02000000 0.00000000 -808.06203894 58388.44323901 
0.00000000 0.00000000 -807.46020178 58379.82559176 
0.02000000 0.00000000 -806.73365978 58371.07275961 
0.04000000 0.00000000 -806.44482989 58360.51690295 
0.06000000 0.00000000 -783.25308388 58427.90382882 
0.08000000 0.00000000 -798.40985639 58363.86960487 
0.10000000 0.00000000 -797.77388198 58354.60152580 
0.12000000 0.00000000 -797.93518207 58343.48874240 
0.14000000 0.00000000 -1770.73511059 57385.98089785 
0.16000000 0.00000000 -1712.03544781 57378.40346204 
0.18000000 0.00000000 -799.42366674 58312.21447218 
0.20000000 0.00000000 -799.65542211 58304.05985208 
0.22000000 0.00000000 -800.43349213 58294.86290370 
0.24000000 0.00000000 -801.36955255 58285.64044917 
0.26000000 0.00000000 -810.79340463 58253.53532575 
0.28000000 0.00000000 -811.96758834 58244.61120919 
0.30000000 0.00000000 -813.15617281 58236.02518299 
0.32000000 0.00000000 -814.35174930 58227.93916968 
0.34000000 0.00000000 -815.47759373 58220.75454714 
0.36000000 0.00000000 -816.27088740 58215.36998384 
0.38000000 0.00000000 -816.87620934 58211.61437287 
0.40000000 0.00000000 -2420.60368811 58185.89400230 
0.42000000 0.00000000 -2419.89381321 58182.48532908 
0.44000000 0.00000000 -816.50997188 58214.08109258 
0.46000000 0.00000000 -815.66202875 58219.49284771 
0.48000000 0.00000000 -814.61260367 58226.58392196 
0.50000000 0.00000000 -813.26342943 58235.40180477 
0.52000000 0.00000000 -811.80058055 58245.23205472 
0.54000000 0.00000000 -810.35597971 58255.50397764 
0.56000000 0.00000000 -808.98770588 58265.88220066 
0.58000000 0.00000000 -799.41700219 58299.66733507 
0.60000000 0.00000000 -798.28995622 58310.11024995 
0.62000000 0.00000000 -797.30558772 58320.37154561 
0.64000000 0.00000000 -796.40721057 58330.70819076 
0.66000000 0.00000000 -1600.47587594 57382.60580611 
0.68000000 0.00000000 -1634.45802300 57379.49491178 
0.70000000 0.00000000 -794.43600600 58362.65417396 
0.72000000 0.00000000 -793.97336387 58373.98473249 
0.74000000 0.00000000 -793.96905416 58384.42866841 
0.76000000 0.00000000 -793.68496472 58396.30243180 
0.78000000 0.00000000 -794.30209843 58405.38649542 
0.80000000 0.00000000 -794.31620767 58416.65293259 
0.82000000 0.00000000 -794.43545017 58427.45761423 
0.84000000 0.00000000 -794.74697094 58437.23818191 
0.86000000 0.00000000 -779.69937737 58507.73796603 
0.88000000 0.00000000 -780.21252307 58516.97481560 
0.90000000 0.00000000 -815.23969564 58387.36934695 
0.92000000 0.00000000 -874.26409172 58198.94574826 
0.94000000 0.00000000 -782.07601321 58537.53256746 
0.96000000 0.00000000 -782.75413127 58542.03516619 
0.98000000 0.00000000 -769.10013899 58614.10113495 

