-1.00000000 0.00000000 2167.95066421 58753.10514936 
-0.98000000 0.00000000 2167.85990917 58753.61987709 
-0.96000000 0.00000000 2167.88662869 58753.97230730 
-0.94000000 0.00000000 2159.58115185 58760.45085344 
-0.92000000 0.00000000 2159.73119113 58760.61357490 
-0.90000000 0.00000000 2175.82599407 58749.44290675 
-0.88000000 0.00000000 2176.05727769 58749.41676770 
-0.86000000 0.00000000 2176.33536381 58749.33317636 
-0.84000000 0.00000000 2148.14163344 58771.07007717 
-0.82000000 0.00000000 2148.11908213 58771.21308385 
-0.80000000 0.00000000 2169.68831932 58753.87353464 
-0.78000000 0.00000000 2180.79952176 58746.90773964 
-0.76000000 0.00000000 2180.99965731 58746.83042729 
-0.74000000 0.00000000 2181.15440895 58746.77667255 
-0.72000000 0.00000000 2181.58111111 58746.56782183 
-0.70000000 0.00000000 2169.45896898 58754.25858351 
-0.68000000 0.00000000 2169.52303826 58754.22736206 
-0.66000000 0.00000000 2148.12709083 58771.77811843 
-0.64000000 0.00000000 2148.19608117 58771.66726720 
-0.62000000 0.00000000 2169.63990032 58754.03914229 
-0.60000000 0.00000000 2148.30256793 58771.32125873 
-0.58000000 0.00000000 2148.33577301 58771.09099306 
-0.56000000 0.00000000 2169.67999396 58753.64391475 
-0.54000000 0.00000000 2181.80977716 58745.96180395 
-0.52000000 0.00000000 2181.45133249 58746.01715113 
-0.50000000 0.00000000 2181.37709623 58745.91583990 
-0.48000000 0.00000000 2181.29485957 58745.82393271 
-0.46000000 0.00000000 2181.15556546 58745.77330403 
-0.44000000 0.00000000 2149.10180941 58768.53306586 
-0.42000000 0.00000000 2149.16633111 58768.28350149 
-0.40000000 0.00000000 2180.97107972 58745.60224958 
-0.38000000 0.00000000 2180.91262590 58745.58463823 
-0.36000000 0.00000000 2180.87299985 58745.57541571 
-0.34000000 0.00000000 2180.83779789 58745.57844357 
-0.32000000 0.00000000 2180.80576124 58745.58889664 
-0.30000000 0.00000000 2148.85129833 58768.11381503 
-0.28000000 0.00000000 2148.79759455 58768.13291030 
-0.26000000 0.00000000 2180.72257067 58745.59039742 
-0.24000000 0.00000000 2180.68891814 58745.55301207 
-0.22000000 0.00000000 2180.64282029 58745.48134811 
-0.20000000 0.00000000 2180.61677251 58745.34305976 
-0.18000000 0.00000000 2148.85847343 58767.12211096 
-0.16000000 0.00000000 2149.05203086 58766.44261008 
-0.14000000 0.00000000 2180.56617708 58744.42755915 
-0.12000000 0.00000000 2180.68605204 58743.83986876 
-0.10000000 0.00000000 2180.78601415 58743.13596211 
-0.08000000 0.00000000 2180.94575698 58742.26860303 
-0.06000000 0.00000000 2151.94667687 58758.79472451 
-0.04000000 0.00000000 2153.02664336 58756.32806058 
-0.02000000 0.00000000 2181.18502137 58738.97445875 
0.00000000 0.00000000 2181.82821285 58737.40177171 
0.02000000 0.00000000 2182.49223457 58735.75866846 
0.04000000 0.00000000 2183.33818464 58734.01796554 
0.06000000 0.00000000 2176.92680783 58734.91521993 
0.08000000 0.00000000 2182.77509393 58731.30118307 
0.10000000 0.00000000 2183.55269341 58729.63615257 
0.12000000 0.00000000 2184.52485431 58728.00869236 
0.14000000 0.00000000 2302.70597490 58827.93717380 
0.16000000 0.00000000 2300.55524332 58817.69510559 
0.18000000 0.00000000 2187.39858527 58723.81105085 
0.20000000 0.00000000 2188.20216119 58722.63848597 
0.22000000 0.00000000 2189.13541253 58721.51395151 
0.24000000 0.00000000 2190.10300707 58720.44065637 
0.26000000 0.00000000 2193.25157823 58719.18007723 
0.28000000 0.00000000 2194.24544401 58718.23324434 
0.30000000 0.00000000 2195.22230377 58717.34550250 
0.32000000 0.00000000 2196.15502356 58716.54122708 
0.34000000 0.00000000 2196.99190927 58715.85365994 
0.36000000 0.00000000 2197.63355644 58715.31947643 
0.38000000 0.00000000 2198.08299025 58714.96851971 
0.40000000 0.00000000 2284.54478443 58973.10295265 
0.42000000 0.00000000 2284.69296443 58972.79011618 
0.44000000 0.00000000 2197.82519230 58715.21223514 
0.46000000 0.00000000 2197.20223151 58715.72908255 
0.48000000 0.00000000 2196.38158136 58716.43312441 
0.50000000 0.00000000 2195.37180729 58717.29383205 
0.52000000 0.00000000 2194.25500805 58718.27320697 
0.54000000 0.00000000 2193.09921286 58719.33344005 
0.56000000 0.00000000 2191.94836152 58720.44319429 
0.58000000 0.00000000 2188.62495607 58721.90962599 
0.60000000 0.00000000 2187.52535356 58723.11341304 
0.62000000 0.00000000 2186.47691935 58724.33932190 
0.64000000 0.00000000 2185.45639877 58725.60210622 
0.66000000 0.00000000 2295.55811369 58800.36324215 
0.68000000 0.00000000 2297.38316471 58806.13224866 
0.70000000 0.00000000 2182.50083136 58729.76305076 
0.72000000 0.00000000 2181.50807685 58731.31488801 
0.74000000 0.00000000 2180.62184992 58732.90969576 
0.76000000 0.00000000 2179.62449683 58734.60573365 
0.78000000 0.00000000 2178.90692178 58736.23696945 
0.80000000 0.00000000 2178.00477048 58737.95388576 
0.82000000 0.00000000 2177.16196308 58739.63855107 
0.84000000 0.00000000 2176.42815053 58741.24000300 
0.86000000 0.00000000 2170.14227789 58745.72479590 
0.88000000 0.00000000 2169.48759959 58747.29330993 
0.90000000 0.00000000 2181.67673262 58741.86345114 
0.92000000 0.00000000 2200.22020268 58735.85488975 
0.94000000 0.00000000 2168.19242124 58751.01045789 
0.96000000 0.00000000 2167.96770064 58751.90694894 
0.98000000 0.00000000 2161.72833311 58756.90969930 

