-1.00000000 0.00000000 193.25463196 63812.57083844 
-0.98000000 0.00000000 193.51118740 63812.58318933 
-0.96000000 0.00000000 193.96859564 63812.60551933 
-0.94000000 0.00000000 162.54875989 63810.94481266 
-0.92000000 0.00000000 163.56553344 63811.00127078 
-0.90000000 0.00000000 215.38532052 63813.62123406 
-0.88000000 0.00000000 215.85027968 63813.64198476 
-0.86000000 0.00000000 216.39508031 63813.66630877 
-0.84000000 0.00000000 89.01898776 63806.27206068 
-0.82000000 0.00000000 89.01564449 63806.27140537 
-0.80000000 0.00000000 199.51344487 63812.87518515 
-0.78000000 0.00000000 225.20415135 63814.05474027 
-0.76000000 0.00000000 225.53613408 63814.06888574 
-0.74000000 0.00000000 225.79413026 63814.07982493 
-0.72000000 0.00000000 226.55912284 63814.11261509 
-0.70000000 0.00000000 198.86317850 63812.84240096 
-0.68000000 0.00000000 199.05450554 63812.85154567 
-0.66000000 0.00000000 91.08297146 63806.41516373 
-0.64000000 0.00000000 91.55185006 63806.44814005 
-0.62000000 0.00000000 199.25710528 63812.86118491 
-0.60000000 0.00000000 91.50379723 63806.44480011 
-0.58000000 0.00000000 90.93870565 63806.40506950 
-0.56000000 0.00000000 198.90591084 63812.84436570 
-0.54000000 0.00000000 226.59975100 63814.11421726 
-0.52000000 0.00000000 225.84915423 63814.08201938 
-0.50000000 0.00000000 225.62204151 63814.07237370 
-0.48000000 0.00000000 225.38608451 63814.06233067 
-0.46000000 0.00000000 225.05212664 63814.04801521 
-0.44000000 0.00000000 89.41586793 63806.29921445 
-0.42000000 0.00000000 89.23463542 63806.28654059 
-0.40000000 0.00000000 224.61432168 63814.02930628 
-0.38000000 0.00000000 224.52486187 63814.02545230 
-0.36000000 0.00000000 224.49787639 63814.02428206 
-0.34000000 0.00000000 224.50318101 63814.02448972 
-0.32000000 0.00000000 224.53404409 63814.02578921 
-0.30000000 0.00000000 86.57196014 63806.09686966 
-0.28000000 0.00000000 86.61470679 63806.09982907 
-0.26000000 0.00000000 224.69228118 63814.03250737 
-0.24000000 0.00000000 224.70853431 63814.03318237 
-0.22000000 0.00000000 224.66091917 63814.03111075 
-0.20000000 0.00000000 224.58794462 63814.02797263 
-0.18000000 0.00000000 86.21435221 63806.07122838 
-0.16000000 0.00000000 86.02160646 63806.05765600 
-0.14000000 0.00000000 223.76822568 63813.99268512 
-0.12000000 0.00000000 223.44011001 63813.97861510 
-0.10000000 0.00000000 222.85098379 63813.95316709 
-0.08000000 0.00000000 222.12846353 63813.92185655 
-0.06000000 0.00000000 83.69818983 63805.89354083 
-0.04000000 0.00000000 82.98532620 63805.84300127 
-0.02000000 0.00000000 217.55306740 63813.72024174 
0.00000000 0.00000000 216.66681158 63813.68099951 
0.02000000 0.00000000 215.56909087 63813.63205930 
0.04000000 0.00000000 214.72100927 63813.59422924 
0.06000000 0.00000000 190.69134663 63812.44493356 
0.08000000 0.00000000 206.11726461 63813.19720692 
0.10000000 0.00000000 204.61763897 63813.12683126 
0.12000000 0.00000000 203.82549793 63813.08969574 
0.14000000 0.00000000 301.81854302 63816.78062396 
0.16000000 0.00000000 301.28740195 63816.76607113 
0.18000000 0.00000000 202.24718821 63813.01551638 
0.20000000 0.00000000 201.40101786 63812.97518197 
0.22000000 0.00000000 201.03372632 63812.95774805 
0.24000000 0.00000000 200.75486845 63812.94451128 
0.26000000 0.00000000 208.12787196 63813.29475159 
0.28000000 0.00000000 207.92388960 63813.28535037 
0.30000000 0.00000000 207.71894326 63813.27587264 
0.32000000 0.00000000 207.56101871 63813.26856951 
0.34000000 0.00000000 207.45645816 63813.26374391 
0.36000000 0.00000000 207.26428129 63813.25478899 
0.38000000 0.00000000 207.18253190 63813.25099071 
0.40000000 0.00000000 306.74563815 63816.91565462 
0.42000000 0.00000000 306.73806680 63816.91545317 
0.44000000 0.00000000 207.17611595 63813.25068900 
0.46000000 0.00000000 207.25026317 63813.25413346 
0.48000000 0.00000000 207.41659370 63813.26188502 
0.50000000 0.00000000 207.51187919 63813.26629227 
0.52000000 0.00000000 207.60895519 63813.27077357 
0.54000000 0.00000000 207.74450297 63813.27704779 
0.56000000 0.00000000 207.90948060 63813.28468957 
0.58000000 0.00000000 200.40355954 63812.92779002 
0.60000000 0.00000000 200.56421499 63812.93545098 
0.62000000 0.00000000 200.75850514 63812.94471776 
0.64000000 0.00000000 200.94038183 63812.95336355 
0.66000000 0.00000000 300.05817258 63816.73220620 
0.68000000 0.00000000 300.46856860 63816.74364024 
0.70000000 0.00000000 201.76906214 63812.99273449 
0.72000000 0.00000000 202.12235198 63813.00947196 
0.74000000 0.00000000 202.87770884 63813.04539412 
0.76000000 0.00000000 203.27549761 63813.06412252 
0.78000000 0.00000000 204.49732432 63813.12198855 
0.80000000 0.00000000 205.01147680 63813.14605509 
0.82000000 0.00000000 205.52618477 63813.17007492 
0.84000000 0.00000000 206.12761625 63813.19811481 
0.86000000 0.00000000 188.61822563 63812.34089915 
0.88000000 0.00000000 189.20695023 63812.37029794 
0.90000000 0.00000000 224.09885069 63814.01170131 
0.92000000 0.00000000 252.80473587 63815.17669770 
0.94000000 0.00000000 190.95227125 63812.45698585 
0.96000000 0.00000000 191.52927142 63812.48550354 
0.98000000 0.00000000 168.86848517 63811.29671593 

