-1.00000000 0.00000000 2199.19118290 58664.54291354 
-0.98000000 0.00000000 2198.84842697 58665.14907798 
-0.96000000 0.00000000 2198.71765675 58665.63770599 
-0.94000000 0.00000000 2185.79860787 58667.44871291 
-0.92000000 0.00000000 2185.90250716 58667.79045416 
-0.90000000 0.00000000 2210.35131445 58666.25361567 
-0.88000000 0.00000000 2210.63246093 58666.41190658 
-0.86000000 0.00000000 2210.99709973 58666.53417254 
-0.84000000 0.00000000 2167.35447620 58672.47082793 
-0.82000000 0.00000000 2167.26230523 58672.64947612 
-0.80000000 0.00000000 2200.87315277 58666.99828117 
-0.78000000 0.00000000 2217.49151518 58667.10363877 
-0.76000000 0.00000000 2217.76443182 58667.17094500 
-0.74000000 0.00000000 2217.97255368 58667.23083979 
-0.72000000 0.00000000 2218.58365639 58667.31782493 
-0.70000000 0.00000000 2200.40591778 58667.32177611 
-0.68000000 0.00000000 2200.49642156 58667.33370443 
-0.66000000 0.00000000 2167.02539274 58673.43903893 
-0.64000000 0.00000000 2167.15549417 58673.34479713 
-0.62000000 0.00000000 2200.72245551 58667.18195397 
-0.60000000 0.00000000 2167.42785960 58672.96048991 
-0.58000000 0.00000000 2167.56273169 58672.67358538 
-0.56000000 0.00000000 2200.95134462 58666.69270422 
-0.54000000 0.00000000 2219.15087680 58666.72672791 
-0.52000000 0.00000000 2218.69384360 58666.49774928 
-0.50000000 0.00000000 2218.65498037 58666.30450479 
-0.48000000 0.00000000 2218.60236931 58666.11663799 
-0.46000000 0.00000000 2218.46153065 58665.93419100 
-0.44000000 0.00000000 2169.55228590 58669.80800689 
-0.42000000 0.00000000 2169.73636582 58669.51958945 
-0.40000000 0.00000000 2218.33381918 58665.55765230 
-0.38000000 0.00000000 2218.27765950 58665.48567418 
-0.36000000 0.00000000 2218.24111714 58665.44041066 
-0.34000000 0.00000000 2218.20494551 58665.41479288 
-0.32000000 0.00000000 2218.16986875 58665.40154527 
-0.30000000 0.00000000 2169.45557189 58669.02379065 
-0.28000000 0.00000000 2169.39107746 58669.00569580 
-0.26000000 0.00000000 2218.09726391 58665.33470377 
-0.24000000 0.00000000 2218.08344505 58665.25856883 
-0.22000000 0.00000000 2218.06945030 58665.12757168 
-0.20000000 0.00000000 2218.10879128 58664.92698555 
-0.18000000 0.00000000 2169.91647385 58667.68861400 
-0.16000000 0.00000000 2170.43202082 58666.92720570 
-0.14000000 0.00000000 2218.46963171 58663.69734412 
-0.12000000 0.00000000 2218.87548076 58663.03519306 
-0.10000000 0.00000000 2219.30275126 58662.20455322 
-0.08000000 0.00000000 2219.86958390 58661.21134806 
-0.06000000 0.00000000 2177.03055157 58658.95557310 
-0.04000000 0.00000000 2179.33230522 58656.51194486 
-0.02000000 0.00000000 2221.53576158 58657.11864450 
0.00000000 0.00000000 2222.98490683 58655.61690345 
0.02000000 0.00000000 2224.48718562 58654.04236457 
0.04000000 0.00000000 2226.25681575 58652.49990475 
0.06000000 0.00000000 2217.80721139 58648.10517784 
0.08000000 0.00000000 2226.63665584 58648.44119618 
0.10000000 0.00000000 2228.28373525 58646.93435413 
0.12000000 0.00000000 2230.16104673 58645.65044228 
0.14000000 0.00000000 2338.29083254 58902.87795330 
0.16000000 0.00000000 2339.86957461 58886.29479828 
0.18000000 0.00000000 2235.45043795 58642.67114751 
0.20000000 0.00000000 2236.91745851 58641.83745249 
0.22000000 0.00000000 2238.52382344 58641.18230551 
0.24000000 0.00000000 2240.14674902 58640.62406292 
0.26000000 0.00000000 2244.61938774 58641.81052928 
0.28000000 0.00000000 2246.21581933 58641.44666607 
0.30000000 0.00000000 2247.76461667 58641.14528892 
0.32000000 0.00000000 2249.22466559 58640.91523038 
0.34000000 0.00000000 2250.52038847 58640.75442756 
0.36000000 0.00000000 2251.51392191 58640.62084592 
0.38000000 0.00000000 2252.20054057 58640.55798533 
0.40000000 0.00000000 2258.40260692 59091.75494246 
0.42000000 0.00000000 2258.70020017 59091.44778642 
0.44000000 0.00000000 2251.78146460 58640.64191644 
0.46000000 0.00000000 2250.81247401 58640.76446790 
0.48000000 0.00000000 2249.52865735 58640.95892749 
0.50000000 0.00000000 2247.94998261 58641.19195297 
0.52000000 0.00000000 2246.19276202 58641.48790403 
0.54000000 0.00000000 2244.35513866 58641.85782698 
0.56000000 0.00000000 2242.50222575 58642.29890949 
0.58000000 0.00000000 2237.73563162 58641.24040373 
0.60000000 0.00000000 2235.90130659 58641.85821927 
0.62000000 0.00000000 2234.11608843 58642.55004485 
0.64000000 0.00000000 2232.34444235 58643.31437408 
0.66000000 0.00000000 2340.81827166 58856.47382190 
0.68000000 0.00000000 2340.68154740 58866.38644410 
0.70000000 0.00000000 2226.98061341 58646.19234675 
0.72000000 0.00000000 2225.10957005 58647.36472331 
0.74000000 0.00000000 2223.35392441 58648.68941524 
0.76000000 0.00000000 2221.41572365 58650.05282835 
0.78000000 0.00000000 2219.85500781 58651.57667562 
0.80000000 0.00000000 2218.02559378 58653.05559642 
0.82000000 0.00000000 2216.28225490 58654.54616667 
0.84000000 0.00000000 2214.70735406 58656.02322871 
0.86000000 0.00000000 2205.01771924 58656.61103919 
0.88000000 0.00000000 2203.55944616 58658.13631888 
0.90000000 0.00000000 2220.97750090 58661.31295850 
0.92000000 0.00000000 2246.65033912 58669.73959774 
0.94000000 0.00000000 2200.40113879 58661.97261432 
0.96000000 0.00000000 2199.73981756 58662.97208094 
0.98000000 0.00000000 2189.95442636 58664.47268922 

