-1.00000000 0.00000000 -13.36526355 54863.00935683 
-0.98000000 0.00000000 -14.94131155 54858.82599533 
-0.96000000 0.00000000 -17.30454976 54851.78327131 
-0.94000000 0.00000000 78.68367933 55243.38481742 
-0.92000000 0.00000000 76.07178525 55231.97014771 
-0.90000000 0.00000000 -134.53063591 54506.64732327 
-0.88000000 0.00000000 -138.24129184 54497.73190227 
-0.86000000 0.00000000 -142.54011797 54487.34180043 
-0.84000000 0.00000000 180.96362411 55871.22287694 
-0.82000000 0.00000000 180.85705522 55871.18953591 
-0.80000000 0.00000000 -44.24966535 54766.73818775 
-0.78000000 0.00000000 -217.28577755 54316.44195342 
-0.76000000 0.00000000 -220.83758394 54309.22369553 
-0.74000000 0.00000000 -223.69744417 54303.50294332 
-0.72000000 0.00000000 -231.56652734 54287.40820915 
-0.70000000 0.00000000 -42.24191840 54775.06335204 
-0.68000000 0.00000000 -43.26499801 54771.95560933 
-0.66000000 0.00000000 178.35188260 55856.76367061 
-0.64000000 0.00000000 177.95996624 55853.53944523 
-0.62000000 0.00000000 -44.19046151 54768.60951881 
-0.60000000 0.00000000 178.20743123 55853.92900128 
-0.58000000 0.00000000 178.88795418 55857.87186952 
-0.56000000 0.00000000 -41.79248380 54774.26820906 
-0.54000000 0.00000000 -230.95452831 54286.36662934 
-0.52000000 0.00000000 -222.98042511 54302.12655452 
-0.50000000 0.00000000 -220.18686948 54307.15690042 
-0.48000000 0.00000000 -217.34856804 54312.33884916 
-0.46000000 0.00000000 -213.65303489 54319.44483570 
-0.44000000 0.00000000 181.98140575 55868.82552371 
-0.42000000 0.00000000 182.31304819 55870.11187565 
-0.40000000 0.00000000 -208.48172037 54328.93960808 
-0.38000000 0.00000000 -207.48955366 54330.81381140 
-0.36000000 0.00000000 -207.17068265 54331.36664677 
-0.34000000 0.00000000 -207.23198477 54331.21437099 
-0.32000000 0.00000000 -207.59473441 54330.50651272 
-0.30000000 0.00000000 184.76375864 55888.18718696 
-0.28000000 0.00000000 184.65629280 55887.89835712 
-0.26000000 0.00000000 -209.47233694 54326.99017686 
-0.24000000 0.00000000 -209.73737635 54326.59563413 
-0.22000000 0.00000000 -209.35311048 54327.54332499 
-0.20000000 0.00000000 -208.65496415 54329.08099776 
-0.18000000 0.00000000 184.71070372 55890.85925558 
-0.16000000 0.00000000 184.88887135 55892.32100607 
-0.14000000 0.00000000 -200.39423091 54346.32765908 
-0.12000000 0.00000000 -196.91212215 54353.39449945 
-0.10000000 0.00000000 -191.01231607 54365.70759026 
-0.08000000 0.00000000 -183.92274970 54380.67236988 
-0.06000000 0.00000000 187.54663336 55909.66060266 
-0.04000000 0.00000000 188.40234813 55914.96664549 
-0.02000000 0.00000000 -144.33281349 54470.46020562 
0.00000000 0.00000000 -136.67492940 54487.90739501 
0.02000000 0.00000000 -127.70123233 54509.01531304 
0.04000000 0.00000000 -120.69146132 54525.42353409 
0.06000000 0.00000000 2.02132278 54903.77157431 
0.08000000 0.00000000 -66.71040393 54673.67509405 
0.10000000 0.00000000 -57.97708494 54698.72978386 
0.12000000 0.00000000 -53.21225622 54712.16328454 
0.14000000 0.00000000 -4371.90513063 60510.04132839 
0.16000000 0.00000000 -4564.54747994 60101.07000092 
0.18000000 0.00000000 -43.96807007 54738.79875086 
0.20000000 0.00000000 -39.66202416 54752.29429367 
0.22000000 0.00000000 -37.76639498 54758.26630747 
0.24000000 0.00000000 -36.37079025 54762.79207957 
0.26000000 0.00000000 -73.84187582 54646.04313568 
0.28000000 0.00000000 -72.67992799 54649.57276165 
0.30000000 0.00000000 -71.54428751 54653.07381732 
0.32000000 0.00000000 -70.68472418 54655.76916027 
0.34000000 0.00000000 -70.12407513 54657.56369045 
0.36000000 0.00000000 -69.08705978 54660.76617838 
0.38000000 0.00000000 -68.64738931 54662.14145897 
0.40000000 0.00000000 -1851.33215115 63117.11322263 
0.42000000 0.00000000 -1856.19523366 63114.52928295 
0.44000000 0.00000000 -68.57333922 54662.25023043 
0.46000000 0.00000000 -68.94215370 54661.00666743 
0.48000000 0.00000000 -69.80324236 54658.24249650 
0.50000000 0.00000000 -70.26932998 54656.62770474 
0.52000000 0.00000000 -70.73918879 54654.97493421 
0.54000000 0.00000000 -71.42034871 54652.68250938 
0.56000000 0.00000000 -72.27409853 54649.89375065 
0.58000000 0.00000000 -34.28237145 54768.47332884 
0.60000000 0.00000000 -34.99308608 54765.91327534 
0.62000000 0.00000000 -35.90884454 54762.80356789 
0.64000000 0.00000000 -36.83066907 54759.83478507 
0.66000000 0.00000000 -4876.61767977 59191.26302558 
0.68000000 0.00000000 -4786.61877020 59497.95620122 
0.70000000 0.00000000 -41.43886362 54746.19199493 
0.72000000 0.00000000 -43.54151751 54740.29687137 
0.74000000 0.00000000 -47.72252710 54728.05765546 
0.76000000 0.00000000 -50.26708437 54721.27853452 
0.78000000 0.00000000 -57.10881991 54701.40354526 
0.80000000 0.00000000 -60.48507267 54692.56887616 
0.82000000 0.00000000 -63.95224464 54683.64749498 
0.84000000 0.00000000 -67.96394663 54673.25690987 
0.86000000 0.00000000 8.91622530 54931.70128576 
0.88000000 0.00000000 6.10059443 54923.02968453 
0.90000000 0.00000000 -195.94113265 54349.80171414 
0.92000000 0.00000000 -649.65861672 53672.54163716 
0.94000000 0.00000000 -2.45170207 54897.10052135 
0.96000000 0.00000000 -5.31911514 54888.46488724 
0.98000000 0.00000000 65.16767223 55174.31569518 

