-1.00000000 0.00000000 1256.86113481 60783.15132638 
-0.98000000 0.00000000 1258.55210076 60783.18135890 
-0.96000000 0.00000000 1259.41584963 60782.46300449 
-0.94000000 0.00000000 1315.55493214 60857.64503349 
-0.92000000 0.00000000 1315.34976072 60855.94873787 
-0.90000000 0.00000000 1216.19980909 60712.08828202 
-0.88000000 0.00000000 1215.51254527 60710.36959888 
-0.86000000 0.00000000 1214.49878152 60708.26763582 
-0.84000000 0.00000000 1412.38141217 60965.26883815 
-0.82000000 0.00000000 1413.07357240 60965.35231782 
-0.80000000 0.00000000 1253.13794945 60767.32076442 
-0.78000000 0.00000000 1192.85679547 60670.61438846 
-0.76000000 0.00000000 1192.09850190 60669.06645183 
-0.74000000 0.00000000 1191.53613449 60667.86145336 
-0.72000000 0.00000000 1189.60264346 60664.26709236 
-0.70000000 0.00000000 1255.61510774 60769.55522378 
-0.68000000 0.00000000 1255.30351312 60768.98103249 
-0.66000000 0.00000000 1414.86232048 60963.67052785 
-0.64000000 0.00000000 1414.12181309 60963.12775585 
-0.62000000 0.00000000 1254.35619650 60768.12639442 
-0.60000000 0.00000000 1412.62542662 60962.95441265 
-0.58000000 0.00000000 1411.91760169 60963.37493928 
-0.56000000 0.00000000 1253.12032093 60768.46044003 
-0.54000000 0.00000000 1187.13147291 60662.78965808 
-0.52000000 0.00000000 1188.43426398 60666.00228018 
-0.50000000 0.00000000 1188.33482248 60666.74241864 
-0.48000000 0.00000000 1188.28013473 60667.53105100 
-0.46000000 0.00000000 1188.52739133 60668.78914772 
-0.44000000 0.00000000 1401.07228184 60963.06164814 
-0.42000000 0.00000000 1400.01864804 60963.06066386 
-0.40000000 0.00000000 1188.35419712 60670.21086484 
-0.38000000 0.00000000 1188.36888664 60670.52812808 
-0.36000000 0.00000000 1188.32747611 60670.61102415 
-0.34000000 0.00000000 1188.29025847 60670.58980573 
-0.32000000 0.00000000 1188.24961572 60670.48393436 
-0.30000000 0.00000000 1400.74671619 60965.76407609 
-0.28000000 0.00000000 1400.86471251 60965.78839976 
-0.26000000 0.00000000 1187.96992363 60669.88762594 
-0.24000000 0.00000000 1187.81456705 60669.78506343 
-0.22000000 0.00000000 1187.64553003 60669.88912046 
-0.20000000 0.00000000 1187.28834027 60669.98386481 
-0.18000000 0.00000000 1397.37878635 60965.81536248 
-0.16000000 0.00000000 1394.77273970 60965.58292712 
-0.14000000 0.00000000 1185.42868357 60671.80712319 
-0.12000000 0.00000000 1183.90201165 60672.10382115 
-0.10000000 0.00000000 1182.35914587 60673.19688526 
-0.08000000 0.00000000 1180.42064150 60674.46004188 
-0.06000000 0.00000000 1364.64914774 60961.81923392 
-0.04000000 0.00000000 1354.76696280 60960.20397134 
-0.02000000 0.00000000 1175.33076300 60685.42427805 
0.00000000 0.00000000 1170.84883944 60685.46561341 
0.02000000 0.00000000 1166.30864322 60685.96924290 
0.04000000 0.00000000 1160.97846913 60685.21384098 
0.06000000 0.00000000 1191.81696747 60758.85070637 
0.08000000 0.00000000 1161.29891491 60707.64723670 
0.10000000 0.00000000 1156.59108690 60708.45539130 
0.12000000 0.00000000 1151.13135002 60707.00778298 
0.14000000 0.00000000 878.71046180 59157.93835574 
0.16000000 0.00000000 879.51208005 59223.95539276 
0.18000000 0.00000000 1136.16967198 60701.14639104 
0.20000000 0.00000000 1132.31424027 60700.51030326 
0.22000000 0.00000000 1128.08138379 60698.44796188 
0.24000000 0.00000000 1123.90157143 60696.14622453 
0.26000000 0.00000000 1110.46135242 60668.91929904 
0.28000000 0.00000000 1106.60085798 60666.46721520 
0.30000000 0.00000000 1102.92804013 60664.10236252 
0.32000000 0.00000000 1099.50716105 60661.76989629 
0.34000000 0.00000000 1096.49740189 60659.59576087 
0.36000000 0.00000000 1094.24839238 60658.22436742 
0.38000000 0.00000000 1092.69330023 60657.13744212 
0.40000000 0.00000000 922.34383762 58167.89793946 
0.42000000 0.00000000 922.06229432 58170.64419404 
0.44000000 0.00000000 1093.72467775 60657.97205812 
0.46000000 0.00000000 1095.97689482 60659.62351292 
0.48000000 0.00000000 1098.94887665 60661.61499992 
0.50000000 0.00000000 1102.66141367 60664.33881754 
0.52000000 0.00000000 1106.83647958 60667.37395392 
0.54000000 0.00000000 1111.24704930 60670.43681466 
0.56000000 0.00000000 1115.75644127 60673.43370791 
0.58000000 0.00000000 1130.08082431 60701.32875270 
0.60000000 0.00000000 1134.82995547 60704.24673620 
0.62000000 0.00000000 1139.56204231 60706.99563200 
0.64000000 0.00000000 1144.39155071 60709.75486686 
0.66000000 0.00000000 884.13541625 59353.03867589 
0.68000000 0.00000000 883.11444871 59314.09840223 
0.70000000 0.00000000 1159.72907388 60717.44033554 
0.72000000 0.00000000 1165.30358337 60719.94381713 
0.74000000 0.00000000 1170.54751570 60721.24316188 
0.76000000 0.00000000 1176.52247186 60723.70337490 
0.78000000 0.00000000 1181.25563527 60723.44855656 
0.80000000 0.00000000 1187.06607222 60725.36527213 
0.82000000 0.00000000 1192.70932151 60727.10056530 
0.84000000 0.00000000 1197.90002256 60728.30509328 
0.86000000 0.00000000 1234.09895827 60783.60473278 
0.88000000 0.00000000 1239.37132562 60784.67462404 
0.90000000 0.00000000 1175.86530126 60666.85371923 
0.92000000 0.00000000 1099.58075559 60497.52133831 
0.94000000 0.00000000 1251.45183263 60785.99387069 
0.96000000 0.00000000 1254.20308431 60785.83967472 
0.98000000 0.00000000 1295.88330114 60841.92024763 

