-1.00000000 0.00000000 2194.71901744 58442.68754309 
-0.98000000 0.00000000 2193.94457181 58443.74277572 
-0.96000000 0.00000000 2193.60782204 58444.57859932 
-0.94000000 0.00000000 2166.88126800 58449.53934927 
-0.92000000 0.00000000 2167.04324625 58450.10920064 
-0.90000000 0.00000000 2217.52058513 58444.44115307 
-0.88000000 0.00000000 2218.04559354 58444.68535583 
-0.86000000 0.00000000 2218.75007544 58444.86429679 
-0.84000000 0.00000000 2128.78768540 58461.78596350 
-0.82000000 0.00000000 2128.57400112 58462.12772223 
-0.80000000 0.00000000 2197.66193850 58446.64473729 
-0.78000000 0.00000000 2232.08879788 58445.42541471 
-0.76000000 0.00000000 2232.62921977 58445.52629214 
-0.74000000 0.00000000 2233.03952478 58445.61780629 
-0.72000000 0.00000000 2234.29310979 58445.73687395 
-0.70000000 0.00000000 2196.60018097 58447.26933329 
-0.68000000 0.00000000 2196.78166481 58447.28122049 
-0.66000000 0.00000000 2128.01899751 58463.61527018 
-0.64000000 0.00000000 2128.28718834 58463.42572585 
-0.62000000 0.00000000 2197.26350608 58447.00280291 
-0.60000000 0.00000000 2128.85008929 58462.69958132 
-0.58000000 0.00000000 2129.12906623 58462.17007729 
-0.56000000 0.00000000 2197.79601262 58446.15068663 
-0.54000000 0.00000000 2235.58513141 58444.74911086 
-0.52000000 0.00000000 2234.67179984 58444.38906422 
-0.50000000 0.00000000 2234.63079552 58444.07169493 
-0.48000000 0.00000000 2234.56159882 58443.76326953 
-0.46000000 0.00000000 2234.30784838 58443.46665463 
-0.44000000 0.00000000 2133.24692125 58456.72743665 
-0.42000000 0.00000000 2133.63738046 58456.18016057 
-0.40000000 0.00000000 2234.15165314 58442.84515504 
-0.38000000 0.00000000 2234.06811849 58442.72639357 
-0.36000000 0.00000000 2234.02464751 58442.65099745 
-0.34000000 0.00000000 2233.98194181 58442.60819847 
-0.32000000 0.00000000 2233.94245216 58442.58617986 
-0.30000000 0.00000000 2133.20207860 58455.33720010 
-0.28000000 0.00000000 2133.10430130 58455.31677281 
-0.26000000 0.00000000 2233.90624355 58442.47946448 
-0.24000000 0.00000000 2233.92232663 58442.35756497 
-0.22000000 0.00000000 2233.94118581 58442.14727314 
-0.20000000 0.00000000 2234.07317441 58441.82275255 
-0.18000000 0.00000000 2134.32531038 58452.96424093 
-0.16000000 0.00000000 2135.38553905 58451.56459733 
-0.14000000 0.00000000 2234.97058638 58439.82332842 
-0.12000000 0.00000000 2235.85582110 58438.73835572 
-0.10000000 0.00000000 2236.77574258 58437.37814690 
-0.08000000 0.00000000 2237.97446170 58435.74878677 
-0.06000000 0.00000000 2148.60754485 58436.73045312 
-0.04000000 0.00000000 2153.19054768 58432.15319554 
-0.02000000 0.00000000 2241.39271643 58429.02015805 
0.00000000 0.00000000 2244.37390207 58426.53859197 
0.02000000 0.00000000 2247.45377437 58423.93994006 
0.04000000 0.00000000 2251.08880052 58421.40238625 
0.06000000 0.00000000 2233.04008365 58414.03683854 
0.08000000 0.00000000 2251.62254031 58414.60878212 
0.10000000 0.00000000 2254.97114550 58412.10710384 
0.12000000 0.00000000 2258.81318879 58409.99494621 
0.14000000 0.00000000 2482.06708131 58951.66914213 
0.16000000 0.00000000 2486.63621475 58917.84790944 
0.18000000 0.00000000 2269.61123249 58405.16181952 
0.20000000 0.00000000 2272.55937221 58403.80565839 
0.22000000 0.00000000 2275.79235092 58402.76260060 
0.24000000 0.00000000 2279.04319085 58401.88373165 
0.26000000 0.00000000 2288.45564664 58404.31204112 
0.28000000 0.00000000 2291.62900044 58403.78418816 
0.30000000 0.00000000 2294.69746819 58403.35937107 
0.32000000 0.00000000 2297.58642110 58403.05280770 
0.34000000 0.00000000 2300.14895250 58402.85693556 
0.36000000 0.00000000 2302.10293193 58402.68530878 
0.38000000 0.00000000 2303.45445782 58402.61739952 
0.40000000 0.00000000 2302.62841048 59326.84376531 
0.42000000 0.00000000 2303.25188465 59326.25403740 
0.44000000 0.00000000 2302.60294791 58402.71061852 
0.46000000 0.00000000 2300.67908069 58402.84914249 
0.48000000 0.00000000 2298.13787049 58403.09546327 
0.50000000 0.00000000 2295.00680722 58403.39085980 
0.52000000 0.00000000 2291.52078675 58403.78835650 
0.54000000 0.00000000 2287.87488930 58404.31371808 
0.56000000 0.00000000 2284.19436354 58404.96412675 
0.58000000 0.00000000 2274.20453794 58402.78272278 
0.60000000 0.00000000 2270.53967723 58403.76541321 
0.62000000 0.00000000 2266.95727741 58404.87621600 
0.64000000 0.00000000 2263.38172085 58406.11049164 
0.66000000 0.00000000 2490.83069670 58854.81835767 
0.68000000 0.00000000 2489.86730975 58875.06275458 
0.70000000 0.00000000 2252.45875491 58410.82134640 
0.72000000 0.00000000 2248.62481900 58412.76288053 
0.74000000 0.00000000 2245.03316941 58414.97211297 
0.76000000 0.00000000 2241.05003048 58417.25402899 
0.78000000 0.00000000 2237.86128665 58419.81324976 
0.80000000 0.00000000 2234.09505364 58422.30695279 
0.82000000 0.00000000 2230.50017150 58424.82889417 
0.84000000 0.00000000 2227.24645432 58427.33264050 
0.86000000 0.00000000 2206.98175714 58428.89928722 
0.88000000 0.00000000 2203.97467182 58431.56759564 
0.90000000 0.00000000 2240.40157735 58435.88364773 
0.92000000 0.00000000 2294.34525261 58451.19119683 
0.94000000 0.00000000 2197.38247597 58438.26700508 
0.96000000 0.00000000 2195.96903934 58440.00458386 
0.98000000 0.00000000 2175.65554276 58443.82929972 

