-1.00000000 0.00000000 1729.37530287 58722.79826024 
-0.98000000 0.00000000 1729.72323621 58724.97995358 
-0.96000000 0.00000000 1730.19449076 58726.06167150 
-0.94000000 0.00000000 1714.61986257 58793.27426708 
-0.92000000 0.00000000 1715.22843461 58793.07619134 
-0.90000000 0.00000000 1747.14380235 58667.48097427 
-0.88000000 0.00000000 1747.70751267 58666.35471804 
-0.86000000 0.00000000 1748.34145841 58664.76721263 
-0.84000000 0.00000000 1695.38133091 58891.42722131 
-0.82000000 0.00000000 1695.50337211 58892.09646064 
-0.80000000 0.00000000 1734.83384606 58717.25793024 
-0.78000000 0.00000000 1758.05087423 58632.44202941 
-0.76000000 0.00000000 1758.50325597 58631.19470117 
-0.74000000 0.00000000 1758.85976499 58630.25445354 
-0.72000000 0.00000000 1759.82061899 58627.23688782 
-0.70000000 0.00000000 1734.59736542 58720.21105340 
-0.68000000 0.00000000 1734.74022800 58719.78018667 
-0.66000000 0.00000000 1696.37884398 58893.98429968 
-0.64000000 0.00000000 1696.43178592 58893.26929218 
-0.62000000 0.00000000 1734.84966986 58718.52542305 
-0.60000000 0.00000000 1696.24666576 58891.70232586 
-0.58000000 0.00000000 1696.00156717 58890.89324671 
-0.56000000 0.00000000 1734.49027748 58716.96412968 
-0.54000000 0.00000000 1759.85534916 58623.72912474 
-0.52000000 0.00000000 1758.91826469 58625.84511945 
-0.50000000 0.00000000 1758.61643145 58625.82174564 
-0.48000000 0.00000000 1758.30348364 58625.86698455 
-0.46000000 0.00000000 1757.87466160 58626.36753694 
-0.44000000 0.00000000 1694.47137962 58879.40640677 
-0.42000000 0.00000000 1694.29979358 58878.29069911 
-0.40000000 0.00000000 1757.24413228 58626.42945726 
-0.38000000 0.00000000 1757.09253624 58626.54257642 
-0.36000000 0.00000000 1757.00821886 58626.56341050 
-0.34000000 0.00000000 1756.95493150 58626.58570648 
-0.32000000 0.00000000 1756.92412829 58626.60045658 
-0.30000000 0.00000000 1693.26291310 58878.88420814 
-0.28000000 0.00000000 1693.18863647 58879.04480059 
-0.26000000 0.00000000 1756.86466350 58626.41405815 
-0.24000000 0.00000000 1756.79157087 58626.26466892 
-0.22000000 0.00000000 1756.64331621 58626.09702652 
-0.20000000 0.00000000 1756.47171915 58625.64212127 
-0.18000000 0.00000000 1692.21406491 58875.27451728 
-0.16000000 0.00000000 1691.84337463 58872.39064445 
-0.14000000 0.00000000 1755.37866720 58623.01226961 
-0.12000000 0.00000000 1755.03327238 58620.70511605 
-0.10000000 0.00000000 1754.45617458 58618.32708777 
-0.08000000 0.00000000 1753.81601578 58615.28903889 
-0.06000000 0.00000000 1689.05879453 58837.96231704 
-0.04000000 0.00000000 1688.47666954 58826.30896784 
-0.02000000 0.00000000 1750.01270905 58606.82115918 
0.00000000 0.00000000 1749.73087695 58599.58677475 
0.02000000 0.00000000 1749.37698341 58592.16321249 
0.04000000 0.00000000 1749.41741768 58583.43361513 
0.06000000 0.00000000 1730.34380718 58627.87517782 
0.08000000 0.00000000 1743.34506165 58582.57748533 
0.10000000 0.00000000 1743.15225371 58574.67270928 
0.12000000 0.00000000 1743.62114624 58565.59084195 
0.14000000 0.00000000 2456.41072141 57973.20119290 
0.16000000 0.00000000 2417.26904285 57963.94028301 
0.18000000 0.00000000 1745.80855837 58540.30757253 
0.20000000 0.00000000 1746.30771260 58533.55429590 
0.22000000 0.00000000 1747.25855845 58526.15467875 
0.24000000 0.00000000 1748.34588418 58518.76689055 
0.26000000 0.00000000 1756.40115053 58496.30965478 
0.28000000 0.00000000 1757.69335446 58489.19570423 
0.30000000 0.00000000 1758.99665516 58482.35165626 
0.32000000 0.00000000 1760.29128616 58475.92503749 
0.34000000 0.00000000 1761.49604412 58470.23356593 
0.36000000 0.00000000 1762.37556911 58465.92500312 
0.38000000 0.00000000 1763.02819314 58462.94253467 
0.40000000 0.00000000 2858.52237531 58533.30738479 
0.42000000 0.00000000 2858.12887055 58531.08244525 
0.44000000 0.00000000 1762.64370421 58464.87719802 
0.46000000 0.00000000 1761.73664238 58469.15931102 
0.48000000 0.00000000 1760.59281441 58474.80244623 
0.50000000 0.00000000 1759.15246599 58481.78123585 
0.52000000 0.00000000 1757.58927683 58489.56544542 
0.54000000 0.00000000 1756.03080840 58497.72139579 
0.56000000 0.00000000 1754.53991632 58505.98042703 
0.58000000 0.00000000 1746.32137494 58529.75798359 
0.60000000 0.00000000 1745.05484687 58538.08635747 
0.62000000 0.00000000 1743.92332309 58546.28487451 
0.64000000 0.00000000 1742.87622942 58554.53804084 
0.66000000 0.00000000 2342.59379985 57958.67524425 
0.68000000 0.00000000 2365.85519472 57959.08443132 
0.70000000 0.00000000 1740.36423789 58580.13871848 
0.72000000 0.00000000 1739.68860190 58589.24300004 
0.74000000 0.00000000 1739.39586452 58597.79767953 
0.76000000 0.00000000 1738.87616156 58607.35842365 
0.78000000 0.00000000 1739.12075335 58615.02161159 
0.80000000 0.00000000 1738.87922991 58624.15634317 
0.82000000 0.00000000 1738.74739497 58632.92970500 
0.84000000 0.00000000 1738.80240028 58640.92616408 
0.86000000 0.00000000 1725.93828730 58690.94870715 
0.88000000 0.00000000 1726.20153623 58698.49660481 
0.90000000 0.00000000 1755.59602329 58609.02498592 
0.92000000 0.00000000 1804.69863061 58478.10271918 
0.94000000 0.00000000 1727.43437693 58715.41541793 
0.96000000 0.00000000 1727.94074741 58719.17281751 
0.98000000 0.00000000 1716.28014322 58770.18418322 

