-1.00000000 0.00000000 266.06126789 58819.86877552 
-0.98000000 0.00000000 265.79626574 58817.68845084 
-0.96000000 0.00000000 265.56806253 58813.87508095 
-0.94000000 0.00000000 266.43043138 59033.11605465 
-0.92000000 0.00000000 266.26313301 59026.90276562 
-0.90000000 0.00000000 263.76265071 58617.22516939 
-0.88000000 0.00000000 263.64863214 58612.14983131 
-0.86000000 0.00000000 263.54252972 58606.20440283 
-0.84000000 0.00000000 266.66941203 59379.90740846 
-0.82000000 0.00000000 266.60751409 59379.96017184 
-0.80000000 0.00000000 264.61948216 58766.49719362 
-0.78000000 0.00000000 262.45292548 58506.44937603 
-0.76000000 0.00000000 262.37690704 58502.23785319 
-0.74000000 0.00000000 262.31047066 58498.90700445 
-0.72000000 0.00000000 262.18222789 58489.41578279 
-0.70000000 0.00000000 264.47498460 58771.50957618 
-0.68000000 0.00000000 264.44717986 58769.78083090 
-0.66000000 0.00000000 266.24676509 59372.47839194 
-0.64000000 0.00000000 266.26584720 59370.70056073 
-0.62000000 0.00000000 264.48303571 58767.86061862 
-0.60000000 0.00000000 266.39727824 59370.81478342 
-0.58000000 0.00000000 266.50975206 59372.88801305 
-0.56000000 0.00000000 264.72820185 58770.83090265 
-0.54000000 0.00000000 262.46947677 58488.55253863 
-0.52000000 0.00000000 262.66709390 58497.78580024 
-0.50000000 0.00000000 262.79922577 58500.65076305 
-0.48000000 0.00000000 262.92883843 58503.60634750 
-0.46000000 0.00000000 263.06274888 58507.70480755 
-0.44000000 0.00000000 267.58447009 59377.98709658 
-0.42000000 0.00000000 267.69208552 59378.60187844 
-0.40000000 0.00000000 263.31228206 58513.09677102 
-0.38000000 0.00000000 263.35660513 58514.16775197 
-0.36000000 0.00000000 263.37838147 58514.47722286 
-0.34000000 0.00000000 263.38383775 58514.38677985 
-0.32000000 0.00000000 263.37741328 58513.98170772 
-0.30000000 0.00000000 267.86649506 59388.42153047 
-0.28000000 0.00000000 267.85283362 59388.29571611 
-0.26000000 0.00000000 263.34866628 58511.98585073 
-0.24000000 0.00000000 263.36501941 58511.77922834 
-0.22000000 0.00000000 263.41329930 58512.35752389 
-0.20000000 0.00000000 263.49861260 58513.27298228 
-0.18000000 0.00000000 268.19065966 59389.98817115 
-0.16000000 0.00000000 268.43296732 59390.74651860 
-0.14000000 0.00000000 264.12948847 58523.35687217 
-0.12000000 0.00000000 264.47954503 58527.44379794 
-0.10000000 0.00000000 264.94177893 58534.58184218 
-0.08000000 0.00000000 265.50502465 58543.23618115 
-0.06000000 0.00000000 271.23869685 59399.54177635 
-0.04000000 0.00000000 272.15437637 59402.20860058 
-0.02000000 0.00000000 267.97340382 58595.05514918 
0.00000000 0.00000000 268.86145814 58604.96115090 
0.02000000 0.00000000 269.81870742 58616.95976770 
0.04000000 0.00000000 270.77280861 58626.23040207 
0.06000000 0.00000000 273.78468427 58841.15890510 
0.08000000 0.00000000 273.39978500 58710.82821518 
0.10000000 0.00000000 274.37074134 58724.97058912 
0.12000000 0.00000000 275.22207981 58732.54170304 
0.14000000 0.00000000 47.88559933 55406.76227049 
0.16000000 0.00000000 71.85882901 55529.30250386 
0.18000000 0.00000000 277.34580119 58747.85326386 
0.20000000 0.00000000 277.98165282 58755.69859738 
0.22000000 0.00000000 278.53512844 58759.33625012 
0.24000000 0.00000000 279.05455844 58762.20072673 
0.26000000 0.00000000 278.76085891 58696.21226092 
0.28000000 0.00000000 279.23916525 58698.57622155 
0.30000000 0.00000000 279.69375657 58700.91940324 
0.32000000 0.00000000 280.10696674 58702.77956446 
0.34000000 0.00000000 280.46084345 58704.08428589 
0.36000000 0.00000000 280.75163521 58706.13220751 
0.38000000 0.00000000 280.93922164 58707.06623345 
0.40000000 0.00000000 -688.14638105 53789.72888593 
0.42000000 0.00000000 -684.47927489 53793.47782024 
0.44000000 0.00000000 280.81885503 58707.06674317 
0.46000000 0.00000000 280.55100930 58706.16554975 
0.48000000 0.00000000 280.18186268 58704.32345110 
0.50000000 0.00000000 279.74860236 58703.07480202 
0.52000000 0.00000000 279.26401775 58701.75976615 
0.54000000 0.00000000 278.74342016 58700.05391381 
0.56000000 0.00000000 278.20307153 58698.05808902 
0.58000000 0.00000000 278.44320721 58765.00994856 
0.60000000 0.00000000 277.89342102 58763.19865754 
0.62000000 0.00000000 277.33292029 58761.12020241 
0.64000000 0.00000000 276.75888526 58759.17678175 
0.66000000 0.00000000 110.62971721 55767.36273146 
0.68000000 0.00000000 98.51622068 55692.08974373 
0.70000000 0.00000000 274.83529063 58751.05071432 
0.72000000 0.00000000 274.11059889 58747.70661151 
0.74000000 0.00000000 273.31275485 58740.81884592 
0.76000000 0.00000000 272.51938901 58737.07554251 
0.78000000 0.00000000 271.63692933 58725.92720898 
0.80000000 0.00000000 270.81772778 58721.07899409 
0.82000000 0.00000000 270.01280705 58716.20158312 
0.84000000 0.00000000 269.22968448 58710.49918152 
0.86000000 0.00000000 269.72578754 58856.90763229 
0.88000000 0.00000000 269.01402379 58852.28714317 
0.90000000 0.00000000 265.50213544 58524.17350853 
0.92000000 0.00000000 258.78847878 58097.59574686 
0.94000000 0.00000000 267.26382293 58838.43891996 
0.96000000 0.00000000 266.81203607 58833.80405723 
0.98000000 0.00000000 267.29278954 58993.99805843 

