-1.00000000 0.00000000 1716.27584127 58991.75698592 
-0.98000000 0.00000000 1717.02089872 58993.50949639 
-0.96000000 0.00000000 1717.68716490 58994.25881254 
-0.94000000 0.00000000 1714.34609589 59058.85296335 
-0.92000000 0.00000000 1714.91911173 59058.43661196 
-0.90000000 0.00000000 1723.74336221 58936.53681615 
-0.88000000 0.00000000 1724.09128732 58935.33421262 
-0.86000000 0.00000000 1724.42328181 58933.70215199 
-0.84000000 0.00000000 1712.62794783 59151.67290119 
-0.82000000 0.00000000 1712.86985309 59152.20356026 
-0.80000000 0.00000000 1720.68082083 58984.76637081 
-0.78000000 0.00000000 1728.00803045 58901.67709713 
-0.76000000 0.00000000 1728.22058968 58900.41099163 
-0.74000000 0.00000000 1728.39587822 58899.45031002 
-0.72000000 0.00000000 1728.77962956 58896.43697276 
-0.70000000 0.00000000 1720.98115931 58987.43055040 
-0.68000000 0.00000000 1721.04390246 58986.99897116 
-0.66000000 0.00000000 1714.08662571 59153.47817489 
-0.64000000 0.00000000 1714.01193056 59152.83815355 
-0.62000000 0.00000000 1720.92327963 58985.86605530 
-0.60000000 0.00000000 1713.54412268 59151.56041243 
-0.58000000 0.00000000 1713.15162180 59150.96269255 
-0.56000000 0.00000000 1720.28293213 58984.65785298 
-0.54000000 0.00000000 1728.16449071 58893.37104128 
-0.52000000 0.00000000 1727.63759325 58895.59138191 
-0.50000000 0.00000000 1727.33775200 58895.69266165 
-0.48000000 0.00000000 1727.03977604 58895.85793604 
-0.46000000 0.00000000 1726.71239144 58896.46610721 
-0.44000000 0.00000000 1709.55524266 59141.66709669 
-0.42000000 0.00000000 1709.18352569 59140.77232404 
-0.40000000 0.00000000 1726.10766505 58896.77007592 
-0.38000000 0.00000000 1725.98072365 58896.92731277 
-0.36000000 0.00000000 1725.90272633 58896.97654354 
-0.34000000 0.00000000 1725.85541307 58897.01402887 
-0.32000000 0.00000000 1725.82868605 58897.03542072 
-0.30000000 0.00000000 1708.24750183 59141.69477637 
-0.28000000 0.00000000 1708.20136000 59141.85926910 
-0.26000000 0.00000000 1725.73682788 58896.88393290 
-0.24000000 0.00000000 1725.63687716 58896.77914711 
-0.22000000 0.00000000 1725.45899154 58896.68944363 
-0.20000000 0.00000000 1725.20396996 58896.36023900 
-0.18000000 0.00000000 1706.53260240 59138.97734248 
-0.16000000 0.00000000 1705.63685173 59136.63421110 
-0.14000000 0.00000000 1723.62805155 58894.51713888 
-0.12000000 0.00000000 1722.85282633 58892.65585795 
-0.10000000 0.00000000 1721.83488694 58890.83054108 
-0.08000000 0.00000000 1720.63086997 58888.46050279 
-0.06000000 0.00000000 1696.62573282 59108.02496599 
-0.04000000 0.00000000 1693.94720697 59098.19442569 
-0.02000000 0.00000000 1715.28183837 58882.70306653 
0.00000000 0.00000000 1713.64952838 58876.55134013 
0.02000000 0.00000000 1711.91150648 58870.26643355 
0.04000000 0.00000000 1710.31848815 58862.68537695 
0.06000000 0.00000000 1699.74978187 58909.14832956 
0.08000000 0.00000000 1704.18265911 58864.48728441 
0.10000000 0.00000000 1702.52180428 58857.72228585 
0.12000000 0.00000000 1701.29119560 58849.66172748 
0.14000000 0.00000000 2217.66197091 57966.42643881 
0.16000000 0.00000000 2182.14844974 57983.21146960 
0.18000000 0.00000000 1698.71556418 58826.86563759 
0.20000000 0.00000000 1697.93905034 58820.82085625 
0.22000000 0.00000000 1697.48066219 58814.03041162 
0.24000000 0.00000000 1697.15487326 58807.19678626 
0.26000000 0.00000000 1700.78090920 58784.37237338 
0.28000000 0.00000000 1700.69206398 58777.69343212 
0.30000000 0.00000000 1700.66293968 58771.24453423 
0.32000000 0.00000000 1700.70262764 58765.15993459 
0.34000000 0.00000000 1700.79284385 58759.74715229 
0.36000000 0.00000000 1700.82866166 58755.66504486 
0.38000000 0.00000000 1700.89552766 58752.82094911 
0.40000000 0.00000000 2722.34977303 58137.47373919 
0.42000000 0.00000000 2721.31118549 58136.00515089 
0.44000000 0.00000000 1700.89014519 58754.65662664 
0.46000000 0.00000000 1700.82285882 58758.73196869 
0.48000000 0.00000000 1700.78300502 58764.07938769 
0.50000000 0.00000000 1700.70674976 58770.70389327 
0.52000000 0.00000000 1700.66139661 58778.07456685 
0.54000000 0.00000000 1700.68839732 58785.76386570 
0.56000000 0.00000000 1700.79792739 58793.51450510 
0.58000000 0.00000000 1697.24528676 58817.54391332 
0.60000000 0.00000000 1697.57024515 58825.26348451 
0.62000000 0.00000000 1697.99959143 58832.81796780 
0.64000000 0.00000000 1698.51822089 58840.38867788 
0.66000000 0.00000000 2117.48987555 58024.28558907 
0.68000000 0.00000000 2137.44683875 58010.68634565 
0.70000000 0.00000000 1700.82644263 58863.58832807 
0.72000000 0.00000000 1701.85437331 58871.75376657 
0.74000000 0.00000000 1703.15490450 58879.28474460 
0.76000000 0.00000000 1704.41673088 58887.78334792 
0.78000000 0.00000000 1706.07962660 58894.32006850 
0.80000000 0.00000000 1707.53492548 58902.33524759 
0.82000000 0.00000000 1709.03079012 58909.99226859 
0.84000000 0.00000000 1710.56702865 58916.89915530 
0.86000000 0.00000000 1707.01176420 58965.56641570 
0.88000000 0.00000000 1708.65872143 58971.99529814 
0.90000000 0.00000000 1721.23071483 58882.27427222 
0.92000000 0.00000000 1744.34824577 58748.01397479 
0.94000000 0.00000000 1712.98978122 58986.14704328 
0.96000000 0.00000000 1714.18283522 58989.19692790 
0.98000000 0.00000000 1711.82680361 59038.16819465 

