-1.00000000 0.00000000 -113.45015737 58453.82205305 
-0.98000000 0.00000000 -114.08476978 58455.12136681 
-0.96000000 0.00000000 -114.75968737 58454.44675167 
-0.94000000 0.00000000 -100.44991517 58632.81143149 
-0.92000000 0.00000000 -101.14999959 58629.59476840 
-0.90000000 0.00000000 -130.96969925 58295.29569076 
-0.88000000 0.00000000 -131.54323176 58291.64453680 
-0.86000000 0.00000000 -132.16353478 58287.06661273 
-0.84000000 0.00000000 -82.81173049 58903.24863222 
-0.82000000 0.00000000 -82.96812583 58903.97819966 
-0.80000000 0.00000000 -119.61810388 58422.16645598 
-0.78000000 0.00000000 -141.32831770 58203.26160051 
-0.76000000 0.00000000 -141.77550756 58199.89473900 
-0.74000000 0.00000000 -142.13743914 58197.29177806 
-0.72000000 0.00000000 -143.06896570 58189.39445290 
-0.70000000 0.00000000 -119.57424243 58427.98948097 
-0.68000000 0.00000000 -119.72884105 58426.71356547 
-0.66000000 0.00000000 -84.15824760 58902.56753622 
-0.64000000 0.00000000 -84.19241986 58900.97791771 
-0.62000000 0.00000000 -119.76848078 58424.45249455 
-0.60000000 0.00000000 -83.88194325 58899.37099367 
-0.58000000 0.00000000 -83.52916604 58899.48423796 
-0.56000000 0.00000000 -119.12496885 58424.12861863 
-0.54000000 0.00000000 -142.65384156 58184.99691997 
-0.52000000 0.00000000 -141.62794359 58191.75400307 
-0.50000000 0.00000000 -141.19761200 58193.04446364 
-0.48000000 0.00000000 -140.76331340 58194.45471560 
-0.46000000 0.00000000 -140.23298681 58196.92783589 
-0.44000000 0.00000000 -80.85055496 58889.53037814 
-0.42000000 0.00000000 -80.57131909 58888.62430196 
-0.40000000 0.00000000 -139.39884825 58199.43846711 
-0.38000000 0.00000000 -139.23180700 58200.04205183 
-0.36000000 0.00000000 -139.15546881 58200.18192937 
-0.34000000 0.00000000 -139.13227882 58200.13698196 
-0.32000000 0.00000000 -139.14891660 58199.93767699 
-0.30000000 0.00000000 -79.59878715 58894.04555765 
-0.28000000 0.00000000 -79.60447771 58894.21734483 
-0.26000000 0.00000000 -139.26162593 58198.73765326 
-0.24000000 0.00000000 -139.22300549 58198.47394230 
-0.22000000 0.00000000 -139.07688728 58198.57773932 
-0.20000000 0.00000000 -138.85303253 58198.53460779 
-0.18000000 0.00000000 -78.64115172 58891.46130671 
-0.16000000 0.00000000 -78.06298982 58888.86926681 
-0.14000000 0.00000000 -137.09988105 58200.64279741 
-0.12000000 0.00000000 -136.27821787 58200.14309900 
-0.10000000 0.00000000 -135.07185160 58201.07018722 
-0.08000000 0.00000000 -133.62015976 58202.02323923 
-0.06000000 0.00000000 -71.75907768 58857.05520832 
-0.04000000 0.00000000 -69.77753280 58846.04889147 
-0.02000000 0.00000000 -126.25707259 58218.31743635 
0.00000000 0.00000000 -124.32904545 58215.26865757 
0.02000000 0.00000000 -122.16124251 58213.02236419 
0.04000000 0.00000000 -120.23312094 58207.97064119 
0.06000000 0.00000000 -99.98070036 58362.18954137 
0.08000000 0.00000000 -110.24860554 58248.61652018 
0.10000000 0.00000000 -107.94823497 58246.82465861 
0.12000000 0.00000000 -106.33889974 58240.47795699 
0.14000000 0.00000000 -1230.62013115 55667.81538708 
0.16000000 0.00000000 -1134.19984249 55729.27964168 
0.18000000 0.00000000 -102.81581035 58219.82095246 
0.20000000 0.00000000 -101.57565388 58216.10618080 
0.22000000 0.00000000 -100.81441291 58209.57720797 
0.24000000 0.00000000 -100.19365364 58202.65641493 
0.26000000 0.00000000 -106.40442017 58144.71669042 
0.28000000 0.00000000 -105.96318156 58137.75120408 
0.30000000 0.00000000 -105.55950111 58131.06327866 
0.32000000 0.00000000 -105.23641147 58124.59776686 
0.34000000 0.00000000 -105.00072964 58118.68812500 
0.36000000 0.00000000 -104.72021409 58114.72584393 
0.38000000 0.00000000 -104.58597242 58111.73602665 
0.40000000 0.00000000 -3066.40389479 56183.94769414 
0.42000000 0.00000000 -3061.75224666 56178.02100175 
0.44000000 0.00000000 -104.67590922 58113.91967064 
0.46000000 0.00000000 -104.86750102 58118.38879526 
0.48000000 0.00000000 -105.18815944 58123.95100575 
0.50000000 0.00000000 -105.47957976 58131.32549766 
0.52000000 0.00000000 -105.80773431 58139.57045937 
0.54000000 0.00000000 -106.20451050 58148.02405854 
0.56000000 0.00000000 -106.66061371 58156.42575338 
0.58000000 0.00000000 -100.46468395 58216.21626012 
0.60000000 0.00000000 -101.02034564 58224.66040115 
0.62000000 0.00000000 -101.65266850 58232.79482834 
0.64000000 0.00000000 -102.33533266 58241.02390671 
0.66000000 0.00000000 -964.69009523 55871.97045428 
0.68000000 0.00000000 -1014.83100078 55826.70497462 
0.70000000 0.00000000 -105.07328326 58265.33239965 
0.72000000 0.00000000 -106.21691388 58273.69745415 
0.74000000 0.00000000 -107.75800740 58279.69312127 
0.76000000 0.00000000 -109.08076439 58288.31486904 
0.78000000 0.00000000 -111.10456918 58291.20180236 
0.80000000 0.00000000 -112.59138682 58298.77616496 
0.82000000 0.00000000 -114.08256581 58305.92591842 
0.84000000 0.00000000 -115.62388074 58311.81301576 
0.86000000 0.00000000 -104.80815786 58437.66224825 
0.88000000 0.00000000 -106.27026702 58443.51621769 
0.90000000 0.00000000 -135.10588047 58185.30215684 
0.92000000 0.00000000 -183.58163744 57828.04006340 
0.94000000 0.00000000 -110.12268651 58454.92508509 
0.96000000 0.00000000 -111.21338561 58456.70304293 
0.98000000 0.00000000 -100.83196976 58589.26894376 

