-1.00000000 0.00000000 2343.53140422 58609.42821738 
-0.98000000 0.00000000 2342.77154002 58609.40740677 
-0.96000000 0.00000000 2342.28595871 58609.64494188 
-0.94000000 0.00000000 2329.17041995 58588.47826506 
-0.92000000 0.00000000 2329.00558320 58588.99516451 
-0.90000000 0.00000000 2352.25751385 58631.18909534 
-0.88000000 0.00000000 2352.37710549 58631.83013074 
-0.86000000 0.00000000 2352.59837528 58632.58941804 
-0.84000000 0.00000000 2308.35816564 58561.36821949 
-0.82000000 0.00000000 2308.13409207 58561.38878389 
-0.80000000 0.00000000 2343.13538565 58614.71156750 
-0.78000000 0.00000000 2357.91087867 58644.93581750 
-0.76000000 0.00000000 2358.09537295 58645.48895820 
-0.74000000 0.00000000 2358.22935967 58645.91855377 
-0.72000000 0.00000000 2358.70163836 58647.11730410 
-0.70000000 0.00000000 2342.44830002 58614.15840535 
-0.68000000 0.00000000 2342.51948887 58614.33048178 
-0.66000000 0.00000000 2307.31613746 58561.80186289 
-0.64000000 0.00000000 2307.50564309 58561.92768669 
-0.62000000 0.00000000 2342.83537715 58614.58704420 
-0.60000000 0.00000000 2308.03638500 58561.98940099 
-0.58000000 0.00000000 2308.36825226 58561.91558480 
-0.56000000 0.00000000 2343.40784328 58614.52209249 
-0.54000000 0.00000000 2359.65188151 58647.61826122 
-0.52000000 0.00000000 2359.42198939 58646.56733126 
-0.50000000 0.00000000 2359.53648025 58646.32138140 
-0.48000000 0.00000000 2359.63530568 58646.05587343 
-0.46000000 0.00000000 2359.65229908 58645.63336182 
-0.44000000 0.00000000 2312.29487085 58562.30884671 
-0.42000000 0.00000000 2312.67860318 58562.32559830 
-0.40000000 0.00000000 2359.84115154 58645.07617797 
-0.38000000 0.00000000 2359.85361022 58644.91833819 
-0.36000000 0.00000000 2359.86438943 58644.82338383 
-0.34000000 0.00000000 2359.86169215 58644.74922257 
-0.32000000 0.00000000 2359.85153596 58644.69031040 
-0.30000000 0.00000000 2312.82361994 58561.37364114 
-0.28000000 0.00000000 2312.78836777 58561.26056548 
-0.26000000 0.00000000 2359.87276180 58644.55441304 
-0.24000000 0.00000000 2359.92844095 58644.47695345 
-0.22000000 0.00000000 2360.02311328 58644.34483942 
-0.20000000 0.00000000 2360.21388957 58644.24055202 
-0.18000000 0.00000000 2314.26161681 58560.84834114 
-0.16000000 0.00000000 2315.28361245 58560.93651821 
-0.14000000 0.00000000 2361.43615163 58643.72751456 
-0.12000000 0.00000000 2362.26820452 58643.81786577 
-0.10000000 0.00000000 2363.23348887 58643.76945156 
-0.08000000 0.00000000 2364.43132019 58643.80494648 
-0.06000000 0.00000000 2326.97802271 58563.84245023 
-0.04000000 0.00000000 2330.80262885 58565.22982788 
-0.02000000 0.00000000 2368.74356298 58642.64919581 
0.00000000 0.00000000 2371.05438134 58643.76712038 
0.02000000 0.00000000 2373.45758593 58644.90743525 
0.04000000 0.00000000 2376.06816629 58646.58242849 
0.06000000 0.00000000 2371.65927536 58626.14065417 
0.08000000 0.00000000 2379.19525160 58642.97429230 
0.10000000 0.00000000 2381.66823564 58644.44900931 
0.12000000 0.00000000 2384.18295530 58646.59682653 
0.14000000 0.00000000 2284.76295109 59141.96044894 
0.16000000 0.00000000 2297.64250391 59125.83176990 
0.18000000 0.00000000 2390.78513083 58653.32058990 
0.20000000 0.00000000 2392.60357377 58655.15596678 
0.22000000 0.00000000 2394.40903141 58657.43496074 
0.24000000 0.00000000 2396.15191178 58659.83607950 
0.26000000 0.00000000 2399.10027634 58669.54906532 
0.28000000 0.00000000 2400.66232192 58672.09520274 
0.30000000 0.00000000 2402.13557409 58674.61345176 
0.32000000 0.00000000 2403.48237667 58677.04205649 
0.34000000 0.00000000 2404.64427114 58679.24227814 
0.36000000 0.00000000 2405.53879760 58680.91238989 
0.38000000 0.00000000 2406.13569951 58682.09761700 
0.40000000 0.00000000 2096.44712457 59231.75202244 
0.42000000 0.00000000 2096.87564982 59231.85185592 
0.44000000 0.00000000 2405.73459535 58681.39915362 
0.46000000 0.00000000 2404.86479302 58679.74829517 
0.48000000 0.00000000 2403.68938294 58677.60095144 
0.50000000 0.00000000 2402.24414177 58674.95279419 
0.52000000 0.00000000 2400.60559427 58672.04527179 
0.54000000 0.00000000 2398.84491106 58669.06985520 
0.56000000 0.00000000 2397.01590350 58666.14012009 
0.58000000 0.00000000 2393.72177075 58656.04120422 
0.60000000 0.00000000 2391.75938573 58653.32702128 
0.62000000 0.00000000 2389.77695882 58650.77184451 
0.64000000 0.00000000 2387.74489109 58648.30663838 
0.66000000 0.00000000 2319.81245327 59093.24922927 
0.68000000 0.00000000 2312.65121243 59104.20527410 
0.70000000 0.00000000 2381.14061753 58641.38845018 
0.72000000 0.00000000 2378.70207804 58639.14574695 
0.74000000 0.00000000 2376.25236663 58637.28228060 
0.76000000 0.00000000 2373.60889766 58635.12060326 
0.78000000 0.00000000 2371.18114269 58633.83559950 
0.80000000 0.00000000 2368.54121301 58632.00410593 
0.82000000 0.00000000 2365.96279312 58630.34687793 
0.84000000 0.00000000 2363.53659988 58628.98752401 
0.86000000 0.00000000 2354.44006595 58611.81760537 
0.88000000 0.00000000 2352.05827766 58610.76561948 
0.90000000 0.00000000 2365.37536150 58646.02762006 
0.92000000 0.00000000 2381.57907298 58702.80754812 
0.94000000 0.00000000 2346.48975370 58609.01902229 
0.96000000 0.00000000 2345.17286726 58608.84327375 
0.98000000 0.00000000 2335.16638722 58592.83739157 

