-1.00000000 0.00000000 -1496.94415621 58443.33241596 
-0.98000000 0.00000000 -1496.33027948 58444.01930379 
-0.96000000 0.00000000 -1496.03751401 58444.62501483 
-0.94000000 0.00000000 -1477.32365453 58442.55423215 
-0.92000000 0.00000000 -1477.39481881 58443.05117820 
-0.90000000 0.00000000 -1512.43667752 58449.74238540 
-0.88000000 0.00000000 -1512.78857090 58450.05630972 
-0.86000000 0.00000000 -1513.26777780 58450.35466581 
-0.84000000 0.00000000 -1450.20096718 58443.36185374 
-0.82000000 0.00000000 -1450.03086359 58443.57984812 
-0.80000000 0.00000000 -1498.72544981 58447.21138961 
-0.78000000 0.00000000 -1522.36997962 58453.62082419 
-0.76000000 0.00000000 -1522.73739582 58453.81592929 
-0.74000000 0.00000000 -1523.01545650 58453.97608715 
-0.72000000 0.00000000 -1523.86534418 58454.33235716 
-0.70000000 0.00000000 -1497.96930662 58447.47672787 
-0.68000000 0.00000000 -1498.09396451 58447.52577143 
-0.66000000 0.00000000 -1449.53618007 58444.60662537 
-0.64000000 0.00000000 -1449.73694192 58444.51914498 
-0.62000000 0.00000000 -1498.44645405 58447.40537966 
-0.60000000 0.00000000 -1450.18865864 58444.07711572 
-0.58000000 0.00000000 -1450.42839162 58443.72451525 
-0.56000000 0.00000000 -1498.87635343 58446.83347406 
-0.54000000 0.00000000 -1524.81498929 58453.78355701 
-0.52000000 0.00000000 -1524.21597798 58453.30051261 
-0.50000000 0.00000000 -1524.20799585 58453.03148924 
-0.48000000 0.00000000 -1524.17969183 58452.76406775 
-0.46000000 0.00000000 -1524.02434880 58452.46852474 
-0.44000000 0.00000000 -1453.74255882 58440.40496577 
-0.42000000 0.00000000 -1454.05687767 58440.06580071 
-0.40000000 0.00000000 -1523.94700496 58451.92533480 
-0.38000000 0.00000000 -1523.89171951 58451.80981648 
-0.36000000 0.00000000 -1523.85965950 58451.73767712 
-0.34000000 0.00000000 -1523.82484672 58451.69196276 
-0.32000000 0.00000000 -1523.78988190 58451.66341607 
-0.30000000 0.00000000 -1453.79487662 58439.29394709 
-0.28000000 0.00000000 -1453.71949895 58439.25110544 
-0.26000000 0.00000000 -1523.74138029 58451.55757151 
-0.24000000 0.00000000 -1523.75141812 58451.45597033 
-0.22000000 0.00000000 -1523.77149338 58451.28188168 
-0.20000000 0.00000000 -1523.87996004 58451.03687262 
-0.18000000 0.00000000 -1454.73680882 58437.63587640 
-0.16000000 0.00000000 -1455.59529241 58436.76340633 
-0.14000000 0.00000000 -1524.65436327 58449.56321587 
-0.12000000 0.00000000 -1525.35851978 58448.84951825 
-0.10000000 0.00000000 -1526.11762257 58447.91878003 
-0.08000000 0.00000000 -1527.09855790 58446.82608731 
-0.06000000 0.00000000 -1466.16710612 58428.01565235 
-0.04000000 0.00000000 -1469.79123354 58425.43512564 
-0.02000000 0.00000000 -1530.14074437 58442.03049735 
0.00000000 0.00000000 -1532.44618087 58440.61126660 
0.02000000 0.00000000 -1534.83577067 58439.11752145 
0.04000000 0.00000000 -1537.60109889 58437.78167283 
0.06000000 0.00000000 -1526.12640847 58428.30604461 
0.08000000 0.00000000 -1538.73820002 58432.44124234 
0.10000000 0.00000000 -1541.31430078 58431.09377797 
0.12000000 0.00000000 -1544.18607641 58430.15132656 
0.14000000 0.00000000 -1651.63712638 58860.36180361 
0.16000000 0.00000000 -1657.01442089 58836.71430392 
0.18000000 0.00000000 -1552.15850541 58428.37759836 
0.20000000 0.00000000 -1554.35396470 58427.87087190 
0.22000000 0.00000000 -1556.71497873 58427.66792297 
0.24000000 0.00000000 -1559.07656295 58427.60185941 
0.26000000 0.00000000 -1565.27302100 58431.24483777 
0.28000000 0.00000000 -1567.55342368 58431.43831494 
0.30000000 0.00000000 -1569.75293409 58431.69539151 
0.32000000 0.00000000 -1571.81549588 58432.01196490 
0.34000000 0.00000000 -1573.63775557 58432.35295474 
0.36000000 0.00000000 -1575.03283191 58432.59822284 
0.38000000 0.00000000 -1575.99219440 58432.80812442 
0.40000000 0.00000000 -1507.96393742 59103.11538190 
0.42000000 0.00000000 -1508.41742414 59102.78629107 
0.44000000 0.00000000 -1575.38942965 58432.72914281 
0.46000000 0.00000000 -1574.02383790 58432.47154109 
0.48000000 0.00000000 -1572.21159717 58432.17806885 
0.50000000 0.00000000 -1569.98178405 58431.81010530 
0.52000000 0.00000000 -1567.49287658 58431.45334429 
0.54000000 0.00000000 -1564.87919749 58431.16572630 
0.56000000 0.00000000 -1562.23016122 58430.97041696 
0.58000000 0.00000000 -1555.60393117 58427.39499471 
0.60000000 0.00000000 -1552.94056072 58427.45914223 
0.62000000 0.00000000 -1550.32694282 58427.64371880 
0.64000000 0.00000000 -1547.71214918 58427.93084530 
0.66000000 0.00000000 -1664.13165013 58792.65881150 
0.68000000 0.00000000 -1662.03806141 58807.13732426 
0.70000000 0.00000000 -1539.66209277 58429.56532488 
0.72000000 0.00000000 -1536.81639203 58430.36800357 
0.74000000 0.00000000 -1534.11013982 58431.43000144 
0.76000000 0.00000000 -1531.13299161 58432.47163798 
0.78000000 0.00000000 -1528.67053317 58433.89128097 
0.80000000 0.00000000 -1525.82612653 58435.14225401 
0.82000000 0.00000000 -1523.09998415 58436.44820775 
0.84000000 0.00000000 -1520.61327680 58437.80713687 
0.86000000 0.00000000 -1506.64363014 58434.82594280 
0.88000000 0.00000000 -1504.31558723 58436.33481534 
0.90000000 0.00000000 -1528.70747339 58447.42483801 
0.92000000 0.00000000 -1563.99760354 58469.90077441 
0.94000000 0.00000000 -1499.15586167 58440.32699618 
0.96000000 0.00000000 -1498.03047193 58441.42694595 
0.98000000 0.00000000 -1483.81008335 58439.96180523 

