-1.00000000 0.00000000 -1029.12584209 63595.53009873 
-0.98000000 0.00000000 -1025.83028751 63596.49521311 
-0.96000000 0.00000000 -1020.32119704 63598.13832880 
-0.94000000 0.00000000 -1366.06889831 63478.71850577 
-0.92000000 0.00000000 -1354.63057448 63483.05656779 
-0.90000000 0.00000000 -779.26904605 63665.46241231 
-0.88000000 0.00000000 -773.71000663 63666.83529187 
-0.86000000 0.00000000 -767.26909012 63668.42485701 
-0.84000000 0.00000000 -2138.70578871 63107.35610618 
-0.82000000 0.00000000 -2138.48094598 63107.43291307 
-0.80000000 0.00000000 -955.94803620 63617.09999218 
-0.78000000 0.00000000 -666.64293581 63692.49084160 
-0.76000000 0.00000000 -662.62920451 63693.38486964 
-0.74000000 0.00000000 -659.46400349 63694.08334282 
-0.72000000 0.00000000 -650.57225064 63696.08028862 
-0.70000000 0.00000000 -962.03711019 63615.17767074 
-0.68000000 0.00000000 -959.73971448 63615.83219930 
-0.66000000 0.00000000 -2115.89221349 63120.15676726 
-0.64000000 0.00000000 -2111.07424524 63122.91177909 
-0.62000000 0.00000000 -957.30152246 63616.52141703 
-0.60000000 0.00000000 -2111.61836239 63122.60661281 
-0.58000000 0.00000000 -2117.46622389 63119.26486684 
-0.56000000 0.00000000 -961.56698739 63615.30245139 
-0.54000000 0.00000000 -650.12607161 63696.16400249 
-0.52000000 0.00000000 -658.85871903 63694.20003333 
-0.50000000 0.00000000 -661.66881217 63693.57798342 
-0.48000000 0.00000000 -664.57198552 63692.93244925 
-0.46000000 0.00000000 -668.56423301 63692.03313638 
-0.44000000 0.00000000 -2134.28456900 63109.80176204 
-0.42000000 0.00000000 -2136.25221980 63108.68399357 
-0.40000000 0.00000000 -673.93714145 63690.82727755 
-0.38000000 0.00000000 -675.00312881 63690.58435601 
-0.36000000 0.00000000 -675.32139581 63690.51077838 
-0.34000000 0.00000000 -675.23960770 63690.52681379 
-0.32000000 0.00000000 -674.84228532 63690.61364910 
-0.30000000 0.00000000 -2163.20084372 63092.93215721 
-0.28000000 0.00000000 -2162.70411318 63093.21089888 
-0.26000000 0.00000000 -672.85577512 63691.05389077 
-0.24000000 0.00000000 -672.62946509 63691.10224691 
-0.22000000 0.00000000 -673.15837447 63690.97927988 
-0.20000000 0.00000000 -674.01859799 63690.78377914 
-0.18000000 0.00000000 -2166.75335327 63090.82833990 
-0.16000000 0.00000000 -2168.84409952 63089.62491149 
-0.14000000 0.00000000 -683.77006709 63688.56355758 
-0.12000000 0.00000000 -687.79214067 63687.65223620 
-0.10000000 0.00000000 -694.84946000 63686.03123492 
-0.08000000 0.00000000 -703.49638239 63684.03033687 
-0.06000000 0.00000000 -2194.09583116 63075.01140406 
-0.04000000 0.00000000 -2201.85168002 63070.49224768 
-0.02000000 0.00000000 -757.03732028 63671.19140665 
0.00000000 0.00000000 -767.76084776 63668.58020355 
0.02000000 0.00000000 -780.88839725 63665.33796639 
0.04000000 0.00000000 -791.20246079 63662.78100183 
0.06000000 0.00000000 -1060.83280440 63585.93092922 
0.08000000 0.00000000 -889.35483644 63636.76358362 
0.10000000 0.00000000 -906.82493957 63631.95562213 
0.12000000 0.00000000 -916.29990516 63629.34546780 
0.14000000 0.00000000 202.14571062 63813.59881260 
0.16000000 0.00000000 195.54039190 63813.28797319 
0.18000000 0.00000000 -935.36255791 63624.05598632 
0.20000000 0.00000000 -945.15974062 63621.26781697 
0.22000000 0.00000000 -949.54345940 63620.02688346 
0.24000000 0.00000000 -952.89080271 63619.07840889 
0.26000000 0.00000000 -870.49924226 63642.31737805 
0.28000000 0.00000000 -872.94949957 63641.66387501 
0.30000000 0.00000000 -875.38451334 63641.01058011 
0.32000000 0.00000000 -877.26920238 63640.50467733 
0.34000000 0.00000000 -878.53327849 63640.16627458 
0.36000000 0.00000000 -880.75800292 63639.56130518 
0.38000000 0.00000000 -881.72055181 63639.30068716 
0.40000000 0.00000000 256.47892067 63816.07629752 
0.42000000 0.00000000 256.39492590 63816.07318614 
0.44000000 0.00000000 -881.78345767 63639.28310086 
0.46000000 0.00000000 -880.90330095 63639.52125221 
0.48000000 0.00000000 -878.97067162 63640.04683484 
0.50000000 0.00000000 -877.82097520 63640.35564803 
0.52000000 0.00000000 -876.64063598 63640.67167248 
0.54000000 0.00000000 -875.02065801 63641.10710583 
0.56000000 0.00000000 -873.06335654 63641.63360475 
0.58000000 0.00000000 -957.00795154 63617.90565531 
0.60000000 0.00000000 -955.08829391 63618.45414759 
0.62000000 0.00000000 -952.77763130 63619.11427210 
0.64000000 0.00000000 -950.58522308 63619.73713875 
0.66000000 0.00000000 180.51532702 63812.55533404 
0.68000000 0.00000000 185.47314212 63812.81310650 
0.70000000 0.00000000 -940.66837653 63622.54813156 
0.72000000 0.00000000 -936.43025632 63623.74230595 
0.74000000 0.00000000 -927.65545976 63626.22635822 
0.76000000 0.00000000 -922.84479007 63627.56505694 
0.78000000 0.00000000 -908.77251679 63631.51059672 
0.80000000 0.00000000 -902.59367278 63633.20745267 
0.82000000 0.00000000 -896.38300206 63634.90262191 
0.84000000 0.00000000 -889.17908237 63636.86284619 
0.86000000 0.00000000 -1084.02381931 63578.64563454 
0.88000000 0.00000000 -1077.00668145 63580.83654797 
0.90000000 0.00000000 -685.25540783 63688.75155909 
0.92000000 0.00000000 -357.98023644 63753.72052489 
0.94000000 0.00000000 -1056.14895460 63587.27838756 
0.96000000 0.00000000 -1049.25067431 63589.38712460 
0.98000000 0.00000000 -1298.76967962 63504.31929501 

