-1.00000000 0.00000000 314.96502616 63733.68572359 
-0.98000000 0.00000000 314.96502616 63733.68572359 
-0.96000000 0.00000000 314.96502617 63733.68572359 
-0.94000000 0.00000000 314.96502493 63733.68572356 
-0.92000000 0.00000000 314.96502496 63733.68572356 
-0.90000000 0.00000000 314.96502697 63733.68572361 
-0.88000000 0.00000000 314.96502698 63733.68572361 
-0.86000000 0.00000000 314.96502700 63733.68572361 
-0.84000000 0.00000000 314.96502200 63733.68572349 
-0.82000000 0.00000000 314.96502200 63733.68572349 
-0.80000000 0.00000000 314.96502631 63733.68572360 
-0.78000000 0.00000000 314.96502731 63733.68572362 
-0.76000000 0.00000000 314.96502732 63733.68572362 
-0.74000000 0.00000000 314.96502732 63733.68572362 
-0.72000000 0.00000000 314.96502735 63733.68572362 
-0.70000000 0.00000000 314.96502626 63733.68572359 
-0.68000000 0.00000000 314.96502626 63733.68572359 
-0.66000000 0.00000000 314.96502203 63733.68572349 
-0.64000000 0.00000000 314.96502205 63733.68572349 
-0.62000000 0.00000000 314.96502626 63733.68572359 
-0.60000000 0.00000000 314.96502205 63733.68572349 
-0.58000000 0.00000000 314.96502203 63733.68572349 
-0.56000000 0.00000000 314.96502626 63733.68572359 
-0.54000000 0.00000000 314.96502735 63733.68572362 
-0.52000000 0.00000000 314.96502732 63733.68572362 
-0.50000000 0.00000000 314.96502732 63733.68572362 
-0.48000000 0.00000000 314.96502732 63733.68572362 
-0.46000000 0.00000000 314.96502731 63733.68572362 
-0.44000000 0.00000000 314.96502201 63733.68572349 
-0.42000000 0.00000000 314.96502200 63733.68572349 
-0.40000000 0.00000000 314.96502730 63733.68572362 
-0.38000000 0.00000000 314.96502730 63733.68572362 
-0.36000000 0.00000000 314.96502730 63733.68572362 
-0.34000000 0.00000000 314.96502730 63733.68572362 
-0.32000000 0.00000000 314.96502730 63733.68572362 
-0.30000000 0.00000000 314.96502190 63733.68572349 
-0.28000000 0.00000000 314.96502190 63733.68572349 
-0.26000000 0.00000000 314.96502730 63733.68572362 
-0.24000000 0.00000000 314.96502730 63733.68572362 
-0.22000000 0.00000000 314.96502730 63733.68572362 
-0.20000000 0.00000000 314.96502730 63733.68572362 
-0.18000000 0.00000000 314.96502189 63733.68572349 
-0.16000000 0.00000000 314.96502188 63733.68572349 
-0.14000000 0.00000000 314.96502728 63733.68572362 
-0.12000000 0.00000000 314.96502728 63733.68572362 
-0.10000000 0.00000000 314.96502726 63733.68572362 
-0.08000000 0.00000000 314.96502725 63733.68572362 
-0.06000000 0.00000000 314.96502185 63733.68572349 
-0.04000000 0.00000000 314.96502183 63733.68572349 
-0.02000000 0.00000000 314.96502712 63733.68572362 
0.00000000 0.00000000 314.96502710 63733.68572362 
0.02000000 0.00000000 314.96502708 63733.68572361 
0.04000000 0.00000000 314.96502707 63733.68572361 
0.06000000 0.00000000 314.96502615 63733.68572359 
0.08000000 0.00000000 314.96502677 63733.68572361 
0.10000000 0.00000000 314.96502673 63733.68572361 
0.12000000 0.00000000 314.96502671 63733.68572361 
0.14000000 0.00000000 314.96503056 63733.68572371 
0.16000000 0.00000000 314.96503055 63733.68572371 
0.18000000 0.00000000 314.96502669 63733.68572360 
0.20000000 0.00000000 314.96502666 63733.68572360 
0.22000000 0.00000000 314.96502666 63733.68572360 
0.24000000 0.00000000 314.96502665 63733.68572360 
0.26000000 0.00000000 314.96502695 63733.68572361 
0.28000000 0.00000000 314.96502694 63733.68572361 
0.30000000 0.00000000 314.96502694 63733.68572361 
0.32000000 0.00000000 314.96502693 63733.68572361 
0.34000000 0.00000000 314.96502693 63733.68572361 
0.36000000 0.00000000 314.96502693 63733.68572361 
0.38000000 0.00000000 314.96502693 63733.68572361 
0.40000000 0.00000000 314.96503082 63733.68572371 
0.42000000 0.00000000 314.96503082 63733.68572371 
0.44000000 0.00000000 314.96502693 63733.68572361 
0.46000000 0.00000000 314.96502693 63733.68572361 
0.48000000 0.00000000 314.96502693 63733.68572361 
0.50000000 0.00000000 314.96502693 63733.68572361 
0.52000000 0.00000000 314.96502693 63733.68572361 
0.54000000 0.00000000 314.96502694 63733.68572361 
0.56000000 0.00000000 314.96502694 63733.68572361 
0.58000000 0.00000000 314.96502664 63733.68572360 
0.60000000 0.00000000 314.96502665 63733.68572360 
0.62000000 0.00000000 314.96502665 63733.68572360 
0.64000000 0.00000000 314.96502665 63733.68572360 
0.66000000 0.00000000 314.96503053 63733.68572371 
0.68000000 0.00000000 314.96503054 63733.68572371 
0.70000000 0.00000000 314.96502667 63733.68572360 
0.72000000 0.00000000 314.96502667 63733.68572360 
0.74000000 0.00000000 314.96502670 63733.68572360 
0.76000000 0.00000000 314.96502670 63733.68572361 
0.78000000 0.00000000 314.96502674 63733.68572361 
0.80000000 0.00000000 314.96502675 63733.68572361 
0.82000000 0.00000000 314.96502676 63733.68572361 
0.84000000 0.00000000 314.96502677 63733.68572361 
0.86000000 0.00000000 314.96502607 63733.68572359 
0.88000000 0.00000000 314.96502608 63733.68572359 
0.90000000 0.00000000 314.96502743 63733.68572363 
0.92000000 0.00000000 314.96502854 63733.68572366 
0.94000000 0.00000000 314.96502611 63733.68572359 
0.96000000 0.00000000 314.96502612 63733.68572359 
0.98000000 0.00000000 314.96502522 63733.68572357 

