-1.00000000 0.00000000 2114.49507804 63520.71357555 
-0.98000000 0.00000000 2110.07775925 63522.22281279 
-0.96000000 0.00000000 2102.74611807 63524.77975471 
-0.94000000 0.00000000 2554.46071188 63337.43325262 
-0.92000000 0.00000000 2539.59156700 63344.32356057 
-0.90000000 0.00000000 1783.12958123 63627.60285937 
-0.88000000 0.00000000 1775.67530153 63629.66840375 
-0.86000000 0.00000000 1767.04808633 63632.05618139 
-0.84000000 0.00000000 3525.89362499 62743.73921238 
-0.82000000 0.00000000 3525.57007595 62743.88586923 
-0.80000000 0.00000000 2017.34452231 63554.09748901 
-0.78000000 0.00000000 1632.58621786 63667.81438504 
-0.76000000 0.00000000 1627.17975801 63669.13131660 
-0.74000000 0.00000000 1622.90890695 63670.15982287 
-0.72000000 0.00000000 1610.98175928 63673.09198743 
-0.70000000 0.00000000 2025.20139805 63551.17364057 
-0.68000000 0.00000000 2022.13852231 63552.18422985 
-0.66000000 0.00000000 3497.77026593 62764.40157526 
-0.64000000 0.00000000 3491.88975600 62768.81686185 
-0.62000000 0.00000000 2018.88845844 63553.24718865 
-0.60000000 0.00000000 3492.56553891 62768.32214023 
-0.58000000 0.00000000 3499.71230365 62762.96162971 
-0.56000000 0.00000000 2024.58765450 63551.36129425 
-0.54000000 0.00000000 1610.39611057 63673.20805488 
-0.52000000 0.00000000 1622.11351189 63670.32297806 
-0.50000000 0.00000000 1625.91108999 63669.40535803 
-0.48000000 0.00000000 1629.83160745 63668.45274101 
-0.46000000 0.00000000 1635.20418756 63667.12642656 
-0.44000000 0.00000000 3520.45796175 62747.68076279 
-0.42000000 0.00000000 3522.87690044 62745.87878576 
-0.40000000 0.00000000 1642.45648317 63665.34356027 
-0.38000000 0.00000000 1643.89038963 63664.98448491 
-0.36000000 0.00000000 1644.31815542 63664.87552833 
-0.34000000 0.00000000 1644.20543480 63664.89917614 
-0.32000000 0.00000000 1643.66655936 63665.02758297 
-0.30000000 0.00000000 3555.59285347 62720.66751870 
-0.28000000 0.00000000 3554.97738398 62721.11980846 
-0.26000000 0.00000000 1640.97875935 63665.67856942 
-0.24000000 0.00000000 1640.66888230 63665.75039413 
-0.22000000 0.00000000 1641.37361075 63665.56948593 
-0.20000000 0.00000000 1642.52835210 63665.28111372 
-0.18000000 0.00000000 3559.88366048 62717.30759201 
-0.16000000 0.00000000 3562.44530357 62715.36826691 
-0.14000000 0.00000000 1655.63523175 63662.00060684 
-0.12000000 0.00000000 1661.05903486 63660.65034239 
-0.10000000 0.00000000 1670.54996341 63658.24805432 
-0.08000000 0.00000000 1682.17498183 63655.27805692 
-0.06000000 0.00000000 3593.36319199 62691.81158489 
-0.04000000 0.00000000 3602.84816644 62684.52559185 
-0.02000000 0.00000000 1753.90366844 63636.12550037 
0.00000000 0.00000000 1768.31265404 63632.20069239 
0.02000000 0.00000000 1785.92169024 63627.32009187 
0.04000000 0.00000000 1799.77875656 63623.45973473 
0.06000000 0.00000000 2156.81924905 63505.68980315 
0.08000000 0.00000000 1930.41887948 63583.99051778 
0.10000000 0.00000000 1953.68567811 63576.62859764 
0.12000000 0.00000000 1966.33834370 63572.61810303 
0.14000000 0.00000000 461.16858515 63818.84948627 
0.16000000 0.00000000 470.21054654 63818.81317520 
0.18000000 0.00000000 1991.80988778 63564.47061904 
0.20000000 0.00000000 2004.82835972 63560.17989794 
0.22000000 0.00000000 2010.67307272 63558.26476249 
0.24000000 0.00000000 2015.13835877 63556.79971045 
0.26000000 0.00000000 1906.02506937 63592.35791755 
0.28000000 0.00000000 1909.30310272 63591.35858425 
0.30000000 0.00000000 1912.55636733 63590.35984256 
0.32000000 0.00000000 1915.07556503 63589.58592856 
0.34000000 0.00000000 1916.76771014 63589.06767234 
0.36000000 0.00000000 1919.73031768 63588.14355347 
0.38000000 0.00000000 1921.01465394 63587.74491505 
0.40000000 0.00000000 387.80275947 63818.97253434 
0.42000000 0.00000000 387.91608461 63818.97364192 
0.44000000 0.00000000 1921.09608047 63587.71855472 
0.46000000 0.00000000 1919.92020016 63588.08317842 
0.48000000 0.00000000 1917.34505439 63588.88644035 
0.50000000 0.00000000 1915.80597041 63589.35957787 
0.52000000 0.00000000 1914.22439321 63589.84393490 
0.54000000 0.00000000 1912.05814692 63590.51034902 
0.56000000 0.00000000 1909.44303862 63591.31550411 
0.58000000 0.00000000 2020.61055816 63554.99228462 
0.60000000 0.00000000 2018.05095172 63555.84024145 
0.62000000 0.00000000 2014.97151324 63556.86016506 
0.64000000 0.00000000 2012.04465986 63557.82322716 
0.66000000 0.00000000 490.73093626 63818.68314956 
0.68000000 0.00000000 483.96459113 63818.75496304 
0.70000000 0.00000000 1998.81416885 63562.16398302 
0.72000000 0.00000000 1993.15675212 63564.00672349 
0.74000000 0.00000000 1981.48685322 63567.82764972 
0.76000000 0.00000000 1975.05589299 63569.89107074 
0.78000000 0.00000000 1956.35021308 63575.94362162 
0.80000000 0.00000000 1948.09100203 63578.55109383 
0.82000000 0.00000000 1939.78355683 63581.15441205 
0.84000000 0.00000000 1930.15395482 63584.16033517 
0.86000000 0.00000000 2187.32421352 63494.36863418 
0.88000000 0.00000000 2178.01570437 63497.79752291 
0.90000000 0.00000000 1658.45168710 63662.22118393 
0.92000000 0.00000000 1218.98777108 63754.51080667 
0.94000000 0.00000000 2150.32432331 63507.86627385 
0.96000000 0.00000000 2141.16103581 63511.15732408 
0.98000000 0.00000000 2467.49065623 63377.85424572 

