-1.00000000 0.00000000 2292.32255140 58773.62913815 
-0.98000000 0.00000000 2291.96052742 58773.50513179 
-0.96000000 0.00000000 2291.69143913 58773.57316084 
-0.94000000 0.00000000 2288.78005922 58759.54425305 
-0.92000000 0.00000000 2288.62409340 58759.81517452 
-0.90000000 0.00000000 2293.18627436 58787.12597506 
-0.88000000 0.00000000 2293.14911561 58787.52119831 
-0.86000000 0.00000000 2293.14355908 58787.99492260 
-0.84000000 0.00000000 2283.40657762 58740.45423529 
-0.82000000 0.00000000 2283.30449266 58740.42516933 
-0.80000000 0.00000000 2291.33491251 58776.66797489 
-0.78000000 0.00000000 2293.87264003 58795.62743289 
-0.76000000 0.00000000 2293.88110580 58795.96889036 
-0.74000000 0.00000000 2293.88313893 58796.23315475 
-0.72000000 0.00000000 2293.93503655 58796.96451051 
-0.70000000 0.00000000 2291.10008154 58776.28203676 
-0.68000000 0.00000000 2291.10820123 58776.39098579 
-0.66000000 0.00000000 2282.88195204 58740.48561886 
-0.64000000 0.00000000 2282.94957087 58740.59537823 
-0.62000000 0.00000000 2291.22088037 58776.58203395 
-0.60000000 0.00000000 2283.18374479 58740.74677101 
-0.58000000 0.00000000 2283.34756989 58740.78131683 
-0.56000000 0.00000000 2291.50574204 58776.62697877 
-0.54000000 0.00000000 2294.33143454 58797.33547123 
-0.52000000 0.00000000 2294.37726577 58796.71477663 
-0.50000000 0.00000000 2294.47105054 58796.58227123 
-0.48000000 0.00000000 2294.55981938 58796.43653548 
-0.46000000 0.00000000 2294.63167978 58796.19352346 
-0.44000000 0.00000000 2285.08191576 58741.86932856 
-0.42000000 0.00000000 2285.25357392 58741.95947823 
-0.40000000 0.00000000 2294.80562547 58795.87284824 
-0.38000000 0.00000000 2294.83372743 58795.77406360 
-0.36000000 0.00000000 2294.85115467 58795.70903289 
-0.34000000 0.00000000 2294.85851177 58795.65281681 
-0.32000000 0.00000000 2294.85969123 58795.60295025 
-0.30000000 0.00000000 2285.45226920 58741.41264570 
-0.28000000 0.00000000 2285.45101850 58741.32601521 
-0.26000000 0.00000000 2294.88277496 58795.47589455 
-0.24000000 0.00000000 2294.92005292 58795.42091216 
-0.22000000 0.00000000 2294.98565633 58795.34153124 
-0.20000000 0.00000000 2295.09565955 58795.29210603 
-0.18000000 0.00000000 2286.19457823 58741.35171920 
-0.16000000 0.00000000 2286.65764838 58741.62222828 
-0.14000000 0.00000000 2295.78761515 58795.14856263 
-0.12000000 0.00000000 2296.19350273 58795.31645736 
-0.10000000 0.00000000 2296.68921490 58795.43790718 
-0.08000000 0.00000000 2297.29050658 58795.64947032 
-0.06000000 0.00000000 2291.69249782 58745.89716703 
-0.04000000 0.00000000 2293.27916357 58747.53844748 
-0.02000000 0.00000000 2299.65596352 58795.79072432 
0.00000000 0.00000000 2300.65811059 58796.79282260 
0.02000000 0.00000000 2301.70583455 58797.82638429 
0.04000000 0.00000000 2302.78070999 58799.17539919 
0.06000000 0.00000000 2303.63475849 58787.86664604 
0.08000000 0.00000000 2304.90323582 58797.93817929 
0.10000000 0.00000000 2305.93624521 58799.17488971 
0.12000000 0.00000000 2306.89403048 58800.76170976 
0.14000000 0.00000000 2208.95387612 59019.73708113 
0.16000000 0.00000000 2216.40670839 59014.58712764 
0.18000000 0.00000000 2309.26662336 58805.50237509 
0.20000000 0.00000000 2309.92509227 58806.82293373 
0.22000000 0.00000000 2310.51520627 58808.37483899 
0.24000000 0.00000000 2311.05740348 58809.98849339 
0.26000000 0.00000000 2311.20514420 58815.46441912 
0.28000000 0.00000000 2311.64348789 58817.12942522 
0.30000000 0.00000000 2312.04153947 58818.76773618 
0.32000000 0.00000000 2312.38891173 58820.33478456 
0.34000000 0.00000000 2312.67497239 58821.74321849 
0.36000000 0.00000000 2312.89842578 58822.82109790 
0.38000000 0.00000000 2313.03784279 58823.57791831 
0.40000000 0.00000000 2115.27204586 59017.11880618 
0.42000000 0.00000000 2115.45284524 59017.29357015 
0.44000000 0.00000000 2312.92547059 58823.14257409 
0.46000000 0.00000000 2312.70893206 58822.09318749 
0.48000000 0.00000000 2312.40662942 58820.71380059 
0.50000000 0.00000000 2312.03758423 58819.01561032 
0.52000000 0.00000000 2311.60824783 58817.13971802 
0.54000000 0.00000000 2311.12856539 58815.20213477 
0.56000000 0.00000000 2310.60990922 58813.27666354 
0.58000000 0.00000000 2310.35265879 58807.51272412 
0.60000000 0.00000000 2309.74681631 58805.68106037 
0.62000000 0.00000000 2309.10991171 58803.93863047 
0.64000000 0.00000000 2308.43682156 58802.24530806 
0.66000000 0.00000000 2229.36185562 59003.67967135 
0.68000000 0.00000000 2224.98446110 59007.57173716 
0.70000000 0.00000000 2306.10617225 58797.36948338 
0.72000000 0.00000000 2305.20650050 58795.74243142 
0.74000000 0.00000000 2304.24846687 58794.30852981 
0.76000000 0.00000000 2303.24085473 58792.68667398 
0.78000000 0.00000000 2302.21336941 58791.55678945 
0.80000000 0.00000000 2301.16497222 58790.10753468 
0.82000000 0.00000000 2300.12481191 58788.76145213 
0.84000000 0.00000000 2299.11884774 58787.60152388 
0.86000000 0.00000000 2297.27600852 58776.87019396 
0.88000000 0.00000000 2296.27003277 58775.85423983 
0.90000000 0.00000000 2297.42022091 58796.92838226 
0.92000000 0.00000000 2297.36130541 58829.20307102 
0.94000000 0.00000000 2293.82098084 58773.89211041 
0.96000000 0.00000000 2293.20849583 58773.56952920 
0.98000000 0.00000000 2290.92679830 58763.02212145 

