-1.00000000 0.00000000 -1417.73030498 59094.23675556 
-0.98000000 0.00000000 -1418.53325601 59093.64042912 
-0.96000000 0.00000000 -1418.98279620 59093.05359425 
-0.94000000 0.00000000 -1438.15885372 59100.17776164 
-0.92000000 0.00000000 -1438.20712090 59099.60802546 
-0.90000000 0.00000000 -1402.86441942 59083.59121024 
-0.88000000 0.00000000 -1402.56988832 59083.17719193 
-0.86000000 0.00000000 -1402.13705161 59082.75079023 
-0.84000000 0.00000000 -1466.81100399 59106.97696631 
-0.82000000 0.00000000 -1467.04769104 59106.77938845 
-0.80000000 0.00000000 -1416.79610052 59089.59402316 
-0.78000000 0.00000000 -1393.23789169 59077.22741380 
-0.76000000 0.00000000 -1392.89484167 59076.94095801 
-0.74000000 0.00000000 -1392.63807736 59076.71093838 
-0.72000000 0.00000000 -1391.81583683 59076.14711422 
-0.70000000 0.00000000 -1417.66847173 59089.49141557 
-0.68000000 0.00000000 -1417.54944480 59089.40724618 
-0.66000000 0.00000000 -1467.83291850 59105.74584930 
-0.64000000 0.00000000 -1467.60134145 59105.78544361 
-0.62000000 0.00000000 -1417.15157519 59089.45211711 
-0.60000000 0.00000000 -1467.02076230 59106.15718251 
-0.58000000 0.00000000 -1466.68411008 59106.49043133 
-0.56000000 0.00000000 -1416.56731250 59089.97221509 
-0.54000000 0.00000000 -1390.68887239 59076.52232894 
-0.52000000 0.00000000 -1391.21853878 59077.16634936 
-0.50000000 0.00000000 -1391.16669731 59077.45371014 
-0.48000000 0.00000000 -1391.13639150 59077.74366364 
-0.46000000 0.00000000 -1391.23443704 59078.09128499 
-0.44000000 0.00000000 -1462.40398683 59109.31014377 
-0.42000000 0.00000000 -1461.99030600 59109.60425666 
-0.40000000 0.00000000 -1391.18762172 59078.68121081 
-0.38000000 0.00000000 -1391.21642731 59078.81364716 
-0.36000000 0.00000000 -1391.22941549 59078.89421847 
-0.34000000 0.00000000 -1391.25048453 59078.94667548 
-0.32000000 0.00000000 -1391.27492672 59078.98029760 
-0.30000000 0.00000000 -1462.04734774 59110.54954356 
-0.28000000 0.00000000 -1462.10877751 59110.61553732 
-0.26000000 0.00000000 -1391.28275390 59079.08728447 
-0.24000000 0.00000000 -1391.24392072 59079.18730953 
-0.22000000 0.00000000 -1391.18004547 59079.36253779 
-0.20000000 0.00000000 -1391.00930442 59079.59443553 
-0.18000000 0.00000000 -1460.63019974 59112.12368031 
-0.16000000 0.00000000 -1459.52424082 59112.85714302 
-0.14000000 0.00000000 -1389.88454585 59080.98658734 
-0.12000000 0.00000000 -1389.00045013 59081.59356263 
-0.10000000 0.00000000 -1388.01905210 59082.42294169 
-0.08000000 0.00000000 -1386.77635553 59083.37929082 
-0.06000000 0.00000000 -1446.48140446 59119.66736723 
-0.04000000 0.00000000 -1442.12833259 59121.53357733 
-0.02000000 0.00000000 -1382.67122088 59087.86758367 
0.00000000 0.00000000 -1379.99235188 59088.89132931 
0.02000000 0.00000000 -1377.21544380 59089.97923675 
0.04000000 0.00000000 -1374.07997069 59090.81876581 
0.06000000 0.00000000 -1384.20451669 59103.62504816 
0.08000000 0.00000000 -1371.89368098 59096.32046758 
0.10000000 0.00000000 -1368.96266787 59097.21471816 
0.12000000 0.00000000 -1365.80395580 59097.61354191 
0.14000000 0.00000000 -1257.79183093 58642.29256620 
0.16000000 0.00000000 -1254.57940742 58667.27238584 
0.18000000 0.00000000 -1357.21426378 59097.85362510 
0.20000000 0.00000000 -1354.85493341 59097.95471716 
0.22000000 0.00000000 -1352.38441634 59097.70533315 
0.24000000 0.00000000 -1349.94299767 59097.31978746 
0.26000000 0.00000000 -1344.18715048 59092.23848774 
0.28000000 0.00000000 -1341.87992486 59091.62628298 
0.30000000 0.00000000 -1339.66935718 59090.97048988 
0.32000000 0.00000000 -1337.61086682 59090.28327785 
0.34000000 0.00000000 -1335.80342092 59089.61733286 
0.36000000 0.00000000 -1334.41831646 59089.12962140 
0.38000000 0.00000000 -1333.47294651 59088.75276743 
0.40000000 0.00000000 -1380.37955687 58340.70468102 
0.42000000 0.00000000 -1379.90354388 58341.25182357 
0.44000000 0.00000000 -1334.07982256 59088.94184360 
0.46000000 0.00000000 -1335.43483000 59089.44149511 
0.48000000 0.00000000 -1337.24042038 59090.05612353 
0.50000000 0.00000000 -1339.46148880 59090.82682089 
0.52000000 0.00000000 -1341.95036927 59091.63856341 
0.54000000 0.00000000 -1344.58004575 59092.40855999 
0.56000000 0.00000000 -1347.26404443 59093.09768371 
0.58000000 0.00000000 -1353.46676582 59098.21606649 
0.60000000 0.00000000 -1356.21584038 59098.67103117 
0.62000000 0.00000000 -1358.94067614 59098.99884780 
0.64000000 0.00000000 -1361.69114243 59099.22824582 
0.66000000 0.00000000 -1251.03585593 58713.29750054 
0.68000000 0.00000000 -1252.04354431 58698.42272070 
0.70000000 0.00000000 -1370.33091729 59099.18581618 
0.72000000 0.00000000 -1373.43712444 59098.94432907 
0.74000000 0.00000000 -1376.45199345 59098.39768165 
0.76000000 0.00000000 -1379.74889887 59097.93845388 
0.78000000 0.00000000 -1382.58729367 59096.95861259 
0.80000000 0.00000000 -1385.79538712 59096.25115590 
0.82000000 0.00000000 -1388.89576270 59095.46097195 
0.84000000 0.00000000 -1391.76171642 59094.56155411 
0.86000000 0.00000000 -1405.74546086 59101.14588842 
0.88000000 0.00000000 -1408.49185072 59100.06665879 
0.90000000 0.00000000 -1385.17488783 59082.38227075 
0.92000000 0.00000000 -1351.94201662 59051.69128616 
0.94000000 0.00000000 -1414.74276428 59096.97286289 
0.96000000 0.00000000 -1416.16366801 59096.04911119 
0.98000000 0.00000000 -1430.74527198 59101.32066927 

