-1.00000000 0.00000000 314.28595798 63804.60669817 
-0.98000000 0.00000000 314.28592727 63804.60669741 
-0.96000000 0.00000000 314.28584223 63804.60669528 
-0.94000000 0.00000000 314.29408676 63804.60690207 
-0.92000000 0.00000000 314.29385131 63804.60689617 
-0.90000000 0.00000000 314.28033646 63804.60655722 
-0.88000000 0.00000000 314.28024137 63804.60655484 
-0.86000000 0.00000000 314.28012380 63804.60655190 
-0.84000000 0.00000000 314.31344523 63804.60738756 
-0.82000000 0.00000000 314.31346874 63804.60738815 
-0.80000000 0.00000000 314.28460357 63804.60666427 
-0.78000000 0.00000000 314.27791147 63804.60649643 
-0.76000000 0.00000000 314.27784550 63804.60649478 
-0.74000000 0.00000000 314.27779789 63804.60649359 
-0.72000000 0.00000000 314.27761630 63804.60648904 
-0.70000000 0.00000000 314.28486994 63804.60667098 
-0.68000000 0.00000000 314.28483304 63804.60667006 
-0.66000000 0.00000000 314.31306895 63804.60737817 
-0.64000000 0.00000000 314.31295134 63804.60737522 
-0.62000000 0.00000000 314.28479472 63804.60666910 
-0.60000000 0.00000000 314.31295957 63804.60737542 
-0.58000000 0.00000000 314.31309822 63804.60737890 
-0.56000000 0.00000000 314.28485971 63804.60667072 
-0.54000000 0.00000000 314.27760663 63804.60648880 
-0.52000000 0.00000000 314.27778475 63804.60649326 
-0.50000000 0.00000000 314.27782538 63804.60649428 
-0.48000000 0.00000000 314.27786881 63804.60649536 
-0.46000000 0.00000000 314.27793939 63804.60649713 
-0.44000000 0.00000000 314.31338141 63804.60738597 
-0.42000000 0.00000000 314.31341759 63804.60738687 
-0.40000000 0.00000000 314.27802045 63804.60649915 
-0.38000000 0.00000000 314.27803934 63804.60649963 
-0.36000000 0.00000000 314.27804504 63804.60649977 
-0.34000000 0.00000000 314.27804496 63804.60649977 
-0.32000000 0.00000000 314.27804021 63804.60649965 
-0.30000000 0.00000000 314.31410944 63804.60740422 
-0.28000000 0.00000000 314.31410312 63804.60740406 
-0.26000000 0.00000000 314.27801248 63804.60649896 
-0.24000000 0.00000000 314.27801084 63804.60649891 
-0.22000000 0.00000000 314.27802327 63804.60649923 
-0.20000000 0.00000000 314.27803876 63804.60649961 
-0.18000000 0.00000000 314.31420305 63804.60740657 
-0.16000000 0.00000000 314.31424019 63804.60740749 
-0.14000000 0.00000000 314.27821249 63804.60650396 
-0.12000000 0.00000000 314.27827265 63804.60650546 
-0.10000000 0.00000000 314.27839437 63804.60650851 
-0.08000000 0.00000000 314.27854433 63804.60651226 
-0.06000000 0.00000000 314.31468691 63804.60741865 
-0.04000000 0.00000000 314.31482258 63804.60742204 
-0.02000000 0.00000000 314.27958860 63804.60653841 
0.00000000 0.00000000 314.27976131 63804.60654273 
0.02000000 0.00000000 314.27998724 63804.60654838 
0.04000000 0.00000000 314.28014746 63804.60655238 
0.06000000 0.00000000 314.28636688 63804.60670836 
0.08000000 0.00000000 314.28227773 63804.60660578 
0.10000000 0.00000000 314.28261565 63804.60661424 
0.12000000 0.00000000 314.28277343 63804.60661819 
0.14000000 0.00000000 314.25712522 63804.60597482 
0.16000000 0.00000000 314.25722569 63804.60597733 
0.18000000 0.00000000 314.28307089 63804.60662562 
0.20000000 0.00000000 314.28326430 63804.60663046 
0.22000000 0.00000000 314.28333709 63804.60663228 
0.24000000 0.00000000 314.28339060 63804.60663362 
0.26000000 0.00000000 314.28144762 63804.60658488 
0.28000000 0.00000000 314.28148732 63804.60658587 
0.30000000 0.00000000 314.28152943 63804.60658692 
0.32000000 0.00000000 314.28156116 63804.60658772 
0.34000000 0.00000000 314.28158077 63804.60658821 
0.36000000 0.00000000 314.28162514 63804.60658932 
0.38000000 0.00000000 314.28164259 63804.60658976 
0.40000000 0.00000000 314.25562641 63804.60593716 
0.42000000 0.00000000 314.25562851 63804.60593722 
0.44000000 0.00000000 314.28164454 63804.60658980 
0.46000000 0.00000000 314.28162899 63804.60658942 
0.48000000 0.00000000 314.28159087 63804.60658846 
0.50000000 0.00000000 314.28157250 63804.60658800 
0.52000000 0.00000000 314.28155458 63804.60658755 
0.54000000 0.00000000 314.28152730 63804.60658687 
0.56000000 0.00000000 314.28149297 63804.60658601 
0.58000000 0.00000000 314.28346399 63804.60663545 
0.60000000 0.00000000 314.28343242 63804.60663466 
0.62000000 0.00000000 314.28339331 63804.60663369 
0.64000000 0.00000000 314.28335913 63804.60663283 
0.66000000 0.00000000 314.25747619 63804.60598360 
0.68000000 0.00000000 314.25738688 63804.60598136 
0.70000000 0.00000000 314.28319662 63804.60662877 
0.72000000 0.00000000 314.28312790 63804.60662705 
0.74000000 0.00000000 314.28295705 63804.60662277 
0.76000000 0.00000000 314.28288247 63804.60662091 
0.78000000 0.00000000 314.28259510 63804.60661371 
0.80000000 0.00000000 314.28249494 63804.60661121 
0.82000000 0.00000000 314.28239656 63804.60660875 
0.84000000 0.00000000 314.28227707 63804.60660576 
0.86000000 0.00000000 314.28689184 63804.60672152 
0.88000000 0.00000000 314.28677774 63804.60671867 
0.90000000 0.00000000 314.27769980 63804.60649100 
0.92000000 0.00000000 314.27023961 63804.60630388 
0.94000000 0.00000000 314.28644279 63804.60671030 
0.96000000 0.00000000 314.28633192 63804.60670753 
0.98000000 0.00000000 314.29229371 63804.60685706 

