-1.00000000 0.00000000 2168.92171693 59023.45541728 
-0.98000000 0.00000000 2169.32290453 59023.14404636 
-0.96000000 0.00000000 2169.55003670 59022.80708679 
-0.94000000 0.00000000 2178.54251309 59029.01561563 
-0.92000000 0.00000000 2178.57382617 59028.66330659 
-0.90000000 0.00000000 2162.05618650 59015.49049335 
-0.88000000 0.00000000 2161.91377705 59015.19428928 
-0.86000000 0.00000000 2161.70581794 59014.88075333 
-0.84000000 0.00000000 2192.04175134 59036.13789837 
-0.82000000 0.00000000 2192.15365679 59036.04535269 
-0.80000000 0.00000000 2168.51458655 59020.38396256 
-0.78000000 0.00000000 2157.55866278 59010.68939141 
-0.76000000 0.00000000 2157.39565048 59010.47772425 
-0.74000000 0.00000000 2157.27373752 59010.30909388 
-0.72000000 0.00000000 2156.89196383 59009.88972725 
-0.70000000 0.00000000 2168.91216769 59020.38682673 
-0.68000000 0.00000000 2168.85585099 59020.32356012 
-0.66000000 0.00000000 2192.53873848 59035.53139448 
-0.64000000 0.00000000 2192.42588424 59035.53010995 
-0.62000000 0.00000000 2168.66307986 59020.31946807 
-0.60000000 0.00000000 2192.13371609 59035.68545893 
-0.58000000 0.00000000 2191.96012465 59035.84400016 
-0.56000000 0.00000000 2168.37112222 59020.59969643 
-0.54000000 0.00000000 2156.34804509 59010.07253060 
-0.52000000 0.00000000 2156.58707094 59010.52508768 
-0.50000000 0.00000000 2156.55848836 59010.71125976 
-0.48000000 0.00000000 2156.54063126 59010.90057029 
-0.46000000 0.00000000 2156.58296040 59011.13504330 
-0.44000000 0.00000000 2189.81076424 59037.02274818 
-0.42000000 0.00000000 2189.60552057 59037.15110613 
-0.40000000 0.00000000 2156.56341017 59011.52658412 
-0.38000000 0.00000000 2156.58139961 59011.61924645 
-0.36000000 0.00000000 2156.59411163 59011.67813315 
-0.34000000 0.00000000 2156.61230786 59011.72013922 
-0.32000000 0.00000000 2156.63342618 59011.75105202 
-0.30000000 0.00000000 2189.64697460 59037.74191854 
-0.28000000 0.00000000 2189.68506013 59037.79743053 
-0.26000000 0.00000000 2156.66784916 59011.84869254 
-0.24000000 0.00000000 2156.65702925 59011.92123548 
-0.22000000 0.00000000 2156.63049153 59012.04051600 
-0.20000000 0.00000000 2156.54836507 59012.18874263 
-0.18000000 0.00000000 2188.95269692 59038.58833358 
-0.16000000 0.00000000 2188.38816684 59038.91298923 
-0.14000000 0.00000000 2155.95785831 59013.02855983 
-0.12000000 0.00000000 2155.49765372 59013.36073627 
-0.10000000 0.00000000 2154.97383108 59013.82318664 
-0.08000000 0.00000000 2154.30961940 59014.34402374 
-0.06000000 0.00000000 2181.68607004 59041.56356546 
-0.04000000 0.00000000 2179.44995512 59042.20510590 
-0.02000000 0.00000000 2152.01214692 59016.85958612 
0.00000000 0.00000000 2150.61288531 59017.31037021 
0.02000000 0.00000000 2149.15692979 59017.79285987 
0.04000000 0.00000000 2147.53294948 59018.10018173 
0.06000000 0.00000000 2151.82315357 59026.51468288 
0.08000000 0.00000000 2146.09423343 59021.27696375 
0.10000000 0.00000000 2144.56253832 59021.61693748 
0.12000000 0.00000000 2142.94346985 59021.64524637 
0.14000000 0.00000000 2119.40102083 58763.88200202 
0.16000000 0.00000000 2115.77903256 58776.72759954 
0.18000000 0.00000000 2138.56511234 59021.20451467 
0.20000000 0.00000000 2137.34734344 59021.08882183 
0.22000000 0.00000000 2136.08825786 59020.75040428 
0.24000000 0.00000000 2134.84549356 59020.32377127 
0.26000000 0.00000000 2132.20661773 59016.94003785 
0.28000000 0.00000000 2131.03390616 59016.37677328 
0.30000000 0.00000000 2129.91035518 59015.78929331 
0.32000000 0.00000000 2128.86612718 59015.19276576 
0.34000000 0.00000000 2127.95137945 59014.62930235 
0.36000000 0.00000000 2127.24667653 59014.20601321 
0.38000000 0.00000000 2126.76795025 59013.88974115 
0.40000000 0.00000000 2205.15539712 58635.09584049 
0.42000000 0.00000000 2204.88147247 58635.25170601 
0.44000000 0.00000000 2127.07317375 59014.04143762 
0.46000000 0.00000000 2127.75832588 59014.45806778 
0.48000000 0.00000000 2128.67493820 59014.98584497 
0.50000000 0.00000000 2129.79972325 59015.64190630 
0.52000000 0.00000000 2131.06148219 59016.34503266 
0.54000000 0.00000000 2132.39756297 59017.03377217 
0.56000000 0.00000000 2133.76356196 59017.67504099 
0.58000000 0.00000000 2136.63179138 59021.12651974 
0.60000000 0.00000000 2138.03225193 59021.62397414 
0.62000000 0.00000000 2139.42069690 59022.03482639 
0.64000000 0.00000000 2140.82031663 59022.37936886 
0.66000000 0.00000000 2110.51774897 58800.24768809 
0.68000000 0.00000000 2112.19009980 58792.30770783 
0.70000000 0.00000000 2145.21730073 59022.96274678 
0.72000000 0.00000000 2146.79892277 59023.02960357 
0.74000000 0.00000000 2148.34847924 59022.90704849 
0.76000000 0.00000000 2150.02962156 59022.85615758 
0.78000000 0.00000000 2151.50831460 59022.46053555 
0.80000000 0.00000000 2153.15089681 59022.25510873 
0.82000000 0.00000000 2154.73969477 59021.99290411 
0.84000000 0.00000000 2156.21294898 59021.64762004 
0.86000000 0.00000000 2162.75967311 59026.74186944 
0.88000000 0.00000000 2164.16865383 59026.30770513 
0.90000000 0.00000000 2153.60639505 59013.63827157 
0.92000000 0.00000000 2138.77361035 58992.62357881 
0.94000000 0.00000000 2167.37442692 59024.91940864 
0.96000000 0.00000000 2168.10221412 59024.46287835 
0.98000000 0.00000000 2174.95149615 59029.02507165 

