-1.00000000 0.00000000 -1009.87835170 60939.18039228 
-0.98000000 0.00000000 -1012.25528631 60938.12661694 
-0.96000000 0.00000000 -1013.24359155 60937.03518057 
-0.94000000 0.00000000 -1115.27585064 60956.41342225 
-0.92000000 0.00000000 -1114.44314711 60955.28519643 
-0.90000000 0.00000000 -932.58302592 60910.42289738 
-0.88000000 0.00000000 -931.11950863 60909.53380474 
-0.86000000 0.00000000 -929.09715609 60908.54724320 
-0.84000000 0.00000000 -1288.56806416 60965.94502375 
-0.82000000 0.00000000 -1289.58123261 60965.47476963 
-0.80000000 0.00000000 -999.82436668 60929.61170934 
-0.78000000 0.00000000 -888.65199297 60892.58679167 
-0.76000000 0.00000000 -887.16725903 60891.84662936 
-0.74000000 0.00000000 -886.04916070 60891.25406088 
-0.72000000 0.00000000 -882.39403105 60889.62451136 
-0.70000000 0.00000000 -1003.89296596 60929.74343957 
-0.68000000 0.00000000 -1003.28263050 60929.50745384 
-0.66000000 0.00000000 -1291.55414848 60962.84885495 
-0.64000000 0.00000000 -1290.30149971 60963.02014663 
-0.62000000 0.00000000 -1001.69805953 60929.46250543 
-0.60000000 0.00000000 -1288.07512631 60964.05109146 
-0.58000000 0.00000000 -1287.18703494 60964.91182848 
-0.56000000 0.00000000 -1000.06710070 60930.49905097 
-0.54000000 0.00000000 -878.59448645 60889.91195146 
-0.52000000 0.00000000 -881.27164251 60891.61763612 
-0.50000000 0.00000000 -881.34667569 60892.23811141 
-0.48000000 0.00000000 -881.49706499 60892.86985150 
-0.46000000 0.00000000 -882.19142436 60893.68683553 
-0.44000000 0.00000000 -1271.37411639 60973.03542665 
-0.42000000 0.00000000 -1269.85120849 60973.84117218 
-0.40000000 0.00000000 -882.37511273 60894.86482882 
-0.38000000 0.00000000 -882.49417663 60895.09574583 
-0.36000000 0.00000000 -882.47273924 60895.17948083 
-0.34000000 0.00000000 -882.42952965 60895.18087190 
-0.32000000 0.00000000 -882.35951394 60895.11912156 
-0.30000000 0.00000000 -1271.85320611 60975.27695894 
-0.28000000 0.00000000 -1272.04981841 60975.19852646 
-0.26000000 0.00000000 -881.86206998 60894.80886187 
-0.24000000 0.00000000 -881.63787183 60894.81390300 
-0.22000000 0.00000000 -881.45040045 60894.98456533 
-0.20000000 0.00000000 -880.99910117 60895.25623806 
-0.18000000 0.00000000 -1267.07610164 60977.85147000 
-0.16000000 0.00000000 -1263.22088578 60979.66148218 
-0.14000000 0.00000000 -878.94769170 60897.70401595 
-0.12000000 0.00000000 -876.91225956 60898.80397337 
-0.10000000 0.00000000 -875.05699230 60900.52393732 
-0.08000000 0.00000000 -872.68629877 60902.60199277 
-0.06000000 0.00000000 -1218.07999445 60999.50248149 
-0.04000000 0.00000000 -1203.11336533 61005.59505553 
-0.02000000 0.00000000 -868.38512744 60913.94213804 
0.00000000 0.00000000 -862.09369726 60916.53639425 
0.02000000 0.00000000 -855.82959902 60919.50919427 
0.04000000 0.00000000 -848.12972009 60921.94479707 
0.06000000 0.00000000 -910.58761074 60960.84107877 
0.08000000 0.00000000 -854.17368507 60939.10319621 
0.10000000 0.00000000 -847.69768993 60942.39950516 
0.12000000 0.00000000 -839.59409033 60944.35680187 
0.14000000 0.00000000 -212.62200681 59821.79384182 
0.16000000 0.00000000 -222.36955588 59875.26872043 
0.18000000 0.00000000 -816.92376968 60948.13050319 
0.20000000 0.00000000 -811.28579309 60949.75339443 
0.22000000 0.00000000 -804.76487497 60950.46231587 
0.24000000 0.00000000 -798.25770510 60950.94304333 
0.26000000 0.00000000 -772.79364281 60936.92932369 
0.28000000 0.00000000 -766.72789480 60937.05887772 
0.30000000 0.00000000 -760.94639461 60937.14804240 
0.32000000 0.00000000 -755.53024839 60937.12153976 
0.34000000 0.00000000 -750.73681342 60936.99618852 
0.36000000 0.00000000 -747.21015808 60937.09677251 
0.38000000 0.00000000 -744.74019121 60937.05566815 
0.40000000 0.00000000 -132.80543233 58999.01173282 
0.42000000 0.00000000 -132.87306293 59001.34508648 
0.44000000 0.00000000 -746.39684598 60937.17103696 
0.46000000 0.00000000 -749.98813280 60937.28762659 
0.48000000 0.00000000 -754.68727974 60937.28879522 
0.50000000 0.00000000 -760.61155557 60937.46607047 
0.52000000 0.00000000 -767.26939359 60937.63146743 
0.54000000 0.00000000 -774.27133222 60937.68040982 
0.56000000 0.00000000 -781.39901877 60937.61109538 
0.58000000 0.00000000 -808.34316383 60951.58514983 
0.60000000 0.00000000 -815.82599119 60951.24606126 
0.62000000 0.00000000 -823.24110127 60950.76809088 
0.64000000 0.00000000 -830.79472004 60950.22639344 
0.66000000 0.00000000 -245.04432466 59979.07260359 
0.68000000 0.00000000 -238.46647337 59947.78746780 
0.70000000 0.00000000 -854.51487888 60947.54449358 
0.72000000 0.00000000 -863.06661396 60946.29741813 
0.74000000 0.00000000 -870.84837039 60944.28588565 
0.76000000 0.00000000 -879.96084931 60942.72535587 
0.78000000 0.00000000 -886.61891240 60939.77093703 
0.80000000 0.00000000 -895.35556093 60937.84216569 
0.82000000 0.00000000 -903.80584384 60935.84875735 
0.84000000 0.00000000 -911.47219128 60933.69514328 
0.86000000 0.00000000 -977.71926341 60953.92764208 
0.88000000 0.00000000 -985.53227627 60951.42904961 
0.90000000 0.00000000 -864.48820209 60899.33553441 
0.92000000 0.00000000 -717.91222003 60809.18762375 
0.94000000 0.00000000 -1003.07008793 60944.77976932 
0.96000000 0.00000000 -1006.91752966 60942.91026555 
0.98000000 0.00000000 -1082.52008569 60957.98388227 

