-1.00000000 0.00000000 -1503.07761019 59074.08465735 
-0.98000000 0.00000000 -1503.73501106 59073.10397395 
-0.96000000 0.00000000 -1504.03656329 59072.34380127 
-0.94000000 0.00000000 -1525.27701011 59066.64562167 
-0.92000000 0.00000000 -1525.17632050 59066.14103257 
-0.90000000 0.00000000 -1485.32404313 59074.11997917 
-0.88000000 0.00000000 -1484.91722271 59073.94987677 
-0.86000000 0.00000000 -1484.36799235 59073.85182424 
-0.84000000 0.00000000 -1556.07482710 59054.66196248 
-0.82000000 0.00000000 -1556.26202729 59054.34973860 
-0.80000000 0.00000000 -1500.91297004 59070.77360246 
-0.78000000 0.00000000 -1473.97917067 59074.53153514 
-0.76000000 0.00000000 -1473.55878504 59074.49544273 
-0.74000000 0.00000000 -1473.24008109 59074.45533992 
-0.72000000 0.00000000 -1472.26753275 59074.47151745 
-0.70000000 0.00000000 -1501.76234471 59070.16088834 
-0.68000000 0.00000000 -1501.62010221 59070.16225882 
-0.66000000 0.00000000 -1556.78751374 59052.99783746 
-0.64000000 0.00000000 -1556.56283634 59053.17461763 
-0.62000000 0.00000000 -1501.22961628 59070.43916253 
-0.60000000 0.00000000 -1556.06956015 59053.84492211 
-0.58000000 0.00000000 -1555.81370228 59054.33167808 
-0.56000000 0.00000000 -1500.77364877 59071.22487262 
-0.54000000 0.00000000 -1471.23158173 59075.45110123 
-0.52000000 0.00000000 -1471.92996818 59075.67525203 
-0.50000000 0.00000000 -1471.95240995 59075.94583605 
-0.48000000 0.00000000 -1471.99730387 59076.20587800 
-0.46000000 0.00000000 -1472.18616083 59076.43813135 
-0.44000000 0.00000000 -1552.19538138 59059.33773539 
-0.42000000 0.00000000 -1551.85190817 59059.83949437 
-0.40000000 0.00000000 -1472.29511240 59076.95890640 
-0.38000000 0.00000000 -1472.36015564 59077.05271365 
-0.36000000 0.00000000 -1472.39630570 59077.11262740 
-0.34000000 0.00000000 -1472.43368273 59077.14431620 
-0.32000000 0.00000000 -1472.46991864 59077.15829426 
-0.30000000 0.00000000 -1552.16585256 59060.59431046 
-0.28000000 0.00000000 -1552.24865055 59060.61152000 
-0.26000000 0.00000000 -1472.51550254 59077.24384494 
-0.24000000 0.00000000 -1472.50547574 59077.35036923 
-0.22000000 0.00000000 -1472.48914432 59077.53425200 
-0.20000000 0.00000000 -1472.37911107 59077.82834924 
-0.18000000 0.00000000 -1551.15043376 59062.78182421 
-0.16000000 0.00000000 -1550.21658330 59064.07573607 
-0.14000000 0.00000000 -1471.60260868 59079.65132473 
-0.12000000 0.00000000 -1470.86375991 59080.67791240 
-0.10000000 0.00000000 -1470.08071407 59081.94661372 
-0.08000000 0.00000000 -1469.06371562 59083.47446168 
-0.06000000 0.00000000 -1538.68249694 59077.77358414 
-0.04000000 0.00000000 -1534.72032090 59081.99457896 
-0.02000000 0.00000000 -1466.02061204 59089.62507632 
0.00000000 0.00000000 -1463.56083903 59092.04929782 
0.02000000 0.00000000 -1461.01592765 59094.58184306 
0.04000000 0.00000000 -1458.04610384 59097.11399337 
0.06000000 0.00000000 -1471.42259295 59101.85721570 
0.08000000 0.00000000 -1457.16459037 59102.97830660 
0.10000000 0.00000000 -1454.40924662 59105.43234541 
0.12000000 0.00000000 -1451.30248417 59107.60188653 
0.14000000 0.00000000 -1243.03100970 58783.37044656 
0.16000000 0.00000000 -1245.20286861 58806.23294799 
0.18000000 0.00000000 -1442.64407988 59112.77538390 
0.20000000 0.00000000 -1440.27028081 59114.22009789 
0.22000000 0.00000000 -1437.69806114 59115.43352281 
0.24000000 0.00000000 -1435.12082249 59116.51384633 
0.26000000 0.00000000 -1428.07194891 59115.56292914 
0.28000000 0.00000000 -1425.57579909 59116.36825309 
0.30000000 0.00000000 -1423.16662482 59117.07997939 
0.32000000 0.00000000 -1420.90446102 59117.67701937 
0.34000000 0.00000000 -1418.90308742 59118.14756519 
0.36000000 0.00000000 -1417.37393860 59118.52624451 
0.38000000 0.00000000 -1416.31974564 59118.74748896 
0.40000000 0.00000000 -1293.93928034 58461.61779535 
0.42000000 0.00000000 -1293.61945199 58462.34496278 
0.44000000 0.00000000 -1416.98075540 59118.56144707 
0.46000000 0.00000000 -1418.48020775 59118.21008722 
0.48000000 0.00000000 -1420.46686705 59117.69790907 
0.50000000 0.00000000 -1422.91397855 59117.07833404 
0.52000000 0.00000000 -1425.64389300 59116.33831417 
0.54000000 0.00000000 -1428.50728207 59115.48045160 
0.56000000 0.00000000 -1431.40618057 59114.52113337 
0.58000000 0.00000000 -1438.92272520 59115.23767688 
0.60000000 0.00000000 -1441.83119498 59114.03462512 
0.62000000 0.00000000 -1444.68253890 59112.73619278 
0.64000000 0.00000000 -1447.53406720 59111.33751838 
0.66000000 0.00000000 -1251.44349877 58847.16803597 
0.68000000 0.00000000 -1249.26833296 58834.04051320 
0.70000000 0.00000000 -1456.29551148 59106.28527260 
0.72000000 0.00000000 -1459.38769497 59104.27215754 
0.74000000 0.00000000 -1462.31223510 59102.05391613 
0.76000000 0.00000000 -1465.54269476 59099.73956850 
0.78000000 0.00000000 -1468.18042737 59097.25632070 
0.80000000 0.00000000 -1471.25776829 59094.77946209 
0.82000000 0.00000000 -1474.20427868 59092.29326307 
0.84000000 0.00000000 -1476.88485349 59089.85098109 
0.86000000 0.00000000 -1492.68459868 59087.02546941 
0.88000000 0.00000000 -1495.19961676 59084.48491089 
0.90000000 0.00000000 -1467.20712263 59083.58929207 
0.92000000 0.00000000 -1426.21167053 59077.29655808 
0.94000000 0.00000000 -1500.75357052 59078.16070735 
0.96000000 0.00000000 -1501.95701249 59076.53720798 
0.98000000 0.00000000 -1518.06588310 59072.11274634 

