-1.00000000 0.00000000 -1598.40679767 58834.57945299 
-0.98000000 0.00000000 -1598.36652459 58833.70069606 
-0.96000000 0.00000000 -1598.20909192 58833.20280601 
-0.94000000 0.00000000 -1608.28701945 58813.08651358 
-0.92000000 0.00000000 -1608.00707641 58813.02006663 
-0.90000000 0.00000000 -1587.91027660 58849.84926123 
-0.88000000 0.00000000 -1587.58328687 58850.15533247 
-0.86000000 0.00000000 -1587.20465552 58850.60588039 
-0.84000000 0.00000000 -1621.29866486 58782.66813905 
-0.82000000 0.00000000 -1621.27626366 58782.41335135 
-0.80000000 0.00000000 -1595.61171942 58835.46652370 
-0.78000000 0.00000000 -1581.34604713 58859.73110300 
-0.76000000 0.00000000 -1581.07644020 58860.08445068 
-0.74000000 0.00000000 -1580.86619475 58860.34847419 
-0.72000000 0.00000000 -1580.29733517 58861.18599611 
-0.70000000 0.00000000 -1595.83325030 58834.56372702 
-0.68000000 0.00000000 -1595.74915674 58834.68786524 
-0.66000000 0.00000000 -1621.03053037 58781.54564907 
-0.64000000 0.00000000 -1620.97238361 58781.79727717 
-0.62000000 0.00000000 -1595.63923297 58835.11256639 
-0.60000000 0.00000000 -1620.95691443 58782.44159965 
-0.58000000 0.00000000 -1621.00408731 58782.82128189 
-0.56000000 0.00000000 -1595.71282632 58835.75319930 
-0.54000000 0.00000000 -1580.13426627 58862.37731518 
-0.52000000 0.00000000 -1580.64876159 58861.85127437 
-0.50000000 0.00000000 -1580.78690254 58861.91500124 
-0.48000000 0.00000000 -1580.93385655 58861.95573847 
-0.46000000 0.00000000 -1581.15321118 58861.86457359 
-0.44000000 0.00000000 -1620.91922468 58787.57191217 
-0.42000000 0.00000000 -1620.92416873 58788.02835078 
-0.40000000 0.00000000 -1581.46679667 58861.92025323 
-0.38000000 0.00000000 -1581.55387201 58861.88722424 
-0.36000000 0.00000000 -1581.60969060 58861.86705265 
-0.34000000 0.00000000 -1581.65453074 58861.83591691 
-0.32000000 0.00000000 -1581.69172488 58861.79926435 
-0.30000000 0.00000000 -1621.44648843 58787.95617796 
-0.28000000 0.00000000 -1621.51228634 58787.87906498 
-0.26000000 0.00000000 -1581.79021474 58861.75447572 
-0.24000000 0.00000000 -1581.84345779 58861.78679572 
-0.22000000 0.00000000 -1581.92667338 58861.85103457 
-0.20000000 0.00000000 -1582.00214141 58862.03347408 
-0.18000000 0.00000000 -1621.80557861 58789.50072841 
-0.16000000 0.00000000 -1621.79200878 58790.73551761 
-0.14000000 0.00000000 -1582.36188119 58863.29604912 
-0.12000000 0.00000000 -1582.37431165 58864.27675295 
-0.10000000 0.00000000 -1582.45938607 58865.38424760 
-0.08000000 0.00000000 -1582.51253496 58866.78667463 
-0.06000000 0.00000000 -1620.57974271 58805.35639671 
-0.04000000 0.00000000 -1619.95385972 58810.23400606 
-0.02000000 0.00000000 -1583.29681558 58871.57570840 
0.00000000 0.00000000 -1582.86318817 58874.54365763 
0.02000000 0.00000000 -1582.42068080 58877.62721405 
0.04000000 0.00000000 -1581.72897351 58881.07510195 
0.06000000 0.00000000 -1591.34997704 58871.42666142 
0.08000000 0.00000000 -1583.57143544 58883.97475117 
0.10000000 0.00000000 -1582.95785388 58887.22133756 
0.12000000 0.00000000 -1582.02535377 58890.66526057 
0.14000000 0.00000000 -1352.80400920 58928.24611392 
0.16000000 0.00000000 -1361.09425515 58936.46784473 
0.18000000 0.00000000 -1579.05081946 58899.96606747 
0.20000000 0.00000000 -1578.22788685 58902.53836540 
0.22000000 0.00000000 -1577.19042143 58905.20012941 
0.24000000 0.00000000 -1576.08745422 58907.82323954 
0.26000000 0.00000000 -1571.61986788 58913.49011802 
0.28000000 0.00000000 -1570.43930157 58915.94990309 
0.30000000 0.00000000 -1569.26707505 58918.30284629 
0.32000000 0.00000000 -1568.13394289 58920.48725744 
0.34000000 0.00000000 -1567.10589277 58922.39909268 
0.36000000 0.00000000 -1566.32310966 58923.86910305 
0.38000000 0.00000000 -1565.76686576 58924.86768458 
0.40000000 0.00000000 -1292.66971179 58750.88408533 
0.42000000 0.00000000 -1292.67478427 58751.42656137 
0.44000000 0.00000000 -1566.08272883 58924.22988630 
0.46000000 0.00000000 -1566.85018553 58922.79947070 
0.48000000 0.00000000 -1567.85035949 58920.88537167 
0.50000000 0.00000000 -1569.08360333 58918.53284774 
0.52000000 0.00000000 -1570.43741899 58915.89063146 
0.54000000 0.00000000 -1571.82171667 58913.08959303 
0.56000000 0.00000000 -1573.18192647 58910.22208160 
0.58000000 0.00000000 -1577.83701882 58904.05940208 
0.60000000 0.00000000 -1579.08996887 58901.10099097 
0.62000000 0.00000000 -1580.26128287 58898.16287350 
0.64000000 0.00000000 -1581.38210696 58895.19491494 
0.66000000 0.00000000 -1377.19044904 58949.15239873 
0.68000000 0.00000000 -1371.73823325 58945.20871174 
0.70000000 0.00000000 -1584.47139163 58885.83928645 
0.72000000 0.00000000 -1585.45671575 58882.46455701 
0.74000000 0.00000000 -1586.25958061 58879.16172899 
0.76000000 0.00000000 -1587.19660805 58875.56758838 
0.78000000 0.00000000 -1587.72058580 58872.42043799 
0.80000000 0.00000000 -1588.49718177 58868.90597007 
0.82000000 0.00000000 -1589.19098757 58865.50413629 
0.84000000 0.00000000 -1589.74493343 58862.34956210 
0.86000000 0.00000000 -1597.75251502 58847.88461035 
0.88000000 0.00000000 -1598.17325195 58844.84618541 
0.90000000 0.00000000 -1581.50884763 58868.36719612 
0.92000000 0.00000000 -1555.11968945 58900.74395967 
0.94000000 0.00000000 -1598.78325944 58837.92203536 
0.96000000 0.00000000 -1598.80122119 58836.34643617 
0.98000000 0.00000000 -1606.37439025 58821.05873809 

