-1.00000000 0.00000000 -1400.96361828 58357.06830225 
-0.98000000 0.00000000 -1400.37266012 58358.33894045 
-0.96000000 0.00000000 -1400.17645417 58359.24386062 
-0.94000000 0.00000000 -1374.72484367 58373.66106142 
-0.92000000 0.00000000 -1374.97412490 58374.13522268 
-0.90000000 0.00000000 -1423.60507529 58350.26175010 
-0.88000000 0.00000000 -1424.16101556 58350.29535120 
-0.86000000 0.00000000 -1424.88216177 58350.20109041 
-0.84000000 0.00000000 -1339.17240954 58398.84208837 
-0.82000000 0.00000000 -1339.01475409 58399.23863059 
-0.80000000 0.00000000 -1404.49483423 58359.68642781 
-0.78000000 0.00000000 -1438.04547291 58345.74329641 
-0.76000000 0.00000000 -1438.59211873 58345.63554500 
-0.74000000 0.00000000 -1439.00961605 58345.56768991 
-0.72000000 0.00000000 -1440.25711515 58345.20900138 
-0.70000000 0.00000000 -1403.55536608 58360.66420419 
-0.68000000 0.00000000 -1403.73542599 58360.60859144 
-0.66000000 0.00000000 -1338.69470237 58400.83023712 
-0.64000000 0.00000000 -1338.92971861 58400.55737375 
-0.62000000 0.00000000 -1404.16353127 58360.17090301 
-0.60000000 0.00000000 -1339.37358476 58399.67772393 
-0.58000000 0.00000000 -1339.56804694 58399.08320429 
-0.56000000 0.00000000 -1404.54932737 58359.17795722 
-0.54000000 0.00000000 -1441.35842602 58343.80117759 
-0.52000000 0.00000000 -1440.40466799 58343.80743583 
-0.50000000 0.00000000 -1440.31179168 58343.52599364 
-0.48000000 0.00000000 -1440.19273473 58343.26344146 
-0.46000000 0.00000000 -1439.89493731 58343.08115126 
-0.44000000 0.00000000 -1342.79410686 58392.52313005 
-0.42000000 0.00000000 -1343.09470042 58391.87151157 
-0.40000000 0.00000000 -1439.63734652 58342.55755440 
-0.38000000 0.00000000 -1439.53498534 58342.47730640 
-0.36000000 0.00000000 -1439.47882440 58342.42247907 
-0.34000000 0.00000000 -1439.42862894 58342.39776696 
-0.32000000 0.00000000 -1439.38486029 58342.39122510 
-0.30000000 0.00000000 -1342.53333008 58391.23575963 
-0.28000000 0.00000000 -1342.43245479 58391.25091952 
-0.26000000 0.00000000 -1439.32686570 58342.30286977 
-0.24000000 0.00000000 -1439.32095673 58342.18245514 
-0.22000000 0.00000000 -1439.30346613 58341.97871135 
-0.20000000 0.00000000 -1439.37834084 58341.62624720 
-0.18000000 0.00000000 -1343.26879851 58388.61529817 
-0.16000000 0.00000000 -1344.09818774 58386.92929061 
-0.14000000 0.00000000 -1439.92976999 58339.42661046 
-0.12000000 0.00000000 -1440.62052724 58338.08441713 
-0.10000000 0.00000000 -1441.30149668 58336.47329727 
-0.08000000 0.00000000 -1442.21250796 58334.50728795 
-0.06000000 0.00000000 -1354.83857455 58368.34271669 
-0.04000000 0.00000000 -1358.64183117 58362.42169851 
-0.02000000 0.00000000 -1444.48021456 58326.96474651 
0.00000000 0.00000000 -1446.99830002 58323.53580967 
0.02000000 0.00000000 -1449.59336397 58319.95973552 
0.04000000 0.00000000 -1452.73924138 58316.22985234 
0.06000000 0.00000000 -1433.95512905 58316.16220993 
0.08000000 0.00000000 -1452.18237549 58309.71119852 
0.10000000 0.00000000 -1455.05330537 58306.12088072 
0.12000000 0.00000000 -1458.46636996 58302.70467617 
0.14000000 0.00000000 -1767.32405822 58718.27758705 
0.16000000 0.00000000 -1766.24222711 58684.87095735 
0.18000000 0.00000000 -1468.23186176 58294.11914411 
0.20000000 0.00000000 -1470.89365438 58291.73886775 
0.22000000 0.00000000 -1473.88360709 58289.54047302 
0.24000000 0.00000000 -1476.91805896 58287.48683041 
0.26000000 0.00000000 -1486.48048304 58286.15238150 
0.28000000 0.00000000 -1489.49661948 58284.44924445 
0.30000000 0.00000000 -1492.42729221 58282.88073923 
0.32000000 0.00000000 -1495.20166043 58281.48962809 
0.34000000 0.00000000 -1497.67481467 58280.32538497 
0.36000000 0.00000000 -1499.55759505 58279.41636509 
0.38000000 0.00000000 -1500.86806186 58278.83447768 
0.40000000 0.00000000 -1644.05550236 59140.90637305 
0.42000000 0.00000000 -1644.61162350 59140.11090948 
0.44000000 0.00000000 -1500.05284007 58279.24803843 
0.46000000 0.00000000 -1498.19554042 58280.11491909 
0.48000000 0.00000000 -1495.75185631 58281.31793666 
0.50000000 0.00000000 -1492.73967775 58282.79139909 
0.52000000 0.00000000 -1489.39680060 58284.49397746 
0.54000000 0.00000000 -1485.91794850 58286.37465238 
0.56000000 0.00000000 -1482.42526773 58288.38290362 
0.58000000 0.00000000 -1472.33693568 58290.15972091 
0.60000000 0.00000000 -1468.91315982 58292.46403197 
0.62000000 0.00000000 -1465.59100600 58294.85466203 
0.64000000 0.00000000 -1462.29604092 58297.35611643 
0.66000000 0.00000000 -1759.86386032 58624.39839691 
0.68000000 0.00000000 -1762.31957758 58643.64534375 
0.70000000 0.00000000 -1452.38265156 58305.86340226 
0.72000000 0.00000000 -1448.94862257 58309.11396492 
0.74000000 0.00000000 -1445.79265556 58312.52050585 
0.76000000 0.00000000 -1442.26521097 58316.14009199 
0.78000000 0.00000000 -1439.55611930 58319.71758661 
0.80000000 0.00000000 -1436.27177471 58323.44933052 
0.82000000 0.00000000 -1433.15813895 58327.14152609 
0.84000000 0.00000000 -1430.37407783 58330.68784733 
0.86000000 0.00000000 -1410.80132944 58339.68692766 
0.88000000 0.00000000 -1408.27651079 58343.28499690 
0.90000000 0.00000000 -1444.60158256 58333.71519547 
0.92000000 0.00000000 -1499.79576612 58327.44727459 
0.94000000 0.00000000 -1402.87371781 58351.96280868 
0.96000000 0.00000000 -1401.76306164 58354.10431250 
0.98000000 0.00000000 -1382.44355501 58365.12962094 

