-1.00000000 0.00000000 2040.92980459 59336.87054023 
-0.98000000 0.00000000 2042.07909879 59336.60436660 
-0.96000000 0.00000000 2042.78796169 59336.14394948 
-0.94000000 0.00000000 2065.24100641 59356.51803803 
-0.92000000 0.00000000 2065.44555235 59355.83347388 
-0.90000000 0.00000000 2024.75988745 59314.64330933 
-0.88000000 0.00000000 2024.50384321 59313.96781619 
-0.86000000 0.00000000 2024.07605601 59313.19200028 
-0.84000000 0.00000000 2099.75356921 59382.02863927 
-0.82000000 0.00000000 2100.10793906 59381.91632185 
-0.80000000 0.00000000 2040.96361851 59330.60602735 
-0.78000000 0.00000000 2014.21032206 59300.94914824 
-0.76000000 0.00000000 2013.85481352 59300.39249489 
-0.74000000 0.00000000 2013.59301026 59299.95667821 
-0.72000000 0.00000000 2012.69408087 59298.75736718 
-0.70000000 0.00000000 2042.12058875 59331.01869272 
-0.68000000 0.00000000 2041.99319554 59330.84241032 
-0.66000000 0.00000000 2101.37116338 59381.02617558 
-0.64000000 0.00000000 2101.07155344 59380.94209304 
-0.62000000 0.00000000 2041.48341066 59330.66007632 
-0.60000000 0.00000000 2100.25794347 59381.09079430 
-0.58000000 0.00000000 2099.75949345 59381.33253431 
-0.56000000 0.00000000 2040.62120188 59330.96425599 
-0.54000000 0.00000000 2011.17470713 59298.51806526 
-0.52000000 0.00000000 2011.68617028 59299.63856980 
-0.50000000 0.00000000 2011.54654388 59299.95798490 
-0.48000000 0.00000000 2011.43283496 59300.29332941 
-0.46000000 0.00000000 2011.46711546 59300.77888100 
-0.44000000 0.00000000 2093.73287799 59382.55475234 
-0.42000000 0.00000000 2093.14129557 59382.69725455 
-0.40000000 0.00000000 2011.24126781 59301.45693014 
-0.38000000 0.00000000 2011.23538498 59301.62789073 
-0.36000000 0.00000000 2011.22071552 59301.72300648 
-0.34000000 0.00000000 2011.22186183 59301.78642813 
-0.32000000 0.00000000 2011.23077671 59301.82676197 
-0.30000000 0.00000000 2092.93710132 59383.89907636 
-0.28000000 0.00000000 2092.98544248 59384.00009132 
-0.26000000 0.00000000 2011.17094219 59301.90649758 
-0.24000000 0.00000000 2011.08491380 59301.98657518 
-0.22000000 0.00000000 2010.95213166 59302.14597668 
-0.20000000 0.00000000 2010.67543117 59302.31305699 
-0.18000000 0.00000000 2090.75600380 59385.00550293 
-0.16000000 0.00000000 2089.21547085 59385.31004825 
-0.14000000 0.00000000 2008.95480582 59303.34298852 
-0.12000000 0.00000000 2007.72786925 59303.57173689 
-0.10000000 0.00000000 2006.34166922 59304.03345478 
-0.08000000 0.00000000 2004.61302839 59304.51028528 
-0.06000000 0.00000000 2071.61187832 59386.74942041 
-0.04000000 0.00000000 2065.84954834 59386.73320214 
-0.02000000 0.00000000 1998.68863103 59307.86815153 
0.00000000 0.00000000 1995.19852269 59307.62204465 
0.02000000 0.00000000 1991.58122890 59307.41168486 
0.04000000 0.00000000 1987.57357421 59306.67478046 
0.06000000 0.00000000 1997.67477429 59329.47791259 
0.08000000 0.00000000 1983.88994477 59312.66331832 
0.10000000 0.00000000 1980.13553241 59312.15552160 
0.12000000 0.00000000 1976.19599271 59310.86741742 
0.14000000 0.00000000 1919.28360880 58626.56843938 
0.16000000 0.00000000 1911.34678201 58659.71492712 
0.18000000 0.00000000 1965.67115188 59306.30803575 
0.20000000 0.00000000 1962.79138085 59305.13761055 
0.22000000 0.00000000 1959.84703180 59303.45217740 
0.24000000 0.00000000 1956.97132206 59301.62014591 
0.26000000 0.00000000 1950.88420195 59291.59447446 
0.28000000 0.00000000 1948.22588466 59289.56576698 
0.30000000 0.00000000 1945.69621764 59287.54328569 
0.32000000 0.00000000 1943.35707176 59285.56688350 
0.34000000 0.00000000 1941.31600078 59283.75422530 
0.36000000 0.00000000 1939.75057763 59282.40419279 
0.38000000 0.00000000 1938.69035412 59281.42639378 
0.40000000 0.00000000 2127.38364145 58247.50117673 
0.42000000 0.00000000 2126.64887403 58248.11988426 
0.44000000 0.00000000 1939.38781110 59282.01029725 
0.46000000 0.00000000 1940.91930416 59283.37551703 
0.48000000 0.00000000 1942.96793736 59285.12429815 
0.50000000 0.00000000 1945.48703068 59287.30144715 
0.52000000 0.00000000 1948.32052091 59289.67818871 
0.54000000 0.00000000 1951.33205454 59292.08056821 
0.56000000 0.00000000 1954.42682077 59294.41509911 
0.58000000 0.00000000 1961.04275722 59304.73019876 
0.60000000 0.00000000 1964.27230025 59306.82076133 
0.62000000 0.00000000 1967.50446981 59308.74829368 
0.64000000 0.00000000 1970.79567922 59310.57980555 
0.66000000 0.00000000 1899.59561097 58722.49380252 
0.68000000 0.00000000 1903.19084117 58702.53615889 
0.70000000 0.00000000 1981.33187718 59315.42803178 
0.72000000 0.00000000 1985.17798076 59316.89914532 
0.74000000 0.00000000 1988.97389733 59317.92242148 
0.76000000 0.00000000 1993.10633908 59319.23494553 
0.78000000 0.00000000 1996.77679489 59319.60173665 
0.80000000 0.00000000 2000.85823798 59320.55281089 
0.82000000 0.00000000 2004.82932492 59321.34079300 
0.84000000 0.00000000 2008.53933178 59321.85725617 
0.86000000 0.00000000 2024.57147246 59338.65926391 
0.88000000 0.00000000 2028.18654849 59338.86740459 
0.90000000 0.00000000 2002.76783826 59302.23259947 
0.92000000 0.00000000 1967.59324111 59242.80603018 
0.94000000 0.00000000 2036.59092590 59338.56619769 
0.96000000 0.00000000 2038.56305363 59338.23048100 
0.98000000 0.00000000 2055.66130197 59353.58650398 

