-1.00000000 0.00000000 2310.41620679 59826.42509690 
-0.98000000 0.00000000 2312.42203834 59824.20542298 
-0.96000000 0.00000000 2313.40923346 59822.62573412 
-0.94000000 0.00000000 2377.02114945 59794.81495357 
-0.92000000 0.00000000 2376.79680625 59793.96842565 
-0.90000000 0.00000000 2259.07886824 59838.70645181 
-0.88000000 0.00000000 2258.05715824 59838.64101585 
-0.86000000 0.00000000 2256.61349882 59838.78978114 
-0.84000000 0.00000000 2472.17363892 59741.13441698 
-0.82000000 0.00000000 2472.80297542 59740.29190808 
-0.80000000 0.00000000 2305.18114250 59821.92708861 
-0.78000000 0.00000000 2227.18202189 59846.14411975 
-0.76000000 0.00000000 2226.05959040 59846.30066469 
-0.74000000 0.00000000 2225.21424015 59846.39327603 
-0.72000000 0.00000000 2222.48664742 59846.95692810 
-0.70000000 0.00000000 2307.94106550 59820.07396085 
-0.68000000 0.00000000 2307.53893501 59820.16705693 
-0.66000000 0.00000000 2474.48703715 59736.91071634 
-0.64000000 0.00000000 2473.79654424 59737.49044263 
-0.62000000 0.00000000 2306.37703603 59820.93807458 
-0.60000000 0.00000000 2472.33155068 59739.30632931 
-0.58000000 0.00000000 2471.59902183 59740.51467950 
-0.56000000 0.00000000 2304.94937390 59822.71436111 
-0.54000000 0.00000000 2219.30815609 59849.26262285 
-0.52000000 0.00000000 2221.21883462 59849.28293909 
-0.50000000 0.00000000 2221.19324018 59849.76456340 
-0.48000000 0.00000000 2221.22927124 59850.21627710 
-0.46000000 0.00000000 2221.67730984 59850.53894259 
-0.44000000 0.00000000 2460.88551362 59754.08641099 
-0.42000000 0.00000000 2459.84381996 59755.43104433 
-0.40000000 0.00000000 2221.71297443 59851.45073025 
-0.38000000 0.00000000 2221.80677228 59851.59585158 
-0.36000000 0.00000000 2221.81582063 59851.69571899 
-0.34000000 0.00000000 2221.82504709 59851.74312723 
-0.32000000 0.00000000 2221.82633320 59851.75742392 
-0.30000000 0.00000000 2460.50048358 59756.63010330 
-0.28000000 0.00000000 2460.64750575 59756.57882236 
-0.26000000 0.00000000 2221.61708617 59851.88763756 
-0.24000000 0.00000000 2221.46880556 59852.06892276 
-0.22000000 0.00000000 2221.30590376 59852.37917831 
-0.20000000 0.00000000 2220.88623334 59852.92147142 
-0.18000000 0.00000000 2457.11781649 59761.61882805 
-0.16000000 0.00000000 2454.41659926 59764.91089276 
-0.14000000 0.00000000 2218.52064809 59856.33087927 
-0.12000000 0.00000000 2216.45643720 59858.41645874 
-0.10000000 0.00000000 2214.34234244 59860.92077764 
-0.08000000 0.00000000 2211.64647539 59863.97602837 
-0.06000000 0.00000000 2422.12102214 59800.92085186 
-0.04000000 0.00000000 2411.17457016 59812.21011363 
-0.02000000 0.00000000 2204.24886215 59875.75011742 
0.00000000 0.00000000 2197.82486999 59881.04566585 
0.02000000 0.00000000 2191.24921842 59886.55287730 
0.04000000 0.00000000 2183.51309602 59892.24641848 
0.06000000 0.00000000 2224.11140428 59893.76365502 
0.08000000 0.00000000 2183.03496633 59902.74520432 
0.10000000 0.00000000 2176.05403451 59908.25628167 
0.12000000 0.00000000 2168.02065302 59913.40551710 
0.14000000 0.00000000 1563.23444616 59343.05514879 
0.16000000 0.00000000 1574.76052866 59384.65858007 
0.18000000 0.00000000 2145.75049595 59926.08649019 
0.20000000 0.00000000 2139.84996458 59929.59437627 
0.22000000 0.00000000 2133.38987620 59932.75845003 
0.24000000 0.00000000 2126.96088433 59935.68566882 
0.26000000 0.00000000 2107.26527811 59936.38507751 
0.28000000 0.00000000 2101.15239846 59938.74797426 
0.30000000 0.00000000 2095.29135230 59940.91823928 
0.32000000 0.00000000 2089.80310599 59942.83205431 
0.34000000 0.00000000 2084.95434303 59944.42395860 
0.36000000 0.00000000 2081.29644647 59945.68570453 
0.38000000 0.00000000 2078.76709406 59946.48591358 
0.40000000 0.00000000 1517.67324580 58672.45623349 
0.42000000 0.00000000 1517.49574899 58674.30907454 
0.44000000 0.00000000 2080.41911829 59945.94867606 
0.46000000 0.00000000 2084.06116659 59944.77538183 
0.48000000 0.00000000 2088.86589061 59943.12767529 
0.50000000 0.00000000 2094.82549716 59941.12017274 
0.52000000 0.00000000 2101.49172949 59938.79049983 
0.54000000 0.00000000 2108.49689042 59936.19792406 
0.56000000 0.00000000 2115.61354809 59933.41048862 
0.58000000 0.00000000 2136.52535986 59932.03458976 
0.60000000 0.00000000 2143.79638714 59928.74951480 
0.62000000 0.00000000 2150.97933836 59925.31317587 
0.64000000 0.00000000 2158.23678638 59921.69112979 
0.66000000 0.00000000 1600.86033383 59461.71126780 
0.68000000 0.00000000 1592.72166257 59438.34244970 
0.70000000 0.00000000 2180.88828169 59909.11756008 
0.72000000 0.00000000 2188.98692679 59904.21863983 
0.74000000 0.00000000 2196.60096957 59899.00750314 
0.76000000 0.00000000 2205.14387749 59893.45002386 
0.78000000 0.00000000 2211.97365134 59887.86360649 
0.80000000 0.00000000 2220.16253275 59882.03316033 
0.82000000 0.00000000 2228.04239226 59876.21560535 
0.84000000 0.00000000 2235.23291931 59870.58076386 
0.86000000 0.00000000 2281.37927303 59855.97043372 
0.88000000 0.00000000 2288.26140622 59849.93535113 
0.90000000 0.00000000 2205.91986590 59865.35934176 
0.92000000 0.00000000 2090.27489681 59871.58125291 
0.94000000 0.00000000 2303.70856932 59835.19683257 
0.96000000 0.00000000 2307.14100143 59831.51824874 
0.98000000 0.00000000 2355.25641258 59810.92792258 

