-1.00000000 0.00000000 -425.72938454 63742.74762113 
-0.98000000 0.00000000 -423.95613850 63743.04771705 
-0.96000000 0.00000000 -420.94748365 63743.56625197 
-0.94000000 0.00000000 -614.92994749 63705.32039176 
-0.92000000 0.00000000 -608.51552662 63706.69650412 
-0.90000000 0.00000000 -287.50607373 63765.26581668 
-0.88000000 0.00000000 -284.48169270 63765.70553379 
-0.86000000 0.00000000 -280.96855112 63766.21614513 
-0.84000000 0.00000000 -1062.72490405 63586.24469613 
-0.82000000 0.00000000 -1062.63281270 63586.25818376 
-0.80000000 0.00000000 -385.50804218 63749.61081740 
-0.78000000 0.00000000 -225.68401312 63774.03433656 
-0.76000000 0.00000000 -223.51083833 63774.32238187 
-0.74000000 0.00000000 -221.80307024 63774.54678358 
-0.72000000 0.00000000 -216.94428814 63775.19622080 
-0.70000000 0.00000000 -389.05290488 63748.96692108 
-0.68000000 0.00000000 -387.79912617 63749.17434195 
-0.66000000 0.00000000 -1049.45230065 63590.29079271 
-0.64000000 0.00000000 -1046.59706496 63591.17660177 
-0.62000000 0.00000000 -386.46885423 63749.39274263 
-0.60000000 0.00000000 -1046.91093321 63591.08074347 
-0.58000000 0.00000000 -1050.36957534 63590.00817178 
-0.56000000 0.00000000 -388.78903379 63749.00758976 
-0.54000000 0.00000000 -216.69465287 63775.22436008 
-0.52000000 0.00000000 -221.46474381 63774.58587195 
-0.50000000 0.00000000 -222.97727311 63774.38647989 
-0.48000000 0.00000000 -224.54206427 63774.17935977 
-0.46000000 0.00000000 -226.70886364 63773.88906233 
-0.44000000 0.00000000 -1060.15188235 63587.01697145 
-0.42000000 0.00000000 -1061.30204641 63586.66227623 
-0.40000000 0.00000000 -229.60700403 63773.50225596 
-0.38000000 0.00000000 -230.18609937 63773.42385869 
-0.36000000 0.00000000 -230.35943106 63773.40007696 
-0.34000000 0.00000000 -230.31744883 63773.40497377 
-0.32000000 0.00000000 -230.10551076 63773.43254574 
-0.30000000 0.00000000 -1077.36770974 63581.58096051 
-0.28000000 0.00000000 -1077.08206283 63581.66802663 
-0.26000000 0.00000000 -229.03988059 63773.57307894 
-0.24000000 0.00000000 -228.92141414 63773.58816650 
-0.22000000 0.00000000 -229.21404193 63773.54783685 
-0.20000000 0.00000000 -229.68289887 63773.48455467 
-0.18000000 0.00000000 -1079.49969170 63580.89923384 
-0.16000000 0.00000000 -1080.72463785 63580.51723440 
-0.14000000 0.00000000 -234.98442131 63772.76772234 
-0.12000000 0.00000000 -237.15575596 63772.47560182 
-0.10000000 0.00000000 -240.98666318 63771.95362306 
-0.08000000 0.00000000 -245.68213377 63771.30961139 
-0.06000000 0.00000000 -1095.52004674 63575.88126762 
-0.04000000 0.00000000 -1100.06678503 63574.44815363 
-0.02000000 0.00000000 -274.93046815 63767.16683165 
0.00000000 0.00000000 -280.74528203 63766.33250916 
0.02000000 0.00000000 -287.88522452 63765.29479963 
0.04000000 0.00000000 -293.47387011 63764.48019276 
0.06000000 0.00000000 -442.93815166 63739.74151210 
0.08000000 0.00000000 -347.54978407 63756.10040311 
0.10000000 0.00000000 -357.13748237 63754.56413448 
0.12000000 0.00000000 -362.30594214 63753.73571470 
0.14000000 0.00000000 249.34272767 63815.81611270 
0.16000000 0.00000000 245.82151470 63815.68332674 
0.18000000 0.00000000 -372.68395078 63752.06201722 
0.20000000 0.00000000 -378.07416989 63751.17205905 
0.22000000 0.00000000 -380.46880546 63750.77882049 
0.24000000 0.00000000 -382.29501113 63750.47871318 
0.26000000 0.00000000 -336.59550179 63757.96541077 
0.28000000 0.00000000 -337.92960663 63757.75786868 
0.30000000 0.00000000 -339.25893633 63757.54991684 
0.32000000 0.00000000 -340.28677720 63757.38906728 
0.34000000 0.00000000 -340.97406159 63757.28179905 
0.36000000 0.00000000 -342.19637778 63757.08816881 
0.38000000 0.00000000 -342.72308444 63757.00508035 
0.40000000 0.00000000 279.15645502 63816.92029732 
0.42000000 0.00000000 279.11036838 63816.91880892 
0.44000000 0.00000000 -342.75937047 63756.99921096 
0.46000000 0.00000000 -342.27882160 63757.07498546 
0.48000000 0.00000000 -341.21807923 63757.24304929 
0.50000000 0.00000000 -340.59283683 63757.34096280 
0.52000000 0.00000000 -339.95210613 63757.44099691 
0.54000000 0.00000000 -339.06909143 63757.57938135 
0.56000000 0.00000000 -338.00033904 63757.74700568 
0.58000000 0.00000000 -384.55558410 63750.10555109 
0.60000000 0.00000000 -383.50717072 63750.27920258 
0.62000000 0.00000000 -382.24384276 63750.48844476 
0.64000000 0.00000000 -381.04911662 63750.68529583 
0.66000000 0.00000000 237.77705377 63815.37268551 
0.68000000 0.00000000 240.43773646 63815.48023257 
0.70000000 0.00000000 -375.63652592 63751.57545321 
0.72000000 0.00000000 -373.32514670 63751.95355589 
0.74000000 0.00000000 -368.50272805 63752.74613805 
0.76000000 0.00000000 -365.88500097 63753.16953845 
0.78000000 0.00000000 -358.13768092 63754.43205010 
0.80000000 0.00000000 -354.77187110 63754.97009295 
0.82000000 0.00000000 -351.39246219 63755.50731939 
0.84000000 0.00000000 -347.46622774 63756.12985115 
0.86000000 0.00000000 -455.85551984 63737.40817664 
0.88000000 0.00000000 -452.00871350 63738.09915844 
0.90000000 0.00000000 -235.09219841 63772.91484000 
0.92000000 0.00000000 -55.81138365 63794.36272807 
0.94000000 0.00000000 -440.58550050 63740.13103210 
0.96000000 0.00000000 -436.80906938 63740.79658538 
0.98000000 0.00000000 -576.69205112 63713.54903170 

