-1.00000000 0.00000000 -596.73692587 59691.41936801 
-0.98000000 0.00000000 -598.16151695 59692.67270970 
-0.96000000 0.00000000 -599.13276516 59692.76412559 
-0.94000000 0.00000000 -620.53516492 59784.80628553 
-0.92000000 0.00000000 -620.96690314 59783.46826982 
-0.90000000 0.00000000 -584.02632019 59608.92460402 
-0.88000000 0.00000000 -583.96168902 59607.04525306 
-0.86000000 0.00000000 -583.72470825 59604.62834794 
-0.84000000 0.00000000 -656.80557468 59918.24332263 
-0.82000000 0.00000000 -657.29443009 59918.68956990 
-0.80000000 0.00000000 -598.75700455 59676.88063705 
-0.78000000 0.00000000 -575.88961669 59559.07663383 
-0.76000000 0.00000000 -575.66897076 59557.25261084 
-0.74000000 0.00000000 -575.51903835 59555.85182461 
-0.72000000 0.00000000 -574.84518929 59551.53893164 
-0.70000000 0.00000000 -600.13361096 59680.18600901 
-0.68000000 0.00000000 -600.04586118 59679.53481814 
-0.66000000 0.00000000 -659.19961226 59918.62904241 
-0.64000000 0.00000000 -658.85330030 59917.82704873 
-0.62000000 0.00000000 -599.50517756 59678.21398311 
-0.60000000 0.00000000 -657.82217396 59916.78770569 
-0.58000000 0.00000000 -657.15503594 59916.61113140 
-0.56000000 0.00000000 -598.36704166 59677.54796015 
-0.54000000 0.00000000 -573.08157916 59548.43466133 
-0.52000000 0.00000000 -573.31553820 59551.94851187 
-0.50000000 0.00000000 -573.02156613 59552.45289702 
-0.48000000 0.00000000 -572.75246586 59553.03150869 
-0.46000000 0.00000000 -572.61318180 59554.21014217 
-0.44000000 0.00000000 -649.39484510 59909.59846477 
-0.42000000 0.00000000 -648.62189658 59908.93971734 
-0.40000000 0.00000000 -572.04996792 59555.23663606 
-0.38000000 0.00000000 -571.96450849 59555.52409385 
-0.36000000 0.00000000 -571.89337467 59555.59261623 
-0.34000000 0.00000000 -571.85219172 59555.58972723 
-0.32000000 0.00000000 -571.82874619 59555.52412193 
-0.30000000 0.00000000 -648.04489166 59911.27151935 
-0.28000000 0.00000000 -648.07868849 59911.40947046 
-0.26000000 0.00000000 -571.68061677 59555.00780277 
-0.24000000 0.00000000 -571.54403732 59554.85885660 
-0.22000000 0.00000000 -571.33479039 59554.84999210 
-0.20000000 0.00000000 -570.96261010 59554.67098195 
-0.18000000 0.00000000 -645.26817244 59909.40976634 
-0.16000000 0.00000000 -643.40191023 59907.59988120 
-0.14000000 0.00000000 -568.72575694 59554.52049380 
-0.12000000 0.00000000 -567.28374004 59553.42232873 
-0.10000000 0.00000000 -565.61036538 59552.85262459 
-0.08000000 0.00000000 -563.55482914 59552.01841660 
-0.06000000 0.00000000 -622.57687694 59884.91591217 
-0.04000000 0.00000000 -615.88836633 59876.93666417 
-0.02000000 0.00000000 -556.10986529 59554.96732552 
0.00000000 0.00000000 -552.26140269 59550.76423571 
0.02000000 0.00000000 -548.25384999 59546.75471548 
0.04000000 0.00000000 -543.92528623 59541.05430458 
0.06000000 0.00000000 -549.88165231 59619.26388178 
0.08000000 0.00000000 -538.30102227 59556.35832094 
0.10000000 0.00000000 -534.16781484 59552.18209128 
0.12000000 0.00000000 -530.00512681 59545.69316228 
0.14000000 0.00000000 -657.92930956 57774.82426207 
0.16000000 0.00000000 -637.52520123 57848.69051614 
0.18000000 0.00000000 -519.13315355 59526.23321464 
0.20000000 0.00000000 -516.14081256 59521.65494983 
0.22000000 0.00000000 -513.20440656 59515.67187468 
0.24000000 0.00000000 -510.38377855 59509.51261084 
0.26000000 0.00000000 -505.91796594 59476.62596660 
0.28000000 0.00000000 -503.38611329 59470.47220398 
0.30000000 0.00000000 -500.99407895 59464.53046422 
0.32000000 0.00000000 -498.80210852 59458.85785759 
0.34000000 0.00000000 -496.90538453 59453.74629739 
0.36000000 0.00000000 -495.43606742 59450.05882170 
0.38000000 0.00000000 -494.45408740 59447.40591744 
0.40000000 0.00000000 -1163.45301003 56842.20068031 
0.42000000 0.00000000 -1161.47562816 56844.04363695 
0.44000000 0.00000000 -495.10841895 59449.20500799 
0.46000000 0.00000000 -496.53155308 59453.06597527 
0.48000000 0.00000000 -498.44911641 59458.01796541 
0.50000000 0.00000000 -500.79175884 59464.30969034 
0.52000000 0.00000000 -503.43409448 59471.30723604 
0.54000000 0.00000000 -506.26194388 59478.53633980 
0.56000000 0.00000000 -509.19095293 59485.76142701 
0.58000000 0.00000000 -514.15844324 59519.87679052 
0.60000000 0.00000000 -517.28492310 59527.01822137 
0.62000000 0.00000000 -520.45256563 59533.94117604 
0.64000000 0.00000000 -523.71137178 59540.88503314 
0.66000000 0.00000000 -603.53995843 57994.43511462 
0.68000000 0.00000000 -613.89205857 57950.32487265 
0.70000000 0.00000000 -534.40549839 59561.70375497 
0.72000000 0.00000000 -538.38317706 59568.90946820 
0.74000000 0.00000000 -542.40921863 59574.92256422 
0.76000000 0.00000000 -546.74169474 59582.32924283 
0.78000000 0.00000000 -550.77569496 59586.67882539 
0.80000000 0.00000000 -555.13056248 59593.40703790 
0.82000000 0.00000000 -559.39975288 59599.77310409 
0.84000000 0.00000000 -563.44234256 59605.28905097 
0.86000000 0.00000000 -577.63168486 59673.52727656 
0.88000000 0.00000000 -581.66534750 59678.63957047 
0.90000000 0.00000000 -561.79357995 59542.89973849 
0.92000000 0.00000000 -538.06282834 59343.51425419 
0.94000000 0.00000000 -591.29395830 59689.26861099 
0.96000000 0.00000000 -593.64343822 59691.29545312 
0.98000000 0.00000000 -609.88582104 59760.44770676 

