-1.00000000 0.00000000 2144.55700118 55672.72062851 
-0.98000000 0.00000000 2143.70555237 55674.76239915 
-0.96000000 0.00000000 2145.63319985 55675.66367334 
-0.94000000 0.00000000 1893.78385003 55781.19097706 
-0.92000000 0.00000000 1898.75638914 55779.58346993 
-0.90000000 0.00000000 2397.59667129 55634.45764260 
-0.88000000 0.00000000 2403.91661932 55634.50739216 
-0.86000000 0.00000000 2411.70483129 55634.40257378 
-0.84000000 0.00000000 1571.12356665 56027.63868821 
-0.82000000 0.00000000 1570.66418528 56028.65019224 
-0.80000000 0.00000000 2197.73661568 55666.34654221 
-0.78000000 0.00000000 2552.89035556 55636.12715557 
-0.76000000 0.00000000 2558.79400543 55636.69462209 
-0.74000000 0.00000000 2563.39379090 55637.19166698 
-0.72000000 0.00000000 2577.04634179 55638.42232577 
-0.70000000 0.00000000 2189.78258910 55669.43635428 
-0.68000000 0.00000000 2191.81956561 55669.03184782 
-0.66000000 0.00000000 1574.05315772 56028.54518814 
-0.64000000 0.00000000 1575.68677687 56026.77939441 
-0.62000000 0.00000000 2195.06271033 55667.85256419 
-0.60000000 0.00000000 1576.83396984 56024.53111772 
-0.58000000 0.00000000 1576.20446874 56024.18319630 
-0.56000000 0.00000000 2194.48495794 55666.36657892 
-0.54000000 0.00000000 2583.33290378 55636.87263316 
-0.52000000 0.00000000 2571.29959038 55635.18653695 
-0.50000000 0.00000000 2568.63650121 55634.30451990 
-0.48000000 0.00000000 2565.78162273 55633.43555885 
-0.46000000 0.00000000 2561.13970351 55632.49002018 
-0.44000000 0.00000000 1581.99703451 56009.23037048 
-0.42000000 0.00000000 1582.47236706 56007.83100012 
-0.40000000 0.00000000 2555.96603868 55630.85427905 
-0.38000000 0.00000000 2554.77806902 55630.55693449 
-0.36000000 0.00000000 2554.44853395 55630.41629395 
-0.34000000 0.00000000 2554.49025470 55630.38221697 
-0.32000000 0.00000000 2554.83667344 55630.42673885 
-0.30000000 0.00000000 1575.73478291 56012.82355833 
-0.28000000 0.00000000 1575.61130870 56013.06322698 
-0.26000000 0.00000000 2556.95154484 55630.64755958 
-0.24000000 0.00000000 2557.35624503 55630.55965747 
-0.22000000 0.00000000 2557.05004019 55630.26200495 
-0.20000000 0.00000000 2556.87916251 55629.74719324 
-0.18000000 0.00000000 1577.32641725 56008.65789362 
-0.16000000 0.00000000 1579.19342593 56004.85708399 
-0.14000000 0.00000000 2551.49030089 55625.82540007 
-0.12000000 0.00000000 2551.28637321 55623.70945997 
-0.10000000 0.00000000 2548.34681097 55620.84153547 
-0.08000000 0.00000000 2545.04637708 55617.33933715 
-0.06000000 0.00000000 1602.96358749 55959.05658388 
-0.04000000 0.00000000 1611.50215573 55943.50986785 
-0.02000000 0.00000000 2510.04726277 55601.76688833 
0.00000000 0.00000000 2512.28419913 55596.10953795 
0.02000000 0.00000000 2512.90954306 55589.95216808 
0.04000000 0.00000000 2518.22110142 55583.73838664 
0.06000000 0.00000000 2255.90650818 55590.22972157 
0.08000000 0.00000000 2440.93070516 55568.28244471 
0.10000000 0.00000000 2440.30591711 55561.58938104 
0.12000000 0.00000000 2447.66599222 55555.19419141 
0.14000000 0.00000000 3235.54406296 61131.04503467 
0.16000000 0.00000000 3358.19083264 60998.98605847 
0.18000000 0.00000000 2474.08339934 55538.70132147 
0.20000000 0.00000000 2477.80974920 55533.80766163 
0.22000000 0.00000000 2486.64313820 55529.36602611 
0.24000000 0.00000000 2496.30978703 55525.17905562 
0.26000000 0.00000000 2597.65027663 55530.29575589 
0.28000000 0.00000000 2607.96905235 55527.32187345 
0.30000000 0.00000000 2617.92902691 55524.55806916 
0.32000000 0.00000000 2627.69234790 55522.15706483 
0.34000000 0.00000000 2636.73638987 55520.21164853 
0.36000000 0.00000000 2642.59985124 55518.48590258 
0.38000000 0.00000000 2647.15533227 55517.45833449 
0.40000000 0.00000000 1851.75056339 61968.54040357 
0.42000000 0.00000000 1854.40267053 61967.90929730 
0.44000000 0.00000000 2643.72783005 55517.98909471 
0.46000000 0.00000000 2636.85225000 55519.38851723 
0.48000000 0.00000000 2628.45509095 55521.47498071 
0.50000000 0.00000000 2617.13479095 55523.86095440 
0.52000000 0.00000000 2604.52349420 55526.63730443 
0.54000000 0.00000000 2591.73432121 55529.78677941 
0.56000000 0.00000000 2579.16180970 55533.20330244 
0.58000000 0.00000000 2475.40435584 55530.06334143 
0.60000000 0.00000000 2463.30086836 55534.70817379 
0.62000000 0.00000000 2451.81127996 55539.47617211 
0.64000000 0.00000000 2440.25874989 55544.40021369 
0.66000000 0.00000000 3598.83518881 60693.10151255 
0.68000000 0.00000000 3525.04857556 60792.14903826 
0.70000000 0.00000000 2407.22922706 55560.77698429 
0.72000000 0.00000000 2396.16329921 55566.90398082 
0.74000000 0.00000000 2389.27732082 55573.15573462 
0.76000000 0.00000000 2378.08616974 55579.80895511 
0.78000000 0.00000000 2376.56278380 55586.00177261 
0.80000000 0.00000000 2367.18699895 55592.61155116 
0.82000000 0.00000000 2358.47632590 55599.06575100 
0.84000000 0.00000000 2351.74799906 55605.12930194 
0.86000000 0.00000000 2154.73035569 55644.75208465 
0.88000000 0.00000000 2148.64225256 55651.50618421 
0.90000000 0.00000000 2572.57087917 55618.75689185 
0.92000000 0.00000000 3214.71949431 55849.51810700 
0.94000000 0.00000000 2138.28117005 55666.67141033 
0.96000000 0.00000000 2137.38393879 55670.00478165 
0.98000000 0.00000000 1948.11959713 55745.50286573 

