-1.00000000 0.00000000 -1516.56248360 58604.22424174 
-0.98000000 0.00000000 -1516.21080942 58604.47323528 
-0.96000000 0.00000000 -1516.01116424 58604.76635077 
-0.94000000 0.00000000 -1508.22623564 58597.95183610 
-0.92000000 0.00000000 -1508.19944992 58598.27818050 
-0.90000000 0.00000000 -1522.43880631 58612.55785385 
-0.88000000 0.00000000 -1522.56037503 58612.85839797 
-0.86000000 0.00000000 -1522.73843258 58613.18305027 
-0.84000000 0.00000000 -1496.47379871 58589.96096536 
-0.82000000 0.00000000 -1496.37822924 58590.03490973 
-0.80000000 0.00000000 -1516.90390669 58607.18203534 
-0.78000000 0.00000000 -1526.27027743 58617.67439373 
-0.76000000 0.00000000 -1526.40883378 58617.89716816 
-0.74000000 0.00000000 -1526.51228928 58618.07372292 
-0.72000000 0.00000000 -1526.83572050 58618.52068470 
-0.70000000 0.00000000 -1516.56327718 58607.13570883 
-0.68000000 0.00000000 -1516.61187205 58607.20188674 
-0.66000000 0.00000000 -1496.04952768 58590.46490429 
-0.64000000 0.00000000 -1496.14803787 58590.47718391 
-0.62000000 0.00000000 -1516.77960823 58607.22756758 
-0.60000000 0.00000000 -1496.40268738 58590.36426946 
-0.58000000 0.00000000 -1496.55386875 58590.23675960 
-0.56000000 0.00000000 -1517.03604945 58606.99620414 
-0.54000000 0.00000000 -1527.31050214 58618.40844759 
-0.52000000 0.00000000 -1527.11173194 58617.94660087 
-0.50000000 0.00000000 -1527.13951579 58617.77114869 
-0.48000000 0.00000000 -1527.15793576 58617.59137500 
-0.46000000 0.00000000 -1527.12492308 58617.36130909 
-0.44000000 0.00000000 -1498.42594688 58589.37623484 
-0.42000000 0.00000000 -1498.60404472 58589.27926722 
-0.40000000 0.00000000 -1527.14590938 58616.98597704 
-0.38000000 0.00000000 -1527.13056476 58616.89390296 
-0.36000000 0.00000000 -1527.11895781 58616.83454801 
-0.34000000 0.00000000 -1527.10208402 58616.79048166 
-0.32000000 0.00000000 -1527.08229120 58616.75646122 
-0.30000000 0.00000000 -1498.55665958 58588.72793195 
-0.28000000 0.00000000 -1498.52096912 58588.67118197 
-0.26000000 0.00000000 -1527.04753243 58616.65202434 
-0.24000000 0.00000000 -1527.05617117 58616.58148148 
-0.22000000 0.00000000 -1527.07965396 58616.46829504 
-0.20000000 0.00000000 -1527.15247920 58616.33437829 
-0.18000000 0.00000000 -1499.15137628 58588.00725437 
-0.16000000 0.00000000 -1499.64483289 58587.76403265 
-0.14000000 0.00000000 -1527.68319871 58615.60068096 
-0.12000000 0.00000000 -1528.09278798 58615.33974495 
-0.10000000 0.00000000 -1528.56217579 58614.96379445 
-0.08000000 0.00000000 -1529.15690100 58614.55063064 
-0.06000000 0.00000000 -1505.53407913 58586.00796211 
-0.04000000 0.00000000 -1507.50425305 58585.65005291 
-0.02000000 0.00000000 -1531.23858079 58612.45194369 
0.00000000 0.00000000 -1532.48042516 58612.19989030 
0.02000000 0.00000000 -1533.77404058 58611.92596152 
0.04000000 0.00000000 -1535.21179620 58611.83987115 
0.06000000 0.00000000 -1531.63687333 58603.37354035 
0.08000000 0.00000000 -1536.56417313 58609.02086281 
0.10000000 0.00000000 -1537.92395525 58608.89481385 
0.12000000 0.00000000 -1539.35342777 58609.07572589 
0.14000000 0.00000000 -1535.73616647 58851.61700179 
0.16000000 0.00000000 -1540.59417557 58841.04426675 
0.18000000 0.00000000 -1543.20980570 58610.06797515 
0.20000000 0.00000000 -1544.28457289 58610.34425589 
0.22000000 0.00000000 -1545.39055558 58610.84037128 
0.24000000 0.00000000 -1546.48048615 58611.42206137 
0.26000000 0.00000000 -1548.71316302 58614.99527455 
0.28000000 0.00000000 -1549.73659363 58615.70744711 
0.30000000 0.00000000 -1550.71585684 58616.43874246 
0.32000000 0.00000000 -1551.62435406 58617.16916770 
0.34000000 0.00000000 -1552.41874063 58617.84998909 
0.36000000 0.00000000 -1553.03116737 58618.36625756 
0.38000000 0.00000000 -1553.44616268 58618.74513021 
0.40000000 0.00000000 -1448.36527205 58936.55356900 
0.42000000 0.00000000 -1448.59645036 58936.51139675 
0.44000000 0.00000000 -1553.18053972 58618.55607560 
0.46000000 0.00000000 -1552.58568439 58618.05168281 
0.48000000 0.00000000 -1551.78850483 58617.40547721 
0.50000000 0.00000000 -1550.81036427 58616.60662443 
0.52000000 0.00000000 -1549.71172729 58615.74426839 
0.54000000 0.00000000 -1548.54636634 58614.88722976 
0.56000000 0.00000000 -1547.35295802 58614.07439880 
0.58000000 0.00000000 -1544.91564217 58610.40956831 
0.60000000 0.00000000 -1543.68674221 58609.74021541 
0.62000000 0.00000000 -1542.46699971 58609.15913824 
0.64000000 0.00000000 -1541.23664766 58608.64387666 
0.66000000 0.00000000 -1548.22208970 58821.25497079 
0.68000000 0.00000000 -1545.72333374 58828.06727331 
0.70000000 0.00000000 -1537.36514123 58607.52052172 
0.72000000 0.00000000 -1535.97099968 58607.25755503 
0.74000000 0.00000000 -1534.60141210 58607.17922168 
0.76000000 0.00000000 -1533.11854861 58607.01877308 
0.78000000 0.00000000 -1531.80688594 58607.20969015 
0.80000000 0.00000000 -1530.35653302 58607.20259806 
0.82000000 0.00000000 -1528.95344286 58607.25694940 
0.84000000 0.00000000 -1527.65140886 58607.40487149 
0.86000000 0.00000000 -1522.00055192 58601.84073075 
0.88000000 0.00000000 -1520.75700694 58602.08476964 
0.90000000 0.00000000 -1529.74812124 58615.30055811 
0.92000000 0.00000000 -1542.00146139 58637.25489944 
0.94000000 0.00000000 -1517.92937781 58603.02094328 
0.96000000 0.00000000 -1517.28791538 58603.36773688 
0.98000000 0.00000000 -1511.35359582 58598.33036999 

