-1.00000000 0.00000000 1896.39642629 57722.92682140 
-0.98000000 0.00000000 1895.16974319 57725.82801981 
-0.96000000 0.00000000 1894.90204879 57727.56974505 
-0.94000000 0.00000000 1826.40359010 57793.63465664 
-0.92000000 0.00000000 1827.25965886 57793.95175989 
-0.90000000 0.00000000 1959.74187690 57677.96749403 
-0.88000000 0.00000000 1961.22815979 57677.33144620 
-0.86000000 0.00000000 1963.15870199 57676.25852423 
-0.84000000 0.00000000 1733.12370068 57902.22691633 
-0.82000000 0.00000000 1732.79516679 57903.21650244 
-0.80000000 0.00000000 1906.77856800 57722.05737974 
-0.78000000 0.00000000 1999.77631049 57651.42855056 
-0.76000000 0.00000000 2001.26740918 57650.59766215 
-0.74000000 0.00000000 2002.40977587 57649.99267537 
-0.72000000 0.00000000 2005.91285612 57647.82453202 
-0.70000000 0.00000000 1904.20998465 57725.32903731 
-0.68000000 0.00000000 1904.70510629 57724.97820832 
-0.66000000 0.00000000 1732.59248932 57906.46879616 
-0.64000000 0.00000000 1733.15282904 57905.57734826 
-0.62000000 0.00000000 1905.78280671 57723.62976820 
-0.60000000 0.00000000 1733.98814986 57903.38414748 
-0.58000000 0.00000000 1734.22326998 57902.13318259 
-0.56000000 0.00000000 1906.51768607 57721.42115680 
-0.54000000 0.00000000 2008.75049457 57644.03735328 
-0.52000000 0.00000000 2005.97808588 57645.23844138 
-0.50000000 0.00000000 2005.65091800 57644.85031589 
-0.48000000 0.00000000 2005.25793441 57644.52382039 
-0.46000000 0.00000000 2004.36927954 57644.55981116 
-0.44000000 0.00000000 1740.05434506 57885.89789764 
-0.42000000 0.00000000 1740.60125611 57884.30081076 
-0.40000000 0.00000000 2003.64043765 57643.86386299 
-0.38000000 0.00000000 2003.40319009 57643.80298927 
-0.36000000 0.00000000 2003.32438444 57643.72064524 
-0.34000000 0.00000000 2003.28708492 57643.67723525 
-0.32000000 0.00000000 2003.28825794 57643.65315913 
-0.30000000 0.00000000 1739.05098950 57884.20192473 
-0.28000000 0.00000000 1738.90575159 57884.34652232 
-0.26000000 0.00000000 2003.54181813 57643.37987736 
-0.24000000 0.00000000 2003.63636405 57643.13822547 
-0.22000000 0.00000000 2003.65344083 57642.79455203 
-0.20000000 0.00000000 2003.86235253 57642.11685340 
-0.18000000 0.00000000 1740.53122120 57878.75263225 
-0.16000000 0.00000000 1742.05656578 57874.77174250 
-0.14000000 0.00000000 2004.69538786 57638.09003473 
-0.12000000 0.00000000 2006.06728679 57635.23438110 
-0.10000000 0.00000000 2007.17223530 57632.04823045 
-0.08000000 0.00000000 2008.66955142 57628.08565043 
-0.06000000 0.00000000 1761.62240693 57828.85358436 
-0.04000000 0.00000000 1768.60378776 57813.72405146 
-0.02000000 0.00000000 2009.93646262 57614.79052866 
0.00000000 0.00000000 2014.91781453 57606.72852121 
0.02000000 0.00000000 2019.90256791 57598.39782430 
0.04000000 0.00000000 2026.37476265 57589.14129194 
0.06000000 0.00000000 1966.45464475 57616.43675883 
0.08000000 0.00000000 2018.10119784 57581.27576429 
0.10000000 0.00000000 2023.46892518 57572.57685347 
0.12000000 0.00000000 2030.64042209 57563.40444824 
0.14000000 0.00000000 3129.33039574 58743.13080216 
0.16000000 0.00000000 3128.83517951 58636.75523445 
0.18000000 0.00000000 2051.74680484 57539.10582338 
0.20000000 0.00000000 2057.14795793 57532.55504403 
0.22000000 0.00000000 2063.66114247 57525.89365082 
0.24000000 0.00000000 2070.32912887 57519.43940599 
0.26000000 0.00000000 2098.65207685 57506.26556208 
0.28000000 0.00000000 2105.39661189 57500.54750207 
0.30000000 0.00000000 2111.94616406 57495.15101119 
0.32000000 0.00000000 2118.18829801 57490.20282122 
0.34000000 0.00000000 2123.79625910 57485.92021652 
0.36000000 0.00000000 2127.96367612 57482.64311802 
0.38000000 0.00000000 2130.91414850 57480.43957194 
0.40000000 0.00000000 2673.15446028 59992.10881492 
0.42000000 0.00000000 2674.96388112 59989.96288972 
0.44000000 0.00000000 2128.97851964 57481.88810447 
0.46000000 0.00000000 2124.73553032 57485.07903081 
0.48000000 0.00000000 2119.23739560 57489.37749205 
0.50000000 0.00000000 2112.38117994 57494.68805396 
0.52000000 0.00000000 2104.79133889 57500.70900382 
0.54000000 0.00000000 2096.94996731 57507.16528327 
0.56000000 0.00000000 2089.12234657 57513.85879154 
0.58000000 0.00000000 2059.69534712 57528.46783777 
0.60000000 0.00000000 2052.12021112 57535.75130704 
0.62000000 0.00000000 2044.79316278 57543.09779234 
0.64000000 0.00000000 2037.50374643 57550.63949901 
0.66000000 0.00000000 3110.06943927 58433.72708633 
0.68000000 0.00000000 3117.62200244 58495.29205166 
0.70000000 0.00000000 2015.72468842 57575.12999843 
0.72000000 0.00000000 2008.23053035 57584.17533230 
0.74000000 0.00000000 2001.67247761 57593.09684627 
0.76000000 0.00000000 1994.02732573 57602.89713522 
0.78000000 0.00000000 1988.83881620 57611.50663378 
0.80000000 0.00000000 1981.85032395 57621.22401999 
0.82000000 0.00000000 1975.25486897 57630.70583187 
0.84000000 0.00000000 1969.46125368 57639.56928331 
0.86000000 0.00000000 1915.29729785 57682.77536076 
0.88000000 0.00000000 1910.19460010 57691.68993849 
0.90000000 0.00000000 2015.87379188 57623.26615331 
0.92000000 0.00000000 2182.27148076 57553.28609275 
0.94000000 0.00000000 1899.45769124 57712.42924851 
0.96000000 0.00000000 1897.32533494 57717.29172254 
0.98000000 0.00000000 1845.25395912 57766.95177400 

