-1.00000000 0.00000000 -3333.40134904 59920.98585733 
-0.98000000 0.00000000 -3333.83042446 59917.34620947 
-0.96000000 0.00000000 -3331.74605409 59919.49098068 
-0.94000000 0.00000000 -3557.58074476 59341.35995860 
-0.92000000 0.00000000 -3553.06455540 59353.11384858 
-0.90000000 0.00000000 -3096.97119261 60347.81495914 
-0.88000000 0.00000000 -3091.09514955 60356.66427453 
-0.86000000 0.00000000 -3083.88962933 60367.72037010 
-0.84000000 0.00000000 -3754.99157748 58274.16550769 
-0.82000000 0.00000000 -3754.76311330 58271.44648953 
-0.80000000 0.00000000 -3282.38507958 60013.15558590 
-0.78000000 0.00000000 -2955.45053707 60559.90823573 
-0.76000000 0.00000000 -2950.13015330 60567.16771823 
-0.74000000 0.00000000 -2945.98429481 60572.74728311 
-0.72000000 0.00000000 -2933.74258908 60589.66470380 
-0.70000000 0.00000000 -3289.58668744 59996.62276628 
-0.68000000 0.00000000 -3287.66757993 60000.25926526 
-0.66000000 0.00000000 -3751.91342202 58280.00878786 
-0.64000000 0.00000000 -3751.57464533 58286.72574664 
-0.62000000 0.00000000 -3284.68609929 60006.64326843 
-0.60000000 0.00000000 -3751.90874905 58292.77284827 
-0.58000000 0.00000000 -3752.63017581 58291.54340533 
-0.56000000 0.00000000 -3285.45494031 60007.43132480 
-0.54000000 0.00000000 -2928.24339798 60599.33117305 
-0.52000000 0.00000000 -2939.05433932 60585.01373177 
-0.50000000 0.00000000 -2941.49032407 60582.35952885 
-0.48000000 0.00000000 -2944.09760165 60579.43706250 
-0.46000000 0.00000000 -2948.30552984 60574.20244629 
-0.44000000 0.00000000 -3756.28976322 58327.18426973 
-0.42000000 0.00000000 -3756.67526531 58330.35532086 
-0.40000000 0.00000000 -2953.03885490 60568.97436497 
-0.38000000 0.00000000 -2954.11765909 60567.69715074 
-0.36000000 0.00000000 -2954.41721231 60567.40944317 
-0.34000000 0.00000000 -2954.37693982 60567.50925390 
-0.32000000 0.00000000 -2954.05939123 60567.93448748 
-0.30000000 0.00000000 -3759.53718498 58305.82281220 
-0.28000000 0.00000000 -3759.51170290 58305.18131805 
-0.26000000 0.00000000 -2952.16141512 60570.51415111 
-0.24000000 0.00000000 -2951.82471538 60571.10195516 
-0.22000000 0.00000000 -2952.15216068 60570.92006840 
-0.20000000 0.00000000 -2952.39393411 60571.09444747 
-0.18000000 0.00000000 -3760.70911597 58315.04353720 
-0.16000000 0.00000000 -3761.34050850 58324.71601881 
-0.14000000 0.00000000 -2957.82338912 60567.08642538 
-0.12000000 0.00000000 -2958.34597567 60568.50686042 
-0.10000000 0.00000000 -2961.42094666 60566.90479129 
-0.08000000 0.00000000 -2964.92018797 60565.32816227 
-0.06000000 0.00000000 -3766.25171320 58443.87477073 
-0.04000000 0.00000000 -3766.87327081 58485.19299515 
-0.02000000 0.00000000 -2998.80875356 60531.17676689 
0.00000000 0.00000000 -2997.68173449 60538.74821356 
0.02000000 0.00000000 -2998.07843846 60544.56285096 
0.04000000 0.00000000 -2994.23716633 60556.66348218 
0.06000000 0.00000000 -3240.21545604 60176.54651876 
0.08000000 0.00000000 -3067.37463511 60464.86288001 
0.10000000 0.00000000 -3068.99507349 60469.64850714 
0.12000000 0.00000000 -3063.14238180 60485.14006712 
0.14000000 0.00000000 -461.53107546 61874.03428450 
0.16000000 0.00000000 -500.62850690 61887.99018294 
0.18000000 0.00000000 -3041.15527631 60534.82728691 
0.20000000 0.00000000 -3038.42253875 60543.93081196 
0.22000000 0.00000000 -3030.93084231 60559.43408528 
0.24000000 0.00000000 -3022.65655459 60575.73938174 
0.26000000 0.00000000 -2930.74880909 60702.47819051 
0.28000000 0.00000000 -2922.03190068 60717.80450338 
0.30000000 0.00000000 -2913.63227280 60732.42818560 
0.32000000 0.00000000 -2905.38453153 60746.44462151 
0.34000000 0.00000000 -2897.73139025 60759.14745621 
0.36000000 0.00000000 -2892.84325500 60767.70803455 
0.38000000 0.00000000 -2889.01079571 60774.10110701 
0.40000000 0.00000000 -100.73435982 61595.42684010 
0.42000000 0.00000000 -101.35786795 61596.32457716 
0.44000000 0.00000000 -2891.92525578 60769.49603696 
0.46000000 0.00000000 -2897.73681384 60759.95685632 
0.48000000 0.00000000 -2904.80097106 60747.97185439 
0.50000000 0.00000000 -2914.41066089 60732.06270342 
0.52000000 0.00000000 -2925.14066728 60714.13956781 
0.54000000 0.00000000 -2936.02001507 60695.58362172 
0.56000000 0.00000000 -2946.71347929 60676.96831156 
0.58000000 0.00000000 -3041.09516512 60544.18549054 
0.60000000 0.00000000 -3051.58570706 60524.10633586 
0.62000000 0.00000000 -3061.52074825 60504.61623825 
0.64000000 0.00000000 -3071.51705772 60484.78026928 
0.66000000 0.00000000 -586.48175215 61910.73876514 
0.68000000 0.00000000 -559.54111713 61903.89854472 
0.70000000 0.00000000 -3099.85795007 60425.41384339 
0.72000000 0.00000000 -3109.27787110 60404.73361325 
0.74000000 0.00000000 -3114.74343184 60389.74388310 
0.76000000 0.00000000 -3124.20151701 60368.20783017 
0.78000000 0.00000000 -3124.59663446 60360.79706488 
0.80000000 0.00000000 -3132.33733789 60341.71365891 
0.82000000 0.00000000 -3139.47734530 60323.59638009 
0.84000000 0.00000000 -3144.80628478 60308.58352492 
0.86000000 0.00000000 -3329.24786624 59965.74213995 
0.88000000 0.00000000 -3333.86381512 59949.12443049 
0.90000000 0.00000000 -2940.28353725 60601.93681736 
0.92000000 0.00000000 -2397.33168593 61207.51380626 
0.94000000 0.00000000 -3340.90967550 59916.83888550 
0.96000000 0.00000000 -3341.08910133 59911.92598274 
0.98000000 0.00000000 -3513.15756163 59490.11312060 

