-1.00000000 0.00000000 849.71986645 58770.79305277 
-0.98000000 0.00000000 850.36034490 58772.03732478 
-0.96000000 0.00000000 851.02307477 58771.42017408 
-0.94000000 0.00000000 838.20509749 58939.36799312 
-0.92000000 0.00000000 838.88097313 58936.35351965 
-0.90000000 0.00000000 865.52501517 58621.54811373 
-0.88000000 0.00000000 866.05021025 58618.11785275 
-0.86000000 0.00000000 866.61170210 58613.81289348 
-0.84000000 0.00000000 822.22268471 59193.92926399 
-0.82000000 0.00000000 822.38501761 59194.62167820 
-0.80000000 0.00000000 855.53873209 58741.09814019 
-0.78000000 0.00000000 874.70102704 58534.86113143 
-0.76000000 0.00000000 875.10014552 58531.69256760 
-0.74000000 0.00000000 875.42427501 58529.24348203 
-0.72000000 0.00000000 876.24611136 58521.80331850 
-0.70000000 0.00000000 855.54368706 58746.60283407 
-0.68000000 0.00000000 855.68480104 58745.40292953 
-0.66000000 0.00000000 823.58097061 59193.31991630 
-0.64000000 0.00000000 823.60607489 59191.82312607 
-0.62000000 0.00000000 855.70424777 58743.27033348 
-0.60000000 0.00000000 823.28152777 59190.30460203 
-0.58000000 0.00000000 822.92440496 59190.40578350 
-0.56000000 0.00000000 855.06812374 58742.94835722 
-0.54000000 0.00000000 875.79794639 58517.63527380 
-0.52000000 0.00000000 874.87285738 58523.99587559 
-0.50000000 0.00000000 874.46884512 58525.20334568 
-0.48000000 0.00000000 874.06218130 58526.52386009 
-0.46000000 0.00000000 873.57311305 58528.84666995 
-0.44000000 0.00000000 820.15158220 59180.98576432 
-0.42000000 0.00000000 819.86370406 59180.12690399 
-0.40000000 0.00000000 872.79019785 58531.19343216 
-0.38000000 0.00000000 872.63460716 58531.75779900 
-0.36000000 0.00000000 872.56234902 58531.88598208 
-0.34000000 0.00000000 872.53976627 58531.84063635 
-0.32000000 0.00000000 872.55418176 58531.65019754 
-0.30000000 0.00000000 818.91060994 59185.20649460 
-0.28000000 0.00000000 818.91708184 59185.36504118 
-0.26000000 0.00000000 872.65067245 58530.51014320 
-0.24000000 0.00000000 872.60919150 58530.25680750 
-0.22000000 0.00000000 872.46617022 58530.34823761 
-0.20000000 0.00000000 872.24489380 58530.29911553 
-0.18000000 0.00000000 817.91047645 59182.73435678 
-0.16000000 0.00000000 817.30204259 59180.28011995 
-0.14000000 0.00000000 870.54223659 58532.24421329 
-0.12000000 0.00000000 869.72709735 58531.75257897 
-0.10000000 0.00000000 868.54944714 58532.60204915 
-0.08000000 0.00000000 867.13025249 58533.47225405 
-0.06000000 0.00000000 810.66130163 59150.20638364 
-0.04000000 0.00000000 808.57283724 59139.80880930 
-0.02000000 0.00000000 860.05407418 58548.72428793 
0.00000000 0.00000000 858.11910379 58545.81118262 
0.02000000 0.00000000 855.95628699 58543.65328642 
0.04000000 0.00000000 853.99931954 58538.85163602 
0.06000000 0.00000000 835.45327788 58684.10067027 
0.08000000 0.00000000 844.55439632 58577.07387773 
0.10000000 0.00000000 842.25460613 58575.35092049 
0.12000000 0.00000000 840.58913211 58569.34121027 
0.14000000 0.00000000 1719.27840165 56030.73915241 
0.16000000 0.00000000 1646.77289480 56106.58714041 
0.18000000 0.00000000 836.83600354 58549.82424820 
0.20000000 0.00000000 835.53930983 58546.31880419 
0.22000000 0.00000000 834.68250208 58540.16773639 
0.24000000 0.00000000 833.95601520 58533.65261459 
0.26000000 0.00000000 839.44375184 58479.06705664 
0.28000000 0.00000000 838.88733025 58472.51664699 
0.30000000 0.00000000 838.37200688 58466.22940464 
0.32000000 0.00000000 837.94190694 58460.15199585 
0.34000000 0.00000000 837.60948248 58454.59736996 
0.36000000 0.00000000 837.26139484 58450.87571051 
0.38000000 0.00000000 837.07697204 58448.06728482 
0.40000000 0.00000000 3284.27169942 55877.77758791 
0.42000000 0.00000000 3279.24023161 55874.59061355 
0.44000000 0.00000000 837.19211729 58450.12810511 
0.46000000 0.00000000 837.45114964 58454.33248721 
0.48000000 0.00000000 837.85843775 58459.56361203 
0.50000000 0.00000000 838.26422033 58466.50013920 
0.52000000 0.00000000 838.72139955 58474.25559295 
0.54000000 0.00000000 839.25211343 58482.20749089 
0.56000000 0.00000000 839.84209902 58490.11157824 
0.58000000 0.00000000 834.38512854 58546.43968873 
0.60000000 0.00000000 835.06646530 58554.38919488 
0.62000000 0.00000000 835.81579943 58562.05126134 
0.64000000 0.00000000 836.60988763 58569.80756740 
0.66000000 0.00000000 1519.83661176 56269.05680364 
0.68000000 0.00000000 1557.60202689 56218.65295727 
0.70000000 0.00000000 839.63180649 58592.75290273 
0.72000000 0.00000000 840.85842418 58600.65898535 
0.74000000 0.00000000 842.45107638 58606.33725129 
0.76000000 0.00000000 843.84970326 58614.49318135 
0.78000000 0.00000000 845.88414447 58617.24897893 
0.80000000 0.00000000 847.43107135 58624.42257864 
0.82000000 0.00000000 848.97722366 58631.19696956 
0.84000000 0.00000000 850.56008422 58636.78180616 
0.86000000 0.00000000 840.98350671 58755.35828824 
0.88000000 0.00000000 842.49051788 58760.90901775 
0.90000000 0.00000000 868.42826033 58517.67382221 
0.92000000 0.00000000 910.72728627 58180.62947204 
0.94000000 0.00000000 846.42408306 58771.75387092 
0.96000000 0.00000000 847.52392001 58773.45683937 
0.98000000 0.00000000 838.25834944 58898.30059606 

