-1.00000000 0.00000000 -275.76402572 57158.29290624 
-0.98000000 0.00000000 -276.19919144 57160.03039741 
-0.96000000 0.00000000 -277.13732929 57159.39166248 
-0.94000000 0.00000000 -222.29346994 57371.82675923 
-0.92000000 0.00000000 -223.73879364 57368.07179154 
-0.90000000 0.00000000 -334.66991243 56973.10617323 
-0.88000000 0.00000000 -336.29628227 56968.90251439 
-0.86000000 0.00000000 -338.21863781 56963.61093386 
-0.84000000 0.00000000 -152.25628520 57698.85025564 
-0.82000000 0.00000000 -152.30264477 57699.77385671 
-0.80000000 0.00000000 -290.32463280 57121.70499174 
-0.78000000 0.00000000 -371.40453970 56866.85591469 
-0.76000000 0.00000000 -372.87233559 56863.00046462 
-0.74000000 0.00000000 -374.03047456 56860.02486812 
-0.72000000 0.00000000 -377.33059378 56850.97660793 
-0.70000000 0.00000000 -288.95563624 57128.65231593 
-0.68000000 0.00000000 -289.43851743 57127.15547653 
-0.66000000 0.00000000 -153.85853312 57698.28120813 
-0.64000000 0.00000000 -154.17061124 57696.33024776 
-0.62000000 0.00000000 -290.00758042 57124.44117525 
-0.60000000 0.00000000 -154.11210975 57694.27392019 
-0.58000000 0.00000000 -153.70999435 57694.32700610 
-0.56000000 0.00000000 -289.29189960 57123.87669503 
-0.54000000 0.00000000 -377.96142638 56845.64657978 
-0.52000000 0.00000000 -374.83581303 56853.31064954 
-0.50000000 0.00000000 -373.93377758 56854.70676427 
-0.48000000 0.00000000 -372.99542953 56856.24412481 
-0.46000000 0.00000000 -371.65355385 56859.00862678 
-0.44000000 0.00000000 -152.50179133 57681.41148932 
-0.42000000 0.00000000 -152.35227853 57680.23093787 
-0.40000000 0.00000000 -369.90641173 56861.74079061 
-0.38000000 0.00000000 -369.53064686 56862.41168670 
-0.36000000 0.00000000 -369.39511815 56862.56322227 
-0.34000000 0.00000000 -369.37827935 56862.51347640 
-0.32000000 0.00000000 -369.45542044 56862.29427449 
-0.30000000 0.00000000 -150.37495077 57686.72975164 
-0.28000000 0.00000000 -150.36156313 57686.95692891 
-0.26000000 0.00000000 -369.94707691 56860.94530697 
-0.24000000 0.00000000 -369.98836370 56860.63111377 
-0.22000000 0.00000000 -369.80334260 56860.71493967 
-0.20000000 0.00000000 -369.56890350 56860.59549493 
-0.18000000 0.00000000 -149.95481227 57683.36757161 
-0.16000000 0.00000000 -149.84598505 57680.02281284 
-0.14000000 0.00000000 -366.98637430 56862.49183887 
-0.12000000 0.00000000 -366.18080621 56861.59980051 
-0.10000000 0.00000000 -364.53240287 56862.25691181 
-0.08000000 0.00000000 -362.59011775 56862.84704551 
-0.06000000 0.00000000 -149.16777721 57639.00831286 
-0.04000000 0.00000000 -149.11438891 57624.84841615 
-0.02000000 0.00000000 -349.59256343 56879.47015264 
0.00000000 0.00000000 -348.17048908 56875.07291612 
0.02000000 0.00000000 -346.24276541 56871.52963705 
0.04000000 0.00000000 -345.34303209 56864.70992148 
0.06000000 0.00000000 -282.53297137 57042.61571650 
0.08000000 0.00000000 -322.86262086 56909.47198339 
0.10000000 0.00000000 -320.63109167 56906.36541214 
0.12000000 0.00000000 -320.38994013 56898.02764683 
0.14000000 0.00000000 -3288.12682510 56587.57865979 
0.16000000 0.00000000 -3167.86904330 56378.49796495 
0.18000000 0.00000000 -321.64703899 56871.40142819 
0.20000000 0.00000000 -321.17010536 56866.24267186 
0.22000000 0.00000000 -322.00646159 56857.85786133 
0.24000000 0.00000000 -323.12150200 56849.02878233 
0.26000000 0.00000000 -346.19534976 56781.79578764 
0.28000000 0.00000000 -347.61135951 56772.97576603 
0.30000000 0.00000000 -348.99951600 56764.50490178 
0.32000000 0.00000000 -350.42457537 56756.35088057 
0.34000000 0.00000000 -351.80035156 56748.93213032 
0.36000000 0.00000000 -352.57600918 56743.87235953 
0.38000000 0.00000000 -353.25228772 56740.10038026 
0.40000000 0.00000000 -3233.34880743 59997.92854977 
0.42000000 0.00000000 -3236.75695360 59990.71285512 
0.44000000 0.00000000 -352.72092130 56742.78547525 
0.46000000 0.00000000 -351.68132901 56748.37579956 
0.48000000 0.00000000 -350.48842988 56755.39234221 
0.50000000 0.00000000 -348.75375350 56764.61522495 
0.52000000 0.00000000 -346.82304060 56774.93052135 
0.54000000 0.00000000 -344.92066933 56785.54297037 
0.56000000 0.00000000 -343.10934148 56796.12045787 
0.58000000 0.00000000 -319.65957183 56865.66620563 
0.60000000 0.00000000 -318.04959703 56876.33107518 
0.62000000 0.00000000 -316.62383741 56886.62317277 
0.64000000 0.00000000 -315.24699243 56897.01370360 
0.66000000 0.00000000 -2892.97293004 56029.02256952 
0.68000000 0.00000000 -2981.03885661 56128.40754882 
0.70000000 0.00000000 -312.11030732 56927.78155160 
0.72000000 0.00000000 -311.29188716 56938.37684474 
0.74000000 0.00000000 -311.54842215 56946.24388617 
0.76000000 0.00000000 -310.88598732 56957.16479933 
0.78000000 0.00000000 -312.49613319 56961.42527322 
0.80000000 0.00000000 -312.29257639 56971.10664883 
0.82000000 0.00000000 -312.20408484 56980.26265663 
0.84000000 0.00000000 -312.49464916 56987.90328904 
0.86000000 0.00000000 -269.71899813 57136.07115913 
0.88000000 0.00000000 -270.00551127 57143.64133208 
0.90000000 0.00000000 -368.70414281 56843.73926998 
0.92000000 0.00000000 -540.59462545 56446.98516006 
0.94000000 0.00000000 -271.71522119 57158.65905964 
0.96000000 0.00000000 -272.54462078 57161.13319515 
0.98000000 0.00000000 -231.73811612 57318.94793187 

