-1.00000000 0.00000000 314.52294299 63777.57399129 
-0.98000000 0.00000000 314.52294303 63777.57399129 
-0.96000000 0.00000000 314.52294338 63777.57399130 
-0.94000000 0.00000000 314.52289668 63777.57399013 
-0.92000000 0.00000000 314.52289790 63777.57399016 
-0.90000000 0.00000000 314.52297413 63777.57399207 
-0.88000000 0.00000000 314.52297456 63777.57399208 
-0.86000000 0.00000000 314.52297513 63777.57399210 
-0.84000000 0.00000000 314.52278682 63777.57398737 
-0.82000000 0.00000000 314.52278660 63777.57398736 
-0.80000000 0.00000000 314.52294957 63777.57399146 
-0.78000000 0.00000000 314.52298729 63777.57399240 
-0.76000000 0.00000000 314.52298758 63777.57399241 
-0.74000000 0.00000000 314.52298778 63777.57399242 
-0.72000000 0.00000000 314.52298874 63777.57399244 
-0.70000000 0.00000000 314.52294770 63777.57399141 
-0.68000000 0.00000000 314.52294786 63777.57399141 
-0.66000000 0.00000000 314.52278833 63777.57398741 
-0.64000000 0.00000000 314.52278898 63777.57398742 
-0.62000000 0.00000000 314.52294802 63777.57399142 
-0.60000000 0.00000000 314.52278895 63777.57398742 
-0.58000000 0.00000000 314.52278819 63777.57398740 
-0.56000000 0.00000000 314.52294775 63777.57399141 
-0.54000000 0.00000000 314.52298878 63777.57399244 
-0.52000000 0.00000000 314.52298784 63777.57399242 
-0.50000000 0.00000000 314.52298768 63777.57399241 
-0.48000000 0.00000000 314.52298750 63777.57399241 
-0.46000000 0.00000000 314.52298716 63777.57399240 
-0.44000000 0.00000000 314.52278701 63777.57398737 
-0.42000000 0.00000000 314.52278685 63777.57398737 
-0.40000000 0.00000000 314.52298683 63777.57399239 
-0.38000000 0.00000000 314.52298674 63777.57399239 
-0.36000000 0.00000000 314.52298671 63777.57399239 
-0.34000000 0.00000000 314.52298671 63777.57399239 
-0.32000000 0.00000000 314.52298673 63777.57399239 
-0.30000000 0.00000000 314.52278297 63777.57398727 
-0.28000000 0.00000000 314.52278299 63777.57398727 
-0.26000000 0.00000000 314.52298684 63777.57399239 
-0.24000000 0.00000000 314.52298685 63777.57399239 
-0.22000000 0.00000000 314.52298678 63777.57399239 
-0.20000000 0.00000000 314.52298671 63777.57399239 
-0.18000000 0.00000000 314.52278246 63777.57398726 
-0.16000000 0.00000000 314.52278231 63777.57398726 
-0.14000000 0.00000000 314.52298589 63777.57399237 
-0.12000000 0.00000000 314.52298565 63777.57399236 
-0.10000000 0.00000000 314.52298508 63777.57399235 
-0.08000000 0.00000000 314.52298438 63777.57399233 
-0.06000000 0.00000000 314.52278040 63777.57398721 
-0.04000000 0.00000000 314.52277982 63777.57398719 
-0.02000000 0.00000000 314.52297905 63777.57399220 
0.00000000 0.00000000 314.52297829 63777.57399218 
0.02000000 0.00000000 314.52297725 63777.57399215 
0.04000000 0.00000000 314.52297657 63777.57399213 
0.06000000 0.00000000 314.52294166 63777.57399126 
0.08000000 0.00000000 314.52296498 63777.57399184 
0.10000000 0.00000000 314.52296327 63777.57399180 
0.12000000 0.00000000 314.52296257 63777.57399178 
0.14000000 0.00000000 314.52310761 63777.57399543 
0.16000000 0.00000000 314.52310719 63777.57399542 
0.18000000 0.00000000 314.52296132 63777.57399175 
0.20000000 0.00000000 314.52296034 63777.57399173 
0.22000000 0.00000000 314.52296001 63777.57399172 
0.24000000 0.00000000 314.52295979 63777.57399171 
0.26000000 0.00000000 314.52297083 63777.57399199 
0.28000000 0.00000000 314.52297065 63777.57399199 
0.30000000 0.00000000 314.52297046 63777.57399198 
0.32000000 0.00000000 314.52297032 63777.57399198 
0.34000000 0.00000000 314.52297024 63777.57399198 
0.36000000 0.00000000 314.52297001 63777.57399197 
0.38000000 0.00000000 314.52296993 63777.57399197 
0.40000000 0.00000000 314.52311689 63777.57399567 
0.42000000 0.00000000 314.52311688 63777.57399567 
0.44000000 0.00000000 314.52296992 63777.57399197 
0.46000000 0.00000000 314.52296999 63777.57399197 
0.48000000 0.00000000 314.52297019 63777.57399198 
0.50000000 0.00000000 314.52297027 63777.57399198 
0.52000000 0.00000000 314.52297034 63777.57399198 
0.54000000 0.00000000 314.52297046 63777.57399198 
0.56000000 0.00000000 314.52297062 63777.57399199 
0.58000000 0.00000000 314.52295945 63777.57399171 
0.60000000 0.00000000 314.52295959 63777.57399171 
0.62000000 0.00000000 314.52295977 63777.57399171 
0.64000000 0.00000000 314.52295991 63777.57399172 
0.66000000 0.00000000 314.52310605 63777.57399539 
0.68000000 0.00000000 314.52310649 63777.57399540 
0.70000000 0.00000000 314.52296062 63777.57399173 
0.72000000 0.00000000 314.52296092 63777.57399174 
0.74000000 0.00000000 314.52296178 63777.57399176 
0.76000000 0.00000000 314.52296209 63777.57399177 
0.78000000 0.00000000 314.52296359 63777.57399181 
0.80000000 0.00000000 314.52296403 63777.57399182 
0.82000000 0.00000000 314.52296445 63777.57399183 
0.84000000 0.00000000 314.52296498 63777.57399184 
0.86000000 0.00000000 314.52293877 63777.57399119 
0.88000000 0.00000000 314.52293926 63777.57399120 
0.90000000 0.00000000 314.52299039 63777.57399249 
0.92000000 0.00000000 314.52303237 63777.57399354 
0.94000000 0.00000000 314.52294069 63777.57399123 
0.96000000 0.00000000 314.52294117 63777.57399125 
0.98000000 0.00000000 314.52290735 63777.57399040 

