-1.00000000 0.00000000 -1162.25449401 58537.45891218 
-0.98000000 0.00000000 -1162.35400302 58539.27285726 
-0.96000000 0.00000000 -1162.64395560 58540.25508124 
-0.94000000 0.00000000 -1145.04583465 58587.71217622 
-0.92000000 0.00000000 -1145.54496249 58587.73764223 
-0.90000000 0.00000000 -1180.79994097 58499.78990467 
-0.88000000 0.00000000 -1181.35320939 58499.05037997 
-0.86000000 0.00000000 -1181.99885302 58497.97410654 
-0.84000000 0.00000000 -1122.40596086 58657.80356855 
-0.82000000 0.00000000 -1122.45217595 58658.35045773 
-0.80000000 0.00000000 -1167.09885130 58534.62654558 
-0.78000000 0.00000000 -1192.37412618 58475.66811545 
-0.76000000 0.00000000 -1192.84231429 58474.81513710 
-0.74000000 0.00000000 -1193.20763969 58474.17560698 
-0.72000000 0.00000000 -1194.22082820 58472.10783245 
-0.70000000 0.00000000 -1166.68985153 58536.79138786 
-0.68000000 0.00000000 -1166.83742420 58536.49546500 
-0.66000000 0.00000000 -1122.97111437 58660.07771549 
-0.64000000 0.00000000 -1123.06751087 58659.53623106 
-0.62000000 0.00000000 -1167.02425265 58535.54900245 
-0.60000000 0.00000000 -1123.05312600 58658.24098339 
-0.58000000 0.00000000 -1122.93390605 58657.51767859 
-0.56000000 0.00000000 -1166.86878899 58534.22732523 
-0.54000000 0.00000000 -1194.52619162 58469.41676773 
-0.52000000 0.00000000 -1193.60626718 58470.79099740 
-0.50000000 0.00000000 -1193.36484731 58470.69641846 
-0.48000000 0.00000000 -1193.10856359 58470.65288419 
-0.46000000 0.00000000 -1192.72279481 58470.92867644 
-0.44000000 0.00000000 -1122.72018173 58647.96582527 
-0.42000000 0.00000000 -1122.67928960 58647.03718483 
-0.40000000 0.00000000 -1192.19796091 58470.84347368 
-0.38000000 0.00000000 -1192.05961178 58470.90752821 
-0.36000000 0.00000000 -1191.98071711 58470.92205512 
-0.34000000 0.00000000 -1191.92482488 58470.94894239 
-0.32000000 0.00000000 -1191.88588657 58470.97854456 
-0.30000000 0.00000000 -1121.79065454 58647.24331903 
-0.28000000 0.00000000 -1121.70434301 58647.37025594 
-0.26000000 0.00000000 -1191.80682623 58470.90386449 
-0.24000000 0.00000000 -1191.74449142 58470.79306223 
-0.22000000 0.00000000 -1191.62503703 58470.64085034 
-0.20000000 0.00000000 -1191.51294793 58470.25054828 
-0.18000000 0.00000000 -1121.19116032 58644.13197862 
-0.16000000 0.00000000 -1121.13897020 58641.71102464 
-0.14000000 0.00000000 -1190.85399709 58467.83397666 
-0.12000000 0.00000000 -1190.78417804 58465.87883766 
-0.10000000 0.00000000 -1190.55031600 58463.76696394 
-0.08000000 0.00000000 -1190.33643589 58461.08866009 
-0.06000000 0.00000000 -1122.00359471 58613.07587522 
-0.04000000 0.00000000 -1122.61412896 58603.46332151 
-0.02000000 0.00000000 -1188.27466375 58452.73337434 
0.00000000 0.00000000 -1188.76630425 58446.76180864 
0.02000000 0.00000000 -1189.23588400 58440.59372632 
0.04000000 0.00000000 -1190.13815267 58433.52075580 
0.06000000 0.00000000 -1171.78906244 58461.38131254 
0.08000000 0.00000000 -1185.81282897 58430.18699611 
0.10000000 0.00000000 -1186.49898273 58423.64581418 
0.12000000 0.00000000 -1187.79791444 58416.42217132 
0.14000000 0.00000000 -1757.54647184 58206.27683143 
0.16000000 0.00000000 -1732.52903760 58186.25565230 
0.18000000 0.00000000 -1192.13010911 58396.59954669 
0.20000000 0.00000000 -1193.26077194 58391.21607158 
0.22000000 0.00000000 -1194.80076961 58385.48122783 
0.24000000 0.00000000 -1196.45481279 58379.79296962 
0.26000000 0.00000000 -1204.74850183 58364.86214664 
0.28000000 0.00000000 -1206.55581263 58359.45215948 
0.30000000 0.00000000 -1208.35146103 58354.26036498 
0.32000000 0.00000000 -1210.09790850 58349.40932523 
0.34000000 0.00000000 -1211.69301000 58345.13490075 
0.36000000 0.00000000 -1212.88678255 58341.87462529 
0.38000000 0.00000000 -1213.74615753 58339.63675728 
0.40000000 0.00000000 -1936.21369562 58724.45673415 
0.42000000 0.00000000 -1936.27396490 58722.83409527 
0.44000000 0.00000000 -1213.23466593 58341.07923610 
0.46000000 0.00000000 -1212.03519525 58344.28857556 
0.48000000 0.00000000 -1210.49133518 58348.54567398 
0.50000000 0.00000000 -1208.57320049 58353.79238115 
0.52000000 0.00000000 -1206.47399191 58359.65973559 
0.54000000 0.00000000 -1204.34203970 58365.83719316 
0.56000000 0.00000000 -1202.25917851 58372.12164690 
0.58000000 0.00000000 -1193.70575447 58388.08414132 
0.60000000 0.00000000 -1191.81871659 58394.48542129 
0.62000000 0.00000000 -1190.06299608 58400.81421694 
0.64000000 0.00000000 -1188.38216769 58407.19772030 
0.66000000 0.00000000 -1683.11794275 58157.17492714 
0.68000000 0.00000000 -1698.99197784 58165.46450347 
0.70000000 0.00000000 -1183.80922860 58427.16393105 
0.72000000 0.00000000 -1182.37258265 58434.31449580 
0.74000000 0.00000000 -1181.28266896 58441.16809377 
0.76000000 0.00000000 -1179.93967898 58448.72553574 
0.78000000 0.00000000 -1179.35634956 58455.05618498 
0.80000000 0.00000000 -1178.28549014 58462.35651030 
0.82000000 0.00000000 -1177.34388682 58469.39454998 
0.84000000 0.00000000 -1176.62800209 58475.86593927 
0.86000000 0.00000000 -1162.40744443 58510.83220470 
0.88000000 0.00000000 -1161.91868685 58516.99518644 
0.90000000 0.00000000 -1192.22932413 58456.89346383 
0.92000000 0.00000000 -1241.79574184 58370.78210610 
0.94000000 0.00000000 -1161.36602382 58530.96074634 
0.96000000 0.00000000 -1161.43716416 58534.11709000 
0.98000000 0.00000000 -1148.19342387 58570.19463549 

