-1.00000000 0.00000000 2390.92195253 59197.19379769 
-0.98000000 0.00000000 2391.46065085 59195.43072693 
-0.96000000 0.00000000 2391.59329661 59194.30189393 
-0.94000000 0.00000000 2418.83929425 59163.11557794 
-0.92000000 0.00000000 2418.50689227 59162.71536591 
-0.90000000 0.00000000 2366.22385805 59217.96034690 
-0.88000000 0.00000000 2365.60716374 59218.23888005 
-0.86000000 0.00000000 2364.81792030 59218.75497951 
-0.84000000 0.00000000 2456.46682850 59113.02214200 
-0.82000000 0.00000000 2456.59901583 59112.45764770 
-0.80000000 0.00000000 2386.73671199 59196.26375197 
-0.78000000 0.00000000 2350.59045046 59231.33201128 
-0.76000000 0.00000000 2349.99649535 59231.76425492 
-0.74000000 0.00000000 2349.54179386 59232.07815669 
-0.72000000 0.00000000 2348.19065180 59233.19846733 
-0.70000000 0.00000000 2387.70497814 59194.59396385 
-0.68000000 0.00000000 2387.50894659 59194.75924760 
-0.66000000 0.00000000 2456.76109713 59110.37886011 
-0.64000000 0.00000000 2456.52674266 59110.83644874 
-0.62000000 0.00000000 2387.07190736 59195.49685682 
-0.60000000 0.00000000 2456.13398056 59112.12505004 
-0.58000000 0.00000000 2455.99041167 59112.93298988 
-0.56000000 0.00000000 2386.73597556 59196.83528484 
-0.54000000 0.00000000 2347.08679673 59235.37884027 
-0.52000000 0.00000000 2348.14246687 59234.81491609 
-0.50000000 0.00000000 2348.26742364 59235.07076072 
-0.48000000 0.00000000 2348.41954723 59235.29116817 
-0.46000000 0.00000000 2348.76300272 59235.31966762 
-0.44000000 0.00000000 2453.14153118 59122.49256262 
-0.42000000 0.00000000 2452.87844338 59123.43198122 
-0.40000000 0.00000000 2349.08378836 59235.75566473 
-0.38000000 0.00000000 2349.20025923 59235.78950052 
-0.36000000 0.00000000 2349.26285474 59235.82315089 
-0.34000000 0.00000000 2349.31584603 59235.82786402 
-0.32000000 0.00000000 2349.35977022 59235.81681646 
-0.30000000 0.00000000 2453.58559012 59123.87766592 
-0.28000000 0.00000000 2453.69411318 59123.80812809 
-0.26000000 0.00000000 2349.41500366 59235.90034902 
-0.24000000 0.00000000 2349.42686454 59236.03299352 
-0.22000000 0.00000000 2349.45977108 59236.24712445 
-0.20000000 0.00000000 2349.40461192 59236.67347509 
-0.18000000 0.00000000 2453.05209896 59127.36894438 
-0.16000000 0.00000000 2452.31457105 59129.80059416 
-0.14000000 0.00000000 2348.99191797 59239.34943340 
-0.12000000 0.00000000 2348.35150230 59241.18175433 
-0.10000000 0.00000000 2347.74992587 59243.28829204 
-0.08000000 0.00000000 2346.92787267 59245.90065552 
-0.06000000 0.00000000 2442.30131048 59157.34005838 
-0.04000000 0.00000000 2438.64314166 59166.27074401 
-0.02000000 0.00000000 2345.14310283 59255.16693590 
0.00000000 0.00000000 2342.66859254 59260.23492959 
0.02000000 0.00000000 2340.11996655 59265.48911642 
0.04000000 0.00000000 2336.96961062 59271.20889019 
0.06000000 0.00000000 2357.96248198 59260.51235403 
0.08000000 0.00000000 2338.19456216 59277.71003651 
0.10000000 0.00000000 2335.32446483 59283.10034337 
0.12000000 0.00000000 2331.83462648 59288.60042605 
0.14000000 0.00000000 1917.18064444 59169.51154234 
0.16000000 0.00000000 1928.52650120 59190.43142976 
0.18000000 0.00000000 2321.75836228 59303.00429995 
0.20000000 0.00000000 2319.02420847 59306.94455761 
0.22000000 0.00000000 2315.91740140 59310.86724667 
0.24000000 0.00000000 2312.75609553 59314.65342081 
0.26000000 0.00000000 2302.35133179 59321.32292470 
0.28000000 0.00000000 2299.20253934 59324.71683976 
0.30000000 0.00000000 2296.14130465 59327.92022604 
0.32000000 0.00000000 2293.23976026 59330.85301346 
0.34000000 0.00000000 2290.65012808 59333.38746786 
0.36000000 0.00000000 2288.68376328 59335.33725382 
0.38000000 0.00000000 2287.31189443 59336.64233971 
0.40000000 0.00000000 1853.76517620 58797.87986837 
0.42000000 0.00000000 1853.68609541 58798.92758334 
0.44000000 0.00000000 2288.16605656 59335.77651461 
0.46000000 0.00000000 2290.11070993 59333.88223678 
0.48000000 0.00000000 2292.66506888 59331.32527507 
0.50000000 0.00000000 2295.81820553 59328.17895842 
0.52000000 0.00000000 2299.31613308 59324.61393305 
0.54000000 0.00000000 2302.95205478 59320.78701833 
0.56000000 0.00000000 2306.59792667 59316.81472802 
0.58000000 0.00000000 2317.55581020 59309.39053213 
0.60000000 0.00000000 2321.12473208 59305.12501961 
0.62000000 0.00000000 2324.58142260 59300.81315194 
0.64000000 0.00000000 2328.00567506 59296.38671859 
0.66000000 0.00000000 1952.14119253 59226.37252350 
0.68000000 0.00000000 1944.41220650 59215.24264691 
0.70000000 0.00000000 2338.25599871 59281.95003186 
0.72000000 0.00000000 2341.78697373 59276.59652888 
0.74000000 0.00000000 2344.99466439 59271.21973403 
0.76000000 0.00000000 2348.59736363 59265.38885390 
0.78000000 0.00000000 2351.28828062 59260.05387172 
0.80000000 0.00000000 2354.60630561 59254.20807660 
0.82000000 0.00000000 2357.73558174 59248.48433054 
0.84000000 0.00000000 2360.50832094 59243.08942724 
0.86000000 0.00000000 2381.62195707 59222.00537761 
0.88000000 0.00000000 2384.09904992 59216.62027397 
0.90000000 0.00000000 2344.31397322 59248.20490562 
0.92000000 0.00000000 2283.93941210 59287.53943624 
0.94000000 0.00000000 2389.29270441 59203.96006420 
0.96000000 0.00000000 2390.32352179 59200.94754576 
0.98000000 0.00000000 2411.01366089 59177.31031751 

