-1.00000000 0.00000000 -1636.71114209 58520.26056990 
-0.98000000 0.00000000 -1635.96121701 58520.02464252 
-0.96000000 0.00000000 -1635.45148210 58520.13422112 
-0.94000000 0.00000000 -1624.97736567 58494.46334953 
-0.92000000 0.00000000 -1624.75155124 58494.95331207 
-0.90000000 0.00000000 -1642.74146883 58545.30571788 
-0.88000000 0.00000000 -1642.78147950 58546.00463585 
-0.86000000 0.00000000 -1642.90794428 58546.85489587 
-0.84000000 0.00000000 -1607.52844285 58460.45858914 
-0.82000000 0.00000000 -1607.30261425 58460.41661680 
-0.80000000 0.00000000 -1635.67741589 58525.63181017 
-0.78000000 0.00000000 -1646.67816756 58561.16278742 
-0.76000000 0.00000000 -1646.79341666 58561.78859600 
-0.74000000 0.00000000 -1646.87369513 58562.27198689 
-0.72000000 0.00000000 -1647.19643151 58563.64868866 
-0.70000000 0.00000000 -1635.06018854 58524.86303649 
-0.68000000 0.00000000 -1635.10990753 58525.06160528 
-0.66000000 0.00000000 -1606.43915554 58460.61329558 
-0.64000000 0.00000000 -1606.61247990 58460.79709560 
-0.62000000 0.00000000 -1635.39191122 58525.41683458 
-0.60000000 0.00000000 -1607.13197261 58461.01042575 
-0.58000000 0.00000000 -1607.46996113 58461.02726170 
-0.56000000 0.00000000 -1635.96684244 58525.51105896 
-0.54000000 0.00000000 -1648.07642671 58564.43565268 
-0.52000000 0.00000000 -1647.97558373 58563.28056878 
-0.50000000 0.00000000 -1648.11880617 58563.05766788 
-0.48000000 0.00000000 -1648.24894662 58562.81007629 
-0.46000000 0.00000000 -1648.31704701 58562.37655405 
-0.44000000 0.00000000 -1611.32114002 58462.54267421 
-0.42000000 0.00000000 -1611.70039541 58462.66843251 
-0.40000000 0.00000000 -1648.57295019 58561.85180775 
-0.38000000 0.00000000 -1648.60514882 58561.69158509 
-0.36000000 0.00000000 -1648.62824094 58561.59611447 
-0.34000000 0.00000000 -1648.63560741 58561.51839845 
-0.32000000 0.00000000 -1648.63385535 58561.45437573 
-0.30000000 0.00000000 -1611.96166820 58461.72192428 
-0.28000000 0.00000000 -1611.94127890 58461.59451683 
-0.26000000 0.00000000 -1648.67503303 58561.31902566 
-0.24000000 0.00000000 -1648.74053654 58561.25414057 
-0.22000000 0.00000000 -1648.85090364 58561.14347848 
-0.20000000 0.00000000 -1649.05254344 58561.08869583 
-0.18000000 0.00000000 -1613.45535372 58461.58008999 
-0.16000000 0.00000000 -1614.45817038 58461.95908941 
-0.14000000 0.00000000 -1650.31966468 58560.89945196 
-0.12000000 0.00000000 -1651.12832798 58561.22711908 
-0.10000000 0.00000000 -1652.08385000 58561.44844794 
-0.08000000 0.00000000 -1653.25754559 58561.82251337 
-0.06000000 0.00000000 -1625.69216792 58468.27517685 
-0.04000000 0.00000000 -1629.31092544 58470.79778561 
-0.02000000 0.00000000 -1657.62977561 58561.84046164 
0.00000000 0.00000000 -1659.76678822 58563.65281621 
0.02000000 0.00000000 -1661.99091059 58565.51503975 
0.04000000 0.00000000 -1664.35458194 58567.99066512 
0.06000000 0.00000000 -1662.43409976 58545.55729444 
0.08000000 0.00000000 -1667.84623786 58565.14102886 
0.10000000 0.00000000 -1670.09682345 58567.37253516 
0.12000000 0.00000000 -1672.30782979 58570.31342279 
0.14000000 0.00000000 -1521.16884383 59055.77556685 
0.16000000 0.00000000 -1535.14813115 59042.41113308 
0.18000000 0.00000000 -1677.97720902 58579.15940796 
0.20000000 0.00000000 -1679.53796918 58581.57951383 
0.22000000 0.00000000 -1681.03207478 58584.45528741 
0.24000000 0.00000000 -1682.44900016 58587.43984085 
0.26000000 0.00000000 -1684.17632645 58598.33217226 
0.28000000 0.00000000 -1685.39591114 58601.41479456 
0.30000000 0.00000000 -1686.53117312 58604.44325529 
0.32000000 0.00000000 -1687.55310277 58607.34273731 
0.34000000 0.00000000 -1688.42160681 58609.95285068 
0.36000000 0.00000000 -1689.09257133 58611.93785193 
0.38000000 0.00000000 -1689.53164800 58613.33567310 
0.40000000 0.00000000 -1332.51236037 59102.72904084 
0.42000000 0.00000000 -1332.91306594 59102.93316881 
0.44000000 0.00000000 -1689.22404646 58612.49852835 
0.46000000 0.00000000 -1688.57446607 58610.54099927 
0.48000000 0.00000000 -1687.68648599 58607.98195236 
0.50000000 0.00000000 -1686.59495378 58604.82730112 
0.52000000 0.00000000 -1685.34531804 58601.34877456 
0.54000000 0.00000000 -1683.98381744 58597.76494178 
0.56000000 0.00000000 -1682.54910290 58594.20886098 
0.58000000 0.00000000 -1680.52854639 58582.81709792 
0.60000000 0.00000000 -1678.93399912 58579.44559639 
0.62000000 0.00000000 -1677.29931869 58576.23325748 
0.64000000 0.00000000 -1675.60368648 58573.10021534 
0.66000000 0.00000000 -1559.78514275 59014.54003911 
0.68000000 0.00000000 -1551.77452730 59023.99585630 
0.70000000 0.00000000 -1669.95305908 58564.05229319 
0.72000000 0.00000000 -1667.82670349 58561.03493192 
0.74000000 0.00000000 -1665.64338473 58558.40751157 
0.76000000 0.00000000 -1663.30381352 58555.41642241 
0.78000000 0.00000000 -1661.07156192 58553.39539897 
0.80000000 0.00000000 -1658.69410423 58550.74827370 
0.82000000 0.00000000 -1656.35528010 58548.29962121 
0.84000000 0.00000000 -1654.12978663 58546.20331385 
0.86000000 0.00000000 -1647.19509295 58525.82163281 
0.88000000 0.00000000 -1644.97180290 58524.05635414 
0.90000000 0.00000000 -1653.92955019 58564.39498934 
0.92000000 0.00000000 -1663.13804084 58627.81348830 
0.94000000 0.00000000 -1639.68409220 58520.67060934 
0.96000000 0.00000000 -1638.40393812 58520.11653709 
0.98000000 0.00000000 -1630.40166888 58500.67985519 

