-1.00000000 0.00000000 1896.89323434 61024.87193641 
-0.98000000 0.00000000 1899.51596927 61023.46666648 
-0.96000000 0.00000000 1900.54202521 61022.27029448 
-0.94000000 0.00000000 2019.43108558 61021.43892691 
-0.92000000 0.00000000 2018.35784776 61020.54424467 
-0.90000000 0.00000000 1805.91305172 61011.03315053 
-0.88000000 0.00000000 1804.15451860 61010.43722776 
-0.86000000 0.00000000 1801.75050529 61009.83996335 
-0.84000000 0.00000000 2219.82906731 60993.89320034 
-0.82000000 0.00000000 2220.94144680 60993.22281372 
-0.80000000 0.00000000 1884.42795025 61017.66967901 
-0.78000000 0.00000000 1754.24943329 61001.28634805 
-0.76000000 0.00000000 1752.48974502 61000.82157531 
-0.74000000 0.00000000 1751.16104532 61000.43824413 
-0.72000000 0.00000000 1746.85860017 60999.47341500 
-0.70000000 0.00000000 1889.07326374 61017.07737628 
-0.68000000 0.00000000 1888.35076147 61016.96274454 
-0.66000000 0.00000000 2222.91736590 60990.31084164 
-0.64000000 0.00000000 2221.49076598 60990.75410893 
-0.62000000 0.00000000 1886.53004293 61017.19677046 
-0.60000000 0.00000000 2219.03065838 60992.22174691 
-0.58000000 0.00000000 2218.09570649 60993.22792777 
-0.56000000 0.00000000 1884.75937068 61018.45186191 
-0.54000000 0.00000000 1742.55997660 61000.32092536 
-0.52000000 0.00000000 1745.75379155 61001.50867913 
-0.50000000 0.00000000 1745.89562252 61002.07817307 
-0.48000000 0.00000000 1746.12438006 61002.64673010 
-0.46000000 0.00000000 1746.98793957 61003.30542722 
-0.44000000 0.00000000 2200.70523073 61004.37980736 
-0.42000000 0.00000000 2199.03372680 61005.47368418 
-0.40000000 0.00000000 1747.31029436 61004.38095978 
-0.38000000 0.00000000 1747.47024290 61004.57926226 
-0.36000000 0.00000000 1747.45812575 61004.66134471 
-0.34000000 0.00000000 1747.41461494 61004.66970403 
-0.32000000 0.00000000 1747.33565983 61004.62307552 
-0.30000000 0.00000000 2201.51413482 61006.37536020 
-0.28000000 0.00000000 2201.73957967 61006.25852314 
-0.26000000 0.00000000 1746.76339268 61004.40997439 
-0.24000000 0.00000000 1746.51563077 61004.44915573 
-0.22000000 0.00000000 1746.32324960 61004.63748417 
-0.20000000 0.00000000 1745.83811256 61004.96032839 
-0.18000000 0.00000000 2196.30408255 61009.84700142 
-0.16000000 0.00000000 2192.04317732 61012.39419230 
-0.14000000 0.00000000 1743.71257357 61007.55981547 
-0.12000000 0.00000000 1741.48169610 61008.89620252 
-0.10000000 0.00000000 1739.50190192 61010.78381016 
-0.08000000 0.00000000 1736.95832891 61013.08298385 
-0.06000000 0.00000000 2141.88417760 61040.75700497 
-0.04000000 0.00000000 2125.17464811 61049.62721120 
-0.02000000 0.00000000 1732.89881052 61024.32549052 
0.00000000 0.00000000 1725.89892928 61027.68918795 
0.02000000 0.00000000 1718.95362118 61031.39568133 
0.04000000 0.00000000 1710.32448300 61034.80324385 
0.06000000 0.00000000 1784.68400353 61061.67681619 
0.08000000 0.00000000 1718.45060325 61049.95740908 
0.10000000 0.00000000 1711.26568328 61053.99004829 
0.12000000 0.00000000 1702.12118797 61056.99862172 
0.14000000 0.00000000 963.86323735 60059.58104125 
0.16000000 0.00000000 975.20075547 60109.45585798 
0.18000000 0.00000000 1676.41293125 61063.75725718 
0.20000000 0.00000000 1670.06036256 61066.06213885 
0.22000000 0.00000000 1662.63302417 61067.62799668 
0.24000000 0.00000000 1655.20338193 61068.97030004 
0.26000000 0.00000000 1625.15217009 61059.29003149 
0.28000000 0.00000000 1618.20822556 61060.20712553 
0.30000000 0.00000000 1611.58513327 61061.04285711 
0.32000000 0.00000000 1605.37227614 61061.71742111 
0.34000000 0.00000000 1599.86661871 61062.21475602 
0.36000000 0.00000000 1595.82608762 61062.75821458 
0.38000000 0.00000000 1592.98935792 61063.03316742 
0.40000000 0.00000000 871.11930484 59288.29372371 
0.42000000 0.00000000 871.20679939 59290.48712279 
0.44000000 0.00000000 1594.89475250 61062.92998999 
0.46000000 0.00000000 1599.02133135 61062.58125873 
0.48000000 0.00000000 1604.41228393 61061.98004321 
0.50000000 0.00000000 1611.21838151 61061.38087463 
0.52000000 0.00000000 1618.86452781 61060.66842567 
0.54000000 0.00000000 1626.89723021 61059.79373709 
0.56000000 0.00000000 1635.06516364 61058.78288141 
0.58000000 0.00000000 1666.82801732 61068.18044147 
0.60000000 0.00000000 1675.39023215 61066.82249897 
0.62000000 0.00000000 1683.86280983 61065.33367520 
0.64000000 0.00000000 1692.48714410 61063.75490007 
0.66000000 0.00000000 1001.35845253 60206.14425373 
0.68000000 0.00000000 993.66250633 60177.03627339 
0.70000000 0.00000000 1719.49018988 61057.80823737 
0.72000000 0.00000000 1729.20295630 61055.37591965 
0.74000000 0.00000000 1737.97793155 61052.33098439 
0.76000000 0.00000000 1748.30757300 61049.49430715 
0.78000000 0.00000000 1755.72186455 61045.71597065 
0.80000000 0.00000000 1765.58839919 61042.56689942 
0.82000000 0.00000000 1775.11879065 61039.38824529 
0.84000000 0.00000000 1783.73535979 61036.17055179 
0.86000000 0.00000000 1861.26833847 61044.22546394 
0.88000000 0.00000000 1870.03197111 61040.55565710 
0.90000000 0.00000000 1727.41465916 61011.27018082 
0.92000000 0.00000000 1554.55762447 60946.90524403 
0.94000000 0.00000000 1889.59035677 61031.30342966 
0.96000000 0.00000000 1893.83740571 61028.88148143 
0.98000000 0.00000000 1981.95845421 61029.20151167 

