-1.00000000 0.00000000 -1508.07397846 58106.55957299 
-0.98000000 0.00000000 -1506.79590073 58107.74749183 
-0.96000000 0.00000000 -1506.18640670 58108.75104966 
-0.94000000 0.00000000 -1465.75461643 58109.60866647 
-0.92000000 0.00000000 -1465.92293617 58110.38204644 
-0.90000000 0.00000000 -1541.81284301 58114.47704449 
-0.88000000 0.00000000 -1542.53381528 58114.92460648 
-0.86000000 0.00000000 -1543.53192690 58115.33709850 
-0.84000000 0.00000000 -1407.63463766 58119.39470609 
-0.82000000 0.00000000 -1407.27491614 58119.81919391 
-0.80000000 0.00000000 -1511.80168854 58112.34299884 
-0.78000000 0.00000000 -1563.27068994 58119.75941521 
-0.76000000 0.00000000 -1564.04722965 58120.04302850 
-0.74000000 0.00000000 -1564.63408334 58120.27813078 
-0.72000000 0.00000000 -1566.47967078 58120.79659512 
-0.70000000 0.00000000 -1510.09548724 58112.91176836 
-0.68000000 0.00000000 -1510.36161885 58112.97111066 
-0.66000000 0.00000000 -1406.30510466 58121.74428782 
-0.64000000 0.00000000 -1406.72024393 58121.53337526 
-0.62000000 0.00000000 -1511.11192203 58112.72413264 
-0.60000000 0.00000000 -1407.61002075 58120.65193779 
-0.58000000 0.00000000 -1408.06008722 58119.98838832 
-0.56000000 0.00000000 -1512.01115246 58111.73729858 
-0.54000000 0.00000000 -1568.56465774 58119.91056084 
-0.52000000 0.00000000 -1567.25933201 58119.17777314 
-0.50000000 0.00000000 -1567.25280356 58118.75758627 
-0.48000000 0.00000000 -1567.20392148 58118.34074635 
-0.46000000 0.00000000 -1566.87824976 58117.88492037 
-0.44000000 0.00000000 -1414.57828623 58113.34320480 
-0.42000000 0.00000000 -1415.20544014 58112.67241287 
-0.40000000 0.00000000 -1566.77724283 58117.04534854 
-0.38000000 0.00000000 -1566.68770817 58116.87200088 
-0.36000000 0.00000000 -1566.65414666 58116.76755834 
-0.34000000 0.00000000 -1566.61930216 58116.70665981 
-0.32000000 0.00000000 -1566.58839490 58116.67487277 
-0.30000000 0.00000000 -1414.70710601 58111.50000741 
-0.28000000 0.00000000 -1414.58863564 58111.46708429 
-0.26000000 0.00000000 -1566.63161398 58116.55950408 
-0.24000000 0.00000000 -1566.69889968 58116.42027559 
-0.22000000 0.00000000 -1566.77883366 58116.16841655 
-0.20000000 0.00000000 -1567.03699005 58115.80246969 
-0.18000000 0.00000000 -1416.66393499 58108.61111094 
-0.16000000 0.00000000 -1418.33512100 58106.94003332 
-0.14000000 0.00000000 -1568.62679236 58113.51973787 
-0.12000000 0.00000000 -1570.05302449 58112.38610244 
-0.10000000 0.00000000 -1571.54191580 58110.90165420 
-0.08000000 0.00000000 -1573.45550766 58109.14610335 
-0.06000000 0.00000000 -1438.74940127 58089.51596092 
-0.04000000 0.00000000 -1445.76620672 58084.24204984 
-0.02000000 0.00000000 -1578.96801645 58101.37534128 
0.00000000 0.00000000 -1583.55129550 58099.02562116 
0.02000000 0.00000000 -1588.27788236 58096.55284485 
0.04000000 0.00000000 -1593.82403104 58094.34067182 
0.06000000 0.00000000 -1566.96958814 58078.93979191 
0.08000000 0.00000000 -1594.85657116 58085.42036117 
0.10000000 0.00000000 -1599.94292008 58083.13471154 
0.12000000 0.00000000 -1605.74747327 58081.53959211 
0.14000000 0.00000000 -1848.79015202 58984.59254137 
0.16000000 0.00000000 -1861.60289460 58936.71215352 
0.18000000 0.00000000 -1621.94667688 58078.57976057 
0.20000000 0.00000000 -1626.32749326 58077.71520228 
0.22000000 0.00000000 -1631.10453748 58077.37208321 
0.24000000 0.00000000 -1635.88126402 58077.25451648 
0.26000000 0.00000000 -1649.75014963 58083.92794642 
0.28000000 0.00000000 -1654.35836992 58084.28505691 
0.30000000 0.00000000 -1658.79723973 58084.74521788 
0.32000000 0.00000000 -1662.96455359 58085.30720574 
0.34000000 0.00000000 -1666.65273813 58085.91167651 
0.36000000 0.00000000 -1669.45602308 58086.33745358 
0.38000000 0.00000000 -1671.39190277 58086.70210500 
0.40000000 0.00000000 -1539.46400458 59460.73743833 
0.42000000 0.00000000 -1540.38270426 59460.10723713 
0.44000000 0.00000000 -1670.14676964 58086.51538803 
0.46000000 0.00000000 -1667.37382480 58086.03876246 
0.48000000 0.00000000 -1663.71149794 58085.50429641 
0.50000000 0.00000000 -1659.19164386 58084.83710186 
0.52000000 0.00000000 -1654.15058640 58084.19432054 
0.54000000 0.00000000 -1648.86687781 58083.67833294 
0.56000000 0.00000000 -1643.51753080 58083.32533708 
0.58000000 0.00000000 -1628.78964234 58076.85003717 
0.60000000 0.00000000 -1623.40784378 58076.98809305 
0.62000000 0.00000000 -1618.12091293 58077.32558269 
0.64000000 0.00000000 -1612.81553978 58077.83031091 
0.66000000 0.00000000 -1879.68920296 58843.89770074 
0.68000000 0.00000000 -1874.50883897 58873.39577122 
0.70000000 0.00000000 -1596.44573275 58080.65068732 
0.72000000 0.00000000 -1590.65459460 58082.03993372 
0.74000000 0.00000000 -1585.20616864 58083.87377085 
0.76000000 0.00000000 -1579.15584908 58085.69102127 
0.78000000 0.00000000 -1574.27830758 58088.13037240 
0.80000000 0.00000000 -1568.52441605 58090.31313912 
0.82000000 0.00000000 -1563.01559621 58092.59351875 
0.84000000 0.00000000 -1558.00809136 58094.95657101 
0.86000000 0.00000000 -1527.45172707 58091.53040801 
0.88000000 0.00000000 -1522.79519559 58094.28073558 
0.90000000 0.00000000 -1577.16904911 58110.06863826 
0.92000000 0.00000000 -1656.28219344 58149.19187083 
0.94000000 0.00000000 -1512.46521191 58101.43851617 
0.96000000 0.00000000 -1510.20449716 58103.36720456 
0.98000000 0.00000000 -1479.42743735 58103.89141674 

