-1.00000000 0.00000000 -2259.12151581 59391.45728147 
-0.98000000 0.00000000 -2260.33529899 59386.39621415 
-0.96000000 0.00000000 -2260.51797177 59383.78531292 
-0.94000000 0.00000000 -2334.64916197 59225.15655646 
-0.92000000 0.00000000 -2333.58855600 59225.58154117 
-0.90000000 0.00000000 -2188.39149546 59508.98824970 
-0.88000000 0.00000000 -2186.73349595 59511.09183712 
-0.86000000 0.00000000 -2184.58441165 59514.15605174 
-0.84000000 0.00000000 -2427.22993116 58966.11439152 
-0.82000000 0.00000000 -2427.39406844 58964.25838502 
-0.80000000 0.00000000 -2247.15380086 59402.11530885 
-0.78000000 0.00000000 -2143.81085139 59577.95218131 
-0.76000000 0.00000000 -2142.15590314 59580.26178341 
-0.74000000 0.00000000 -2140.88779530 59581.98622011 
-0.72000000 0.00000000 -2136.99198977 59587.72527434 
-0.70000000 0.00000000 -2249.92589989 59395.18923707 
-0.68000000 0.00000000 -2249.37473796 59396.11504784 
-0.66000000 0.00000000 -2426.83339333 58959.21892730 
-0.64000000 0.00000000 -2426.36800945 58961.18102113 
-0.62000000 0.00000000 -2248.21285328 59398.92850061 
-0.60000000 0.00000000 -2425.88820179 58965.34027118 
-0.58000000 0.00000000 -2425.90966079 58967.41572506 
-0.56000000 0.00000000 -2247.50720232 59402.60265068 
-0.54000000 0.00000000 -2133.83400493 59594.98469387 
-0.52000000 0.00000000 -2136.92097927 59591.11597468 
-0.50000000 0.00000000 -2137.28526107 59591.35568115 
-0.48000000 0.00000000 -2137.72227295 59591.46180884 
-0.46000000 0.00000000 -2138.71124252 59590.68325953 
-0.44000000 0.00000000 -2422.65039506 58997.74283218 
-0.42000000 0.00000000 -2422.34583702 59000.69782720 
-0.40000000 0.00000000 -2139.51086907 59591.02271572 
-0.38000000 0.00000000 -2139.76783220 59590.92167548 
-0.36000000 0.00000000 -2139.84636119 59590.98284689 
-0.34000000 0.00000000 -2139.87709474 59591.02958427 
-0.32000000 0.00000000 -2139.86376693 59591.08429489 
-0.30000000 0.00000000 -2424.22093833 58999.11504075 
-0.28000000 0.00000000 -2424.35311584 58998.76581007 
-0.26000000 0.00000000 -2139.54519693 59591.71168869 
-0.24000000 0.00000000 -2139.43202896 59592.11458576 
-0.22000000 0.00000000 -2139.41046759 59592.57389771 
-0.20000000 0.00000000 -2139.18270984 59593.61031455 
-0.18000000 0.00000000 -2423.62040399 59008.74878708 
-0.16000000 0.00000000 -2422.66121106 59016.20540422 
-0.14000000 0.00000000 -2138.34329118 59599.31141213 
-0.12000000 0.00000000 -2136.87310654 59604.00475897 
-0.10000000 0.00000000 -2135.72030755 59608.84710073 
-0.08000000 0.00000000 -2134.14665749 59614.95732069 
-0.06000000 0.00000000 -2408.27926679 59103.48960734 
-0.04000000 0.00000000 -2402.50075070 59132.49749723 
-0.02000000 0.00000000 -2133.14682189 59632.04406572 
0.00000000 0.00000000 -2127.69342841 59646.03364939 
0.02000000 0.00000000 -2122.22465029 59660.27526713 
0.04000000 0.00000000 -2115.05938156 59676.81542982 
0.06000000 0.00000000 -2183.50028455 59591.51145414 
0.08000000 0.00000000 -2124.69605905 59679.07127516 
0.10000000 0.00000000 -2118.71665909 59693.94232173 
0.12000000 0.00000000 -2110.66633524 59710.80121542 
0.14000000 0.00000000 -882.51987949 60114.95694317 
0.16000000 0.00000000 -914.63765150 60136.76707023 
0.18000000 0.00000000 -2086.93622665 59756.59560888 
0.20000000 0.00000000 -2080.88610251 59768.52825123 
0.22000000 0.00000000 -2073.59387773 59781.40695350 
0.24000000 0.00000000 -2066.14632717 59794.08332748 
0.26000000 0.00000000 -2034.52178266 59831.37446898 
0.28000000 0.00000000 -2027.08674785 59842.97065041 
0.30000000 0.00000000 -2019.88645089 59853.99303902 
0.32000000 0.00000000 -2013.04017028 59864.22908577 
0.34000000 0.00000000 -2006.90241018 59873.20485244 
0.36000000 0.00000000 -2002.35260638 59879.94991154 
0.38000000 0.00000000 -1999.13554047 59884.58601592 
0.40000000 0.00000000 -570.87953099 59639.36626787 
0.42000000 0.00000000 -571.37752117 59640.93514617 
0.44000000 0.00000000 -2001.26016103 59881.52967005 
0.46000000 0.00000000 -2005.89890432 59874.81887628 
0.48000000 0.00000000 -2011.91584614 59865.91665497 
0.50000000 0.00000000 -2019.43453927 59854.81828117 
0.52000000 0.00000000 -2027.77564534 59842.30941407 
0.54000000 0.00000000 -2036.41214237 59829.04790302 
0.56000000 0.00000000 -2045.05352698 59815.44801459 
0.58000000 0.00000000 -2077.99658819 59775.35925839 
0.60000000 0.00000000 -2086.45996263 59760.91416889 
0.62000000 0.00000000 -2094.66310184 59746.49047080 
0.64000000 0.00000000 -2102.84134205 59731.76055931 
0.66000000 0.00000000 -982.24535305 60172.92779155 
0.68000000 0.00000000 -961.30274429 60162.43620109 
0.70000000 0.00000000 -2127.32609525 59684.76827621 
0.72000000 0.00000000 -2135.74696342 59667.62139772 
0.74000000 0.00000000 -2143.08348216 59651.30854285 
0.76000000 0.00000000 -2151.63696421 59632.87765544 
0.78000000 0.00000000 -2157.36525927 59617.92293651 
0.80000000 0.00000000 -2165.11953409 59599.93313981 
0.82000000 0.00000000 -2172.40249884 59582.45760864 
0.84000000 0.00000000 -2178.75563090 59566.34919905 
0.86000000 0.00000000 -2239.89805953 59461.76862996 
0.88000000 0.00000000 -2245.28760529 59445.47601212 
0.90000000 0.00000000 -2125.99593891 59627.44631841 
0.92000000 0.00000000 -1943.70196483 59846.42360533 
0.94000000 0.00000000 -2256.36108599 59408.26441870 
0.96000000 0.00000000 -2258.48181844 59399.82037357 
0.98000000 0.00000000 -2315.46523436 59281.40113287 

