-1.00000000 0.00000000 314.37970069 63792.01027601 
-0.98000000 0.00000000 314.37969991 63792.01027599 
-0.96000000 0.00000000 314.37969651 63792.01027591 
-0.94000000 0.00000000 314.38008834 63792.01028575 
-0.92000000 0.00000000 314.38007773 63792.01028548 
-0.90000000 0.00000000 314.37943695 63792.01026939 
-0.88000000 0.00000000 314.37943293 63792.01026929 
-0.86000000 0.00000000 314.37942781 63792.01026916 
-0.84000000 0.00000000 314.38100943 63792.01030887 
-0.82000000 0.00000000 314.38101097 63792.01030891 
-0.80000000 0.00000000 314.37964166 63792.01027453 
-0.78000000 0.00000000 314.37932450 63792.01026657 
-0.76000000 0.00000000 314.37932175 63792.01026650 
-0.74000000 0.00000000 314.37931986 63792.01026646 
-0.72000000 0.00000000 314.37931158 63792.01026625 
-0.70000000 0.00000000 314.37965607 63792.01027490 
-0.68000000 0.00000000 314.37965456 63792.01027486 
-0.66000000 0.00000000 314.38099459 63792.01030850 
-0.64000000 0.00000000 314.38098910 63792.01030836 
-0.62000000 0.00000000 314.37965301 63792.01027482 
-0.60000000 0.00000000 314.38098942 63792.01030837 
-0.58000000 0.00000000 314.38099584 63792.01030853 
-0.56000000 0.00000000 314.37965562 63792.01027489 
-0.54000000 0.00000000 314.37931116 63792.01026624 
-0.52000000 0.00000000 314.37931929 63792.01026644 
-0.50000000 0.00000000 314.37932089 63792.01026648 
-0.48000000 0.00000000 314.37932262 63792.01026652 
-0.46000000 0.00000000 314.37932567 63792.01026660 
-0.44000000 0.00000000 314.38100721 63792.01030882 
-0.42000000 0.00000000 314.38100873 63792.01030885 
-0.40000000 0.00000000 314.37932891 63792.01026668 
-0.38000000 0.00000000 314.37932972 63792.01026670 
-0.36000000 0.00000000 314.37932996 63792.01026671 
-0.34000000 0.00000000 314.37932997 63792.01026671 
-0.32000000 0.00000000 314.37932979 63792.01026670 
-0.30000000 0.00000000 314.38104143 63792.01030967 
-0.28000000 0.00000000 314.38104120 63792.01030967 
-0.26000000 0.00000000 314.37932868 63792.01026668 
-0.24000000 0.00000000 314.37932864 63792.01026668 
-0.22000000 0.00000000 314.37932921 63792.01026669 
-0.20000000 0.00000000 314.37932987 63792.01026671 
-0.18000000 0.00000000 314.38104578 63792.01030978 
-0.16000000 0.00000000 314.38104729 63792.01030982 
-0.14000000 0.00000000 314.37933733 63792.01026689 
-0.12000000 0.00000000 314.37933970 63792.01026695 
-0.10000000 0.00000000 314.37934488 63792.01026708 
-0.08000000 0.00000000 314.37935128 63792.01026724 
-0.06000000 0.00000000 314.38106550 63792.01031028 
-0.04000000 0.00000000 314.38107100 63792.01031041 
-0.02000000 0.00000000 314.37939805 63792.01026841 
0.00000000 0.00000000 314.37940517 63792.01026859 
0.02000000 0.00000000 314.37941478 63792.01026883 
0.04000000 0.00000000 314.37942126 63792.01026899 
0.06000000 0.00000000 314.37971528 63792.01027637 
0.08000000 0.00000000 314.37952018 63792.01027148 
0.10000000 0.00000000 314.37953522 63792.01027185 
0.12000000 0.00000000 314.37954180 63792.01027202 
0.14000000 0.00000000 314.37832393 63792.01024145 
0.16000000 0.00000000 314.37832798 63792.01024155 
0.18000000 0.00000000 314.37955379 63792.01027232 
0.20000000 0.00000000 314.37956244 63792.01027253 
0.22000000 0.00000000 314.37956546 63792.01027261 
0.24000000 0.00000000 314.37956763 63792.01027266 
0.26000000 0.00000000 314.37947513 63792.01027034 
0.28000000 0.00000000 314.37947675 63792.01027038 
0.30000000 0.00000000 314.37947853 63792.01027043 
0.32000000 0.00000000 314.37947985 63792.01027046 
0.34000000 0.00000000 314.37948064 63792.01027048 
0.36000000 0.00000000 314.37948263 63792.01027053 
0.38000000 0.00000000 314.37948338 63792.01027055 
0.40000000 0.00000000 314.37824882 63792.01023956 
0.42000000 0.00000000 314.37824891 63792.01023956 
0.44000000 0.00000000 314.37948347 63792.01027055 
0.46000000 0.00000000 314.37948280 63792.01027053 
0.48000000 0.00000000 314.37948109 63792.01027049 
0.50000000 0.00000000 314.37948034 63792.01027047 
0.52000000 0.00000000 314.37947962 63792.01027045 
0.54000000 0.00000000 314.37947848 63792.01027043 
0.56000000 0.00000000 314.37947702 63792.01027039 
0.58000000 0.00000000 314.37957073 63792.01027274 
0.60000000 0.00000000 314.37956943 63792.01027271 
0.62000000 0.00000000 314.37956779 63792.01027267 
0.64000000 0.00000000 314.37956642 63792.01027263 
0.66000000 0.00000000 314.37833851 63792.01024181 
0.68000000 0.00000000 314.37833461 63792.01024172 
0.70000000 0.00000000 314.37955973 63792.01027247 
0.72000000 0.00000000 314.37955691 63792.01027240 
0.74000000 0.00000000 314.37954929 63792.01027220 
0.76000000 0.00000000 314.37954630 63792.01027213 
0.78000000 0.00000000 314.37953326 63792.01027180 
0.80000000 0.00000000 314.37952914 63792.01027170 
0.82000000 0.00000000 314.37952514 63792.01027160 
0.84000000 0.00000000 314.37952016 63792.01027148 
0.86000000 0.00000000 314.37973986 63792.01027699 
0.88000000 0.00000000 314.37973518 63792.01027687 
0.90000000 0.00000000 314.37930516 63792.01026609 
0.92000000 0.00000000 314.37895191 63792.01025722 
0.94000000 0.00000000 314.37972153 63792.01027653 
0.96000000 0.00000000 314.37971701 63792.01027642 
0.98000000 0.00000000 314.38000063 63792.01028354 

