-1.00000000 0.00000000 3180.55785286 55778.36352645 
-0.98000000 0.00000000 3178.47605108 55779.17401889 
-0.96000000 0.00000000 3180.33426103 55782.00555696 
-0.94000000 0.00000000 2814.44727754 55616.39131300 
-0.92000000 0.00000000 2821.54535051 55619.72368620 
-0.90000000 0.00000000 3497.20406560 56031.02311983 
-0.88000000 0.00000000 3504.28685455 56038.36513443 
-0.86000000 0.00000000 3513.09752843 56047.30602701 
-0.84000000 0.00000000 2286.46244910 55568.76966621 
-0.82000000 0.00000000 2285.45118505 55569.38812830 
-0.80000000 0.00000000 3247.63985946 55830.66890623 
-0.78000000 0.00000000 3667.82333581 56215.28909953 
-0.76000000 0.00000000 3673.86124970 56222.75260812 
-0.74000000 0.00000000 3678.52533098 56228.60746173 
-0.72000000 0.00000000 3692.49903458 56245.89502237 
-0.70000000 0.00000000 3236.45617969 55824.36979840 
-0.68000000 0.00000000 3239.10313942 55826.24528794 
-0.66000000 0.00000000 2290.01171783 55571.74419962 
-0.64000000 0.00000000 2292.88095694 55571.26018723 
-0.62000000 0.00000000 3243.63118101 55828.80885985 
-0.60000000 0.00000000 2295.30689471 55569.92892679 
-0.58000000 0.00000000 2294.61928060 55569.10038374 
-0.56000000 0.00000000 3243.81276333 55827.00345953 
-0.54000000 0.00000000 3700.27205128 56252.37964722 
-0.52000000 0.00000000 3688.35629575 56236.69202914 
-0.50000000 0.00000000 3686.03640145 56232.88119474 
-0.48000000 0.00000000 3683.49944356 56228.84974892 
-0.46000000 0.00000000 3679.07352289 56222.61325989 
-0.44000000 0.00000000 2308.28268630 55558.95791082 
-0.42000000 0.00000000 2309.48110243 55557.96269660 
-0.40000000 0.00000000 3674.51828855 56215.28331522 
-0.38000000 0.00000000 3673.42856384 56213.65745028 
-0.36000000 0.00000000 3673.17319467 56213.17253243 
-0.34000000 0.00000000 3673.25454040 56213.20700516 
-0.32000000 0.00000000 3673.61667901 56213.66062905 
-0.30000000 0.00000000 2298.64458442 55557.64319210 
-0.28000000 0.00000000 2298.39601981 55557.77886884 
-0.26000000 0.00000000 3675.78879356 56216.34815896 
-0.24000000 0.00000000 3676.26738268 56216.75133386 
-0.22000000 0.00000000 3676.08715678 56216.13582952 
-0.20000000 0.00000000 3676.16205020 56215.50806915 
-0.18000000 0.00000000 2302.24219839 55554.61997451 
-0.16000000 0.00000000 2306.10192756 55552.25110644 
-0.14000000 0.00000000 3672.32875527 56205.87852024 
-0.12000000 0.00000000 3673.16690629 56203.91797115 
-0.10000000 0.00000000 3671.42562456 56198.07400350 
-0.08000000 0.00000000 3669.60083593 56191.27995495 
-0.06000000 0.00000000 2354.50500007 55525.17646020 
-0.04000000 0.00000000 2371.65280252 55516.54950736 
-0.02000000 0.00000000 3639.20187934 56136.74922266 
0.00000000 0.00000000 3644.41639085 56134.78273304 
0.02000000 0.00000000 3648.10685976 56130.48928469 
0.04000000 0.00000000 3656.94712048 56131.77000324 
0.06000000 0.00000000 3353.64563541 55829.89949565 
0.08000000 0.00000000 3578.74097573 56026.88061707 
0.10000000 0.00000000 3581.24993329 56020.60329872 
0.12000000 0.00000000 3592.59025574 56024.08694607 
0.14000000 0.00000000 2374.99129469 61775.93519133 
0.16000000 0.00000000 2478.80257165 61723.14972837 
0.18000000 0.00000000 3630.01744463 56042.18487633 
0.20000000 0.00000000 3636.48246620 56042.68820245 
0.22000000 0.00000000 3648.38039041 56049.71336559 
0.24000000 0.00000000 3661.03304022 56057.97665806 
0.26000000 0.00000000 3768.46190498 56185.13322984 
0.28000000 0.00000000 3780.78671732 56195.40474217 
0.30000000 0.00000000 3792.58293847 56205.42249469 
0.32000000 0.00000000 3803.95803483 56215.50357255 
0.34000000 0.00000000 3814.32783977 56225.07710209 
0.36000000 0.00000000 3821.24479253 56230.92573282 
0.38000000 0.00000000 3826.46355517 56235.72105592 
0.40000000 0.00000000 1364.73279659 62003.22892790 
0.42000000 0.00000000 1366.50536440 62003.38797767 
0.44000000 0.00000000 3822.64359572 56231.92769488 
0.46000000 0.00000000 3814.82175693 56224.58259932 
0.48000000 0.00000000 3805.07038325 56215.92360950 
0.50000000 0.00000000 3792.07555121 56203.93550584 
0.52000000 0.00000000 3777.48202391 56190.70535805 
0.54000000 0.00000000 3762.46017888 56177.58920937 
0.56000000 0.00000000 3747.47499017 56164.98683920 
0.58000000 0.00000000 3635.71324175 56036.91779581 
0.60000000 0.00000000 3620.08117250 56026.20444982 
0.62000000 0.00000000 3605.01043182 56016.37655419 
0.64000000 0.00000000 3589.73114590 56006.65337901 
0.66000000 0.00000000 2696.80937704 61591.48136215 
0.68000000 0.00000000 2628.13318914 61634.60646513 
0.70000000 0.00000000 3544.62733316 55981.09219038 
0.72000000 0.00000000 3529.11208508 55973.18535591 
0.74000000 0.00000000 3518.28030952 55970.35981168 
0.76000000 0.00000000 3502.29748454 55962.86091459 
0.78000000 0.00000000 3497.60879275 55966.34046761 
0.80000000 0.00000000 3483.68138083 55961.00590743 
0.82000000 0.00000000 3470.55909123 55956.35378829 
0.84000000 0.00000000 3459.88009834 55953.70201015 
0.86000000 0.00000000 3206.35574193 55764.89456787 
0.88000000 0.00000000 3195.75883539 55764.21230877 
0.90000000 0.00000000 3698.75389295 56225.93198751 
0.92000000 0.00000000 4194.88309838 57183.19261297 
0.94000000 0.00000000 3175.89425469 55766.30263703 
0.96000000 0.00000000 3173.17680623 55768.24255467 
0.98000000 0.00000000 2900.59032967 55637.51766328 

