-1.00000000 0.00000000 340.77313344 63816.61011588 
-0.98000000 0.00000000 340.72291058 63816.60911890 
-0.96000000 0.00000000 340.62885688 63816.60726038 
-0.94000000 0.00000000 347.44724063 63816.73654743 
-0.92000000 0.00000000 347.23123036 63816.73258366 
-0.90000000 0.00000000 335.99865330 63816.51404836 
-0.88000000 0.00000000 335.90175467 63816.51204432 
-0.86000000 0.00000000 335.78730632 63816.50967658 
-0.84000000 0.00000000 363.41787668 63817.00235713 
-0.82000000 0.00000000 363.42196141 63817.00240406 
-0.80000000 0.00000000 339.45775320 63816.58403381 
-0.78000000 0.00000000 333.89069636 63816.47014612 
-0.76000000 0.00000000 333.82182293 63816.46869228 
-0.74000000 0.00000000 333.76885046 63816.46757247 
-0.72000000 0.00000000 333.60573867 63816.46413216 
-0.70000000 0.00000000 339.61317155 63816.58709009 
-0.68000000 0.00000000 339.57365230 63816.58630058 
-0.66000000 0.00000000 362.99443682 63816.99587278 
-0.64000000 0.00000000 362.89344142 63816.99434214 
-0.62000000 0.00000000 339.53189720 63816.58546447 
-0.60000000 0.00000000 362.90318383 63816.99449064 
-0.58000000 0.00000000 363.02440325 63816.99632756 
-0.56000000 0.00000000 339.60394465 63816.58690138 
-0.54000000 0.00000000 333.59693143 63816.46393949 
-0.52000000 0.00000000 333.75692349 63816.46731271 
-0.50000000 0.00000000 333.80331651 63816.46829227 
-0.48000000 0.00000000 333.85170609 63816.46931332 
-0.46000000 0.00000000 333.92158357 63816.47078523 
-0.44000000 0.00000000 363.33734572 63817.00110686 
-0.42000000 0.00000000 363.37498451 63817.00167884 
-0.40000000 0.00000000 334.01149104 63816.47267932 
-0.38000000 0.00000000 334.03023501 63816.47307335 
-0.36000000 0.00000000 334.03591660 63816.47319250 
-0.34000000 0.00000000 334.03500836 63816.47317279 
-0.32000000 0.00000000 334.02886974 63816.47304291 
-0.30000000 0.00000000 363.95231964 63817.01032451 
-0.28000000 0.00000000 363.94384284 63817.01019490 
-0.26000000 0.00000000 333.99681222 63816.47236633 
-0.24000000 0.00000000 333.99375595 63816.47230152 
-0.22000000 0.00000000 334.00415561 63816.47251991 
-0.20000000 0.00000000 334.01951724 63816.47284326 
-0.18000000 0.00000000 364.03038055 63817.01148726 
-0.16000000 0.00000000 364.07028253 63817.01208949 
-0.14000000 0.00000000 334.19137003 63816.47645744 
-0.12000000 0.00000000 334.25872376 63816.47787442 
-0.10000000 0.00000000 334.38166148 63816.48045524 
-0.08000000 0.00000000 334.53251786 63816.48361788 
-0.06000000 0.00000000 364.55051848 63817.01931388 
-0.04000000 0.00000000 364.69760515 63817.02151833 
-0.02000000 0.00000000 335.50186078 63816.50380968 
0.00000000 0.00000000 335.68518067 63816.50761409 
0.02000000 0.00000000 335.91404246 63816.51235144 
0.04000000 0.00000000 336.08870946 63816.51596346 
0.06000000 0.00000000 341.28997939 63816.62028312 
0.08000000 0.00000000 337.93647808 63816.55367619 
0.10000000 0.00000000 338.25355527 63816.56008720 
0.12000000 0.00000000 338.41795401 63816.56340884 
0.14000000 0.00000000 317.16731103 63816.09017783 
0.16000000 0.00000000 317.27674951 63816.09284978 
0.18000000 0.00000000 338.74306129 63816.56996673 
0.20000000 0.00000000 338.92243600 63816.57356668 
0.22000000 0.00000000 338.99865759 63816.57509750 
0.24000000 0.00000000 339.05627846 63816.57625444 
0.26000000 0.00000000 337.45524511 63816.54400347 
0.28000000 0.00000000 337.49748524 63816.54486436 
0.30000000 0.00000000 337.54025259 63816.54573501 
0.32000000 0.00000000 337.57310232 63816.54640363 
0.34000000 0.00000000 337.59464998 63816.54684237 
0.36000000 0.00000000 337.63546860 63816.54767131 
0.38000000 0.00000000 337.65262879 63816.54802001 
0.40000000 0.00000000 316.06811921 63816.06319953 
0.42000000 0.00000000 316.06979261 63816.06324088 
0.44000000 0.00000000 337.65410283 63816.54805003 
0.46000000 0.00000000 337.63860726 63816.54773527 
0.48000000 0.00000000 337.60334741 63816.54701940 
0.50000000 0.00000000 337.58366483 63816.54661904 
0.52000000 0.00000000 337.56372467 63816.54621322 
0.54000000 0.00000000 337.53554217 63816.54563992 
0.56000000 0.00000000 337.50106657 63816.54493860 
0.58000000 0.00000000 339.12994573 63816.57773333 
0.60000000 0.00000000 339.09663929 63816.57706603 
0.62000000 0.00000000 339.05622323 63816.57625618 
0.64000000 0.00000000 339.01874630 63816.57550445 
0.66000000 0.00000000 317.53294623 63816.09910179 
0.68000000 0.00000000 317.44662826 63816.09700003 
0.70000000 0.00000000 338.84704155 63816.57205824 
0.72000000 0.00000000 338.77393802 63816.57058912 
0.74000000 0.00000000 338.61409864 63816.56737814 
0.76000000 0.00000000 338.53221537 63816.56572808 
0.78000000 0.00000000 338.27204424 63816.56048852 
0.80000000 0.00000000 338.16565783 63816.55833783 
0.82000000 0.00000000 338.05944076 63816.55618783 
0.84000000 0.00000000 337.93465290 63816.55365989 
0.86000000 0.00000000 341.73707774 63816.62902051 
0.88000000 0.00000000 341.61534538 63816.62664265 
0.90000000 0.00000000 334.05592295 63816.47373117 
0.92000000 0.00000000 327.83857495 63816.33927368 
0.94000000 0.00000000 341.25495755 63816.61958358 
0.96000000 0.00000000 341.13579232 63816.61724336 
0.98000000 0.00000000 346.05567571 63816.71097856 

