-1.00000000 0.00000000 312.41533153 63812.96447441 
-0.98000000 0.00000000 312.41790447 63812.96453929 
-0.96000000 0.00000000 312.42330869 63812.96467620 
-0.94000000 0.00000000 311.98733366 63812.95356772 
-0.92000000 0.00000000 312.00059891 63812.95390578 
-0.90000000 0.00000000 312.71739587 63812.97214585 
-0.88000000 0.00000000 312.72312346 63812.97229077 
-0.86000000 0.00000000 312.72999978 63812.97246485 
-0.84000000 0.00000000 310.96514195 63812.92737010 
-0.82000000 0.00000000 310.96448659 63812.92735285 
-0.80000000 0.00000000 312.49442503 63812.96648115 
-0.78000000 0.00000000 312.84955084 63812.97549524 
-0.76000000 0.00000000 312.85358574 63812.97559719 
-0.74000000 0.00000000 312.85662211 63812.97567385 
-0.72000000 0.00000000 312.86671766 63812.97592944 
-0.70000000 0.00000000 312.48281447 63812.96618447 
-0.68000000 0.00000000 312.48510873 63812.96624258 
-0.66000000 0.00000000 310.98932570 63812.92798951 
-0.64000000 0.00000000 310.99568776 63812.92815309 
-0.62000000 0.00000000 312.48751991 63812.96630364 
-0.60000000 0.00000000 310.99514298 63812.92813914 
-0.58000000 0.00000000 310.98756309 63812.92794430 
-0.56000000 0.00000000 312.48339165 63812.96619910 
-0.54000000 0.00000000 312.86726963 63812.97594338 
-0.52000000 0.00000000 312.85736999 63812.97569275 
-0.50000000 0.00000000 312.85473678 63812.97562629 
-0.48000000 0.00000000 312.85196722 63812.97555636 
-0.46000000 0.00000000 312.84779801 63812.97545094 
-0.44000000 0.00000000 310.96960265 63812.92748413 
-0.42000000 0.00000000 310.96739554 63812.92742753 
-0.40000000 0.00000000 312.84264081 63812.97532071 
-0.38000000 0.00000000 312.84152150 63812.97529241 
-0.36000000 0.00000000 312.84118091 63812.97528379 
-0.34000000 0.00000000 312.84121401 63812.97528461 
-0.32000000 0.00000000 312.84154556 63812.97529296 
-0.30000000 0.00000000 310.93059689 63812.92648062 
-0.28000000 0.00000000 310.93105016 63812.92649221 
-0.26000000 0.00000000 312.84334542 63812.97533838 
-0.24000000 0.00000000 312.84349169 63812.97534205 
-0.22000000 0.00000000 312.84282440 63812.97532513 
-0.20000000 0.00000000 312.84190272 63812.97530182 
-0.18000000 0.00000000 310.92559122 63812.92635179 
-0.16000000 0.00000000 310.92327240 63812.92629233 
-0.14000000 0.00000000 312.83162837 63812.97504199 
-0.12000000 0.00000000 312.82777281 63812.97494464 
-0.10000000 0.00000000 312.82048444 63812.97476035 
-0.08000000 0.00000000 312.81152952 63812.97453390 
-0.06000000 0.00000000 310.89541282 63812.92557789 
-0.04000000 0.00000000 310.88690800 63812.92535979 
-0.02000000 0.00000000 312.75227670 63812.97303350 
0.00000000 0.00000000 312.74160107 63812.97276358 
0.02000000 0.00000000 312.72805296 63812.97242079 
0.04000000 0.00000000 312.71797379 63812.97216600 
0.06000000 0.00000000 312.38688736 63812.96375481 
0.08000000 0.00000000 312.60204575 63812.96922490 
0.10000000 0.00000000 312.58274193 63812.96873543 
0.12000000 0.00000000 312.57310438 63812.96849137 
0.14000000 0.00000000 313.93088618 63813.00279678 
0.16000000 0.00000000 313.92456602 63813.00263852 
0.18000000 0.00000000 312.55435076 63812.96801672 
0.20000000 0.00000000 312.54337898 63812.96773838 
0.22000000 0.00000000 312.53891500 63812.96762531 
0.24000000 0.00000000 312.53557179 63812.96754066 
0.26000000 0.00000000 312.63809134 63812.97014494 
0.28000000 0.00000000 312.63562984 63812.97008265 
0.30000000 0.00000000 312.63309708 63812.97001852 
0.32000000 0.00000000 312.63116471 63812.96996960 
0.34000000 0.00000000 312.62992225 63812.96993817 
0.36000000 0.00000000 312.62741682 63812.96987465 
0.38000000 0.00000000 312.62638855 63812.96984860 
0.40000000 0.00000000 314.00475615 63813.00465540 
0.42000000 0.00000000 314.00464657 63813.00465265 
0.44000000 0.00000000 312.62628786 63812.96984604 
0.46000000 0.00000000 312.62721005 63812.96986939 
0.48000000 0.00000000 312.62936800 63812.96992411 
0.50000000 0.00000000 312.63051064 63812.96995302 
0.52000000 0.00000000 312.63165406 63812.96998194 
0.54000000 0.00000000 312.63331175 63812.97002391 
0.56000000 0.00000000 312.63536053 63812.97007580 
0.58000000 0.00000000 312.53117892 63812.96742933 
0.60000000 0.00000000 312.53312494 63812.96747862 
0.62000000 0.00000000 312.53550322 63812.96753888 
0.64000000 0.00000000 312.53766471 63812.96759360 
0.66000000 0.00000000 313.90942834 63813.00225915 
0.68000000 0.00000000 313.91462863 63813.00238958 
0.70000000 0.00000000 312.54768896 63812.96784748 
0.72000000 0.00000000 312.55194576 63812.96795528 
0.74000000 0.00000000 312.56168973 63812.96820244 
0.76000000 0.00000000 312.56640613 63812.96832181 
0.78000000 0.00000000 312.58246274 63812.96872921 
0.80000000 0.00000000 312.58865922 63812.96888608 
0.82000000 0.00000000 312.59481115 63812.96904178 
0.84000000 0.00000000 312.60212180 63812.96922689 
0.86000000 0.00000000 312.35862782 63812.96303613 
0.88000000 0.00000000 312.36570712 63812.96321565 
0.90000000 0.00000000 312.84773169 63812.97545683 
0.92000000 0.00000000 313.24404930 63812.98548599 
0.94000000 0.00000000 312.38660431 63812.96374546 
0.96000000 0.00000000 312.39351672 63812.96392070 
0.98000000 0.00000000 312.07865977 63812.95590002 

