-1.00000000 0.00000000 2308.16925879 58999.41756014 
-0.98000000 0.00000000 2308.27275070 58998.52288885 
-0.96000000 0.00000000 2308.20821562 58997.96576217 
-0.94000000 0.00000000 2320.64914531 58981.62798455 
-0.92000000 0.00000000 2320.40321802 58981.45605899 
-0.90000000 0.00000000 2296.12981539 59010.77179097 
-0.88000000 0.00000000 2295.78210643 59010.95716272 
-0.86000000 0.00000000 2295.36410696 59011.26782519 
-0.84000000 0.00000000 2337.44520530 58956.12065447 
-0.82000000 0.00000000 2337.46523437 58955.85730372 
-0.80000000 0.00000000 2305.47034498 58999.26327659 
-0.78000000 0.00000000 2288.55205033 59018.21998671 
-0.76000000 0.00000000 2288.24928605 59018.47388977 
-0.74000000 0.00000000 2288.01502175 59018.66037923 
-0.72000000 0.00000000 2287.36143725 59019.28726956 
-0.70000000 0.00000000 2305.81695046 58998.44444278 
-0.68000000 0.00000000 2305.72014862 58998.53725329 
-0.66000000 0.00000000 2337.37707951 58954.89465819 
-0.64000000 0.00000000 2337.28341749 58955.12449023 
-0.62000000 0.00000000 2305.55173767 58998.92117270 
-0.60000000 0.00000000 2337.16632481 58955.76435246 
-0.58000000 0.00000000 2337.14910283 58956.16308044 
-0.56000000 0.00000000 2305.51694950 58999.58992446 
-0.54000000 0.00000000 2287.02199088 59020.41789499 
-0.52000000 0.00000000 2287.57614717 59020.08244757 
-0.50000000 0.00000000 2287.69217834 59020.19714186 
-0.48000000 0.00000000 2287.81993396 59020.29207677 
-0.46000000 0.00000000 2288.03492398 59020.28194318 
-0.44000000 0.00000000 2336.31348256 58960.89198359 
-0.42000000 0.00000000 2336.24523885 58961.35110082 
-0.40000000 0.00000000 2288.31245445 59020.45251119 
-0.38000000 0.00000000 2288.39722893 59020.45114809 
-0.36000000 0.00000000 2288.45136461 59020.45095100 
-0.34000000 0.00000000 2288.49719652 59020.43562522 
-0.32000000 0.00000000 2288.53689759 59020.41185979 
-0.30000000 0.00000000 2336.73641694 58961.47554079 
-0.28000000 0.00000000 2336.80897847 58961.42250745 
-0.26000000 0.00000000 2288.63347460 59020.40057225 
-0.24000000 0.00000000 2288.67673571 59020.45168681 
-0.22000000 0.00000000 2288.74228506 59020.54599981 
-0.20000000 0.00000000 2288.78188177 59020.75590974 
-0.18000000 0.00000000 2336.81767256 58963.15628907 
-0.16000000 0.00000000 2336.60750572 58964.38859692 
-0.14000000 0.00000000 2288.90853217 59022.15342619 
-0.12000000 0.00000000 2288.76324046 59023.14068678 
-0.10000000 0.00000000 2288.66422507 59024.28274978 
-0.08000000 0.00000000 2288.48907396 59025.70899984 
-0.06000000 0.00000000 2333.15727130 58978.58682374 
-0.04000000 0.00000000 2331.80393802 58983.23979724 
-0.02000000 0.00000000 2288.44309317 59030.80929356 
0.00000000 0.00000000 2287.57374429 59033.62440814 
0.02000000 0.00000000 2286.67803588 59036.55257009 
0.04000000 0.00000000 2285.49652049 59039.75272471 
0.06000000 0.00000000 2295.83717073 59033.70935068 
0.08000000 0.00000000 2286.72165330 59043.36061346 
0.10000000 0.00000000 2285.64419932 59046.38887662 
0.12000000 0.00000000 2284.24368964 59049.49512555 
0.14000000 0.00000000 2065.93723468 59003.45622234 
0.16000000 0.00000000 2072.51601773 59014.72868206 
0.18000000 0.00000000 2280.04539213 59057.71550035 
0.20000000 0.00000000 2278.88476572 59059.99073305 
0.22000000 0.00000000 2277.51397502 59062.27586093 
0.24000000 0.00000000 2276.08983143 59064.49857035 
0.26000000 0.00000000 2271.10333186 59068.51245019 
0.28000000 0.00000000 2269.63506413 59070.54466369 
0.30000000 0.00000000 2268.19168862 59072.47336925 
0.32000000 0.00000000 2266.81095103 59074.24776038 
0.34000000 0.00000000 2265.56950694 59075.78761758 
0.36000000 0.00000000 2264.62223725 59076.97500026 
0.38000000 0.00000000 2263.95642635 59077.77258898 
0.40000000 0.00000000 2034.05439170 58801.71639815 
0.42000000 0.00000000 2033.98417331 58802.27134800 
0.44000000 0.00000000 2264.34620355 59077.24943889 
0.46000000 0.00000000 2265.27351192 59076.09670102 
0.48000000 0.00000000 2266.48989463 59074.54423688 
0.50000000 0.00000000 2267.98877369 59072.63821630 
0.52000000 0.00000000 2269.64387503 59070.48638154 
0.54000000 0.00000000 2271.35223547 59068.18684995 
0.56000000 0.00000000 2273.04945370 59065.81226373 
0.58000000 0.00000000 2278.28627773 59061.37177063 
0.60000000 0.00000000 2279.90090840 59058.86862666 
0.62000000 0.00000000 2281.43814051 59056.35631580 
0.64000000 0.00000000 2282.93440448 59053.79619500 
0.66000000 0.00000000 2085.75369408 59033.30843584 
0.68000000 0.00000000 2081.23825660 59027.37883705 
0.70000000 0.00000000 2287.24730178 59045.56510184 
0.72000000 0.00000000 2288.68557737 59042.54896291 
0.74000000 0.00000000 2289.94563297 59039.53653285 
0.76000000 0.00000000 2291.37504459 59036.28297265 
0.78000000 0.00000000 2292.35546446 59033.32217125 
0.80000000 0.00000000 2293.62575429 59030.08879111 
0.82000000 0.00000000 2294.80252753 59026.93759413 
0.84000000 0.00000000 2295.81209332 59023.98206271 
0.86000000 0.00000000 2305.44725633 59012.50664385 
0.88000000 0.00000000 2306.31696566 59009.61870286 
0.90000000 0.00000000 2287.31890076 59026.91348391 
0.92000000 0.00000000 2258.03086428 59049.52755482 
0.94000000 0.00000000 2307.98015592 59002.90782441 
0.96000000 0.00000000 2308.24811189 59001.33586508 
0.98000000 0.00000000 2317.62369163 58988.88683890 

