-1.00000000 0.00000000 1683.49336740 59691.25213734 
-0.98000000 0.00000000 1685.14534108 59691.91864709 
-0.96000000 0.00000000 1686.22951328 59691.85882691 
-0.94000000 0.00000000 1714.30582252 59748.71947619 
-0.92000000 0.00000000 1714.72961504 59747.78237994 
-0.90000000 0.00000000 1665.08823313 59638.22748099 
-0.88000000 0.00000000 1664.89554920 59636.94328710 
-0.86000000 0.00000000 1664.48251997 59635.32006245 
-0.84000000 0.00000000 1759.71125526 59827.64389751 
-0.82000000 0.00000000 1760.26477798 59827.82566599 
-0.80000000 0.00000000 1684.91342973 59681.26234441 
-0.78000000 0.00000000 1653.21687738 59605.55817386 
-0.76000000 0.00000000 1652.85411162 59604.33396423 
-0.74000000 0.00000000 1652.59483503 59603.39162838 
-0.72000000 0.00000000 1651.59356796 59600.54851585 
-0.70000000 0.00000000 1686.55186039 59683.21083170 
-0.68000000 0.00000000 1686.41438514 59682.79276911 
-0.66000000 0.00000000 1762.33750843 59827.46898950 
-0.64000000 0.00000000 1761.92093087 59827.02462663 
-0.62000000 0.00000000 1685.73965271 59681.98789785 
-0.60000000 0.00000000 1760.72758437 59826.52831020 
-0.58000000 0.00000000 1759.97246184 59826.50999007 
-0.56000000 0.00000000 1684.45588116 59681.67061626 
-0.54000000 0.00000000 1649.49839893 59598.62127030 
-0.52000000 0.00000000 1649.97339753 59600.96171428 
-0.50000000 0.00000000 1649.69615924 59601.33125558 
-0.48000000 0.00000000 1649.45077774 59601.74976790 
-0.46000000 0.00000000 1649.38187738 59602.56051081 
-0.44000000 0.00000000 1751.06907211 59823.18012082 
-0.42000000 0.00000000 1750.18499823 59822.87718707 
-0.40000000 0.00000000 1648.86631054 59603.34315303 
-0.38000000 0.00000000 1648.80123001 59603.56664196 
-0.36000000 0.00000000 1648.73822665 59603.64695852 
-0.34000000 0.00000000 1648.70298741 59603.68151885 
-0.32000000 0.00000000 1648.68271940 59603.67692705 
-0.30000000 0.00000000 1749.61266863 59824.55058029 
-0.28000000 0.00000000 1749.65035778 59824.67770194 
-0.26000000 0.00000000 1648.51249704 59603.47302539 
-0.24000000 0.00000000 1648.35839443 59603.42764727 
-0.22000000 0.00000000 1648.12984782 59603.47697683 
-0.20000000 0.00000000 1647.70885061 59603.41585758 
-0.18000000 0.00000000 1746.33754114 59823.98967272 
-0.16000000 0.00000000 1744.14200993 59823.10055090 
-0.14000000 0.00000000 1645.19968257 59603.46158649 
-0.12000000 0.00000000 1643.52193012 59602.76507288 
-0.10000000 0.00000000 1641.60850998 59602.39035476 
-0.08000000 0.00000000 1639.24888479 59601.80874354 
-0.06000000 0.00000000 1719.60844954 59810.69717093 
-0.04000000 0.00000000 1711.70897704 59806.03769041 
-0.02000000 0.00000000 1630.99127839 59603.35288091 
0.00000000 0.00000000 1626.44285599 59600.33482164 
0.02000000 0.00000000 1621.73007942 59597.36992779 
0.04000000 0.00000000 1616.58070137 59593.21846532 
0.06000000 0.00000000 1626.92601607 59643.85357134 
0.08000000 0.00000000 1610.98690690 59602.31562093 
0.10000000 0.00000000 1606.14587511 59599.01342633 
0.12000000 0.00000000 1601.16989293 59594.16166657 
0.14000000 0.00000000 1625.12942185 58299.47866195 
0.16000000 0.00000000 1609.91220237 58356.55073916 
0.18000000 0.00000000 1588.07823965 59579.51380423 
0.20000000 0.00000000 1584.51228944 59575.85684350 
0.22000000 0.00000000 1580.94328482 59571.24806148 
0.24000000 0.00000000 1577.49565246 59566.48894914 
0.26000000 0.00000000 1570.97054502 59543.98840931 
0.28000000 0.00000000 1567.85218518 59539.15281501 
0.30000000 0.00000000 1564.90264401 59534.45067508 
0.32000000 0.00000000 1562.19218136 59529.95336225 
0.34000000 0.00000000 1559.84009967 59525.89919272 
0.36000000 0.00000000 1558.03270182 59522.91287135 
0.38000000 0.00000000 1556.81707357 59520.78206295 
0.40000000 0.00000000 2001.08922874 57601.37085358 
0.42000000 0.00000000 1999.69492819 57602.67025949 
0.44000000 0.00000000 1557.62940562 59522.17515711 
0.46000000 0.00000000 1559.39393177 59525.23721117 
0.48000000 0.00000000 1561.76274926 59529.18740380 
0.50000000 0.00000000 1564.67232636 59534.14159246 
0.52000000 0.00000000 1567.95486287 59539.62522085 
0.54000000 0.00000000 1571.46140267 59545.27593749 
0.56000000 0.00000000 1575.08634226 59550.90088221 
0.58000000 0.00000000 1582.24626918 59574.24900174 
0.60000000 0.00000000 1586.09926032 59579.69174035 
0.62000000 0.00000000 1589.99021406 59584.93114193 
0.64000000 0.00000000 1593.98542478 59590.13037282 
0.66000000 0.00000000 1585.35483850 58467.85431681 
0.68000000 0.00000000 1592.84174399 58433.76671330 
0.70000000 0.00000000 1607.00798595 59605.47327121 
0.72000000 0.00000000 1611.83041530 59610.69199788 
0.74000000 0.00000000 1616.65603219 59615.09189128 
0.76000000 0.00000000 1621.89631652 59620.35454357 
0.78000000 0.00000000 1626.66241454 59623.56747985 
0.80000000 0.00000000 1631.90521817 59628.26664142 
0.82000000 0.00000000 1637.03747350 59632.65962432 
0.84000000 0.00000000 1641.87535026 59636.42904296 
0.86000000 0.00000000 1661.04066236 59680.36936444 
0.88000000 0.00000000 1665.85499382 59683.65940120 
0.90000000 0.00000000 1636.94659737 59595.96317226 
0.92000000 0.00000000 1599.43155774 59461.82112126 
0.94000000 0.00000000 1677.25863127 59690.24083278 
0.96000000 0.00000000 1680.00651568 59691.41399120 
0.98000000 0.00000000 1701.31283378 59734.38468702 

