-1.00000000 0.00000000 3570.30225293 60855.63975382 
-0.98000000 0.00000000 3571.43026402 60852.51841665 
-0.96000000 0.00000000 3569.44487260 60853.55933476 
-0.94000000 0.00000000 3865.56502531 60433.78854472 
-0.92000000 0.00000000 3859.53357939 60442.22897904 
-0.90000000 0.00000000 3305.42188574 61145.40171642 
-0.88000000 0.00000000 3299.26489769 61151.15052342 
-0.86000000 0.00000000 3291.67099507 61158.38999884 
-0.84000000 0.00000000 4268.62579048 59577.70608445 
-0.82000000 0.00000000 4269.13188818 59575.16755216 
-0.80000000 0.00000000 3512.85487989 60917.44203105 
-0.78000000 0.00000000 3157.65684920 61284.08467052 
-0.76000000 0.00000000 3152.26780778 61288.71944656 
-0.74000000 0.00000000 3148.08513723 61292.26528430 
-0.72000000 0.00000000 3135.64355697 61303.12393375 
-0.70000000 0.00000000 3521.73513607 60905.56822849 
-0.68000000 0.00000000 3519.53578056 60908.05701489 
-0.66000000 0.00000000 4264.83964635 59581.28688282 
-0.64000000 0.00000000 4262.90786822 59587.09627311 
-0.62000000 0.00000000 3515.95019586 60912.59317869 
-0.60000000 0.00000000 4261.64490811 59592.68806847 
-0.58000000 0.00000000 4262.48897409 59591.99815311 
-0.56000000 0.00000000 3516.31747051 60913.63795520 
-0.54000000 0.00000000 3129.58244813 61309.90992866 
-0.52000000 0.00000000 3140.42776537 61300.88373018 
-0.50000000 0.00000000 3142.74496048 61299.36881257 
-0.48000000 0.00000000 3145.24315742 61297.67397988 
-0.46000000 0.00000000 3149.39000509 61294.47247941 
-0.44000000 0.00000000 4256.33202612 59625.86810525 
-0.42000000 0.00000000 4255.82834668 59628.91258768 
-0.40000000 0.00000000 3153.90483459 61291.46431889 
-0.38000000 0.00000000 3154.95123714 61290.69917271 
-0.36000000 0.00000000 3155.22449930 61290.54319258 
-0.34000000 0.00000000 3155.17014375 61290.61263255 
-0.32000000 0.00000000 3154.84652530 61290.87440664 
-0.30000000 0.00000000 4264.06151015 59608.59197266 
-0.28000000 0.00000000 4264.19893423 59607.99754464 
-0.26000000 0.00000000 3152.91708245 61292.49494471 
-0.24000000 0.00000000 3152.54656361 61292.90072444 
-0.22000000 0.00000000 3152.82045419 61292.85718564 
-0.20000000 0.00000000 3152.95793442 61293.11098843 
-0.18000000 0.00000000 4262.63330289 59617.47381141 
-0.16000000 0.00000000 4260.70132299 59626.48170187 
-0.14000000 0.00000000 3157.74643421 61291.56039920 
-0.12000000 0.00000000 3157.83285794 61293.09760313 
-0.10000000 0.00000000 3160.41144788 61292.85858024 
-0.08000000 0.00000000 3163.29685266 61292.82403991 
-0.06000000 0.00000000 4234.86938704 59735.95768132 
-0.04000000 0.00000000 4225.14792931 59773.34137392 
-0.02000000 0.00000000 3195.16449794 61274.95412020 
0.00000000 0.00000000 3192.78376871 61281.59565286 
0.02000000 0.00000000 3191.88567011 61287.23717514 
0.04000000 0.00000000 3186.59238657 61297.00299539 
0.06000000 0.00000000 3446.58843286 61049.62544850 
0.08000000 0.00000000 3259.18744281 61242.10836244 
0.10000000 0.00000000 3259.40003822 61247.32666865 
0.12000000 0.00000000 3251.91966147 61259.36023993 
0.14000000 0.00000000 999.39287011 61841.03673045 
0.16000000 0.00000000 1030.22543161 61861.76505494 
0.18000000 0.00000000 3225.61405572 61296.65632373 
0.20000000 0.00000000 3221.76601097 61304.08310844 
0.22000000 0.00000000 3213.12075746 61315.49960364 
0.24000000 0.00000000 3203.74711957 61327.35783841 
0.26000000 0.00000000 3110.60952740 61408.22215511 
0.28000000 0.00000000 3101.16847561 61419.15850132 
0.30000000 0.00000000 3092.10842627 61429.58095748 
0.32000000 0.00000000 3083.28561773 61439.50563454 
0.34000000 0.00000000 3075.16281829 61448.43979358 
0.36000000 0.00000000 3069.89469447 61454.58741603 
0.38000000 0.00000000 3065.82607546 61459.10429218 
0.40000000 0.00000000 715.91468615 61498.05474268 
0.42000000 0.00000000 716.39966690 61499.07717306 
0.44000000 0.00000000 3068.87554129 61455.92072780 
0.46000000 0.00000000 3075.02017856 61449.22858539 
0.48000000 0.00000000 3082.56627759 61440.72832608 
0.50000000 0.00000000 3092.76499178 61429.56660067 
0.52000000 0.00000000 3104.19320345 61416.97783147 
0.54000000 0.00000000 3115.86523038 61403.87549732 
0.56000000 0.00000000 3127.42259880 61390.66691937 
0.58000000 0.00000000 3223.67968296 61305.44572586 
0.60000000 0.00000000 3235.46181860 61291.01259747 
0.62000000 0.00000000 3246.72955098 61276.92552562 
0.64000000 0.00000000 3258.12752186 61262.57059843 
0.66000000 0.00000000 1098.42489814 61899.69978518 
0.68000000 0.00000000 1077.14534130 61888.06695689 
0.70000000 0.00000000 3291.16222075 61219.08898394 
0.72000000 0.00000000 3302.36413076 61203.79912630 
0.74000000 0.00000000 3309.48953652 61192.12246728 
0.76000000 0.00000000 3320.92084503 61176.09269852 
0.78000000 0.00000000 3322.75743950 61169.30032723 
0.80000000 0.00000000 3332.43460359 61154.84322297 
0.82000000 0.00000000 3341.47954677 61141.04743153 
0.84000000 0.00000000 3348.55298847 61129.37119802 
0.86000000 0.00000000 3557.36451607 60894.92953858 
0.88000000 0.00000000 3564.38999585 60881.72674187 
0.90000000 0.00000000 3137.72999677 61316.71691577 
0.92000000 0.00000000 2618.78573003 61684.89356701 
0.94000000 0.00000000 3576.66982214 60855.24664341 
0.96000000 0.00000000 3577.89563145 60850.82118558 
0.98000000 0.00000000 3798.67750705 60546.93640954 

