-1.00000000 0.00000000 882.99567437 59758.96024685 
-0.98000000 0.00000000 883.87517959 59759.83461293 
-0.96000000 0.00000000 884.52795711 59759.25901108 
-0.94000000 0.00000000 892.63883160 59891.90279080 
-0.92000000 0.00000000 893.00671119 59889.45524950 
-0.90000000 0.00000000 880.32171588 59640.28608152 
-0.88000000 0.00000000 880.42271806 59637.54703344 
-0.86000000 0.00000000 880.44543437 59634.11918612 
-0.84000000 0.00000000 908.55595218 60092.07889888 
-0.82000000 0.00000000 908.84682261 60092.58685365 
-0.80000000 0.00000000 885.42690210 59735.04224172 
-0.78000000 0.00000000 878.49461598 59571.32957494 
-0.76000000 0.00000000 878.48959834 59568.80490886 
-0.74000000 0.00000000 878.50182765 59566.85190767 
-0.72000000 0.00000000 878.37194029 59560.92472194 
-0.70000000 0.00000000 886.16060158 59739.35332683 
-0.68000000 0.00000000 886.15448233 59738.39958496 
-0.66000000 0.00000000 910.11443206 60091.34751487 
-0.64000000 0.00000000 909.93657966 60090.18680401 
-0.62000000 0.00000000 885.88997566 59736.73967863 
-0.60000000 0.00000000 909.32872243 60089.08560492 
-0.58000000 0.00000000 908.90654973 60089.24183439 
-0.56000000 0.00000000 885.14850611 59736.58853692 
-0.54000000 0.00000000 877.35365025 59557.72621915 
-0.52000000 0.00000000 877.23159796 59562.82596269 
-0.50000000 0.00000000 876.97071246 59563.82182436 
-0.48000000 0.00000000 876.72202071 59564.90621161 
-0.46000000 0.00000000 876.51965852 59566.78601032 
-0.44000000 0.00000000 904.22241537 60082.56659805 
-0.42000000 0.00000000 903.75488622 60081.96258301 
-0.40000000 0.00000000 876.01769564 59568.71347663 
-0.38000000 0.00000000 875.93230231 59569.17022200 
-0.36000000 0.00000000 875.87676082 59569.27365532 
-0.34000000 0.00000000 875.85051296 59569.23383267 
-0.32000000 0.00000000 875.84395639 59569.07466604 
-0.30000000 0.00000000 903.31063334 60086.05298258 
-0.28000000 0.00000000 903.34359500 60086.16269515 
-0.26000000 0.00000000 875.80369471 59568.14045660 
-0.24000000 0.00000000 875.72839600 59567.93732812 
-0.22000000 0.00000000 875.59071872 59568.01803721 
-0.20000000 0.00000000 875.35000726 59568.00032229 
-0.18000000 0.00000000 901.74333952 60084.27987583 
-0.16000000 0.00000000 900.65088264 60082.50167291 
-0.14000000 0.00000000 873.79199622 59569.74083796 
-0.12000000 0.00000000 872.85172027 59569.47077557 
-0.10000000 0.00000000 871.70048941 59570.30627940 
-0.08000000 0.00000000 870.29020015 59571.19827723 
-0.06000000 0.00000000 888.31129492 60060.63289186 
-0.04000000 0.00000000 884.32588086 60053.02890561 
-0.02000000 0.00000000 864.68111862 59584.21382948 
0.00000000 0.00000000 862.19801067 59582.24660482 
0.02000000 0.00000000 859.56767613 59580.90767679 
0.04000000 0.00000000 856.81139371 59577.47112607 
0.06000000 0.00000000 855.40130552 59693.93658198 
0.08000000 0.00000000 851.50954238 59608.87769174 
0.10000000 0.00000000 848.74909089 59607.91272668 
0.12000000 0.00000000 846.11849634 59603.49331377 
0.14000000 0.00000000 1068.40269261 57356.79449166 
0.16000000 0.00000000 1047.02180855 57445.61414135 
0.18000000 0.00000000 839.33178913 59588.86811424 
0.20000000 0.00000000 837.37803093 59586.35153479 
0.22000000 0.00000000 835.55263553 59581.69771701 
0.24000000 0.00000000 833.81269940 59576.74258011 
0.26000000 0.00000000 832.67829882 59533.15364844 
0.28000000 0.00000000 831.11678487 59528.14909676 
0.30000000 0.00000000 829.63753286 59523.34649151 
0.32000000 0.00000000 828.28719624 59518.69446274 
0.34000000 0.00000000 827.12452294 59514.43317624 
0.36000000 0.00000000 826.19866310 59511.60416149 
0.38000000 0.00000000 825.58943996 59509.45537869 
0.40000000 0.00000000 1582.52485311 56158.54626272 
0.42000000 0.00000000 1580.41149585 56161.33363699 
0.44000000 0.00000000 825.97918275 59511.04643244 
0.46000000 0.00000000 826.84969254 59514.27301784 
0.48000000 0.00000000 828.03601727 59518.27050468 
0.50000000 0.00000000 829.45991219 59523.59708147 
0.52000000 0.00000000 831.06117985 59529.55275736 
0.54000000 0.00000000 832.77893084 59535.64938305 
0.56000000 0.00000000 834.56056959 59541.70059587 
0.58000000 0.00000000 835.96418143 59586.63373235 
0.60000000 0.00000000 837.85157955 59592.70970224 
0.62000000 0.00000000 839.76702136 59598.55426170 
0.64000000 0.00000000 841.73115692 59604.46925444 
0.66000000 0.00000000 1010.62905326 57621.17804244 
0.68000000 0.00000000 1021.91901523 57567.94536562 
0.70000000 0.00000000 848.20275192 59621.86938613 
0.72000000 0.00000000 850.61137623 59627.83513538 
0.74000000 0.00000000 853.12497088 59631.99921870 
0.76000000 0.00000000 855.74284227 59638.12947668 
0.78000000 0.00000000 858.35044085 59639.93782904 
0.80000000 0.00000000 860.99865458 59645.27580115 
0.82000000 0.00000000 863.59415610 59650.30241868 
0.84000000 0.00000000 866.07401844 59654.39591273 
0.86000000 0.00000000 871.12153569 59748.40019456 
0.88000000 0.00000000 873.55884784 59752.45851067 
0.90000000 0.00000000 869.62039346 59558.57154280 
0.92000000 0.00000000 867.91051307 59288.11152672 
0.94000000 0.00000000 879.43483945 59760.23230444 
0.96000000 0.00000000 880.89726039 59761.37860465 
0.98000000 0.00000000 887.15200161 59859.99371874 

