-1.00000000 0.00000000 316.53300473 63813.48552646 
-0.98000000 0.00000000 316.52941535 63813.48543871 
-0.96000000 0.00000000 316.52198759 63813.48525652 
-0.94000000 0.00000000 317.11371075 63813.49977423 
-0.92000000 0.00000000 317.09562321 63813.49933194 
-0.90000000 0.00000000 316.12253977 63813.47541761 
-0.88000000 0.00000000 316.11469459 63813.47522440 
-0.86000000 0.00000000 316.10529437 63813.47499279 
-0.84000000 0.00000000 318.50091928 63813.53353042 
-0.82000000 0.00000000 318.50174864 63813.53355075 
-0.80000000 0.00000000 316.42489120 63813.48287054 
-0.78000000 0.00000000 315.94277263 63813.47098061 
-0.76000000 0.00000000 315.93724014 63813.47084419 
-0.74000000 0.00000000 315.93306572 63813.47074132 
-0.72000000 0.00000000 315.91931287 63813.47040168 
-0.70000000 0.00000000 316.44039504 63813.48325347 
-0.68000000 0.00000000 316.43724583 63813.48317615 
-0.66000000 0.00000000 318.46765590 63813.53272753 
-0.64000000 0.00000000 318.45900643 63813.53251828 
-0.62000000 0.00000000 316.43393385 63813.48309483 
-0.60000000 0.00000000 318.45975750 63813.53253639 
-0.58000000 0.00000000 318.47007108 63813.53278585 
-0.56000000 0.00000000 316.43960908 63813.48323410 
-0.54000000 0.00000000 315.91856114 63813.47038306 
-0.52000000 0.00000000 315.93204727 63813.47071610 
-0.50000000 0.00000000 315.93567156 63813.47080538 
-0.48000000 0.00000000 315.93947961 63813.47089921 
-0.46000000 0.00000000 315.94518347 63813.47103990 
-0.44000000 0.00000000 318.49475779 63813.53338171 
-0.42000000 0.00000000 318.49778368 63813.53345478 
-0.40000000 0.00000000 315.95227285 63813.47121457 
-0.38000000 0.00000000 315.95380419 63813.47125234 
-0.36000000 0.00000000 315.95427012 63813.47126383 
-0.34000000 0.00000000 315.95422169 63813.47126265 
-0.32000000 0.00000000 315.95376279 63813.47125136 
-0.30000000 0.00000000 318.54774772 63813.53466320 
-0.28000000 0.00000000 318.54711948 63813.53464806 
-0.26000000 0.00000000 315.95128328 63813.47119030 
-0.24000000 0.00000000 315.95107778 63813.47118526 
-0.22000000 0.00000000 315.95198359 63813.47120764 
-0.20000000 0.00000000 315.95324422 63813.47123874 
-0.18000000 0.00000000 318.55454231 63813.53482751 
-0.16000000 0.00000000 318.55772529 63813.53490431 
-0.14000000 0.00000000 315.96729878 63813.47158540 
-0.12000000 0.00000000 315.97260057 63813.47171600 
-0.10000000 0.00000000 315.98257988 63813.47196206 
-0.08000000 0.00000000 315.99483906 63813.47226431 
-0.06000000 0.00000000 318.59597157 63813.53582703 
-0.04000000 0.00000000 318.60765156 63813.53610874 
-0.02000000 0.00000000 316.07567414 63813.47425811 
0.00000000 0.00000000 316.09032247 63813.47461880 
0.02000000 0.00000000 316.10887545 63813.47507578 
0.04000000 0.00000000 316.12272080 63813.47541653 
0.06000000 0.00000000 316.57231097 63813.48648897 
0.08000000 0.00000000 316.28040046 63813.47930309 
0.10000000 0.00000000 316.30674795 63813.47995152 
0.12000000 0.00000000 316.31996145 63813.48027634 
0.14000000 0.00000000 314.47697353 63813.43452735 
0.16000000 0.00000000 314.48565474 63813.43474382 
0.18000000 0.00000000 316.34572457 63813.48090929 
0.20000000 0.00000000 316.36069191 63813.48127751 
0.22000000 0.00000000 316.36681325 63813.48142793 
0.24000000 0.00000000 316.37140302 63813.48154067 
0.26000000 0.00000000 316.23228213 63813.47811256 
0.28000000 0.00000000 316.23565969 63813.47819563 
0.30000000 0.00000000 316.23912822 63813.47828097 
0.32000000 0.00000000 316.24177670 63813.47834612 
0.34000000 0.00000000 316.24348378 63813.47838809 
0.36000000 0.00000000 316.24690032 63813.47847222 
0.38000000 0.00000000 316.24830655 63813.47850683 
0.40000000 0.00000000 314.37726300 63813.43202900 
0.42000000 0.00000000 314.37741142 63813.43203272 
0.44000000 0.00000000 316.24844250 63813.47851018 
0.46000000 0.00000000 316.24718048 63813.47847913 
0.48000000 0.00000000 316.24423697 63813.47840665 
0.50000000 0.00000000 316.24266850 63813.47836809 
0.52000000 0.00000000 316.24109657 63813.47832945 
0.54000000 0.00000000 316.23882466 63813.47827357 
0.56000000 0.00000000 316.23602017 63813.47820456 
0.58000000 0.00000000 316.37741507 63813.48168847 
0.60000000 0.00000000 316.37474573 63813.48162290 
0.62000000 0.00000000 316.37148628 63813.48154281 
0.64000000 0.00000000 316.36851668 63813.48146988 
0.66000000 0.00000000 314.50639129 63813.43526124 
0.68000000 0.00000000 314.49928450 63813.43508384 
0.70000000 0.00000000 316.35476545 63813.48113204 
0.72000000 0.00000000 316.34892424 63813.48098853 
0.74000000 0.00000000 316.33562670 63813.48066140 
0.76000000 0.00000000 316.32914625 63813.48050220 
0.78000000 0.00000000 316.30726536 63813.47996363 
0.80000000 0.00000000 316.29876294 63813.47975465 
0.82000000 0.00000000 316.29031588 63813.47954705 
0.84000000 0.00000000 316.28029178 63813.47930060 
0.86000000 0.00000000 316.61071642 63813.48743291 
0.88000000 0.00000000 316.60100085 63813.48719471 
0.90000000 0.00000000 315.94657472 63813.47106713 
0.92000000 0.00000000 315.40849014 63813.45774162 
0.94000000 0.00000000 316.57231147 63813.48649125 
0.96000000 0.00000000 316.56282197 63813.48625853 
0.98000000 0.00000000 316.99011700 63813.49674594 

