-1.00000000 0.00000000 1572.47055274 59453.85020715 
-0.98000000 0.00000000 1573.79352007 59455.21757633 
-0.96000000 0.00000000 1574.75126567 59455.57425103 
-0.94000000 0.00000000 1588.98409584 59528.40471284 
-0.92000000 0.00000000 1589.51887080 59527.55575685 
-0.90000000 0.00000000 1565.69551198 59389.01930800 
-0.88000000 0.00000000 1565.75758207 59387.54502458 
-0.86000000 0.00000000 1565.68484835 59385.61694906 
-0.84000000 0.00000000 1613.59481842 59632.21587562 
-0.82000000 0.00000000 1614.03243452 59632.63932587 
-0.80000000 0.00000000 1575.51397586 59443.52823038 
-0.78000000 0.00000000 1560.97069075 59348.87856860 
-0.76000000 0.00000000 1560.86684161 59347.40558619 
-0.74000000 0.00000000 1560.80463620 59346.27943090 
-0.72000000 0.00000000 1560.41658736 59342.79943475 
-0.70000000 0.00000000 1576.60860341 59446.28741466 
-0.68000000 0.00000000 1576.56323835 59445.77926300 
-0.66000000 0.00000000 1615.85240536 59633.11028132 
-0.64000000 0.00000000 1615.58089448 59632.45917104 
-0.62000000 0.00000000 1576.11726284 59444.64004279 
-0.60000000 0.00000000 1614.66425916 59631.43189200 
-0.58000000 0.00000000 1614.03143216 59631.10105048 
-0.56000000 0.00000000 1575.05257004 59443.79126779 
-0.54000000 0.00000000 1558.89143709 59339.89962091 
-0.52000000 0.00000000 1558.90179016 59342.63019991 
-0.50000000 0.00000000 1558.58910316 59342.92689737 
-0.48000000 0.00000000 1558.29593093 59343.28917032 
-0.46000000 0.00000000 1558.09064474 59344.14608153 
-0.44000000 0.00000000 1607.11503035 59623.84744231 
-0.42000000 0.00000000 1606.42104189 59623.15845704 
-0.40000000 0.00000000 1557.48746899 59344.80326477 
-0.38000000 0.00000000 1557.38702846 59345.02276421 
-0.36000000 0.00000000 1557.31304849 59345.08739192 
-0.34000000 0.00000000 1557.27129013 59345.11306948 
-0.32000000 0.00000000 1557.24925529 59345.10213903 
-0.30000000 0.00000000 1605.61927995 59624.73867160 
-0.28000000 0.00000000 1605.62308105 59624.89415956 
-0.26000000 0.00000000 1557.11758094 59344.82278881 
-0.24000000 0.00000000 1556.98335074 59344.71798574 
-0.22000000 0.00000000 1556.76702423 59344.68840332 
-0.20000000 0.00000000 1556.40020844 59344.46565639 
-0.18000000 0.00000000 1602.92655651 59622.82371530 
-0.16000000 0.00000000 1601.22954350 59620.97658338 
-0.14000000 0.00000000 1554.16541495 59343.57545926 
-0.12000000 0.00000000 1552.80335619 59342.18484852 
-0.10000000 0.00000000 1551.17982785 59341.05619977 
-0.08000000 0.00000000 1549.20000836 59339.53420573 
-0.06000000 0.00000000 1582.68767519 59597.71448342 
-0.04000000 0.00000000 1576.81244612 59589.52944170 
-0.02000000 0.00000000 1541.67361173 59338.11339619 
0.00000000 0.00000000 1538.18195566 59333.12099799 
0.02000000 0.00000000 1534.53324496 59328.12976899 
0.04000000 0.00000000 1530.69398884 59321.68871241 
0.06000000 0.00000000 1531.34201816 59380.68379400 
0.08000000 0.00000000 1524.26491901 59329.51841454 
0.10000000 0.00000000 1520.55443348 59324.13011326 
0.12000000 0.00000000 1516.97605401 59317.01120663 
0.14000000 0.00000000 1777.25888233 57939.03426120 
0.16000000 0.00000000 1749.91291585 57992.06101782 
0.18000000 0.00000000 1507.85199270 59296.26624399 
0.20000000 0.00000000 1505.31239796 59290.98739205 
0.22000000 0.00000000 1502.92495776 59284.67393129 
0.24000000 0.00000000 1500.66904327 59278.24319371 
0.26000000 0.00000000 1498.54765122 59251.37705912 
0.28000000 0.00000000 1496.58639108 59244.98631973 
0.30000000 0.00000000 1494.75108183 59238.80226841 
0.32000000 0.00000000 1493.09147588 59232.92771712 
0.34000000 0.00000000 1491.67429408 59227.66507362 
0.36000000 0.00000000 1490.56441210 59223.76171171 
0.38000000 0.00000000 1489.83743304 59221.00319552 
0.40000000 0.00000000 2342.15503327 57450.30499366 
0.42000000 0.00000000 2340.31612200 57450.59494614 
0.44000000 0.00000000 1490.33552177 59222.81258117 
0.46000000 0.00000000 1491.39968426 59226.78314525 
0.48000000 0.00000000 1492.85129367 59231.93916214 
0.50000000 0.00000000 1494.61514375 59238.38423588 
0.52000000 0.00000000 1496.61855431 59245.54128078 
0.54000000 0.00000000 1498.78839802 59252.96210792 
0.56000000 0.00000000 1501.06334522 59260.39873890 
0.58000000 0.00000000 1503.58994617 59288.42414001 
0.60000000 0.00000000 1506.08289779 59295.75050168 
0.62000000 0.00000000 1508.64135367 59302.87192535 
0.64000000 0.00000000 1511.29750473 59309.99112526 
0.66000000 0.00000000 1702.69684888 58098.54820994 
0.68000000 0.00000000 1717.00707708 58065.70563588 
0.70000000 0.00000000 1520.21117844 59331.48068183 
0.72000000 0.00000000 1523.58240632 59338.94719489 
0.74000000 0.00000000 1527.08728652 59345.53000400 
0.76000000 0.00000000 1530.80773128 59353.21334943 
0.78000000 0.00000000 1534.44848621 59358.49468358 
0.80000000 0.00000000 1538.25398774 59365.57895779 
0.82000000 0.00000000 1542.00821482 59372.29488843 
0.84000000 0.00000000 1545.60495700 59378.22683694 
0.86000000 0.00000000 1554.84736011 59433.34121928 
0.88000000 0.00000000 1558.46280780 59438.76925993 
0.90000000 0.00000000 1548.15092494 59332.29312447 
0.92000000 0.00000000 1537.47278244 59172.10210927 
0.94000000 0.00000000 1567.22523021 59450.33038278 
0.96000000 0.00000000 1569.40818665 59452.67183985 
0.98000000 0.00000000 1580.32504253 59507.70194808 

