-1.00000000 0.00000000 314.29703100 63806.35260136 
-0.98000000 0.00000000 314.29696933 63806.35259983 
-0.96000000 0.00000000 314.29680788 63806.35259580 
-0.94000000 0.00000000 314.31198189 63806.35297624 
-0.92000000 0.00000000 314.31154413 63806.35296528 
-0.90000000 0.00000000 314.28665854 63806.35234136 
-0.88000000 0.00000000 314.28647972 63806.35233689 
-0.86000000 0.00000000 314.28625976 63806.35233138 
-0.84000000 0.00000000 314.34760293 63806.35386919 
-0.82000000 0.00000000 314.34764300 63806.35387020 
-0.80000000 0.00000000 314.29449757 63806.35253797 
-0.78000000 0.00000000 314.28217403 63806.35222898 
-0.76000000 0.00000000 314.28204966 63806.35222587 
-0.74000000 0.00000000 314.28195922 63806.35222361 
-0.72000000 0.00000000 314.28162234 63806.35221517 
-0.70000000 0.00000000 314.29497441 63806.35254997 
-0.68000000 0.00000000 314.29490464 63806.35254823 
-0.66000000 0.00000000 314.34688714 63806.35385132 
-0.64000000 0.00000000 314.34666990 63806.35384588 
-0.62000000 0.00000000 314.29483203 63806.35254642 
-0.60000000 0.00000000 314.34668562 63806.35384627 
-0.58000000 0.00000000 314.34694214 63806.35385270 
-0.56000000 0.00000000 314.29495535 63806.35254950 
-0.54000000 0.00000000 314.28160426 63806.35221472 
-0.52000000 0.00000000 314.28193467 63806.35222299 
-0.50000000 0.00000000 314.28201204 63806.35222493 
-0.48000000 0.00000000 314.28209452 63806.35222698 
-0.46000000 0.00000000 314.28222679 63806.35223029 
-0.44000000 0.00000000 314.34747940 63806.35386611 
-0.42000000 0.00000000 314.34754758 63806.35386781 
-0.40000000 0.00000000 314.28238068 63806.35223414 
-0.38000000 0.00000000 314.28241610 63806.35223502 
-0.36000000 0.00000000 314.28242682 63806.35223529 
-0.34000000 0.00000000 314.28242654 63806.35223528 
-0.32000000 0.00000000 314.28241740 63806.35223506 
-0.30000000 0.00000000 314.34882219 63806.35389975 
-0.28000000 0.00000000 314.34880994 63806.35389945 
-0.26000000 0.00000000 314.28236464 63806.35223374 
-0.24000000 0.00000000 314.28236133 63806.35223366 
-0.22000000 0.00000000 314.28238431 63806.35223423 
-0.20000000 0.00000000 314.28241341 63806.35223496 
-0.18000000 0.00000000 314.34899499 63806.35390408 
-0.16000000 0.00000000 314.34906530 63806.35390584 
-0.14000000 0.00000000 314.28273913 63806.35224311 
-0.12000000 0.00000000 314.28285353 63806.35224596 
-0.10000000 0.00000000 314.28308218 63806.35225168 
-0.08000000 0.00000000 314.28336375 63806.35225872 
-0.06000000 0.00000000 314.34991050 63806.35392694 
-0.04000000 0.00000000 314.35016741 63806.35393336 
-0.02000000 0.00000000 314.28530756 63806.35230739 
0.00000000 0.00000000 314.28563377 63806.35231555 
0.02000000 0.00000000 314.28605825 63806.35232616 
0.04000000 0.00000000 314.28636184 63806.35233374 
0.06000000 0.00000000 314.29782057 63806.35262103 
0.08000000 0.00000000 314.29030034 63806.35243244 
0.10000000 0.00000000 314.29093005 63806.35244821 
0.12000000 0.00000000 314.29122746 63806.35245564 
0.14000000 0.00000000 314.24401393 63806.35127157 
0.16000000 0.00000000 314.24420432 63806.35127633 
0.18000000 0.00000000 314.29179135 63806.35246972 
0.20000000 0.00000000 314.29215138 63806.35247874 
0.22000000 0.00000000 314.29228870 63806.35248217 
0.24000000 0.00000000 314.29238999 63806.35248470 
0.26000000 0.00000000 314.28881519 63806.35239506 
0.28000000 0.00000000 314.28889024 63806.35239693 
0.30000000 0.00000000 314.28896943 63806.35239891 
0.32000000 0.00000000 314.28902921 63806.35240041 
0.34000000 0.00000000 314.28906644 63806.35240134 
0.36000000 0.00000000 314.28914898 63806.35240340 
0.38000000 0.00000000 314.28918168 63806.35240422 
0.40000000 0.00000000 314.24128479 63806.35120301 
0.42000000 0.00000000 314.24128865 63806.35120311 
0.44000000 0.00000000 314.28918527 63806.35240431 
0.46000000 0.00000000 314.28915612 63806.35240358 
0.48000000 0.00000000 314.28908519 63806.35240180 
0.50000000 0.00000000 314.28905045 63806.35240094 
0.52000000 0.00000000 314.28901640 63806.35240009 
0.54000000 0.00000000 314.28896503 63806.35239880 
0.56000000 0.00000000 314.28890057 63806.35239719 
0.58000000 0.00000000 314.29252795 63806.35248815 
0.60000000 0.00000000 314.29246834 63806.35248666 
0.62000000 0.00000000 314.29239467 63806.35248482 
0.64000000 0.00000000 314.29232981 63806.35248320 
0.66000000 0.00000000 314.24467574 63806.35128812 
0.68000000 0.00000000 314.24450877 63806.35128394 
0.70000000 0.00000000 314.29202291 63806.35247553 
0.72000000 0.00000000 314.29189305 63806.35247228 
0.74000000 0.00000000 314.29157475 63806.35246432 
0.76000000 0.00000000 314.29143328 63806.35246078 
0.78000000 0.00000000 314.29089971 63806.35244742 
0.80000000 0.00000000 314.29071048 63806.35244269 
0.82000000 0.00000000 314.29052426 63806.35243804 
0.84000000 0.00000000 314.29029896 63806.35243241 
0.86000000 0.00000000 314.29878951 63806.35264531 
0.88000000 0.00000000 314.29857382 63806.35263992 
0.90000000 0.00000000 314.28185518 63806.35222074 
0.92000000 0.00000000 314.26811485 63806.35187620 
0.94000000 0.00000000 314.29794007 63806.35262409 
0.96000000 0.00000000 314.29773032 63806.35261885 
0.98000000 0.00000000 314.30870076 63806.35289392 

