-1.00000000 0.00000000 2106.93258858 58956.71920791 
-0.98000000 0.00000000 2107.33093594 58956.88896308 
-0.96000000 0.00000000 2107.63369117 58956.84043160 
-0.94000000 0.00000000 2110.26478081 58972.59410126 
-0.92000000 0.00000000 2110.45271754 58972.31286865 
-0.90000000 0.00000000 2106.42411544 58941.77461432 
-0.88000000 0.00000000 2106.47813520 58941.34772007 
-0.86000000 0.00000000 2106.49901822 58940.83126600 
-0.84000000 0.00000000 2115.16676882 58994.26680351 
-0.82000000 0.00000000 2115.27974807 58994.31178806 
-0.80000000 0.00000000 2108.15604580 58953.49428326 
-0.78000000 0.00000000 2105.88368686 58932.36568205 
-0.76000000 0.00000000 2105.88266029 58931.99112987 
-0.74000000 0.00000000 2105.88685730 58931.70166297 
-0.72000000 0.00000000 2105.84548279 58930.89181222 
-0.70000000 0.00000000 2108.40708790 58953.94937877 
-0.68000000 0.00000000 2108.40225802 58953.82890084 
-0.66000000 0.00000000 2115.75905493 58994.29099135 
-0.64000000 0.00000000 2115.69116694 58994.16235485 
-0.62000000 0.00000000 2108.28394884 58953.60810867 
-0.60000000 0.00000000 2115.44088844 58993.97195266 
-0.58000000 0.00000000 2115.26110549 58993.91842428 
-0.56000000 0.00000000 2107.96815185 58953.53253157 
-0.54000000 0.00000000 2105.41214031 58930.44583906 
-0.52000000 0.00000000 2105.34748925 58931.12548985 
-0.50000000 0.00000000 2105.23985648 58931.26200703 
-0.48000000 0.00000000 2105.13743424 58931.41333663 
-0.46000000 0.00000000 2105.05159976 58931.67328222 
-0.44000000 0.00000000 2113.40156967 58992.54967662 
-0.42000000 0.00000000 2113.21583826 58992.43268424 
-0.40000000 0.00000000 2104.84878777 58932.00402836 
-0.38000000 0.00000000 2104.81440039 58932.10709489 
-0.36000000 0.00000000 2104.79254058 58932.17335588 
-0.34000000 0.00000000 2104.78198710 58932.23027316 
-0.32000000 0.00000000 2104.77836650 58932.28024651 
-0.30000000 0.00000000 2112.95390115 58993.00225032 
-0.28000000 0.00000000 2112.94852772 58993.09325157 
-0.26000000 0.00000000 2104.74603343 58932.40172932 
-0.24000000 0.00000000 2104.70213333 58932.45370822 
-0.22000000 0.00000000 2104.62632315 58932.53084890 
-0.20000000 0.00000000 2104.50205776 58932.57240730 
-0.18000000 0.00000000 2112.12228115 58992.97471346 
-0.16000000 0.00000000 2111.62665876 58992.63229151 
-0.14000000 0.00000000 2103.72948462 58932.67579568 
-0.12000000 0.00000000 2103.28327396 58932.46501457 
-0.10000000 0.00000000 2102.73695319 58932.30341836 
-0.08000000 0.00000000 2102.07613384 58932.03974321 
-0.06000000 0.00000000 2106.32214575 58987.51324968 
-0.04000000 0.00000000 2104.66449463 58985.59311419 
-0.02000000 0.00000000 2099.46367478 58931.79026374 
0.00000000 0.00000000 2098.37724274 58930.64920372 
0.02000000 0.00000000 2097.24037101 58929.47599155 
0.04000000 0.00000000 2096.07876032 58927.95704467 
0.06000000 0.00000000 2094.87624600 58940.44887920 
0.08000000 0.00000000 2093.70759715 58929.28453809 
0.10000000 0.00000000 2092.58920744 58927.90199274 
0.12000000 0.00000000 2091.55911941 58926.13766562 
0.14000000 0.00000000 2197.26953267 58668.31263666 
0.16000000 0.00000000 2188.72462362 58675.34605240 
0.18000000 0.00000000 2089.01141328 58920.89972617 
0.20000000 0.00000000 2088.30132703 58919.45230672 
0.22000000 0.00000000 2087.66859361 58917.75555553 
0.24000000 0.00000000 2087.08776395 58915.99679669 
0.26000000 0.00000000 2086.98089821 58909.97622643 
0.28000000 0.00000000 2086.50742313 58908.17076524 
0.30000000 0.00000000 2086.07626044 58906.39754014 
0.32000000 0.00000000 2085.69889382 58904.70333785 
0.34000000 0.00000000 2085.38711792 58903.18175548 
0.36000000 0.00000000 2085.14233459 58902.01976768 
0.38000000 0.00000000 2084.98930353 58901.20396026 
0.40000000 0.00000000 2315.21981964 58662.93579880 
0.42000000 0.00000000 2314.97158514 58662.72141280 
0.44000000 0.00000000 2085.11234163 58901.67834342 
0.46000000 0.00000000 2085.34937485 58902.81296461 
0.48000000 0.00000000 2085.67941481 58904.30365545 
0.50000000 0.00000000 2086.08027375 58906.14098890 
0.52000000 0.00000000 2086.54459807 58908.17218620 
0.54000000 0.00000000 2087.06155331 58910.27209041 
0.56000000 0.00000000 2087.61892124 58912.36173902 
0.58000000 0.00000000 2087.83508509 58918.69726823 
0.60000000 0.00000000 2088.47991734 58920.69475549 
0.62000000 0.00000000 2089.15796529 58922.60068156 
0.64000000 0.00000000 2089.87459005 58924.45948414 
0.66000000 0.00000000 2174.04073828 58689.90096113 
0.68000000 0.00000000 2178.92982564 58684.81046228 
0.70000000 0.00000000 2092.36060119 58929.85070873 
0.72000000 0.00000000 2093.32126840 58931.66220482 
0.74000000 0.00000000 2094.34893957 58933.26583833 
0.76000000 0.00000000 2095.42551521 58935.08302986 
0.78000000 0.00000000 2096.53424252 58936.36078550 
0.80000000 0.00000000 2097.65714047 58937.99707226 
0.82000000 0.00000000 2098.77224895 58939.52348765 
0.84000000 0.00000000 2099.85348744 58940.84715485 
0.86000000 0.00000000 2101.56157563 58952.81218712 
0.88000000 0.00000000 2102.63856711 58953.98921786 
0.90000000 0.00000000 2101.95778655 58930.60373379 
0.92000000 0.00000000 2102.38621289 58894.81021191 
0.94000000 0.00000000 2105.27888140 58956.31159256 
0.96000000 0.00000000 2105.94609975 58956.71287675 
0.98000000 0.00000000 2108.04100858 58968.55407925 

