-1.00000000 0.00000000 2950.86203423 57859.18262090 
-0.98000000 0.00000000 2948.02259833 57856.89352902 
-0.96000000 0.00000000 2946.40660953 57856.45178897 
-0.94000000 0.00000000 2870.16609280 57725.39594208 
-0.92000000 0.00000000 2870.12067120 57727.13999682 
-0.90000000 0.00000000 3001.46062105 57985.53879363 
-0.88000000 0.00000000 3002.20110228 57988.48008026 
-0.86000000 0.00000000 3003.38415096 57992.31939997 
-0.84000000 0.00000000 2739.42232010 57561.93224679 
-0.82000000 0.00000000 2738.39160402 57561.53439630 
-0.80000000 0.00000000 2953.57422870 57879.74569762 
-0.78000000 0.00000000 3029.29125497 58066.33966152 
-0.76000000 0.00000000 3030.14899993 58069.33484346 
-0.74000000 0.00000000 3030.77683615 58071.62618556 
-0.72000000 0.00000000 3032.98556818 58078.73139094 
-0.70000000 0.00000000 2950.13075734 57874.64649159 
-0.68000000 0.00000000 2950.54029809 57875.61534750 
-0.66000000 0.00000000 2735.41445553 57561.98931138 
-0.64000000 0.00000000 2736.44889422 57562.84600202 
-0.62000000 0.00000000 2951.95500293 57877.70888341 
-0.60000000 0.00000000 2738.75217331 57563.87254388 
-0.58000000 0.00000000 2739.95876948 57563.97706090 
-0.56000000 0.00000000 2954.06766008 57879.09492351 
-0.54000000 0.00000000 3036.55713855 58084.65737831 
-0.52000000 0.00000000 3035.27065444 58079.05901374 
-0.50000000 0.00000000 3035.58692660 58078.44918770 
-0.48000000 0.00000000 3035.84400950 58077.70525007 
-0.46000000 0.00000000 3035.74007950 58075.94798236 
-0.44000000 0.00000000 2756.81094181 57571.05929019 
-0.42000000 0.00000000 2758.46122058 57571.72730585 
-0.40000000 0.00000000 3036.31039025 58074.60800740 
-0.38000000 0.00000000 3036.35378942 58074.16530231 
-0.36000000 0.00000000 3036.43177275 58074.04287274 
-0.34000000 0.00000000 3036.48093279 58074.00291860 
-0.32000000 0.00000000 3036.51805005 58074.04025321 
-0.30000000 0.00000000 2757.97849682 57568.73247837 
-0.28000000 0.00000000 2757.81313208 57568.51474791 
-0.26000000 0.00000000 3036.83244550 58074.66273958 
-0.24000000 0.00000000 3037.06867180 58074.89104445 
-0.22000000 0.00000000 3037.38428654 58074.95979075 
-0.20000000 0.00000000 3038.00414284 58075.41616171 
-0.18000000 0.00000000 2763.54876915 57570.28348264 
-0.16000000 0.00000000 2767.71464392 57572.21611206 
-0.14000000 0.00000000 3041.56754095 58077.15248515 
-0.12000000 0.00000000 3044.14369631 58079.94160164 
-0.10000000 0.00000000 3046.96177101 58082.16682402 
-0.08000000 0.00000000 3050.46437328 58085.17905357 
-0.06000000 0.00000000 2816.08112985 57599.34852980 
-0.04000000 0.00000000 2832.07729353 57609.82548702 
-0.02000000 0.00000000 3061.75104468 58087.47155497 
0.00000000 0.00000000 3068.97300912 58097.63881746 
0.02000000 0.00000000 3076.36759770 58107.84978098 
0.04000000 0.00000000 3084.60383441 58121.19700014 
0.06000000 0.00000000 3054.93443195 57996.35533997 
0.08000000 0.00000000 3090.35476904 58103.75905782 
0.10000000 0.00000000 3097.99326214 58114.88655611 
0.12000000 0.00000000 3106.10360173 58129.84306883 
0.14000000 0.00000000 2296.47918127 60246.93622108 
0.16000000 0.00000000 2350.98257869 60214.78433214 
0.18000000 0.00000000 3127.25956757 58174.06495962 
0.20000000 0.00000000 3132.80690066 58185.38532978 
0.22000000 0.00000000 3138.43247909 58199.03196250 
0.24000000 0.00000000 3143.82267397 58212.98829513 
0.26000000 0.00000000 3154.94261669 58272.36851334 
0.28000000 0.00000000 3159.44299780 58286.43285852 
0.30000000 0.00000000 3163.62677592 58300.07548339 
0.32000000 0.00000000 3167.40731650 58313.06765147 
0.34000000 0.00000000 3170.63371465 58324.73234051 
0.36000000 0.00000000 3173.07396637 58333.39240545 
0.38000000 0.00000000 3174.69836391 58339.52000568 
0.40000000 0.00000000 1673.38735720 60318.93346452 
0.42000000 0.00000000 1674.59002100 60319.47104622 
0.44000000 0.00000000 3173.61587020 58335.47010371 
0.46000000 0.00000000 3171.23990316 58326.63992211 
0.48000000 0.00000000 3168.00480961 58315.20087567 
0.50000000 0.00000000 3163.95396488 58300.93408031 
0.52000000 0.00000000 3159.28913195 58285.13898787 
0.54000000 0.00000000 3154.20620317 58268.81896340 
0.56000000 0.00000000 3148.85241910 58252.52409912 
0.58000000 0.00000000 3136.23564021 58190.85305726 
0.60000000 0.00000000 3130.04643307 58175.06197442 
0.62000000 0.00000000 3123.72655678 58159.78559379 
0.64000000 0.00000000 3117.15829201 58144.58386617 
0.66000000 0.00000000 2458.62811626 60137.72629052 
0.68000000 0.00000000 2425.36704964 60162.58153543 
0.70000000 0.00000000 3095.38528682 58099.23137397 
0.72000000 0.00000000 3087.19588740 58083.68947754 
0.74000000 0.00000000 3079.11748395 58070.15786710 
0.76000000 0.00000000 3070.10177297 58054.42219704 
0.78000000 0.00000000 3062.28946114 58043.85912806 
0.80000000 0.00000000 3053.25628428 58029.61796194 
0.82000000 0.00000000 3044.38863870 58016.25246923 
0.84000000 0.00000000 3036.07981771 58004.58881101 
0.86000000 0.00000000 2989.79913382 57894.55394543 
0.88000000 0.00000000 2981.06458024 57884.78009048 
0.90000000 0.00000000 3055.32465590 58100.33385411 
0.92000000 0.00000000 3116.68043764 58441.39281796 
0.94000000 0.00000000 2960.76382480 57864.55551255 
0.96000000 0.00000000 2956.03949841 57860.61991851 
0.98000000 0.00000000 2899.36927073 57759.75504703 

