-1.00000000 0.00000000 315.01799098 63728.43257061 
-0.98000000 0.00000000 315.01799098 63728.43257061 
-0.96000000 0.00000000 315.01799098 63728.43257061 
-0.94000000 0.00000000 315.01799190 63728.43257063 
-0.92000000 0.00000000 315.01799187 63728.43257063 
-0.90000000 0.00000000 315.01799038 63728.43257059 
-0.88000000 0.00000000 315.01799037 63728.43257059 
-0.86000000 0.00000000 315.01799036 63728.43257059 
-0.84000000 0.00000000 315.01799406 63728.43257069 
-0.82000000 0.00000000 315.01799406 63728.43257069 
-0.80000000 0.00000000 315.01799087 63728.43257060 
-0.78000000 0.00000000 315.01799013 63728.43257058 
-0.76000000 0.00000000 315.01799013 63728.43257058 
-0.74000000 0.00000000 315.01799012 63728.43257058 
-0.72000000 0.00000000 315.01799011 63728.43257058 
-0.70000000 0.00000000 315.01799091 63728.43257060 
-0.68000000 0.00000000 315.01799091 63728.43257060 
-0.66000000 0.00000000 315.01799404 63728.43257069 
-0.64000000 0.00000000 315.01799403 63728.43257069 
-0.62000000 0.00000000 315.01799091 63728.43257060 
-0.60000000 0.00000000 315.01799403 63728.43257069 
-0.58000000 0.00000000 315.01799404 63728.43257069 
-0.56000000 0.00000000 315.01799091 63728.43257060 
-0.54000000 0.00000000 315.01799010 63728.43257058 
-0.52000000 0.00000000 315.01799012 63728.43257058 
-0.50000000 0.00000000 315.01799012 63728.43257058 
-0.48000000 0.00000000 315.01799013 63728.43257058 
-0.46000000 0.00000000 315.01799013 63728.43257058 
-0.44000000 0.00000000 315.01799406 63728.43257069 
-0.42000000 0.00000000 315.01799406 63728.43257069 
-0.40000000 0.00000000 315.01799014 63728.43257058 
-0.38000000 0.00000000 315.01799014 63728.43257058 
-0.36000000 0.00000000 315.01799014 63728.43257058 
-0.34000000 0.00000000 315.01799014 63728.43257058 
-0.32000000 0.00000000 315.01799014 63728.43257058 
-0.30000000 0.00000000 315.01799414 63728.43257069 
-0.28000000 0.00000000 315.01799414 63728.43257069 
-0.26000000 0.00000000 315.01799014 63728.43257058 
-0.24000000 0.00000000 315.01799014 63728.43257058 
-0.22000000 0.00000000 315.01799014 63728.43257058 
-0.20000000 0.00000000 315.01799014 63728.43257058 
-0.18000000 0.00000000 315.01799415 63728.43257069 
-0.16000000 0.00000000 315.01799415 63728.43257069 
-0.14000000 0.00000000 315.01799015 63728.43257059 
-0.12000000 0.00000000 315.01799016 63728.43257059 
-0.10000000 0.00000000 315.01799017 63728.43257059 
-0.08000000 0.00000000 315.01799018 63728.43257059 
-0.06000000 0.00000000 315.01799418 63728.43257069 
-0.04000000 0.00000000 315.01799418 63728.43257069 
-0.02000000 0.00000000 315.01799027 63728.43257059 
0.00000000 0.00000000 315.01799028 63728.43257059 
0.02000000 0.00000000 315.01799030 63728.43257059 
0.04000000 0.00000000 315.01799031 63728.43257059 
0.06000000 0.00000000 315.01799099 63728.43257061 
0.08000000 0.00000000 315.01799053 63728.43257059 
0.10000000 0.00000000 315.01799056 63728.43257060 
0.12000000 0.00000000 315.01799057 63728.43257060 
0.14000000 0.00000000 315.01798772 63728.43257053 
0.16000000 0.00000000 315.01798773 63728.43257053 
0.18000000 0.00000000 315.01799059 63728.43257060 
0.20000000 0.00000000 315.01799061 63728.43257060 
0.22000000 0.00000000 315.01799061 63728.43257060 
0.24000000 0.00000000 315.01799062 63728.43257060 
0.26000000 0.00000000 315.01799040 63728.43257059 
0.28000000 0.00000000 315.01799040 63728.43257059 
0.30000000 0.00000000 315.01799040 63728.43257059 
0.32000000 0.00000000 315.01799041 63728.43257059 
0.34000000 0.00000000 315.01799041 63728.43257059 
0.36000000 0.00000000 315.01799041 63728.43257059 
0.38000000 0.00000000 315.01799041 63728.43257059 
0.40000000 0.00000000 315.01798753 63728.43257053 
0.42000000 0.00000000 315.01798753 63728.43257053 
0.44000000 0.00000000 315.01799041 63728.43257059 
0.46000000 0.00000000 315.01799041 63728.43257059 
0.48000000 0.00000000 315.01799041 63728.43257059 
0.50000000 0.00000000 315.01799041 63728.43257059 
0.52000000 0.00000000 315.01799041 63728.43257059 
0.54000000 0.00000000 315.01799040 63728.43257059 
0.56000000 0.00000000 315.01799040 63728.43257059 
0.58000000 0.00000000 315.01799062 63728.43257060 
0.60000000 0.00000000 315.01799062 63728.43257060 
0.62000000 0.00000000 315.01799062 63728.43257060 
0.64000000 0.00000000 315.01799061 63728.43257060 
0.66000000 0.00000000 315.01798775 63728.43257053 
0.68000000 0.00000000 315.01798774 63728.43257053 
0.70000000 0.00000000 315.01799060 63728.43257060 
0.72000000 0.00000000 315.01799060 63728.43257060 
0.74000000 0.00000000 315.01799058 63728.43257060 
0.76000000 0.00000000 315.01799058 63728.43257060 
0.78000000 0.00000000 315.01799055 63728.43257060 
0.80000000 0.00000000 315.01799055 63728.43257060 
0.82000000 0.00000000 315.01799054 63728.43257060 
0.84000000 0.00000000 315.01799053 63728.43257059 
0.86000000 0.00000000 315.01799105 63728.43257061 
0.88000000 0.00000000 315.01799104 63728.43257061 
0.90000000 0.00000000 315.01799004 63728.43257059 
0.92000000 0.00000000 315.01798922 63728.43257057 
0.94000000 0.00000000 315.01799102 63728.43257061 
0.96000000 0.00000000 315.01799101 63728.43257061 
0.98000000 0.00000000 315.01799168 63728.43257062 

