-1.00000000 0.00000000 -71.21365329 61577.84238450 
-0.98000000 0.00000000 -71.79827272 61576.98327899 
-0.96000000 0.00000000 -71.88595818 61575.48605347 
-0.94000000 0.00000000 -115.96675415 61661.50842640 
-0.92000000 0.00000000 -115.28881562 61659.07469888 
-0.90000000 0.00000000 -38.66555754 61497.37185343 
-0.88000000 0.00000000 -38.03896554 61495.37946372 
-0.86000000 0.00000000 -37.21522558 61493.03617337 
-0.84000000 0.00000000 -198.88332028 61794.30342354 
-0.82000000 0.00000000 -199.21966562 61794.30004654 
-0.80000000 0.00000000 -65.51256802 61556.92263305 
-0.78000000 0.00000000 -21.56313400 61453.15792823 
-0.76000000 0.00000000 -20.99723198 61451.49360465 
-0.74000000 0.00000000 -20.57005328 61450.18141848 
-0.72000000 0.00000000 -19.18061438 61446.38855994 
-0.70000000 0.00000000 -67.05081248 61558.99683282 
-0.68000000 0.00000000 -66.79388163 61558.32368242 
-0.66000000 0.00000000 -199.20781143 61791.33881487 
-0.64000000 0.00000000 -198.63659081 61790.68826688 
-0.62000000 0.00000000 -66.25133830 61557.57537978 
-0.60000000 0.00000000 -197.92926986 61790.82629231 
-0.58000000 0.00000000 -197.83745385 61791.68403328 
-0.56000000 0.00000000 -65.92431919 61558.73000420 
-0.54000000 0.00000000 -18.08208777 61445.96520132 
-0.52000000 0.00000000 -19.18611327 61449.64010782 
-0.50000000 0.00000000 -19.30189286 61450.75091714 
-0.48000000 0.00000000 -19.44309200 61451.89936048 
-0.46000000 0.00000000 -19.78586220 61453.51085410 
-0.44000000 0.00000000 -193.13971668 61794.32124761 
-0.42000000 0.00000000 -192.70159661 61794.62247345 
-0.40000000 0.00000000 -20.01492145 61455.59796047 
-0.38000000 0.00000000 -20.08446977 61456.01338997 
-0.36000000 0.00000000 -20.08625496 61456.12798615 
-0.34000000 0.00000000 -20.06815652 61456.08646446 
-0.32000000 0.00000000 -20.03168100 61455.92202418 
-0.30000000 0.00000000 -194.34898472 61798.42482072 
-0.28000000 0.00000000 -194.42136321 61798.36273306 
-0.26000000 0.00000000 -19.81515803 61455.12281841 
-0.24000000 0.00000000 -19.74516560 61455.03871246 
-0.22000000 0.00000000 -19.71673364 61455.26688375 
-0.20000000 0.00000000 -19.62633874 61455.62580141 
-0.18000000 0.00000000 -193.05220995 61799.23913189 
-0.16000000 0.00000000 -191.87197754 61799.70829324 
-0.14000000 0.00000000 -19.45062938 61459.61780462 
-0.12000000 0.00000000 -19.03670986 61461.22642168 
-0.10000000 0.00000000 -18.79844958 61464.05804670 
-0.08000000 0.00000000 -18.47595796 61467.49618709 
-0.06000000 0.00000000 -177.82318178 61805.19390358 
-0.04000000 0.00000000 -173.11349193 61806.90781651 
-0.02000000 0.00000000 -19.40230200 61488.24674796 
0.00000000 0.00000000 -18.00878577 61492.20140747 
0.02000000 0.00000000 -16.70654651 61497.00910253 
0.04000000 0.00000000 -14.86695915 61500.72095297 
0.06000000 0.00000000 -43.20677386 61587.54911583 
0.08000000 0.00000000 -20.29577186 61534.96667867 
0.10000000 0.00000000 -19.01556751 61540.71128776 
0.12000000 0.00000000 -16.95312052 61543.79739175 
0.14000000 0.00000000 202.17174425 60145.29216342 
0.16000000 0.00000000 199.39576346 60197.99075291 
0.18000000 0.00000000 -10.86566114 61550.06416342 
0.20000000 0.00000000 -9.50951813 61553.27651561 
0.22000000 0.00000000 -7.69963556 61554.77799451 
0.24000000 0.00000000 -5.85431635 61555.96747544 
0.26000000 0.00000000 4.51547397 61529.01320250 
0.28000000 0.00000000 6.24856295 61529.98832824 
0.30000000 0.00000000 7.89920393 61530.95728998 
0.32000000 0.00000000 9.46022417 61531.72932948 
0.34000000 0.00000000 10.85618723 61532.27321758 
0.36000000 0.00000000 11.84232066 61533.12006362 
0.38000000 0.00000000 12.55343300 61533.50735013 
0.40000000 0.00000000 231.06157136 59386.39056822 
0.42000000 0.00000000 231.01315820 59388.49662894 
0.44000000 0.00000000 12.06324479 61533.49605344 
0.46000000 0.00000000 11.01949949 61533.11381786 
0.48000000 0.00000000 9.67939052 61532.34196927 
0.50000000 0.00000000 7.94860648 61531.81004765 
0.52000000 0.00000000 6.00130310 61531.24848775 
0.54000000 0.00000000 3.96821203 61530.52573931 
0.56000000 0.00000000 1.91209517 61529.68454815 
0.58000000 0.00000000 -8.96236451 61556.98430056 
0.60000000 0.00000000 -11.13542379 61556.20171220 
0.62000000 0.00000000 -13.26855865 61555.31192123 
0.64000000 0.00000000 -15.43982704 61554.47840121 
0.66000000 0.00000000 192.56056742 60300.83161458 
0.68000000 0.00000000 194.41020622 60268.80477690 
0.70000000 0.00000000 -22.10351902 61551.04587613 
0.72000000 0.00000000 -24.46582883 61549.64303854 
0.74000000 0.00000000 -26.42716261 61546.80641894 
0.76000000 0.00000000 -28.91675833 61545.24485173 
0.78000000 0.00000000 -30.33109328 61540.69777524 
0.80000000 0.00000000 -32.64273219 61538.70223651 
0.82000000 0.00000000 -34.86371778 61536.70241510 
0.84000000 0.00000000 -36.81279116 61534.38022393 
0.86000000 0.00000000 -63.79190011 61592.90771768 
0.88000000 0.00000000 -65.84176311 61590.96382086 
0.90000000 0.00000000 -15.07135827 61459.41586758 
0.92000000 0.00000000 39.87211534 61285.88472381 
0.94000000 0.00000000 -70.23778656 61585.25736467 
0.96000000 0.00000000 -71.11260528 61583.38586417 
0.98000000 0.00000000 -103.40433971 61646.43241545 

