-1.00000000 0.00000000 -1168.94036438 59394.56529173 
-0.98000000 0.00000000 -1170.40684576 59394.67581756 
-0.96000000 0.00000000 -1171.34599615 59394.36573642 
-0.94000000 0.00000000 -1197.66334586 59430.09545996 
-0.92000000 0.00000000 -1197.99496031 59429.28590561 
-0.90000000 0.00000000 -1150.82377969 59359.06383828 
-0.88000000 0.00000000 -1150.58713907 59358.11087243 
-0.86000000 0.00000000 -1150.14445212 59356.95611855 
-0.84000000 0.00000000 -1238.95918560 59477.57901492 
-0.82000000 0.00000000 -1239.42958623 59477.57447596 
-0.80000000 0.00000000 -1169.70753104 59386.56245650 
-0.78000000 0.00000000 -1139.01758765 59337.08904682 
-0.76000000 0.00000000 -1138.63740679 59336.23515866 
-0.74000000 0.00000000 -1138.36108049 59335.57324901 
-0.72000000 0.00000000 -1137.35753431 59333.65433782 
-0.70000000 0.00000000 -1171.16397309 59387.60097175 
-0.68000000 0.00000000 -1171.02448783 59387.32010145 
-0.66000000 0.00000000 -1241.15460224 59476.85314971 
-0.64000000 0.00000000 -1240.78443289 59476.62465568 
-0.62000000 0.00000000 -1170.40388392 59386.87718243 
-0.60000000 0.00000000 -1239.74471379 59476.52332072 
-0.58000000 0.00000000 -1239.09433907 59476.66919313 
-0.56000000 0.00000000 -1169.28398428 59386.93482221 
-0.54000000 0.00000000 -1135.46122901 59332.70368699 
-0.52000000 0.00000000 -1135.98578252 59334.36374523 
-0.50000000 0.00000000 -1135.77024736 59334.71382648 
-0.48000000 0.00000000 -1135.58504875 59335.09432703 
-0.46000000 0.00000000 -1135.57063064 59335.73021410 
-0.44000000 0.00000000 -1231.36618423 59476.12420979 
-0.42000000 0.00000000 -1230.60164500 59476.09532279 
-0.40000000 0.00000000 -1135.18741663 59336.47884486 
-0.38000000 0.00000000 -1135.15105700 59336.68059175 
-0.36000000 0.00000000 -1135.11038812 59336.77716987 
-0.34000000 0.00000000 -1135.09199898 59336.83607167 
-0.32000000 0.00000000 -1135.08500808 59336.86521773 
-0.30000000 0.00000000 -1230.18085140 59477.54148945 
-0.28000000 0.00000000 -1230.22110887 59477.66206287 
-0.26000000 0.00000000 -1134.95867070 59336.85007432 
-0.24000000 0.00000000 -1134.83035587 59336.88641745 
-0.22000000 0.00000000 -1134.63851970 59337.00927353 
-0.20000000 0.00000000 -1134.27000280 59337.08847925 
-0.18000000 0.00000000 -1227.31572855 59478.03942267 
-0.16000000 0.00000000 -1225.37093228 59477.87187165 
-0.14000000 0.00000000 -1132.04503389 59337.71859701 
-0.12000000 0.00000000 -1130.51877408 59337.54878895 
-0.10000000 0.00000000 -1128.78672668 59337.64559804 
-0.08000000 0.00000000 -1126.64160304 59337.65415022 
-0.06000000 0.00000000 -1203.47539021 59473.65090333 
-0.04000000 0.00000000 -1196.37864217 59471.69036900 
-0.02000000 0.00000000 -1119.21620819 59340.14409011 
0.00000000 0.00000000 -1115.00097293 59338.63993102 
0.02000000 0.00000000 -1110.63478571 59337.16550892 
0.04000000 0.00000000 -1105.83385472 59334.86318993 
0.06000000 0.00000000 -1116.66136046 59369.66770419 
0.08000000 0.00000000 -1101.01913546 59342.02573084 
0.10000000 0.00000000 -1096.52071233 59340.19554814 
0.12000000 0.00000000 -1091.85080723 59337.24493744 
0.14000000 0.00000000 -1063.68763400 58367.19394719 
0.16000000 0.00000000 -1052.11634273 58411.95821237 
0.18000000 0.00000000 -1079.47959272 59327.94678640 
0.20000000 0.00000000 -1076.10721892 59325.57432754 
0.22000000 0.00000000 -1072.69665248 59322.49187688 
0.24000000 0.00000000 -1069.38580195 59319.25537789 
0.26000000 0.00000000 -1062.71098824 59303.63984454 
0.28000000 0.00000000 -1059.68590344 59300.24611917 
0.30000000 0.00000000 -1056.81730252 59296.91331249 
0.32000000 0.00000000 -1054.17375019 59293.70109259 
0.34000000 0.00000000 -1051.87384694 59290.78794362 
0.36000000 0.00000000 -1050.10960874 59288.62469579 
0.38000000 0.00000000 -1048.91890968 59287.07575663 
0.40000000 0.00000000 -1357.93897651 57844.95069688 
0.42000000 0.00000000 -1356.87975459 57845.83066636 
0.44000000 0.00000000 -1049.71164139 59288.05065903 
0.46000000 0.00000000 -1051.43799603 59290.24909458 
0.48000000 0.00000000 -1053.75088650 59293.08173065 
0.50000000 0.00000000 -1056.59443964 59296.61577737 
0.52000000 0.00000000 -1059.79832022 59300.50523238 
0.54000000 0.00000000 -1063.21283652 59304.48509834 
0.56000000 0.00000000 -1066.73326192 59308.41177537 
0.58000000 0.00000000 -1074.01641994 59324.56945806 
0.60000000 0.00000000 -1077.72650787 59328.25796031 
0.62000000 0.00000000 -1081.45850271 59331.75551716 
0.64000000 0.00000000 -1085.27701582 59335.17206520 
0.66000000 0.00000000 -1034.18349316 58498.07836142 
0.68000000 0.00000000 -1039.65597394 58471.21056368 
0.70000000 0.00000000 -1097.62546126 59344.90416940 
0.72000000 0.00000000 -1102.16951578 59348.10015944 
0.74000000 0.00000000 -1106.68713104 59350.68056726 
0.76000000 0.00000000 -1111.60053964 59353.79113995 
0.78000000 0.00000000 -1116.01976587 59355.46708989 
0.80000000 0.00000000 -1120.90769523 59358.10702949 
0.82000000 0.00000000 -1125.67986816 59360.50901596 
0.84000000 0.00000000 -1130.16062211 59362.47378447 
0.86000000 0.00000000 -1148.62447317 59390.97776228 
0.88000000 0.00000000 -1153.03618815 59392.52221984 
0.90000000 0.00000000 -1124.47105637 59333.85290376 
0.92000000 0.00000000 -1085.80977739 59241.36090489 
0.94000000 0.00000000 -1163.40374814 59395.15715416 
0.96000000 0.00000000 -1165.87454279 59395.45089794 
0.98000000 0.00000000 -1185.90176555 59422.46940067 

