-1.00000000 0.00000000 -1316.07867085 58461.13513438 
-0.98000000 0.00000000 -1315.84000506 58462.54046098 
-0.96000000 0.00000000 -1315.88120366 58463.41610173 
-0.94000000 0.00000000 -1295.51065523 58489.79300143 
-0.92000000 0.00000000 -1295.86109359 58490.05786620 
-0.90000000 0.00000000 -1335.55538716 58442.60712674 
-0.88000000 0.00000000 -1336.08559893 58442.32188082 
-0.86000000 0.00000000 -1336.73753887 58441.83464431 
-0.84000000 0.00000000 -1267.97124736 58530.62507153 
-0.82000000 0.00000000 -1267.91543791 58531.04845082 
-0.80000000 0.00000000 -1320.05242168 58461.37992225 
-0.78000000 0.00000000 -1347.88520200 58430.56965141 
-0.76000000 0.00000000 -1348.36803185 58430.16705829 
-0.74000000 0.00000000 -1348.74045753 58429.87178396 
-0.72000000 0.00000000 -1349.81081724 58428.85515217 
-0.70000000 0.00000000 -1319.41756481 58462.73959523 
-0.68000000 0.00000000 -1319.57253564 58462.59177407 
-0.66000000 0.00000000 -1267.98230375 58532.57726190 
-0.64000000 0.00000000 -1268.14072214 58532.21837421 
-0.62000000 0.00000000 -1319.86485154 58461.98127407 
-0.60000000 0.00000000 -1268.35583066 58531.23160957 
-0.58000000 0.00000000 -1268.40181244 58530.62198702 
-0.56000000 0.00000000 -1319.97980748 58460.92397074 
-0.54000000 0.00000000 -1350.47297748 58427.03466009 
-0.52000000 0.00000000 -1349.58634236 58427.58591369 
-0.50000000 0.00000000 -1349.42697055 58427.40070466 
-0.48000000 0.00000000 -1349.24800637 58427.24634944 
-0.46000000 0.00000000 -1348.92324489 58427.26207992 
-0.44000000 0.00000000 -1269.92524667 58523.30571977 
-0.42000000 0.00000000 -1270.05693918 58522.58911960 
-0.40000000 0.00000000 -1348.54567256 58426.96406103 
-0.38000000 0.00000000 -1348.42825527 58426.95355889 
-0.36000000 0.00000000 -1348.36010219 58426.93794809 
-0.34000000 0.00000000 -1348.30497392 58426.94424534 
-0.32000000 0.00000000 -1348.26023965 58426.96212273 
-0.30000000 0.00000000 -1269.37136633 58522.34771010 
-0.28000000 0.00000000 -1269.27706173 58522.41377678 
-0.26000000 0.00000000 -1348.17555037 58426.91584084 
-0.24000000 0.00000000 -1348.13644514 58426.81633381 
-0.22000000 0.00000000 -1348.06546238 58426.65361075 
-0.20000000 0.00000000 -1348.04282285 58426.31323086 
-0.18000000 0.00000000 -1269.43905941 58519.72350414 
-0.16000000 0.00000000 -1269.82693649 58517.84625745 
-0.14000000 0.00000000 -1347.99244244 58424.14853848 
-0.12000000 0.00000000 -1348.29402118 58422.62630941 
-0.10000000 0.00000000 -1348.51967466 58420.88511309 
-0.08000000 0.00000000 -1348.87027537 58418.71516796 
-0.06000000 0.00000000 -1275.60184608 58496.28862653 
-0.04000000 0.00000000 -1277.78958994 58489.21019526 
-0.02000000 0.00000000 -1349.08547741 58411.10110911 
0.00000000 0.00000000 -1350.55800068 58406.78423885 
0.02000000 0.00000000 -1352.06286609 58402.29945409 
0.04000000 0.00000000 -1354.03431802 58397.36740302 
0.06000000 0.00000000 -1336.71619616 58408.10534551 
0.08000000 0.00000000 -1351.90993124 58392.24297868 
0.10000000 0.00000000 -1353.66171685 58387.58656517 
0.12000000 0.00000000 -1355.95131315 58382.76111323 
0.14000000 0.00000000 -1749.34185750 58530.93060217 
0.16000000 0.00000000 -1739.03633757 58504.27589297 
0.18000000 0.00000000 -1362.78369272 58369.93871708 
0.20000000 0.00000000 -1364.63632346 58366.40900653 
0.22000000 0.00000000 -1366.83407942 58362.83981057 
0.24000000 0.00000000 -1369.10862855 58359.36462420 
0.26000000 0.00000000 -1377.50744798 58352.67286826 
0.28000000 0.00000000 -1379.84810923 58349.49307435 
0.30000000 0.00000000 -1382.14343682 58346.47384240 
0.32000000 0.00000000 -1384.33869998 58343.69210538 
0.34000000 0.00000000 -1386.31356396 58341.27410143 
0.36000000 0.00000000 -1387.81166477 58339.41373888 
0.38000000 0.00000000 -1388.86679361 58338.16063946 
0.40000000 0.00000000 -1743.87170789 58964.25806266 
0.42000000 0.00000000 -1744.22191035 58963.21967973 
0.44000000 0.00000000 -1388.22796125 58338.98360550 
0.46000000 0.00000000 -1386.74558904 58340.79447826 
0.48000000 0.00000000 -1384.80885756 58343.22763228 
0.50000000 0.00000000 -1382.41791519 58346.21723271 
0.52000000 0.00000000 -1379.77912766 58349.58871658 
0.54000000 0.00000000 -1377.05775642 58353.18535737 
0.56000000 0.00000000 -1374.35345014 58356.89387224 
0.58000000 0.00000000 -1365.57301882 58364.24910375 
0.60000000 0.00000000 -1362.99857648 58368.15474211 
0.62000000 0.00000000 -1360.53821065 58372.07211435 
0.64000000 0.00000000 -1358.13004302 58376.06515177 
0.66000000 0.00000000 -1716.40881089 58458.99712698 
0.68000000 0.00000000 -1724.03450274 58473.09738062 
0.70000000 0.00000000 -1351.12258562 58388.89173224 
0.72000000 0.00000000 -1348.76655501 58393.58596127 
0.74000000 0.00000000 -1346.70182110 58398.24910434 
0.76000000 0.00000000 -1344.34464247 58403.30254843 
0.78000000 0.00000000 -1342.72793573 58407.84968834 
0.80000000 0.00000000 -1340.61586232 58412.85495770 
0.82000000 0.00000000 -1338.64827190 58417.72825095 
0.84000000 0.00000000 -1336.94661416 58422.29018526 
0.86000000 0.00000000 -1320.99678025 58440.96510685 
0.88000000 0.00000000 -1319.52485474 58445.41339118 
0.90000000 0.00000000 -1350.87610957 58416.66616962 
0.92000000 0.00000000 -1400.13901843 58379.19138842 
0.94000000 0.00000000 -1316.60827673 58455.75691731 
0.96000000 0.00000000 -1316.09603830 58458.18566576 
0.98000000 0.00000000 -1300.69562060 58478.29484762 

