-1.00000000 0.00000000 314.67038252 63762.94459473 
-0.98000000 0.00000000 314.67038252 63762.94459473 
-0.96000000 0.00000000 314.67038246 63762.94459473 
-0.94000000 0.00000000 314.67039272 63762.94459499 
-0.92000000 0.00000000 314.67039246 63762.94459499 
-0.90000000 0.00000000 314.67037573 63762.94459456 
-0.88000000 0.00000000 314.67037564 63762.94459456 
-0.86000000 0.00000000 314.67037552 63762.94459456 
-0.84000000 0.00000000 314.67041687 63762.94459560 
-0.82000000 0.00000000 314.67041692 63762.94459560 
-0.80000000 0.00000000 314.67038115 63762.94459470 
-0.78000000 0.00000000 314.67037287 63762.94459449 
-0.76000000 0.00000000 314.67037281 63762.94459449 
-0.74000000 0.00000000 314.67037278 63762.94459449 
-0.72000000 0.00000000 314.67037257 63762.94459448 
-0.70000000 0.00000000 314.67038158 63762.94459471 
-0.68000000 0.00000000 314.67038155 63762.94459471 
-0.66000000 0.00000000 314.67041658 63762.94459559 
-0.64000000 0.00000000 314.67041644 63762.94459559 
-0.62000000 0.00000000 314.67038152 63762.94459471 
-0.60000000 0.00000000 314.67041645 63762.94459559 
-0.58000000 0.00000000 314.67041661 63762.94459559 
-0.56000000 0.00000000 314.67038157 63762.94459471 
-0.54000000 0.00000000 314.67037256 63762.94459448 
-0.52000000 0.00000000 314.67037276 63762.94459449 
-0.50000000 0.00000000 314.67037279 63762.94459449 
-0.48000000 0.00000000 314.67037283 63762.94459449 
-0.46000000 0.00000000 314.67037290 63762.94459449 
-0.44000000 0.00000000 314.67041684 63762.94459560 
-0.42000000 0.00000000 314.67041687 63762.94459560 
-0.40000000 0.00000000 314.67037296 63762.94459449 
-0.38000000 0.00000000 314.67037298 63762.94459449 
-0.36000000 0.00000000 314.67037299 63762.94459449 
-0.34000000 0.00000000 314.67037299 63762.94459449 
-0.32000000 0.00000000 314.67037299 63762.94459449 
-0.30000000 0.00000000 314.67041772 63762.94459562 
-0.28000000 0.00000000 314.67041772 63762.94459562 
-0.26000000 0.00000000 314.67037296 63762.94459449 
-0.24000000 0.00000000 314.67037296 63762.94459449 
-0.22000000 0.00000000 314.67037298 63762.94459449 
-0.20000000 0.00000000 314.67037299 63762.94459449 
-0.18000000 0.00000000 314.67041783 63762.94459562 
-0.16000000 0.00000000 314.67041786 63762.94459562 
-0.14000000 0.00000000 314.67037316 63762.94459450 
-0.12000000 0.00000000 314.67037321 63762.94459450 
-0.10000000 0.00000000 314.67037332 63762.94459450 
-0.08000000 0.00000000 314.67037347 63762.94459451 
-0.06000000 0.00000000 314.67041824 63762.94459563 
-0.04000000 0.00000000 314.67041836 63762.94459564 
-0.02000000 0.00000000 314.67037460 63762.94459453 
0.00000000 0.00000000 314.67037475 63762.94459454 
0.02000000 0.00000000 314.67037497 63762.94459454 
0.04000000 0.00000000 314.67037510 63762.94459455 
0.06000000 0.00000000 314.67038275 63762.94459474 
0.08000000 0.00000000 314.67037761 63762.94459461 
0.10000000 0.00000000 314.67037798 63762.94459462 
0.12000000 0.00000000 314.67037812 63762.94459462 
0.14000000 0.00000000 314.67034626 63762.94459383 
0.16000000 0.00000000 314.67034634 63762.94459383 
0.18000000 0.00000000 314.67037836 63762.94459463 
0.20000000 0.00000000 314.67037857 63762.94459463 
0.22000000 0.00000000 314.67037864 63762.94459464 
0.24000000 0.00000000 314.67037868 63762.94459464 
0.26000000 0.00000000 314.67037625 63762.94459458 
0.28000000 0.00000000 314.67037629 63762.94459458 
0.30000000 0.00000000 314.67037633 63762.94459458 
0.32000000 0.00000000 314.67037636 63762.94459458 
0.34000000 0.00000000 314.67037637 63762.94459458 
0.36000000 0.00000000 314.67037642 63762.94459458 
0.38000000 0.00000000 314.67037644 63762.94459458 
0.40000000 0.00000000 314.67034417 63762.94459377 
0.42000000 0.00000000 314.67034417 63762.94459377 
0.44000000 0.00000000 314.67037644 63762.94459458 
0.46000000 0.00000000 314.67037642 63762.94459458 
0.48000000 0.00000000 314.67037638 63762.94459458 
0.50000000 0.00000000 314.67037637 63762.94459458 
0.52000000 0.00000000 314.67037635 63762.94459458 
0.54000000 0.00000000 314.67037633 63762.94459458 
0.56000000 0.00000000 314.67037629 63762.94459458 
0.58000000 0.00000000 314.67037875 63762.94459464 
0.60000000 0.00000000 314.67037872 63762.94459464 
0.62000000 0.00000000 314.67037869 63762.94459464 
0.64000000 0.00000000 314.67037866 63762.94459464 
0.66000000 0.00000000 314.67034658 63762.94459384 
0.68000000 0.00000000 314.67034648 63762.94459383 
0.70000000 0.00000000 314.67037852 63762.94459463 
0.72000000 0.00000000 314.67037846 63762.94459463 
0.74000000 0.00000000 314.67037827 63762.94459463 
0.76000000 0.00000000 314.67037821 63762.94459462 
0.78000000 0.00000000 314.67037789 63762.94459462 
0.80000000 0.00000000 314.67037780 63762.94459461 
0.82000000 0.00000000 314.67037772 63762.94459461 
0.84000000 0.00000000 314.67037761 63762.94459461 
0.86000000 0.00000000 314.67038338 63762.94459475 
0.88000000 0.00000000 314.67038328 63762.94459475 
0.90000000 0.00000000 314.67037207 63762.94459448 
0.92000000 0.00000000 314.67036286 63762.94459424 
0.94000000 0.00000000 314.67038300 63762.94459475 
0.96000000 0.00000000 314.67038290 63762.94459474 
0.98000000 0.00000000 314.67039034 63762.94459493 

