-1.00000000 0.00000000 -5102.04282469 58590.60473403 
-0.98000000 0.00000000 -5098.22552032 58609.38678557 
-0.96000000 0.00000000 -5092.35322607 58640.07830896 
-0.94000000 0.00000000 -5157.15295098 56883.75492792 
-0.92000000 0.00000000 -5161.97043719 56938.05431654 
-0.90000000 0.00000000 -4716.65174230 59968.34449706 
-0.88000000 0.00000000 -4703.84091631 59999.51673194 
-0.86000000 0.00000000 -4688.93209538 60035.48244875 
-0.84000000 0.00000000 -4124.59568596 54219.97614289 
-0.82000000 0.00000000 -4124.92883432 54220.95257115 
-0.80000000 0.00000000 -5017.47851854 58995.50024560 
-0.78000000 0.00000000 -4433.01240957 60587.07250844 
-0.76000000 0.00000000 -4421.23861262 60609.10308389 
-0.74000000 0.00000000 -4411.80097747 60626.51784048 
-0.72000000 0.00000000 -4385.88783509 60674.72938229 
-0.70000000 0.00000000 -5023.22328201 58964.18879555 
-0.68000000 0.00000000 -5020.13848100 58977.03405342 
-0.66000000 0.00000000 -4165.01126034 54275.61699144 
-0.64000000 0.00000000 -4173.65404946 54286.88946474 
-0.62000000 0.00000000 -5016.98421909 58990.53459162 
-0.60000000 0.00000000 -4172.83435727 54285.35191815 
-0.58000000 0.00000000 -4162.49797466 54271.43742484 
-0.56000000 0.00000000 -5023.26601867 58966.18761370 
-0.54000000 0.00000000 -4385.54789220 60676.42519795 
-0.52000000 0.00000000 -4411.26047570 60628.90290887 
-0.50000000 0.00000000 -4419.92363303 60613.24386604 
-0.48000000 0.00000000 -4428.78218791 60597.08216119 
-0.46000000 0.00000000 -4440.57586297 60575.05419822 
-0.44000000 0.00000000 -4133.62792364 54229.27445975 
-0.42000000 0.00000000 -4130.21944329 54224.46545489 
-0.40000000 0.00000000 -4456.74089746 60545.05168434 
-0.38000000 0.00000000 -4459.86676596 60539.13721781 
-0.36000000 0.00000000 -4460.82010219 60537.35483465 
-0.34000000 0.00000000 -4460.57624823 60537.81063610 
-0.32000000 0.00000000 -4459.38807328 60540.03134447 
-0.30000000 0.00000000 -4081.73403552 54164.33248840 
-0.28000000 0.00000000 -4082.59383349 54165.56332804 
-0.26000000 0.00000000 -4453.43398187 60551.13100942 
-0.24000000 0.00000000 -4452.68776240 60552.44044709 
-0.22000000 0.00000000 -4454.10104544 60549.60623418 
-0.20000000 0.00000000 -4456.53021582 60544.90045334 
-0.18000000 0.00000000 -4075.21263237 54156.77210616 
-0.16000000 0.00000000 -4071.49992692 54151.91627599 
-0.14000000 0.00000000 -4484.22093457 60491.18924924 
-0.12000000 0.00000000 -4495.77731498 60468.77551432 
-0.10000000 0.00000000 -4515.49525162 60429.64747464 
-0.08000000 0.00000000 -4539.27306161 60381.61042742 
-0.06000000 0.00000000 -4026.75916633 54093.84856248 
-0.04000000 0.00000000 -4013.01079526 54076.29520089 
-0.02000000 0.00000000 -4674.71321307 60084.24207411 
0.00000000 0.00000000 -4700.77843405 60023.64418046 
0.02000000 0.00000000 -4731.48987560 59949.61567916 
0.04000000 0.00000000 -4755.34144937 59891.02400483 
0.06000000 0.00000000 -5137.07678656 58409.59652530 
0.08000000 0.00000000 -4940.03438163 59344.40129602 
0.10000000 0.00000000 -4968.43445936 59246.36647644 
0.12000000 0.00000000 -4983.68528549 59192.70905635 
0.14000000 0.00000000 -258.61326311 63752.39530146 
0.16000000 0.00000000 -301.10746732 63746.23287550 
0.18000000 0.00000000 -5013.28538064 59084.49977824 
0.20000000 0.00000000 -5026.93697536 59029.84025583 
0.22000000 0.00000000 -5033.14744541 59005.12075265 
0.24000000 0.00000000 -5037.86165034 58986.21125059 
0.26000000 0.00000000 -4917.31384197 59440.72750075 
0.28000000 0.00000000 -4921.77680259 59426.79398109 
0.30000000 0.00000000 -4926.13132197 59412.99562945 
0.32000000 0.00000000 -4929.50444534 59402.29159160 
0.34000000 0.00000000 -4931.79634767 59395.07218790 
0.36000000 0.00000000 -4935.59324837 59382.58282942 
0.38000000 0.00000000 -4937.26500897 59377.14207409 
0.40000000 0.00000000 71.87712470 63792.91467758 
0.42000000 0.00000000 71.37907050 63792.87288322 
0.44000000 0.00000000 -4937.31461953 59376.84474928 
0.46000000 0.00000000 -4935.74710029 59381.85823251 
0.48000000 0.00000000 -4932.40777563 59392.75054695 
0.50000000 0.00000000 -4930.29830045 59399.34365555 
0.52000000 0.00000000 -4928.10381532 59406.13377752 
0.54000000 0.00000000 -4925.15383047 59415.37942885 
0.56000000 0.00000000 -4921.61004724 59426.51157507 
0.58000000 0.00000000 -5043.10121023 58963.46766306 
0.60000000 0.00000000 -5040.39499358 58974.35658669 
0.62000000 0.00000000 -5037.13820691 58987.43869442 
0.64000000 0.00000000 -5033.94954184 58999.93322362 
0.66000000 0.00000000 -395.84403365 63731.09416970 
0.68000000 0.00000000 -364.27131837 63736.47082311 
0.70000000 0.00000000 -5019.37974596 59056.30641159 
0.72000000 0.00000000 -5012.97148797 59080.44143241 
0.74000000 0.00000000 -5000.12402300 59129.68520358 
0.76000000 0.00000000 -4992.42996901 59157.20154199 
0.78000000 0.00000000 -4970.98344228 59235.93255271 
0.80000000 0.00000000 -4960.58751055 59271.19349812 
0.82000000 0.00000000 -4949.88590837 59306.69144929 
0.84000000 0.00000000 -4937.36384016 59347.72449460 
0.86000000 0.00000000 -5151.15107545 58287.74519131 
0.88000000 0.00000000 -5145.50602157 58326.42865704 
0.90000000 0.00000000 -4498.11781060 60475.85560656 
0.92000000 0.00000000 -3326.75797583 62134.48550677 
0.94000000 0.00000000 -5127.38316442 58441.77524325 
0.96000000 0.00000000 -5120.97992833 58479.99498513 
0.98000000 0.00000000 -5184.04200399 57199.85823962 

