-1.00000000 0.00000000 318.40005526 63395.73232726 
-0.98000000 0.00000000 318.40005526 63395.73232726 
-0.96000000 0.00000000 318.40005526 63395.73232726 
-0.94000000 0.00000000 318.40005526 63395.73232727 
-0.92000000 0.00000000 318.40005526 63395.73232727 
-0.90000000 0.00000000 318.40005526 63395.73232726 
-0.88000000 0.00000000 318.40005526 63395.73232726 
-0.86000000 0.00000000 318.40005526 63395.73232726 
-0.84000000 0.00000000 318.40005526 63395.73232727 
-0.82000000 0.00000000 318.40005526 63395.73232727 
-0.80000000 0.00000000 318.40005526 63395.73232726 
-0.78000000 0.00000000 318.40005526 63395.73232726 
-0.76000000 0.00000000 318.40005526 63395.73232726 
-0.74000000 0.00000000 318.40005526 63395.73232726 
-0.72000000 0.00000000 318.40005526 63395.73232726 
-0.70000000 0.00000000 318.40005526 63395.73232726 
-0.68000000 0.00000000 318.40005526 63395.73232726 
-0.66000000 0.00000000 318.40005526 63395.73232727 
-0.64000000 0.00000000 318.40005526 63395.73232727 
-0.62000000 0.00000000 318.40005526 63395.73232726 
-0.60000000 0.00000000 318.40005526 63395.73232727 
-0.58000000 0.00000000 318.40005526 63395.73232727 
-0.56000000 0.00000000 318.40005526 63395.73232726 
-0.54000000 0.00000000 318.40005526 63395.73232726 
-0.52000000 0.00000000 318.40005526 63395.73232726 
-0.50000000 0.00000000 318.40005526 63395.73232726 
-0.48000000 0.00000000 318.40005526 63395.73232726 
-0.46000000 0.00000000 318.40005526 63395.73232726 
-0.44000000 0.00000000 318.40005526 63395.73232727 
-0.42000000 0.00000000 318.40005526 63395.73232727 
-0.40000000 0.00000000 318.40005526 63395.73232726 
-0.38000000 0.00000000 318.40005526 63395.73232726 
-0.36000000 0.00000000 318.40005526 63395.73232726 
-0.34000000 0.00000000 318.40005526 63395.73232726 
-0.32000000 0.00000000 318.40005526 63395.73232726 
-0.30000000 0.00000000 318.40005526 63395.73232727 
-0.28000000 0.00000000 318.40005526 63395.73232727 
-0.26000000 0.00000000 318.40005526 63395.73232726 
-0.24000000 0.00000000 318.40005526 63395.73232726 
-0.22000000 0.00000000 318.40005526 63395.73232726 
-0.20000000 0.00000000 318.40005526 63395.73232726 
-0.18000000 0.00000000 318.40005526 63395.73232727 
-0.16000000 0.00000000 318.40005526 63395.73232727 
-0.14000000 0.00000000 318.40005526 63395.73232726 
-0.12000000 0.00000000 318.40005526 63395.73232726 
-0.10000000 0.00000000 318.40005526 63395.73232726 
-0.08000000 0.00000000 318.40005526 63395.73232726 
-0.06000000 0.00000000 318.40005526 63395.73232727 
-0.04000000 0.00000000 318.40005526 63395.73232727 
-0.02000000 0.00000000 318.40005526 63395.73232726 
0.00000000 0.00000000 318.40005526 63395.73232726 
0.02000000 0.00000000 318.40005526 63395.73232726 
0.04000000 0.00000000 318.40005526 63395.73232726 
0.06000000 0.00000000 318.40005526 63395.73232726 
0.08000000 0.00000000 318.40005526 63395.73232726 
0.10000000 0.00000000 318.40005526 63395.73232726 
0.12000000 0.00000000 318.40005526 63395.73232726 
0.14000000 0.00000000 318.40005526 63395.73232727 
0.16000000 0.00000000 318.40005526 63395.73232727 
0.18000000 0.00000000 318.40005526 63395.73232726 
0.20000000 0.00000000 318.40005526 63395.73232726 
0.22000000 0.00000000 318.40005526 63395.73232726 
0.24000000 0.00000000 318.40005526 63395.73232726 
0.26000000 0.00000000 318.40005526 63395.73232726 
0.28000000 0.00000000 318.40005526 63395.73232726 
0.30000000 0.00000000 318.40005526 63395.73232726 
0.32000000 0.00000000 318.40005526 63395.73232726 
0.34000000 0.00000000 318.40005526 63395.73232726 
0.36000000 0.00000000 318.40005526 63395.73232726 
0.38000000 0.00000000 318.40005526 63395.73232726 
0.40000000 0.00000000 318.40005526 63395.73232727 
0.42000000 0.00000000 318.40005526 63395.73232727 
0.44000000 0.00000000 318.40005526 63395.73232726 
0.46000000 0.00000000 318.40005526 63395.73232726 
0.48000000 0.00000000 318.40005526 63395.73232726 
0.50000000 0.00000000 318.40005526 63395.73232726 
0.52000000 0.00000000 318.40005526 63395.73232726 
0.54000000 0.00000000 318.40005526 63395.73232726 
0.56000000 0.00000000 318.40005526 63395.73232726 
0.58000000 0.00000000 318.40005526 63395.73232726 
0.60000000 0.00000000 318.40005526 63395.73232726 
0.62000000 0.00000000 318.40005526 63395.73232726 
0.64000000 0.00000000 318.40005526 63395.73232726 
0.66000000 0.00000000 318.40005526 63395.73232727 
0.68000000 0.00000000 318.40005526 63395.73232727 
0.70000000 0.00000000 318.40005526 63395.73232726 
0.72000000 0.00000000 318.40005526 63395.73232726 
0.74000000 0.00000000 318.40005526 63395.73232726 
0.76000000 0.00000000 318.40005526 63395.73232726 
0.78000000 0.00000000 318.40005526 63395.73232726 
0.80000000 0.00000000 318.40005526 63395.73232726 
0.82000000 0.00000000 318.40005526 63395.73232726 
0.84000000 0.00000000 318.40005526 63395.73232726 
0.86000000 0.00000000 318.40005526 63395.73232726 
0.88000000 0.00000000 318.40005526 63395.73232726 
0.90000000 0.00000000 318.40005526 63395.73232727 
0.92000000 0.00000000 318.40005526 63395.73232727 
0.94000000 0.00000000 318.40005526 63395.73232726 
0.96000000 0.00000000 318.40005526 63395.73232726 
0.98000000 0.00000000 318.40005526 63395.73232726 

