-1.00000000 0.00000000 477.69397361 63818.63891232 
-0.98000000 0.00000000 477.33898549 63818.64121705 
-0.96000000 0.00000000 476.71167931 63818.64575476 
-0.94000000 0.00000000 519.35686772 63818.11156327 
-0.92000000 0.00000000 517.97114504 63818.13404542 
-0.90000000 0.00000000 447.62002742 63818.79610865 
-0.88000000 0.00000000 446.98394559 63818.79705931 
-0.86000000 0.00000000 446.23976480 63818.79816893 
-0.84000000 0.00000000 619.12129778 63815.41421377 
-0.82000000 0.00000000 619.12167510 63815.41350105 
-0.80000000 0.00000000 469.14562603 63818.69784364 
-0.78000000 0.00000000 434.26375809 63818.80600525 
-0.76000000 0.00000000 433.80919078 63818.80544283 
-0.74000000 0.00000000 433.45524265 63818.80491722 
-0.72000000 0.00000000 432.41323813 63818.80388811 
-0.70000000 0.00000000 470.01050309 63818.69013602 
-0.68000000 0.00000000 469.74832211 63818.69166144 
-0.66000000 0.00000000 616.29050829 63815.51355373 
-0.64000000 0.00000000 615.65338619 63815.53665863 
-0.62000000 0.00000000 469.47058737 63818.69319770 
-0.60000000 0.00000000 615.71944985 63815.53432335 
-0.58000000 0.00000000 616.48794260 63815.50646674 
-0.56000000 0.00000000 469.95248353 63818.69032214 
-0.54000000 0.00000000 432.35813276 63818.80357446 
-0.52000000 0.00000000 433.38060748 63818.80453776 
-0.50000000 0.00000000 433.69249986 63818.80496646 
-0.48000000 0.00000000 434.01629961 63818.80537516 
-0.46000000 0.00000000 434.47284869 63818.80579454 
-0.44000000 0.00000000 618.57601163 63815.43270854 
-0.42000000 0.00000000 618.82401183 63815.42381584 
-0.40000000 0.00000000 435.07347023 63818.80641551 
-0.38000000 0.00000000 435.19572859 63818.80649257 
-0.36000000 0.00000000 435.23256471 63818.80650210 
-0.34000000 0.00000000 435.22504756 63818.80646309 
-0.32000000 0.00000000 435.18244117 63818.80638755 
-0.30000000 0.00000000 622.43726959 63815.28841245 
-0.28000000 0.00000000 622.37825455 63815.29048250 
-0.26000000 0.00000000 434.96474546 63818.80609080 
-0.24000000 0.00000000 434.94207241 63818.80603726 
-0.22000000 0.00000000 435.00659609 63818.80604933 
-0.20000000 0.00000000 435.10621572 63818.80612402 
-0.18000000 0.00000000 622.92175086 63815.26995440 
-0.16000000 0.00000000 623.18563549 63815.26031418 
-0.14000000 0.00000000 436.22633229 63818.80688020 
-0.12000000 0.00000000 436.67648350 63818.80725311 
-0.10000000 0.00000000 437.48224726 63818.80762104 
-0.08000000 0.00000000 438.47036118 63818.80788641 
-0.06000000 0.00000000 626.36770529 63815.14309737 
-0.04000000 0.00000000 627.34434874 63815.10676492 
-0.02000000 0.00000000 444.71022673 63818.80366843 
0.00000000 0.00000000 445.92440884 63818.80239134 
0.02000000 0.00000000 447.42606079 63818.80022793 
0.04000000 0.00000000 448.58888081 63818.79846450 
0.06000000 0.00000000 481.22210894 63818.61170276 
0.08000000 0.00000000 460.29133978 63818.75790464 
0.10000000 0.00000000 462.33724207 63818.74852309 
0.12000000 0.00000000 463.42177160 63818.74355043 
0.14000000 0.00000000 330.38483222 63817.66982481 
0.16000000 0.00000000 331.11305626 63817.68572779 
0.18000000 0.00000000 465.58566551 63818.73321484 
0.20000000 0.00000000 466.73947472 63818.72676884 
0.22000000 0.00000000 467.24232429 63818.72405937 
0.24000000 0.00000000 467.62440550 63818.72199372 
0.26000000 0.00000000 457.61789551 63818.77488423 
0.28000000 0.00000000 457.89727334 63818.77389887 
0.30000000 0.00000000 458.17756654 63818.77285802 
0.32000000 0.00000000 458.39368037 63818.77205322 
0.34000000 0.00000000 458.53701625 63818.77153293 
0.36000000 0.00000000 458.79896105 63818.77045053 
0.38000000 0.00000000 458.91063817 63818.77000498 
0.40000000 0.00000000 323.73361462 63817.52292421 
0.42000000 0.00000000 323.74384978 63817.52316106 
0.44000000 0.00000000 458.91923092 63818.76996662 
0.46000000 0.00000000 458.81784429 63818.77037137 
0.48000000 0.00000000 458.59103433 63818.77131182 
0.50000000 0.00000000 458.46046103 63818.77180258 
0.52000000 0.00000000 458.32729652 63818.77228928 
0.54000000 0.00000000 458.14178184 63818.77299112 
0.56000000 0.00000000 457.91620630 63818.77385046 
0.58000000 0.00000000 468.10435657 63818.71933741 
0.60000000 0.00000000 467.88436778 63818.72058917 
0.62000000 0.00000000 467.61849122 63818.72210244 
0.64000000 0.00000000 467.36915997 63818.72347570 
0.66000000 0.00000000 332.79468311 63817.72216555 
0.68000000 0.00000000 332.23419439 63817.71024074 
0.70000000 0.00000000 466.23429691 63818.72966282 
0.72000000 0.00000000 465.75034418 63818.73221447 
0.74000000 0.00000000 464.72000380 63818.73781991 
0.76000000 0.00000000 464.17455793 63818.74048619 
0.78000000 0.00000000 462.50993585 63818.74906002 
0.80000000 0.00000000 461.80560982 63818.75222764 
0.82000000 0.00000000 461.10016865 63818.75527060 
0.84000000 0.00000000 460.27670260 63818.75875598 
0.86000000 0.00000000 484.03938352 63818.58653513 
0.88000000 0.00000000 483.23282542 63818.59358601 
0.90000000 0.00000000 435.85661705 63818.81402539 
0.92000000 0.00000000 396.87555400 63818.65363529 
0.94000000 0.00000000 480.84109798 63818.61363022 
0.96000000 0.00000000 480.05042290 63818.61999127 
0.98000000 0.00000000 510.80454394 63818.25113095 

