-1.00000000 0.00000000 -757.20754657 57400.38865611 
-0.98000000 0.00000000 -756.76108097 57403.69088935 
-0.96000000 0.00000000 -757.13056302 57405.08108798 
-0.94000000 0.00000000 -688.62515067 57538.64668197 
-0.92000000 0.00000000 -689.92480591 57537.63595220 
-0.90000000 0.00000000 -825.36911863 57293.38473489 
-0.88000000 0.00000000 -827.09548443 57291.27803021 
-0.86000000 0.00000000 -829.23834211 57288.37212640 
-0.84000000 0.00000000 -598.56269501 57745.73505729 
-0.82000000 0.00000000 -598.43202120 57746.90339603 
-0.80000000 0.00000000 -771.05661112 57386.75885435 
-0.78000000 0.00000000 -868.25748591 57230.22312422 
-0.76000000 0.00000000 -869.90255845 57228.04286654 
-0.74000000 0.00000000 -871.17839525 57226.39722742 
-0.72000000 0.00000000 -874.97740615 57221.07316065 
-0.70000000 0.00000000 -768.83498327 57392.23044992 
-0.68000000 0.00000000 -769.37432947 57391.39085986 
-0.66000000 0.00000000 -599.28539977 57749.31083737 
-0.64000000 0.00000000 -599.75568412 57747.87983677 
-0.62000000 0.00000000 -770.29099312 57389.19657481 
-0.60000000 0.00000000 -600.13491807 57745.25559101 
-0.58000000 0.00000000 -600.00455929 57744.15889938 
-0.56000000 0.00000000 -770.33054746 57386.90718045 
-0.54000000 0.00000000 -877.04485052 57215.45214320 
-0.52000000 0.00000000 -873.78054785 57219.33487310 
-0.50000000 0.00000000 -873.13482981 57219.43678604 
-0.48000000 0.00000000 -872.43008564 57219.65012594 
-0.46000000 0.00000000 -871.21717003 57220.65545704 
-0.44000000 0.00000000 -602.19245698 57725.36422891 
-0.42000000 0.00000000 -602.37401008 57723.54761776 
-0.40000000 0.00000000 -869.90693042 57220.93675676 
-0.38000000 0.00000000 -869.57494670 57221.12363048 
-0.36000000 0.00000000 -869.45981360 57221.11129406 
-0.34000000 0.00000000 -869.42854987 57221.07158810 
-0.32000000 0.00000000 -869.46686980 57220.99631867 
-0.30000000 0.00000000 -600.32716071 57725.74999944 
-0.28000000 0.00000000 -600.23096744 57726.00144828 
-0.26000000 0.00000000 -869.85793637 57220.35535229 
-0.24000000 0.00000000 -869.92950584 57220.04741133 
-0.22000000 0.00000000 -869.83750923 57219.78031553 
-0.20000000 0.00000000 -869.83599307 57219.11058980 
-0.18000000 0.00000000 -600.68600852 57720.10229356 
-0.16000000 0.00000000 -601.35727872 57715.48624242 
-0.14000000 0.00000000 -868.98974131 57215.89086878 
-0.12000000 0.00000000 -869.39884446 57212.75527317 
-0.10000000 0.00000000 -869.21147460 57209.81453224 
-0.08000000 0.00000000 -869.10903786 57206.04773059 
-0.06000000 0.00000000 -610.68226639 57660.51636634 
-0.04000000 0.00000000 -614.17926983 57641.95759490 
-0.02000000 0.00000000 -863.08656673 57198.33989446 
0.00000000 0.00000000 -865.35314787 57188.50728002 
0.02000000 0.00000000 -867.35902034 57178.62129733 
0.04000000 0.00000000 -870.81744059 57166.54496085 
0.06000000 0.00000000 -800.93135831 57256.25454519 
0.08000000 0.00000000 -853.74515516 57173.77492928 
0.10000000 0.00000000 -855.76507515 57163.42723101 
0.12000000 0.00000000 -859.96051331 57150.67003252 
0.14000000 0.00000000 -2830.53828387 57908.39424366 
0.16000000 0.00000000 -2793.27602088 57754.24114907 
0.18000000 0.00000000 -873.42457627 57114.77169290 
0.20000000 0.00000000 -876.43105023 57105.64229139 
0.22000000 0.00000000 -880.84611789 57095.17836947 
0.24000000 0.00000000 -885.51903933 57084.70229520 
0.26000000 0.00000000 -915.73841518 57045.66457542 
0.28000000 0.00000000 -920.70505887 57035.72645864 
0.30000000 0.00000000 -925.54952646 57026.20977573 
0.32000000 0.00000000 -930.23674277 57017.27098386 
0.34000000 0.00000000 -934.51225501 57009.34497318 
0.36000000 0.00000000 -937.56041979 57003.46024731 
0.38000000 0.00000000 -939.79271175 56999.34772522 
0.40000000 0.00000000 -2443.16261255 59990.28883693 
0.42000000 0.00000000 -2445.62616898 59986.26374140 
0.44000000 0.00000000 -938.28151801 57002.07929045 
0.46000000 0.00000000 -935.03909168 57008.03381564 
0.48000000 0.00000000 -930.93171543 57015.83111918 
0.50000000 0.00000000 -925.68759300 57025.59565305 
0.52000000 0.00000000 -919.89539292 57036.52666579 
0.54000000 0.00000000 -913.98294466 57047.98591126 
0.56000000 0.00000000 -908.14986777 57059.60661155 
0.58000000 0.00000000 -877.13616359 57100.83354999 
0.60000000 0.00000000 -871.66547801 57112.79168579 
0.62000000 0.00000000 -866.46140792 57124.58443837 
0.64000000 0.00000000 -861.31830438 57136.52589829 
0.66000000 0.00000000 -2691.02634590 57472.04555311 
0.68000000 0.00000000 -2725.13325458 57555.15158350 
0.70000000 0.00000000 -846.54516341 57173.66508767 
0.72000000 0.00000000 -841.62255494 57186.92124646 
0.74000000 0.00000000 -837.85659008 57199.01587106 
0.76000000 0.00000000 -832.94866167 57212.99373064 
0.78000000 0.00000000 -830.74750929 57223.35692021 
0.80000000 0.00000000 -826.49761194 57236.64805464 
0.82000000 0.00000000 -822.55382679 57249.43184612 
0.84000000 0.00000000 -819.29766223 57260.99108459 
0.86000000 0.00000000 -764.50451339 57354.40711563 
0.88000000 0.00000000 -761.77662928 57365.63589596 
0.90000000 0.00000000 -876.74465184 57194.44787027 
0.92000000 0.00000000 -1067.65170658 56977.28280036 
0.94000000 0.00000000 -756.67845934 57390.63153571 
0.96000000 0.00000000 -755.94241191 57396.07871776 
0.98000000 0.00000000 -704.18542781 57496.29765565 

