-1.00000000 0.00000000 -250.62516031 61785.61798487 
-0.98000000 0.00000000 -251.38225298 61784.77756348 
-0.96000000 0.00000000 -251.38742326 61783.46303874 
-0.94000000 0.00000000 -320.73522104 61850.65125708 
-0.92000000 0.00000000 -319.55919932 61848.66191774 
-0.90000000 0.00000000 -199.11532709 61720.55386989 
-0.88000000 0.00000000 -198.09169771 61718.91367058 
-0.86000000 0.00000000 -196.76973138 61716.99564792 
-0.84000000 0.00000000 -452.11638346 61948.95608895 
-0.82000000 0.00000000 -452.59864209 61948.87779520 
-0.80000000 0.00000000 -240.94533054 61768.35722922 
-0.78000000 0.00000000 -172.27402042 61684.45189752 
-0.76000000 0.00000000 -171.37135840 61683.08163694 
-0.74000000 0.00000000 -170.68540831 61681.99908661 
-0.72000000 0.00000000 -168.50442789 61678.88348356 
-0.70000000 0.00000000 -243.23208274 61769.93078204 
-0.68000000 0.00000000 -242.81673269 61769.38734579 
-0.66000000 0.00000000 -452.26548177 61946.31381201 
-0.64000000 0.00000000 -451.36953813 61945.87980411 
-0.62000000 0.00000000 -241.99212392 61768.82367757 
-0.60000000 0.00000000 -450.34780750 61946.16390042 
-0.58000000 0.00000000 -450.29272231 61946.93228210 
-0.56000000 0.00000000 -241.61933140 61769.87696742 
-0.54000000 0.00000000 -166.95218127 61678.65484556 
-0.52000000 0.00000000 -168.72717892 61681.70567412 
-0.50000000 0.00000000 -168.96560790 61682.65388079 
-0.48000000 0.00000000 -169.24190460 61683.63156755 
-0.46000000 0.00000000 -169.82800164 61684.98602173 
-0.44000000 0.00000000 -443.68278279 61950.30684319 
-0.42000000 0.00000000 -443.07254704 61950.66903830 
-0.40000000 0.00000000 -170.29672455 61686.76521770 
-0.38000000 0.00000000 -170.42462615 61687.11605847 
-0.36000000 0.00000000 -170.43862392 61687.21435530 
-0.34000000 0.00000000 -170.41472571 61687.17971272 
-0.32000000 0.00000000 -170.35731392 61687.04075866 
-0.30000000 0.00000000 -445.84625373 61953.60224916 
-0.28000000 0.00000000 -445.95102217 61953.53089006 
-0.26000000 0.00000000 -170.01744120 61686.37259728 
-0.24000000 0.00000000 -169.91936602 61686.30838642 
-0.22000000 0.00000000 -169.89921790 61686.51057980 
-0.20000000 0.00000000 -169.80105599 61686.83486012 
-0.18000000 0.00000000 -444.04766450 61954.60870092 
-0.16000000 0.00000000 -442.36406117 61955.28930516 
-0.14000000 0.00000000 -169.82031813 61690.33502919 
-0.12000000 0.00000000 -169.34596008 61691.79193657 
-0.10000000 0.00000000 -169.19069401 61694.29185542 
-0.08000000 0.00000000 -168.95252672 61697.33270578 
-0.06000000 0.00000000 -422.24113216 61963.27015438 
-0.04000000 0.00000000 -415.47035013 61965.81996871 
-0.02000000 0.00000000 -171.51089216 61715.31096998 
0.00000000 0.00000000 -169.78771281 61718.95461702 
0.02000000 0.00000000 -168.23952881 61723.33179998 
0.04000000 0.00000000 -165.86578950 61726.82619696 
0.06000000 0.00000000 -211.30752019 61798.60037342 
0.08000000 0.00000000 -175.54349739 61756.00763572 
0.10000000 0.00000000 -174.06544129 61761.21289820 
0.12000000 0.00000000 -171.31965627 61764.20342431 
0.14000000 0.00000000 167.34594322 60552.93008185 
0.16000000 0.00000000 162.93988470 60599.29623428 
0.18000000 0.00000000 -163.03443039 61770.53807347 
0.20000000 0.00000000 -161.28513159 61773.53883353 
0.22000000 0.00000000 -158.79120144 61775.10401655 
0.24000000 0.00000000 -156.22580885 61776.40025783 
0.26000000 0.00000000 -140.03113329 61754.18055184 
0.28000000 0.00000000 -137.61468300 61755.26406067 
0.30000000 0.00000000 -135.31249832 61756.33076583 
0.32000000 0.00000000 -133.12589208 61757.21247170 
0.34000000 0.00000000 -131.16169937 61757.87191656 
0.36000000 0.00000000 -129.79619043 61758.74309001 
0.38000000 0.00000000 -128.79990259 61759.17515756 
0.40000000 0.00000000 213.38822476 59882.83706084 
0.42000000 0.00000000 213.30361560 59884.70055576 
0.44000000 0.00000000 -129.49800653 61759.10031242 
0.46000000 0.00000000 -130.96878684 61758.62826676 
0.48000000 0.00000000 -132.84286904 61757.77521098 
0.50000000 0.00000000 -135.28558425 61757.08038307 
0.52000000 0.00000000 -138.03453206 61756.32979583 
0.54000000 0.00000000 -140.89598110 61755.42519803 
0.56000000 0.00000000 -143.78195580 61754.41243705 
0.58000000 0.00000000 -160.73354883 61776.84733889 
0.60000000 0.00000000 -163.79310543 61775.85693224 
0.62000000 0.00000000 -166.78667210 61774.77688539 
0.64000000 0.00000000 -169.83461079 61773.73940879 
0.66000000 0.00000000 152.54781475 60689.82842029 
0.68000000 0.00000000 155.49377939 60661.68551828 
0.70000000 0.00000000 -179.12288141 61769.78082447 
0.72000000 0.00000000 -182.40015918 61768.21143516 
0.74000000 0.00000000 -185.02080505 61765.44455627 
0.76000000 0.00000000 -188.46465294 61763.71506606 
0.78000000 0.00000000 -190.19980706 61759.53180641 
0.80000000 0.00000000 -193.35814583 61757.44778016 
0.82000000 0.00000000 -196.38407475 61755.37261830 
0.84000000 0.00000000 -199.00073629 61753.05579777 
0.86000000 0.00000000 -241.13480869 61799.96366582 
0.88000000 0.00000000 -243.92740031 61797.93108362 
0.90000000 0.00000000 -163.79816382 61690.69194388 
0.92000000 0.00000000 -78.21166294 61545.70594475 
0.94000000 0.00000000 -249.78615739 61792.23336228 
0.96000000 0.00000000 -250.89217382 61790.45989963 
0.98000000 0.00000000 -301.58989542 61839.82613852 

