-1.00000000 0.00000000 2268.84664037 59164.79799682 
-0.98000000 0.00000000 2269.40852407 59163.70998812 
-0.96000000 0.00000000 2269.63048129 59162.91925715 
-0.94000000 0.00000000 2290.74183480 59152.11903925 
-0.92000000 0.00000000 2290.58049214 59151.67084957 
-0.90000000 0.00000000 2250.66566239 59169.32623261 
-0.88000000 0.00000000 2250.22836415 59169.26800348 
-0.86000000 0.00000000 2249.65351438 59169.31325272 
-0.84000000 0.00000000 2320.91870890 59132.83499268 
-0.82000000 0.00000000 2321.07430839 59132.49208793 
-0.80000000 0.00000000 2266.24364807 59162.23424115 
-0.78000000 0.00000000 2239.09296386 59172.55466990 
-0.76000000 0.00000000 2238.65792910 59172.62532544 
-0.74000000 0.00000000 2238.32666013 59172.66688231 
-0.72000000 0.00000000 2237.33293144 59172.92472469 
-0.70000000 0.00000000 2267.04200295 59161.44090551 
-0.68000000 0.00000000 2266.89636770 59161.47824913 
-0.66000000 0.00000000 2321.45821821 59131.08309344 
-0.64000000 0.00000000 2321.24829414 59131.30810373 
-0.62000000 0.00000000 2266.52780916 59161.83746104 
-0.60000000 0.00000000 2320.81906137 59132.06679125 
-0.58000000 0.00000000 2320.61199722 59132.59074729 
-0.56000000 0.00000000 2266.14995083 59162.69125571 
-0.54000000 0.00000000 2236.38453752 59174.10341987 
-0.52000000 0.00000000 2237.12481211 59174.13978343 
-0.50000000 0.00000000 2237.17883077 59174.38855763 
-0.48000000 0.00000000 2237.25468073 59174.62186862 
-0.46000000 0.00000000 2237.47472444 59174.79316563 
-0.44000000 0.00000000 2317.47182711 59138.23916826 
-0.42000000 0.00000000 2317.17697475 59138.80042902 
-0.40000000 0.00000000 2237.64724779 59175.25643723 
-0.38000000 0.00000000 2237.72532673 59175.32889264 
-0.36000000 0.00000000 2237.77013484 59175.37680770 
-0.34000000 0.00000000 2237.81313446 59175.39797833 
-0.32000000 0.00000000 2237.85309166 59175.40286148 
-0.30000000 0.00000000 2317.58848151 59139.42969584 
-0.28000000 0.00000000 2317.67666699 59139.42491774 
-0.26000000 0.00000000 2237.91389649 59175.47436480 
-0.24000000 0.00000000 2237.91722004 59175.57764715 
-0.22000000 0.00000000 2237.92271766 59175.75497457 
-0.20000000 0.00000000 2237.84454245 59176.05892015 
-0.18000000 0.00000000 2316.80380557 59141.75132413 
-0.16000000 0.00000000 2315.99391953 59143.20952148 
-0.14000000 0.00000000 2237.25631104 59177.96258711 
-0.12000000 0.00000000 2236.61468982 59179.10887946 
-0.10000000 0.00000000 2235.95389060 59180.49249584 
-0.08000000 0.00000000 2235.08151074 59182.17664050 
-0.06000000 0.00000000 2305.70965534 59159.05963206 
-0.04000000 0.00000000 2302.11757129 59164.04457150 
-0.02000000 0.00000000 2232.63820150 59188.69085543 
0.00000000 0.00000000 2230.38412041 59191.57065749 
0.02000000 0.00000000 2228.05371204 59194.57166025 
0.04000000 0.00000000 2225.28781819 59197.67613951 
0.06000000 0.00000000 2239.47895689 59198.78844823 
0.08000000 0.00000000 2225.01145726 59203.38019016 
0.10000000 0.00000000 2222.45362548 59206.35629606 
0.12000000 0.00000000 2219.50544552 59209.15120586 
0.14000000 0.00000000 1978.85397608 58952.73844355 
0.16000000 0.00000000 1982.97177876 58973.71758407 
0.18000000 0.00000000 2211.19228839 59216.11265448 
0.20000000 0.00000000 2208.91376891 59218.04242119 
0.22000000 0.00000000 2206.40697146 59219.80261238 
0.24000000 0.00000000 2203.87993457 59221.43779761 
0.26000000 0.00000000 2196.56990189 59222.25458508 
0.28000000 0.00000000 2194.09574072 59223.60768751 
0.30000000 0.00000000 2191.70020792 59224.85103002 
0.32000000 0.00000000 2189.44298332 59225.95077817 
0.34000000 0.00000000 2187.43971070 59226.86897312 
0.36000000 0.00000000 2185.91060140 59227.58779627 
0.38000000 0.00000000 2184.85222812 59228.04584809 
0.40000000 0.00000000 2001.92875589 58640.08351444 
0.42000000 0.00000000 2001.67745238 58640.83530604 
0.44000000 0.00000000 2185.50951529 59227.71384679 
0.46000000 0.00000000 2187.01019862 59227.02743696 
0.48000000 0.00000000 2188.99385870 59226.07384166 
0.50000000 0.00000000 2191.43814109 59224.90876422 
0.52000000 0.00000000 2194.15956998 59223.56205092 
0.54000000 0.00000000 2197.00519655 59222.07160720 
0.56000000 0.00000000 2199.87604546 59220.47607797 
0.58000000 0.00000000 2207.64169380 59219.32235695 
0.60000000 0.00000000 2210.49545829 59217.49027907 
0.62000000 0.00000000 2213.27949592 59215.58089544 
0.64000000 0.00000000 2216.05188925 59213.57563846 
0.66000000 0.00000000 1992.69206196 59010.79983956 
0.68000000 0.00000000 1989.37752469 58998.95391394 
0.70000000 0.00000000 2224.48364437 59206.69570732 
0.72000000 0.00000000 2227.43318583 59204.04811932 
0.74000000 0.00000000 2230.18863223 59201.24818195 
0.76000000 0.00000000 2233.24594833 59198.28044717 
0.78000000 0.00000000 2235.67800656 59195.30030728 
0.80000000 0.00000000 2238.55954001 59192.21488158 
0.82000000 0.00000000 2241.30530163 59189.15151131 
0.84000000 0.00000000 2243.78277207 59186.19409297 
0.86000000 0.00000000 2259.64309200 59179.56554103 
0.88000000 0.00000000 2261.93884368 59176.54881897 
0.90000000 0.00000000 2233.19860214 59182.75008637 
0.92000000 0.00000000 2190.64145280 59186.92283957 
0.94000000 0.00000000 2266.92471546 59169.21226442 
0.96000000 0.00000000 2267.97542056 59167.38386371 
0.98000000 0.00000000 2283.97528209 59159.10888778 

