-1.00000000 0.00000000 317.48906993 63484.80815614 
-0.98000000 0.00000000 317.48906993 63484.80815614 
-0.96000000 0.00000000 317.48906993 63484.80815614 
-0.94000000 0.00000000 317.48906993 63484.80815614 
-0.92000000 0.00000000 317.48906993 63484.80815614 
-0.90000000 0.00000000 317.48906993 63484.80815614 
-0.88000000 0.00000000 317.48906993 63484.80815614 
-0.86000000 0.00000000 317.48906993 63484.80815614 
-0.84000000 0.00000000 317.48906993 63484.80815614 
-0.82000000 0.00000000 317.48906993 63484.80815614 
-0.80000000 0.00000000 317.48906993 63484.80815614 
-0.78000000 0.00000000 317.48906993 63484.80815614 
-0.76000000 0.00000000 317.48906993 63484.80815614 
-0.74000000 0.00000000 317.48906993 63484.80815614 
-0.72000000 0.00000000 317.48906993 63484.80815614 
-0.70000000 0.00000000 317.48906993 63484.80815614 
-0.68000000 0.00000000 317.48906993 63484.80815614 
-0.66000000 0.00000000 317.48906993 63484.80815614 
-0.64000000 0.00000000 317.48906993 63484.80815614 
-0.62000000 0.00000000 317.48906993 63484.80815614 
-0.60000000 0.00000000 317.48906993 63484.80815614 
-0.58000000 0.00000000 317.48906993 63484.80815614 
-0.56000000 0.00000000 317.48906993 63484.80815614 
-0.54000000 0.00000000 317.48906993 63484.80815614 
-0.52000000 0.00000000 317.48906993 63484.80815614 
-0.50000000 0.00000000 317.48906993 63484.80815614 
-0.48000000 0.00000000 317.48906993 63484.80815614 
-0.46000000 0.00000000 317.48906993 63484.80815614 
-0.44000000 0.00000000 317.48906993 63484.80815614 
-0.42000000 0.00000000 317.48906993 63484.80815614 
-0.40000000 0.00000000 317.48906993 63484.80815614 
-0.38000000 0.00000000 317.48906993 63484.80815614 
-0.36000000 0.00000000 317.48906993 63484.80815614 
-0.34000000 0.00000000 317.48906993 63484.80815614 
-0.32000000 0.00000000 317.48906993 63484.80815614 
-0.30000000 0.00000000 317.48906993 63484.80815614 
-0.28000000 0.00000000 317.48906993 63484.80815614 
-0.26000000 0.00000000 317.48906993 63484.80815614 
-0.24000000 0.00000000 317.48906993 63484.80815614 
-0.22000000 0.00000000 317.48906993 63484.80815614 
-0.20000000 0.00000000 317.48906993 63484.80815614 
-0.18000000 0.00000000 317.48906993 63484.80815614 
-0.16000000 0.00000000 317.48906993 63484.80815614 
-0.14000000 0.00000000 317.48906993 63484.80815614 
-0.12000000 0.00000000 317.48906993 63484.80815614 
-0.10000000 0.00000000 317.48906993 63484.80815614 
-0.08000000 0.00000000 317.48906993 63484.80815614 
-0.06000000 0.00000000 317.48906993 63484.80815614 
-0.04000000 0.00000000 317.48906993 63484.80815614 
-0.02000000 0.00000000 317.48906993 63484.80815614 
0.00000000 0.00000000 317.48906993 63484.80815614 
0.02000000 0.00000000 317.48906993 63484.80815614 
0.04000000 0.00000000 317.48906993 63484.80815614 
0.06000000 0.00000000 317.48906993 63484.80815614 
0.08000000 0.00000000 317.48906993 63484.80815614 
0.10000000 0.00000000 317.48906993 63484.80815614 
0.12000000 0.00000000 317.48906993 63484.80815614 
0.14000000 0.00000000 317.48906992 63484.80815615 
0.16000000 0.00000000 317.48906992 63484.80815615 
0.18000000 0.00000000 317.48906993 63484.80815614 
0.20000000 0.00000000 317.48906993 63484.80815614 
0.22000000 0.00000000 317.48906993 63484.80815614 
0.24000000 0.00000000 317.48906993 63484.80815614 
0.26000000 0.00000000 317.48906993 63484.80815614 
0.28000000 0.00000000 317.48906993 63484.80815614 
0.30000000 0.00000000 317.48906993 63484.80815614 
0.32000000 0.00000000 317.48906993 63484.80815614 
0.34000000 0.00000000 317.48906993 63484.80815614 
0.36000000 0.00000000 317.48906993 63484.80815614 
0.38000000 0.00000000 317.48906993 63484.80815614 
0.40000000 0.00000000 317.48906992 63484.80815615 
0.42000000 0.00000000 317.48906992 63484.80815615 
0.44000000 0.00000000 317.48906993 63484.80815614 
0.46000000 0.00000000 317.48906993 63484.80815614 
0.48000000 0.00000000 317.48906993 63484.80815614 
0.50000000 0.00000000 317.48906993 63484.80815614 
0.52000000 0.00000000 317.48906993 63484.80815614 
0.54000000 0.00000000 317.48906993 63484.80815614 
0.56000000 0.00000000 317.48906993 63484.80815614 
0.58000000 0.00000000 317.48906993 63484.80815614 
0.60000000 0.00000000 317.48906993 63484.80815614 
0.62000000 0.00000000 317.48906993 63484.80815614 
0.64000000 0.00000000 317.48906993 63484.80815614 
0.66000000 0.00000000 317.48906992 63484.80815615 
0.68000000 0.00000000 317.48906992 63484.80815615 
0.70000000 0.00000000 317.48906993 63484.80815614 
0.72000000 0.00000000 317.48906993 63484.80815614 
0.74000000 0.00000000 317.48906993 63484.80815614 
0.76000000 0.00000000 317.48906993 63484.80815614 
0.78000000 0.00000000 317.48906993 63484.80815614 
0.80000000 0.00000000 317.48906993 63484.80815614 
0.82000000 0.00000000 317.48906993 63484.80815614 
0.84000000 0.00000000 317.48906993 63484.80815614 
0.86000000 0.00000000 317.48906993 63484.80815614 
0.88000000 0.00000000 317.48906993 63484.80815614 
0.90000000 0.00000000 317.48906993 63484.80815615 
0.92000000 0.00000000 317.48906992 63484.80815615 
0.94000000 0.00000000 317.48906993 63484.80815614 
0.96000000 0.00000000 317.48906993 63484.80815614 
0.98000000 0.00000000 317.48906993 63484.80815614 

