-1.00000000 0.00000000 2590.46731839 58038.84631327 
-0.98000000 0.00000000 2588.25962834 58038.35977329 
-0.96000000 0.00000000 2586.99790339 58038.62492121 
-0.94000000 0.00000000 2532.34731648 57981.29525432 
-0.92000000 0.00000000 2532.23100843 57982.43206044 
-0.90000000 0.00000000 2630.40340259 58098.73814249 
-0.88000000 0.00000000 2631.06752202 58100.29957673 
-0.86000000 0.00000000 2632.10020985 58102.24759447 
-0.84000000 0.00000000 2446.73227539 57913.96057599 
-0.82000000 0.00000000 2446.03151831 57913.99358832 
-0.80000000 0.00000000 2592.48589539 58050.80671554 
-0.78000000 0.00000000 2654.68884667 58137.70901981 
-0.76000000 0.00000000 2655.49512585 58139.21563342 
-0.74000000 0.00000000 2656.09233336 58140.37743112 
-0.72000000 0.00000000 2658.12080632 58143.84307594 
-0.70000000 0.00000000 2589.91314000 58048.86836834 
-0.68000000 0.00000000 2590.22918626 58049.32819381 
-0.66000000 0.00000000 2443.85365429 57915.09511367 
-0.64000000 0.00000000 2444.52871943 57915.37881628 
-0.62000000 0.00000000 2591.32078422 58050.14734134 
-0.60000000 0.00000000 2446.12794303 57915.44227977 
-0.58000000 0.00000000 2447.01342634 57915.19740212 
-0.56000000 0.00000000 2592.95524576 58050.31794601 
-0.54000000 0.00000000 2661.17021368 58146.12460765 
-0.52000000 0.00000000 2659.92189647 58143.24906792 
-0.50000000 0.00000000 2660.13610246 58142.77399182 
-0.48000000 0.00000000 2660.29733181 58142.23821417 
-0.46000000 0.00000000 2660.13394119 58141.22463979 
-0.44000000 0.00000000 2458.79604798 57915.42513709 
-0.42000000 0.00000000 2459.95092815 57915.42161880 
-0.40000000 0.00000000 2660.48495047 58140.18605108 
-0.38000000 0.00000000 2660.48375146 58139.88293560 
-0.36000000 0.00000000 2660.52063500 58139.75199851 
-0.34000000 0.00000000 2660.53664882 58139.67425407 
-0.32000000 0.00000000 2660.54516773 58139.64116227 
-0.30000000 0.00000000 2459.81422551 57913.46335630 
-0.28000000 0.00000000 2459.69388034 57913.31772365 
-0.26000000 0.00000000 2660.75341926 58139.75278666 
-0.24000000 0.00000000 2660.93382310 58139.75662431 
-0.22000000 0.00000000 2661.17841752 58139.64405385 
-0.20000000 0.00000000 2661.68976533 58139.66717663 
-0.18000000 0.00000000 2463.79963150 57912.72457519 
-0.16000000 0.00000000 2466.76711092 57912.86152018 
-0.14000000 0.00000000 2664.70148329 58139.50057597 
-0.12000000 0.00000000 2666.94541084 58140.34720841 
-0.10000000 0.00000000 2669.39848636 58140.83134787 
-0.08000000 0.00000000 2672.46794049 58141.60923525 
-0.06000000 0.00000000 2501.43184668 57917.97123778 
-0.04000000 0.00000000 2512.98628358 57920.67187024 
-0.02000000 0.00000000 2682.31602093 58140.20317502 
0.00000000 0.00000000 2688.80743671 58144.25465059 
0.02000000 0.00000000 2695.49311208 58148.34976918 
0.04000000 0.00000000 2703.03245810 58154.05195044 
0.06000000 0.00000000 2676.10267539 58091.81772837 
0.08000000 0.00000000 2707.75419793 58143.65612348 
0.10000000 0.00000000 2714.73424396 58148.44561438 
0.12000000 0.00000000 2722.26886220 58155.27925071 
0.14000000 0.00000000 2448.15997736 59694.44766120 
0.16000000 0.00000000 2486.16692398 59653.29749022 
0.18000000 0.00000000 2742.44860286 58176.27737242 
0.20000000 0.00000000 2747.84199109 58181.78457580 
0.22000000 0.00000000 2753.44543413 58188.58969779 
0.24000000 0.00000000 2758.91099039 58195.66044787 
0.26000000 0.00000000 2771.92470144 58226.43516501 
0.28000000 0.00000000 2776.85313796 58233.84019081 
0.30000000 0.00000000 2781.51735364 58241.10024647 
0.32000000 0.00000000 2785.81480866 58248.07562396 
0.34000000 0.00000000 2789.55265990 58254.38422306 
0.36000000 0.00000000 2792.39000449 58259.10709295 
0.38000000 0.00000000 2794.31378334 58262.46309134 
0.40000000 0.00000000 1938.27111596 59927.31626127 
0.42000000 0.00000000 1939.37041729 59927.45596231 
0.44000000 0.00000000 2793.03919054 58260.30388614 
0.46000000 0.00000000 2790.24782647 58255.51657063 
0.48000000 0.00000000 2786.51077771 58249.33454120 
0.50000000 0.00000000 2781.87559220 58241.67702703 
0.52000000 0.00000000 2776.63206036 58233.26418984 
0.54000000 0.00000000 2771.03445005 58224.64941496 
0.56000000 0.00000000 2765.25635263 58216.13771165 
0.58000000 0.00000000 2751.06444592 58184.37460184 
0.60000000 0.00000000 2744.87175688 58176.43556472 
0.62000000 0.00000000 2738.65496290 58168.87137566 
0.64000000 0.00000000 2732.29422805 58161.46129542 
0.66000000 0.00000000 2556.23718823 59564.02942647 
0.68000000 0.00000000 2534.63417695 59592.67510164 
0.70000000 0.00000000 2711.83775620 58140.09903887 
0.72000000 0.00000000 2704.34164369 58133.02546396 
0.74000000 0.00000000 2697.04372039 58127.07448830 
0.76000000 0.00000000 2688.97478169 58120.15804120 
0.78000000 0.00000000 2682.06262764 58115.88164532 
0.80000000 0.00000000 2674.13221356 58109.89599525 
0.82000000 0.00000000 2666.42373631 58104.41065138 
0.84000000 0.00000000 2659.26606366 58099.79490965 
0.86000000 0.00000000 2621.68034080 58048.89666482 
0.88000000 0.00000000 2614.61285403 58045.46666147 
0.90000000 0.00000000 2676.78241545 58148.75504159 
0.92000000 0.00000000 2751.09671336 58324.27177843 
0.94000000 0.00000000 2598.36025266 58039.11488486 
0.96000000 0.00000000 2594.61295185 58038.14037756 
0.98000000 0.00000000 2553.31675744 57993.85536871 

