-1.00000000 0.00000000 314.05508545 63808.60823579 
-0.98000000 0.00000000 314.05525869 63808.60824010 
-0.96000000 0.00000000 314.05568030 63808.60825064 
-0.94000000 0.00000000 314.01777933 63808.60729859 
-0.92000000 0.00000000 314.01888924 63808.60732644 
-0.90000000 0.00000000 314.08109031 63808.60888863 
-0.88000000 0.00000000 314.08155111 63808.60890017 
-0.86000000 0.00000000 314.08211388 63808.60891427 
-0.84000000 0.00000000 313.92883696 63808.60506318 
-0.82000000 0.00000000 313.92874877 63808.60506094 
-0.80000000 0.00000000 314.06156450 63808.60839816 
-0.78000000 0.00000000 314.09237084 63808.60917169 
-0.76000000 0.00000000 314.09269253 63808.60917974 
-0.74000000 0.00000000 314.09292889 63808.60918565 
-0.72000000 0.00000000 314.09378029 63808.60920701 
-0.70000000 0.00000000 314.06042345 63808.60836939 
-0.68000000 0.00000000 314.06060464 63808.60837392 
-0.66000000 0.00000000 313.93071141 63808.60511010 
-0.64000000 0.00000000 313.93125691 63808.60512381 
-0.62000000 0.00000000 314.06079380 63808.60837866 
-0.60000000 0.00000000 313.93121546 63808.60512277 
-0.58000000 0.00000000 313.93056976 63808.60510655 
-0.56000000 0.00000000 314.06047190 63808.60837060 
-0.54000000 0.00000000 314.09382642 63808.60920816 
-0.52000000 0.00000000 314.09299147 63808.60918722 
-0.50000000 0.00000000 314.09278845 63808.60918215 
-0.48000000 0.00000000 314.09257294 63808.60917676 
-0.46000000 0.00000000 314.09223378 63808.60916826 
-0.44000000 0.00000000 313.92916779 63808.60507145 
-0.42000000 0.00000000 313.92899157 63808.60506703 
-0.40000000 0.00000000 314.09183184 63808.60915821 
-0.38000000 0.00000000 314.09174090 63808.60915593 
-0.36000000 0.00000000 314.09171331 63808.60915524 
-0.34000000 0.00000000 314.09171455 63808.60915527 
-0.32000000 0.00000000 314.09173897 63808.60915588 
-0.30000000 0.00000000 313.92580339 63808.60498688 
-0.28000000 0.00000000 313.92583632 63808.60498771 
-0.26000000 0.00000000 314.09187726 63808.60915934 
-0.24000000 0.00000000 314.09188666 63808.60915957 
-0.22000000 0.00000000 314.09182901 63808.60915813 
-0.20000000 0.00000000 314.09175417 63808.60915625 
-0.18000000 0.00000000 313.92537025 63808.60497600 
-0.16000000 0.00000000 313.92518741 63808.60497142 
-0.14000000 0.00000000 314.09091847 63808.60913532 
-0.12000000 0.00000000 314.09061909 63808.60912783 
-0.10000000 0.00000000 314.09003073 63808.60911310 
-0.08000000 0.00000000 314.08930674 63808.60909497 
-0.06000000 0.00000000 313.92299062 63808.60491638 
-0.04000000 0.00000000 313.92232206 63808.60489964 
-0.02000000 0.00000000 314.08437021 63808.60897121 
0.00000000 0.00000000 314.08352428 63808.60895004 
0.02000000 0.00000000 314.08243173 63808.60892268 
0.04000000 0.00000000 314.08164104 63808.60890290 
0.06000000 0.00000000 314.05297550 63808.60818311 
0.08000000 0.00000000 314.07173745 63808.60865436 
0.10000000 0.00000000 314.07013563 63808.60861420 
0.12000000 0.00000000 314.06936665 63808.60859495 
0.14000000 0.00000000 314.18732467 63808.61155573 
0.16000000 0.00000000 314.18682876 63808.61154334 
0.18000000 0.00000000 314.06789704 63808.60855818 
0.20000000 0.00000000 314.06698272 63808.60853526 
0.22000000 0.00000000 314.06662725 63808.60852636 
0.24000000 0.00000000 314.06636383 63808.60851977 
0.26000000 0.00000000 314.07528821 63808.60874389 
0.28000000 0.00000000 314.07509339 63808.60873902 
0.30000000 0.00000000 314.07488939 63808.60873391 
0.32000000 0.00000000 314.07473488 63808.60873004 
0.34000000 0.00000000 314.07463773 63808.60872761 
0.36000000 0.00000000 314.07442832 63808.60872236 
0.38000000 0.00000000 314.07434450 63808.60872026 
0.40000000 0.00000000 314.19403215 63808.61172426 
0.42000000 0.00000000 314.19402252 63808.61172402 
0.44000000 0.00000000 314.07433554 63808.60872003 
0.46000000 0.00000000 314.07441037 63808.60872191 
0.48000000 0.00000000 314.07459040 63808.60872642 
0.50000000 0.00000000 314.07468062 63808.60872868 
0.52000000 0.00000000 314.07476963 63808.60873091 
0.54000000 0.00000000 314.07490230 63808.60873423 
0.56000000 0.00000000 314.07506803 63808.60873838 
0.58000000 0.00000000 314.06600868 63808.60851087 
0.60000000 0.00000000 314.06616319 63808.60851474 
0.62000000 0.00000000 314.06635350 63808.60851950 
0.64000000 0.00000000 314.06652267 63808.60852374 
0.66000000 0.00000000 314.18561279 63808.61151292 
0.68000000 0.00000000 314.18603951 63808.61152360 
0.70000000 0.00000000 314.06731821 63808.60854365 
0.72000000 0.00000000 314.06765519 63808.60855208 
0.74000000 0.00000000 314.06846458 63808.60857237 
0.76000000 0.00000000 314.06883355 63808.60858160 
0.78000000 0.00000000 314.07018367 63808.60861547 
0.80000000 0.00000000 314.07067452 63808.60862775 
0.82000000 0.00000000 314.07115884 63808.60863987 
0.84000000 0.00000000 314.07174165 63808.60865446 
0.86000000 0.00000000 314.05054518 63808.60812210 
0.88000000 0.00000000 314.05110504 63808.60813611 
0.90000000 0.00000000 314.09290411 63808.60918570 
0.92000000 0.00000000 314.12726086 63808.61004812 
0.94000000 0.00000000 314.05275237 63808.60817734 
0.96000000 0.00000000 314.05329748 63808.60819098 
0.98000000 0.00000000 314.02590419 63808.60750287 

