-1.00000000 0.00000000 -1746.32854018 53091.56173015 
-0.98000000 0.00000000 -1755.61956724 53091.69295057 
-0.96000000 0.00000000 -1770.67039347 53091.42289618 
-0.94000000 0.00000000 -1090.78254868 53267.71774679 
-0.92000000 0.00000000 -1108.11800597 53259.89519629 
-0.90000000 0.00000000 -2552.36555312 53194.61835449 
-0.88000000 0.00000000 -2574.96972906 53202.13558496 
-0.86000000 0.00000000 -2601.25133965 53211.06244885 
-0.84000000 0.00000000 -406.74176725 53864.66213705 
-0.82000000 0.00000000 -407.10139963 53864.63569604 
-0.80000000 0.00000000 -1952.81017590 53091.93370274 
-0.78000000 0.00000000 -3038.34105658 53403.78980823 
-0.76000000 0.00000000 -3057.53561164 53414.56152829 
-0.74000000 0.00000000 -3072.84312584 53423.32295468 
-0.72000000 0.00000000 -3115.12696685 53447.79571769 
-0.70000000 0.00000000 -1937.27183934 53092.63241261 
-0.68000000 0.00000000 -1944.21785582 53092.94233365 
-0.66000000 0.00000000 -420.79135216 53848.67377976 
-0.64000000 0.00000000 -423.44888649 53845.09869590 
-0.62000000 0.00000000 -1951.49809020 53093.05441284 
-0.60000000 0.00000000 -423.04459437 53845.46192333 
-0.58000000 0.00000000 -419.72659296 53849.76516472 
-0.56000000 0.00000000 -1938.10188719 53091.70924391 
-0.54000000 0.00000000 -3116.41144768 53446.87811641 
-0.52000000 0.00000000 -3074.63645621 53422.28848008 
-0.50000000 0.00000000 -3060.77423197 53413.93789328 
-0.48000000 0.00000000 -3046.54826704 53405.50740664 
-0.46000000 0.00000000 -3027.40025924 53394.56428831 
-0.44000000 0.00000000 -408.94319184 53861.49819684 
-0.42000000 0.00000000 -407.72748429 53862.88638940 
-0.40000000 0.00000000 -3001.31940080 53379.57290247 
-0.38000000 0.00000000 -2996.23602421 53376.71975812 
-0.36000000 0.00000000 -2994.70221849 53375.81907947 
-0.34000000 0.00000000 -2995.10610562 53376.00759953 
-0.32000000 0.00000000 -2997.03914458 53377.05663171 
-0.30000000 0.00000000 -393.64475825 53882.88103889 
-0.28000000 0.00000000 -393.98933371 53882.54055674 
-0.26000000 0.00000000 -3006.71825976 53382.41223010 
-0.24000000 0.00000000 -3007.91997792 53383.10078607 
-0.22000000 0.00000000 -3005.58728988 53381.85557490 
-0.20000000 0.00000000 -3001.64130839 53379.66885460 
-0.18000000 0.00000000 -392.22906397 53885.41062081 
-0.16000000 0.00000000 -391.14158317 53886.82255304 
-0.14000000 0.00000000 -2956.39397394 53355.19715871 
-0.12000000 0.00000000 -2937.62941427 53345.07514352 
-0.10000000 0.00000000 -2905.22226041 53328.34677128 
-0.08000000 0.00000000 -2865.93603320 53308.75259869 
-0.06000000 0.00000000 -377.79121454 53903.91976729 
-0.04000000 0.00000000 -373.74499656 53909.14628341 
-0.02000000 0.00000000 -2635.37194447 53211.05655394 
0.00000000 0.00000000 -2590.68289275 53194.10398163 
0.02000000 0.00000000 -2537.26184883 53175.36600518 
0.04000000 0.00000000 -2495.74105632 53161.28747319 
0.06000000 0.00000000 -1662.12518848 53087.40778293 
0.08000000 0.00000000 -2144.57280128 53086.89937975 
0.10000000 0.00000000 -2087.28619964 53079.24293676 
0.12000000 0.00000000 -2056.51676970 53075.21360145 
0.14000000 0.00000000 -1448.48014423 63357.93959180 
0.16000000 0.00000000 -1582.29948664 63300.40040250 
0.18000000 0.00000000 -1995.81690772 53068.21615884 
0.20000000 0.00000000 -1966.04998239 53066.26732512 
0.22000000 0.00000000 -1952.67858418 53065.25149169 
0.24000000 0.00000000 -1942.50686224 53064.48808814 
0.26000000 0.00000000 -2200.31841546 53085.57690485 
0.28000000 0.00000000 -2191.80590692 53083.95543536 
0.30000000 0.00000000 -2183.42997722 53082.43053648 
0.32000000 0.00000000 -2176.95977294 53081.23366728 
0.34000000 0.00000000 -2172.60785043 53080.38223407 
0.36000000 0.00000000 -2165.13183224 53079.19877965 
0.38000000 0.00000000 -2161.88152809 53078.64391055 
0.40000000 0.00000000 -372.24634183 63680.47064343 
0.42000000 0.00000000 -373.87648916 63680.16291661 
0.44000000 0.00000000 -2161.69868032 53078.71790057 
0.46000000 0.00000000 -2164.68703916 53079.30173434 
0.48000000 0.00000000 -2171.19448146 53080.41611978 
0.50000000 0.00000000 -2175.14838648 53081.26355823 
0.52000000 0.00000000 -2179.23137507 53082.17330729 
0.54000000 0.00000000 -2184.80339221 53083.32120615 
0.56000000 0.00000000 -2191.53263506 53084.66872937 
0.58000000 0.00000000 -1930.23093809 53064.52330654 
0.60000000 0.00000000 -1935.98921442 53065.07212238 
0.62000000 0.00000000 -1942.92681630 53065.71867175 
0.64000000 0.00000000 -1949.57444914 53066.45878662 
0.66000000 0.00000000 -1872.56093164 63158.50722521 
0.68000000 0.00000000 -1775.30752777 63207.93201281 
0.70000000 0.00000000 -1979.84073509 53069.86656928 
0.72000000 0.00000000 -1992.95293642 53071.50379422 
0.74000000 0.00000000 -2020.00586701 53074.16070265 
0.76000000 0.00000000 -2035.31220545 53076.45276098 
0.78000000 0.00000000 -2079.78243309 53081.38943321 
0.80000000 0.00000000 -2100.09282078 53084.78999261 
0.82000000 0.00000000 -2120.79162454 53088.47299645 
0.84000000 0.00000000 -2145.01612817 53092.80188537 
0.86000000 0.00000000 -1606.34221267 53099.25304612 
0.88000000 0.00000000 -1623.51881205 53098.05776714 
0.90000000 0.00000000 -2939.09609611 53341.34175794 
0.92000000 0.00000000 -4595.12355906 55121.73541984 
0.94000000 0.00000000 -1676.06442365 53095.06666229 
0.96000000 0.00000000 -1693.90324009 53094.23953094 
0.98000000 0.00000000 -1192.05597339 53219.25118457 

