-1.00000000 0.00000000 -1716.80524417 57821.45431149 
-0.98000000 0.00000000 -1714.63854370 57821.93868866 
-0.96000000 0.00000000 -1713.50099962 57822.71645978 
-0.94000000 0.00000000 -1651.78387879 57792.67317804 
-0.92000000 0.00000000 -1651.88013242 57793.77180276 
-0.90000000 0.00000000 -1765.44205289 57859.71562365 
-0.88000000 0.00000000 -1766.36283798 57860.87105330 
-0.86000000 0.00000000 -1767.70282910 57862.22521989 
-0.84000000 0.00000000 -1559.64830379 57765.44169839 
-0.82000000 0.00000000 -1558.99946060 57765.75543754 
-0.80000000 0.00000000 -1720.92286313 57831.63730730 
-0.78000000 0.00000000 -1795.63126270 57885.22245725 
-0.76000000 0.00000000 -1796.67722266 57886.26442142 
-0.74000000 0.00000000 -1797.46092240 57887.07860334 
-0.72000000 0.00000000 -1800.02627914 57889.39977669 
-0.70000000 0.00000000 -1718.15789656 57830.94037132 
-0.68000000 0.00000000 -1718.54025063 57831.23163046 
-0.66000000 0.00000000 -1557.15338014 57767.66077408 
-0.64000000 0.00000000 -1557.83549151 57767.65187757 
-0.62000000 0.00000000 -1719.71781755 57831.52643057 
-0.60000000 0.00000000 -1559.34759813 57767.06572686 
-0.58000000 0.00000000 -1560.13710955 57766.48118002 
-0.56000000 0.00000000 -1721.28540865 57830.99052977 
-0.54000000 0.00000000 -1803.32863114 57890.18751430 
-0.52000000 0.00000000 -1801.60943728 57888.07428017 
-0.50000000 0.00000000 -1801.72014070 57887.54306449 
-0.48000000 0.00000000 -1801.76931751 57886.97877367 
-0.46000000 0.00000000 -1801.42259381 57886.11411794 
-0.44000000 0.00000000 -1571.23318384 57761.92030103 
-0.42000000 0.00000000 -1572.31505137 57761.44831219 
-0.40000000 0.00000000 -1801.55053974 57885.00429245 
-0.38000000 0.00000000 -1801.48946312 57884.72557224 
-0.36000000 0.00000000 -1801.49640616 57884.58944011 
-0.34000000 0.00000000 -1801.49345382 57884.51162078 
-0.32000000 0.00000000 -1801.49164282 57884.47845020 
-0.30000000 0.00000000 -1571.83446691 57759.69282444 
-0.28000000 0.00000000 -1571.69272350 57759.60833132 
-0.26000000 0.00000000 -1801.69808880 57884.49569201 
-0.24000000 0.00000000 -1801.86605674 57884.42299450 
-0.22000000 0.00000000 -1802.07372270 57884.21526021 
-0.20000000 0.00000000 -1802.56003171 57884.01738697 
-0.18000000 0.00000000 -1575.43609724 57757.40503644 
-0.16000000 0.00000000 -1578.24867765 57756.32941867 
-0.14000000 0.00000000 -1805.38487997 57882.56594476 
-0.12000000 0.00000000 -1807.67348935 57882.37658688 
-0.10000000 0.00000000 -1810.09686202 57881.76094794 
-0.08000000 0.00000000 -1813.16287048 57881.14734684 
-0.06000000 0.00000000 -1611.74644149 57746.89612248 
-0.04000000 0.00000000 -1623.09128214 57744.63172386 
-0.02000000 0.00000000 -1822.30065354 57875.56307437 
0.00000000 0.00000000 -1829.23527732 57876.46779361 
0.02000000 0.00000000 -1836.36768993 57877.32072727 
0.04000000 0.00000000 -1844.61395542 57879.27541163 
0.06000000 0.00000000 -1807.60995150 57833.57308777 
0.08000000 0.00000000 -1847.22749506 57867.58671446 
0.10000000 0.00000000 -1854.77597719 57868.92773563 
0.12000000 0.00000000 -1863.23500328 57871.90435550 
0.14000000 0.00000000 -1855.22059107 59423.96691076 
0.16000000 0.00000000 -1888.65045265 59369.60550172 
0.18000000 0.00000000 -1886.42810579 57882.32210148 
0.20000000 0.00000000 -1892.62102008 57884.99614291 
0.22000000 0.00000000 -1899.26255574 57888.77059372 
0.24000000 0.00000000 -1905.82892831 57892.84660196 
0.26000000 0.00000000 -1924.07254070 57915.44033947 
0.28000000 0.00000000 -1930.21155037 57920.05201475 
0.30000000 0.00000000 -1936.07519761 57924.64512552 
0.32000000 0.00000000 -1941.53683901 57929.13822558 
0.34000000 0.00000000 -1946.33681571 57933.26697173 
0.36000000 0.00000000 -1949.97123706 57936.33792792 
0.38000000 0.00000000 -1952.46564971 57938.56149243 
0.40000000 0.00000000 -1343.49307650 59833.71267199 
0.42000000 0.00000000 -1344.69905830 59833.47386667 
0.44000000 0.00000000 -1950.82713143 57937.14515748 
0.46000000 0.00000000 -1947.22566096 57933.99237196 
0.48000000 0.00000000 -1942.44928380 57929.98009193 
0.50000000 0.00000000 -1936.53206675 57925.00966417 
0.52000000 0.00000000 -1929.89151328 57919.61357516 
0.54000000 0.00000000 -1922.87851508 57914.18667889 
0.56000000 0.00000000 -1915.71873125 57908.93123633 
0.58000000 0.00000000 -1896.18023967 57885.94134676 
0.60000000 0.00000000 -1888.76008138 57881.38222070 
0.62000000 0.00000000 -1881.39536771 57877.17310717 
0.64000000 0.00000000 -1873.93028905 57873.16318077 
0.66000000 0.00000000 -1947.37935723 59256.21012926 
0.68000000 0.00000000 -1929.55640337 59292.24698980 
0.70000000 0.00000000 -1850.43111392 57862.49942056 
0.72000000 0.00000000 -1841.97551612 57859.27129210 
0.74000000 0.00000000 -1833.92132119 57856.98455772 
0.76000000 0.00000000 -1824.96263814 57854.13506125 
0.78000000 0.00000000 -1817.59355725 57853.20916273 
0.80000000 0.00000000 -1808.94962243 57851.14034437 
0.82000000 0.00000000 -1800.61472157 57849.42754113 
0.84000000 0.00000000 -1792.96784344 57848.27004839 
0.86000000 0.00000000 -1748.13012114 57817.45131968 
0.88000000 0.00000000 -1740.81868245 57817.30522178 
0.90000000 0.00000000 -1818.54908213 57885.86116570 
0.92000000 0.00000000 -1922.22483157 58015.20658540 
0.94000000 0.00000000 -1724.30189425 57818.35828460 
0.96000000 0.00000000 -1720.58741791 57819.04763184 
0.98000000 0.00000000 -1673.73742588 57795.53826595 

