-1.00000000 0.00000000 -1547.29451820 58629.68369179 
-0.98000000 0.00000000 -1546.91415924 58629.70499416 
-0.96000000 0.00000000 -1546.65661545 58629.86988607 
-0.94000000 0.00000000 -1541.57246452 58617.91191060 
-0.92000000 0.00000000 -1541.45958742 58618.22300282 
-0.90000000 0.00000000 -1550.25803153 58641.92315198 
-0.88000000 0.00000000 -1550.28313113 58642.30492436 
-0.86000000 0.00000000 -1550.35196512 58642.74789416 
-0.84000000 0.00000000 -1533.25627273 58602.17805638 
-0.82000000 0.00000000 -1533.15053183 58602.18969242 
-0.80000000 0.00000000 -1546.78701164 58632.88428770 
-0.78000000 0.00000000 -1552.26918152 58649.58010426 
-0.76000000 0.00000000 -1552.33112167 58649.89479584 
-0.74000000 0.00000000 -1552.37455588 58650.14004557 
-0.72000000 0.00000000 -1552.54034585 58650.80157294 
-0.70000000 0.00000000 -1546.49407717 58632.61347383 
-0.68000000 0.00000000 -1546.51921235 58632.71182642 
-0.66000000 0.00000000 -1532.74043893 58602.40653625 
-0.64000000 0.00000000 -1532.82484669 58602.48309108 
-0.62000000 0.00000000 -1546.66138435 58632.84716346 
-0.60000000 0.00000000 -1533.08169011 58602.53518696 
-0.58000000 0.00000000 -1533.25031566 58602.50515887 
-0.56000000 0.00000000 -1546.95241444 58632.78148889 
-0.54000000 0.00000000 -1552.99367754 58650.99816306 
-0.52000000 0.00000000 -1552.94272551 58650.40291061 
-0.50000000 0.00000000 -1553.01555282 58650.24430368 
-0.48000000 0.00000000 -1553.08128279 58650.07526521 
-0.46000000 0.00000000 -1553.11497103 58649.82198882 
-0.44000000 0.00000000 -1535.14705024 58602.85941096 
-0.42000000 0.00000000 -1535.33188707 58602.87815802 
-0.40000000 0.00000000 -1553.23774136 58649.45821267 
-0.38000000 0.00000000 -1553.25000056 58649.35577311 
-0.36000000 0.00000000 -1553.25680201 58649.28880608 
-0.34000000 0.00000000 -1553.25487057 58649.23385759 
-0.32000000 0.00000000 -1553.24771312 58649.18716769 
-0.30000000 0.00000000 -1535.44244122 58602.29415925 
-0.28000000 0.00000000 -1535.42714407 58602.21419423 
-0.26000000 0.00000000 -1553.24912218 58649.06083164 
-0.24000000 0.00000000 -1553.27720967 58648.99582463 
-0.22000000 0.00000000 -1553.32988235 58648.89740628 
-0.20000000 0.00000000 -1553.43171920 58648.81012275 
-0.18000000 0.00000000 -1536.17032475 58601.95693290 
-0.16000000 0.00000000 -1536.67415754 58602.03304603 
-0.14000000 0.00000000 -1554.10121524 58648.41575431 
-0.12000000 0.00000000 -1554.53384881 58648.41891280 
-0.10000000 0.00000000 -1555.04957430 58648.34471192 
-0.08000000 0.00000000 -1555.68543926 58648.31437466 
-0.06000000 0.00000000 -1542.36666730 58604.09836109 
-0.04000000 0.00000000 -1544.20766005 58605.02216285 
-0.02000000 0.00000000 -1558.08142115 58647.54960779 
0.00000000 0.00000000 -1559.24344760 58648.10322285 
0.02000000 0.00000000 -1560.45644079 58648.66867957 
0.04000000 0.00000000 -1561.74607871 58649.51771506 
0.06000000 0.00000000 -1560.84382675 58638.65044794 
0.08000000 0.00000000 -1563.68586496 58647.55636782 
0.10000000 0.00000000 -1564.91648552 58648.31578639 
0.12000000 0.00000000 -1566.12640446 58649.43020070 
0.14000000 0.00000000 -1500.58333678 58891.11003813 
0.16000000 0.00000000 -1507.40107273 58883.51524859 
0.18000000 0.00000000 -1569.25210832 58652.94508737 
0.20000000 0.00000000 -1570.12124930 58653.92456973 
0.22000000 0.00000000 -1570.95828690 58655.14567976 
0.24000000 0.00000000 -1571.75728456 58656.44240650 
0.26000000 0.00000000 -1572.76396008 58661.49360561 
0.28000000 0.00000000 -1573.46749970 58662.87770113 
0.30000000 0.00000000 -1574.12657190 58664.25218238 
0.32000000 0.00000000 -1574.72358277 58665.57957624 
0.34000000 0.00000000 -1575.23396502 58666.78259048 
0.36000000 0.00000000 -1575.62929219 58667.70140418 
0.38000000 0.00000000 -1575.88928907 58668.35322000 
0.40000000 0.00000000 -1404.82271864 58923.05942520 
0.42000000 0.00000000 -1405.03168091 58923.15733308 
0.44000000 0.00000000 -1575.70756779 58667.99010698 
0.46000000 0.00000000 -1575.32384481 58667.09490801 
0.48000000 0.00000000 -1574.80166545 58665.92506404 
0.50000000 0.00000000 -1574.16212745 58664.48361732 
0.52000000 0.00000000 -1573.43402549 58662.89963387 
0.54000000 0.00000000 -1572.64572677 58661.27740914 
0.56000000 0.00000000 -1571.82039489 58659.68130881 
0.58000000 0.00000000 -1570.65851570 58654.40393651 
0.60000000 0.00000000 -1569.76126215 58652.92848064 
0.62000000 0.00000000 -1568.84727735 58651.54781945 
0.64000000 0.00000000 -1567.90515138 58650.22646786 
0.66000000 0.00000000 -1518.93586925 58868.45091761 
0.68000000 0.00000000 -1515.06804222 58873.72855872 
0.70000000 0.00000000 -1564.80083254 58646.57008829 
0.72000000 0.00000000 -1563.64333587 58645.39609281 
0.74000000 0.00000000 -1562.45770918 58644.42428977 
0.76000000 0.00000000 -1561.19341399 58643.29600750 
0.78000000 0.00000000 -1559.98609874 58642.63377216 
0.80000000 0.00000000 -1558.70848364 58641.68163661 
0.82000000 0.00000000 -1557.45558651 58640.82239510 
0.84000000 0.00000000 -1556.26634092 58640.12349173 
0.86000000 0.00000000 -1552.75275887 58630.82486426 
0.88000000 0.00000000 -1551.58746740 58630.26047002 
0.90000000 0.00000000 -1556.01209837 58649.45781011 
0.92000000 0.00000000 -1560.96633846 58679.56862178 
0.94000000 0.00000000 -1548.83217656 58629.36165446 
0.96000000 0.00000000 -1548.16989750 58629.29315581 
0.98000000 0.00000000 -1544.25324411 58620.33683312 

