-1.00000000 0.00000000 -2344.20893549 57970.67747809 
-0.98000000 0.00000000 -2341.76640433 57967.23959079 
-0.96000000 0.00000000 -2340.22592809 57966.15605984 
-0.94000000 0.00000000 -2285.91275113 57803.20403964 
-0.92000000 0.00000000 -2285.56656583 57804.95780712 
-0.90000000 0.00000000 -2372.83579733 58118.48095838 
-0.88000000 0.00000000 -2373.05657015 58121.74735148 
-0.86000000 0.00000000 -2373.56095550 58126.09497568 
-0.84000000 0.00000000 -2179.81293163 57585.95525958 
-0.82000000 0.00000000 -2178.81152333 57585.15107651 
-0.80000000 0.00000000 -2343.34384212 57992.58235994 
-0.78000000 0.00000000 -2386.41418974 58211.04787600 
-0.76000000 0.00000000 -2386.73991819 58214.40790311 
-0.74000000 0.00000000 -2386.96048930 58216.96678052 
-0.72000000 0.00000000 -2387.91311307 58225.00453991 
-0.70000000 0.00000000 -2340.75650652 57986.05469503 
-0.68000000 0.00000000 -2340.99699548 57987.19598102 
-0.66000000 0.00000000 -2175.64464219 57584.45015767 
-0.64000000 0.00000000 -2176.56771374 57585.72083727 
-0.62000000 0.00000000 -2342.04766832 57989.87097155 
-0.60000000 0.00000000 -2178.76819273 57587.65511165 
-0.58000000 0.00000000 -2179.99220120 57588.22831266 
-0.56000000 0.00000000 -2343.92162456 57992.10767495 
-0.54000000 0.00000000 -2390.40843209 58232.37712802 
-0.52000000 0.00000000 -2390.10485686 58226.22176281 
-0.50000000 0.00000000 -2390.52362543 58225.72967718 
-0.48000000 0.00000000 -2390.90738225 58225.07903468 
-0.46000000 0.00000000 -2391.10974952 58223.26402599 
-0.44000000 0.00000000 -2196.15561187 57601.97885208 
-0.42000000 0.00000000 -2197.74235823 57603.30053662 
-0.40000000 0.00000000 -2391.91132754 58222.13232449 
-0.38000000 0.00000000 -2392.03364004 58221.70101314 
-0.36000000 0.00000000 -2392.13514668 58221.60618030 
-0.34000000 0.00000000 -2392.19423088 58221.58292544 
-0.32000000 0.00000000 -2392.22826165 58221.63258383 
-0.30000000 0.00000000 -2197.76111843 57600.05609254 
-0.28000000 0.00000000 -2197.63126925 57599.76642317 
-0.26000000 0.00000000 -2392.44154243 58222.37424255 
-0.24000000 0.00000000 -2392.63703457 58222.69337584 
-0.22000000 0.00000000 -2392.93646742 58222.88239738 
-0.20000000 0.00000000 -2393.46634254 58223.58188799 
-0.18000000 0.00000000 -2203.22823716 57603.77479376 
-0.16000000 0.00000000 -2207.17405505 57607.35979961 
-0.14000000 0.00000000 -2396.64450132 58226.72086523 
-0.12000000 0.00000000 -2398.67745510 58230.54375053 
-0.10000000 0.00000000 -2401.03627929 58233.89404462 
-0.08000000 0.00000000 -2403.92273761 58238.30893734 
-0.06000000 0.00000000 -2251.99553521 57653.91116543 
-0.04000000 0.00000000 -2266.49099707 57670.88158170 
-0.02000000 0.00000000 -2414.44139453 58245.08028365 
0.00000000 0.00000000 -2419.70130557 58258.18389335 
0.02000000 0.00000000 -2425.10849446 58271.40037889 
0.04000000 0.00000000 -2430.78612905 58288.10596291 
0.06000000 0.00000000 -2423.14805101 58150.66228237 
0.08000000 0.00000000 -2439.24373258 58272.88917400 
0.10000000 0.00000000 -2444.70311264 58287.13815857 
0.12000000 0.00000000 -2449.95619752 58305.41958208 
0.14000000 0.00000000 -1425.07119045 60209.49651735 
0.16000000 0.00000000 -1476.51862437 60188.88921401 
0.18000000 0.00000000 -2462.70710473 58358.31645198 
0.20000000 0.00000000 -2466.07792527 58371.90981118 
0.22000000 0.00000000 -2469.12032212 58387.86505397 
0.24000000 0.00000000 -2471.87687447 58404.03450831 
0.26000000 0.00000000 -2472.37027236 58467.98070288 
0.28000000 0.00000000 -2474.24104556 58483.88543180 
0.30000000 0.00000000 -2475.87800168 58499.23877575 
0.32000000 0.00000000 -2477.23993305 58513.77620813 
0.34000000 0.00000000 -2478.30114205 58526.75896879 
0.36000000 0.00000000 -2479.12869138 58536.41595696 
0.38000000 0.00000000 -2479.61727497 58543.20712660 
0.40000000 0.00000000 -860.74931725 60166.87311368 
0.42000000 0.00000000 -861.80718916 60167.61677264 
0.44000000 0.00000000 -2479.28557479 58538.71945434 
0.46000000 0.00000000 -2478.54748817 58528.92088679 
0.48000000 0.00000000 -2477.44158250 58516.16144613 
0.50000000 0.00000000 -2476.04284594 58500.23953556 
0.52000000 0.00000000 -2474.31909049 58482.53623321 
0.54000000 0.00000000 -2472.28308122 58464.13492818 
0.56000000 0.00000000 -2469.97895358 58445.64644573 
0.58000000 0.00000000 -2468.43748417 58378.77779090 
0.60000000 0.00000000 -2465.22468261 58360.43910528 
0.62000000 0.00000000 -2461.78876225 58342.56204518 
0.64000000 0.00000000 -2458.09133044 58324.65818781 
0.66000000 0.00000000 -1579.84076002 60135.80048798 
0.68000000 0.00000000 -1547.78494740 60153.15763732 
0.70000000 0.00000000 -2444.90114659 58270.35377914 
0.72000000 0.00000000 -2439.65391083 58251.44530723 
0.74000000 0.00000000 -2434.15939447 58234.59828040 
0.76000000 0.00000000 -2428.11649404 58215.15678922 
0.78000000 0.00000000 -2422.34893324 58201.39823598 
0.80000000 0.00000000 -2416.00340623 58183.44910560 
0.82000000 0.00000000 -2409.65253303 58166.44587832 
0.84000000 0.00000000 -2403.54085684 58151.37909229 
0.86000000 0.00000000 -2376.74533604 58021.90650993 
0.88000000 0.00000000 -2369.79065744 58008.54862456 
0.90000000 0.00000000 -2406.14838567 58255.51415660 
0.92000000 0.00000000 -2408.20000837 58622.53875623 
0.94000000 0.00000000 -2353.13682524 57980.03092127 
0.96000000 0.00000000 -2349.11480352 57974.17749219 
0.98000000 0.00000000 -2309.54002262 57849.57638458 

