-1.00000000 0.00000000 -1676.04773105 58130.84099332 
-0.98000000 0.00000000 -1674.48837903 58131.10118712 
-0.96000000 0.00000000 -1673.60636570 58131.65470259 
-0.94000000 0.00000000 -1635.62952132 58103.92691750 
-0.92000000 0.00000000 -1635.54726526 58104.80787412 
-0.90000000 0.00000000 -1704.84014416 58162.79171950 
-0.88000000 0.00000000 -1705.35893062 58163.74582646 
-0.86000000 0.00000000 -1706.14528020 58164.86534825 
-0.84000000 0.00000000 -1578.07291984 58073.35990942 
-0.82000000 0.00000000 -1577.60554150 58073.53392072 
-0.80000000 0.00000000 -1677.66468392 58139.16358500 
-0.78000000 0.00000000 -1722.95220378 58183.45457492 
-0.76000000 0.00000000 -1723.57445936 58184.29238963 
-0.74000000 0.00000000 -1724.03784734 58184.94563915 
-0.72000000 0.00000000 -1725.57211786 58186.79024537 
-0.70000000 0.00000000 -1675.89197025 58138.49580776 
-0.68000000 0.00000000 -1676.12012190 58138.74279175 
-0.66000000 0.00000000 -1576.11927800 58074.77716991 
-0.64000000 0.00000000 -1576.57316806 58074.85035840 
-0.62000000 0.00000000 -1676.89445170 58139.03375879 
-0.60000000 0.00000000 -1577.67113710 58074.57977311 
-0.58000000 0.00000000 -1578.28994178 58074.22616893 
-0.56000000 0.00000000 -1678.03974168 58138.70632411 
-0.54000000 0.00000000 -1727.78335345 58187.44092822 
-0.52000000 0.00000000 -1726.81638890 58185.77828298 
-0.50000000 0.00000000 -1726.94741059 58185.36511448 
-0.48000000 0.00000000 -1727.03849253 58184.92459141 
-0.46000000 0.00000000 -1726.88681371 58184.24489844 
-0.44000000 0.00000000 -1586.39028449 58072.07816656 
-0.42000000 0.00000000 -1587.18065104 58071.84248054 
-0.40000000 0.00000000 -1727.07245635 58183.35868187 
-0.38000000 0.00000000 -1727.04928586 58183.12688139 
-0.36000000 0.00000000 -1727.05607347 58183.00315984 
-0.34000000 0.00000000 -1727.04811058 58182.92111675 
-0.32000000 0.00000000 -1727.03481966 58182.87041528 
-0.30000000 0.00000000 -1587.07661611 58070.34537830 
-0.28000000 0.00000000 -1586.98014207 58070.23353962 
-0.26000000 0.00000000 -1727.12793756 58182.79679903 
-0.24000000 0.00000000 -1727.23962840 58182.71130313 
-0.22000000 0.00000000 -1727.39815500 58182.52392844 
-0.20000000 0.00000000 -1727.75610861 58182.35307713 
-0.18000000 0.00000000 -1589.79829520 58068.81340731 
-0.16000000 0.00000000 -1591.86552368 58068.29291930 
-0.14000000 0.00000000 -1729.94468718 58181.26098299 
-0.12000000 0.00000000 -1731.61227938 58181.17842444 
-0.10000000 0.00000000 -1733.44420618 58180.79512278 
-0.08000000 0.00000000 -1735.74858785 58180.45288297 
-0.06000000 0.00000000 -1616.19606881 58065.00808878 
-0.04000000 0.00000000 -1624.34578297 58064.63534139 
-0.02000000 0.00000000 -1743.21099514 58176.79539653 
0.00000000 0.00000000 -1748.14499874 58177.81858969 
0.02000000 0.00000000 -1753.24558054 58178.83214262 
0.04000000 0.00000000 -1759.01539350 58180.70973416 
0.06000000 0.00000000 -1739.00835932 58145.92790802 
0.08000000 0.00000000 -1762.69914295 58172.68950638 
0.10000000 0.00000000 -1768.06634884 58174.17580958 
0.12000000 0.00000000 -1773.87603578 58176.87716936 
0.14000000 0.00000000 -1724.33417110 59233.79513050 
0.16000000 0.00000000 -1747.59255124 59195.71934730 
0.18000000 0.00000000 -1789.59399088 58185.92351960 
0.20000000 0.00000000 -1793.84996102 58188.31613147 
0.22000000 0.00000000 -1798.29936171 58191.51613712 
0.24000000 0.00000000 -1802.67044586 58194.93992234 
0.26000000 0.00000000 -1813.20394125 58211.76575623 
0.28000000 0.00000000 -1817.24976696 58215.53879911 
0.30000000 0.00000000 -1821.10417730 58219.28926606 
0.32000000 0.00000000 -1824.67726954 58222.93967269 
0.34000000 0.00000000 -1827.80238284 58226.27692220 
0.36000000 0.00000000 -1830.18440178 58228.78168013 
0.38000000 0.00000000 -1831.80624748 58230.58098901 
0.40000000 0.00000000 -1359.65984038 59516.10209812 
0.42000000 0.00000000 -1360.53558631 59515.98829860 
0.44000000 0.00000000 -1830.74318783 58229.47012823 
0.46000000 0.00000000 -1828.40169643 58226.93811135 
0.48000000 0.00000000 -1825.27814624 58223.68867993 
0.50000000 0.00000000 -1821.42069977 58219.67369908 
0.52000000 0.00000000 -1817.08135216 58215.29842257 
0.54000000 0.00000000 -1812.47776685 58210.87096261 
0.56000000 0.00000000 -1807.75710416 58206.55856885 
0.58000000 0.00000000 -1796.36565470 58189.30439892 
0.60000000 0.00000000 -1791.43466849 58185.46296587 
0.62000000 0.00000000 -1786.51917932 58181.89159629 
0.64000000 0.00000000 -1781.52581685 58178.47515822 
0.66000000 0.00000000 -1787.72841062 59117.94141899 
0.68000000 0.00000000 -1775.33094251 59143.03244992 
0.70000000 0.00000000 -1765.67760142 58169.20691997 
0.72000000 0.00000000 -1759.93551769 58166.32707140 
0.74000000 0.00000000 -1754.36647157 58164.14397143 
0.76000000 0.00000000 -1748.24346709 58161.51338973 
0.78000000 0.00000000 -1743.00550286 58160.36061808 
0.80000000 0.00000000 -1737.03441302 58158.32476799 
0.82000000 0.00000000 -1731.25492320 58156.57250373 
0.84000000 0.00000000 -1725.90864088 58155.27364409 
0.86000000 0.00000000 -1698.65405644 58129.83763747 
0.88000000 0.00000000 -1693.49444716 58129.21932616 
0.90000000 0.00000000 -1738.90487536 58184.08868024 
0.92000000 0.00000000 -1798.86620566 58280.50623515 
0.94000000 0.00000000 -1681.71080873 58128.91377153 
0.96000000 0.00000000 -1679.01625964 58129.20759612 
0.98000000 0.00000000 -1650.16128106 58107.88697800 

