-1.00000000 0.00000000 2583.04857292 57523.82316136 
-0.98000000 0.00000000 2580.14099354 57524.12000318 
-0.96000000 0.00000000 2578.76526899 57524.95996155 
-0.94000000 0.00000000 2479.50108439 57477.13650640 
-0.92000000 0.00000000 2480.01018371 57478.54205861 
-0.90000000 0.00000000 2662.73274517 57584.81302302 
-0.88000000 0.00000000 2664.27992173 57586.54151047 
-0.86000000 0.00000000 2666.46261200 57588.63634455 
-0.84000000 0.00000000 2331.13512562 57437.94901242 
-0.82000000 0.00000000 2330.24384606 57438.32565789 
-0.80000000 0.00000000 2591.78655350 57537.88313446 
-0.78000000 0.00000000 2710.89678293 57626.60162423 
-0.76000000 0.00000000 2712.56377068 57628.27499425 
-0.74000000 0.00000000 2713.81853466 57629.57682594 
-0.72000000 0.00000000 2717.89340462 57633.41522165 
-0.70000000 0.00000000 2587.55585480 57536.43254751 
-0.68000000 0.00000000 2588.18309276 57536.89028076 
-0.66000000 0.00000000 2328.14022412 57440.71461118 
-0.64000000 0.00000000 2329.17728115 57440.70460806 
-0.62000000 0.00000000 2589.93984402 57537.48880645 
-0.60000000 0.00000000 2331.23262544 57439.97223154 
-0.58000000 0.00000000 2332.18463259 57439.23939141 
-0.56000000 0.00000000 2591.99524172 57537.01458757 
-0.54000000 0.00000000 2722.62186040 57635.30120463 
-0.52000000 0.00000000 2719.75839882 57631.93353828 
-0.50000000 0.00000000 2719.79272135 57631.21884579 
-0.48000000 0.00000000 2719.73629797 57630.44530083 
-0.46000000 0.00000000 2719.06393361 57629.16008260 
-0.44000000 0.00000000 2347.08205011 57433.46202864 
-0.42000000 0.00000000 2348.53037957 57432.87250273 
-0.40000000 0.00000000 2719.03500943 57627.69002189 
-0.38000000 0.00000000 2718.91317784 57627.31647886 
-0.36000000 0.00000000 2718.92439151 57627.16624384 
-0.34000000 0.00000000 2718.94061564 57627.10289922 
-0.32000000 0.00000000 2718.97314206 57627.10955107 
-0.30000000 0.00000000 2347.25546901 57430.82701880 
-0.28000000 0.00000000 2347.05774111 57430.77305410 
-0.26000000 0.00000000 2719.39941810 57627.37415715 
-0.24000000 0.00000000 2719.65269133 57627.37821757 
-0.22000000 0.00000000 2719.91736432 57627.19690280 
-0.20000000 0.00000000 2720.55083658 57627.08292909 
-0.18000000 0.00000000 2351.94166078 57428.31611819 
-0.16000000 0.00000000 2355.69739478 57427.02022237 
-0.14000000 0.00000000 2723.93888803 57625.70533752 
-0.12000000 0.00000000 2726.90077052 57625.89061464 
-0.10000000 0.00000000 2729.87844116 57625.44332776 
-0.08000000 0.00000000 2733.66567005 57625.07156463 
-0.06000000 0.00000000 2400.78263739 57415.23594271 
-0.04000000 0.00000000 2416.16469725 57412.35783916 
-0.02000000 0.00000000 2743.49491169 57618.03603572 
0.00000000 0.00000000 2752.62381664 57620.29126213 
0.02000000 0.00000000 2761.92341415 57622.41839599 
0.04000000 0.00000000 2772.94723092 57626.29735758 
0.06000000 0.00000000 2708.65729592 57552.11272681 
0.08000000 0.00000000 2771.88822651 57608.09143584 
0.10000000 0.00000000 2781.70754532 57610.66340100 
0.12000000 0.00000000 2793.18870846 57615.81479706 
0.14000000 0.00000000 2661.75987955 59952.13678869 
0.16000000 0.00000000 2714.74254620 59886.63032096 
0.18000000 0.00000000 2825.01203030 57633.13713814 
0.20000000 0.00000000 2833.30913668 57637.41405344 
0.22000000 0.00000000 2842.47022510 57643.41712763 
0.24000000 0.00000000 2851.56929825 57649.83054739 
0.26000000 0.00000000 2880.75344118 57686.84521165 
0.28000000 0.00000000 2889.26101148 57694.01056709 
0.30000000 0.00000000 2897.38562351 57701.09549488 
0.32000000 0.00000000 2904.97291795 57707.99966576 
0.34000000 0.00000000 2911.66039110 57714.32923760 
0.36000000 0.00000000 2916.67297386 57718.98205447 
0.38000000 0.00000000 2920.13879126 57722.35768997 
0.40000000 0.00000000 1946.57360111 60385.59132283 
0.42000000 0.00000000 1948.12371721 60385.46385699 
0.44000000 0.00000000 2917.84279057 57720.12635055 
0.46000000 0.00000000 2912.82451453 57715.28377765 
0.48000000 0.00000000 2906.20264018 57709.13746387 
0.50000000 0.00000000 2897.94905344 57701.47192346 
0.52000000 0.00000000 2888.68526392 57693.11996271 
0.54000000 0.00000000 2878.92237330 57684.69116573 
0.56000000 0.00000000 2868.97296315 57676.48555150 
0.58000000 0.00000000 2837.88641130 57638.86718549 
0.60000000 0.00000000 2827.54508937 57631.65649172 
0.62000000 0.00000000 2817.30061637 57624.92379904 
0.64000000 0.00000000 2806.91007391 57618.42082032 
0.66000000 0.00000000 2813.04863062 59743.37053775 
0.68000000 0.00000000 2783.28939237 59788.69291867 
0.70000000 0.00000000 2774.32773416 57600.58906138 
0.72000000 0.00000000 2762.63532345 57594.99318605 
0.74000000 0.00000000 2751.71661320 57590.84452754 
0.76000000 0.00000000 2739.35623274 57585.67931620 
0.78000000 0.00000000 2729.66361832 57583.57334550 
0.80000000 0.00000000 2717.82855900 57579.51605153 
0.82000000 0.00000000 2706.43722392 57575.97594841 
0.84000000 0.00000000 2696.06483074 57573.29761968 
0.86000000 0.00000000 2624.57392973 57522.47454327 
0.88000000 0.00000000 2614.63936603 57521.39277188 
0.90000000 0.00000000 2742.37898738 57633.11237916 
0.92000000 0.00000000 2906.30374184 57849.90887951 
0.94000000 0.00000000 2592.41619522 57520.70612897 
0.96000000 0.00000000 2587.50718640 57521.12453254 
0.98000000 0.00000000 2512.41565952 57483.28794938 

