-1.00000000 0.00000000 -979.83700164 58773.09644311 
-0.98000000 0.00000000 -980.44723159 58775.05298944 
-0.96000000 0.00000000 -981.05048895 58775.94208508 
-0.94000000 0.00000000 -973.28603093 58843.37884802 
-0.92000000 0.00000000 -973.87716129 58843.02773250 
-0.90000000 0.00000000 -991.08194787 58716.19075685 
-0.88000000 0.00000000 -991.51174242 58714.97833760 
-0.86000000 0.00000000 -991.95635016 58713.31238031 
-0.84000000 0.00000000 -965.25212672 58940.81929558 
-0.82000000 0.00000000 -965.45278928 58941.41503662 
-0.80000000 0.00000000 -984.66860649 58766.40697352 
-0.78000000 0.00000000 -997.78347537 58680.21680612 
-0.76000000 0.00000000 -998.08497989 58678.91883105 
-0.74000000 0.00000000 -998.32768194 58677.93613501 
-0.72000000 0.00000000 -998.92350873 58674.83032041 
-0.70000000 0.00000000 -984.78028362 58769.25211944 
-0.68000000 0.00000000 -984.87251403 58768.80789861 
-0.66000000 0.00000000 -966.55597847 58942.94770071 
-0.64000000 0.00000000 -966.52680653 58942.26210287 
-0.62000000 0.00000000 -984.83319369 58767.59799949 
-0.60000000 0.00000000 -966.15768749 58940.84282088 
-0.58000000 0.00000000 -965.81559625 58940.15133626 
-0.56000000 0.00000000 -984.28666008 58766.22855368 
-0.54000000 0.00000000 -998.53335822 58671.51673591 
-0.52000000 0.00000000 -997.85244941 58673.76739929 
-0.50000000 0.00000000 -997.54790273 58673.82803932 
-0.48000000 0.00000000 -997.24057587 58673.95625516 
-0.46000000 0.00000000 -996.87245307 58674.54509809 
-0.44000000 0.00000000 -962.93779112 58929.79508392 
-0.42000000 0.00000000 -962.63530246 58928.79482817 
-0.40000000 0.00000000 -996.25009729 58674.77398924 
-0.38000000 0.00000000 -996.11244122 58674.92084984 
-0.36000000 0.00000000 -996.03090815 58674.96204374 
-0.34000000 0.00000000 -995.98055968 58674.99584573 
-0.32000000 0.00000000 -995.95173134 58675.01613693 
-0.30000000 0.00000000 -961.65488822 58929.62764683 
-0.28000000 0.00000000 -961.59803574 58929.79617453 
-0.26000000 0.00000000 -995.86949382 58674.84986502 
-0.24000000 0.00000000 -995.77772835 58674.72694886 
-0.22000000 0.00000000 -995.60814282 58674.60779956 
-0.20000000 0.00000000 -995.37989011 58674.22504225 
-0.18000000 0.00000000 -960.16755797 58926.51398487 
-0.16000000 0.00000000 -959.45502052 58923.90860656 
-0.14000000 0.00000000 -993.95888814 58672.05026860 
-0.12000000 0.00000000 -993.32913873 58669.97575241 
-0.10000000 0.00000000 -992.45793702 58667.90031991 
-0.08000000 0.00000000 -991.44273349 58665.22284482 
-0.06000000 0.00000000 -952.62235122 58892.37692523 
-0.04000000 0.00000000 -950.67706095 58881.60654138 
-0.02000000 0.00000000 -986.58818345 58658.33299738 
0.00000000 0.00000000 -985.42130197 58651.61334297 
0.02000000 0.00000000 -984.15913238 58644.73677930 
0.04000000 0.00000000 -983.13234522 58636.52178054 
0.06000000 0.00000000 -969.41014285 58683.65831381 
0.08000000 0.00000000 -976.94925221 58637.43750309 
0.10000000 0.00000000 -975.79362354 58630.06662805 
0.12000000 0.00000000 -975.15549904 58621.40317962 
0.14000000 0.00000000 -1581.74712797 57817.74162038 
0.16000000 0.00000000 -1543.11315736 57824.98275602 
0.18000000 0.00000000 -974.25059498 58597.04197744 
0.20000000 0.00000000 -973.92106311 58590.56378956 
0.22000000 0.00000000 -973.96136796 58583.35192371 
0.24000000 0.00000000 -974.13751418 58576.11430757 
0.26000000 0.00000000 -979.39107098 58552.72697265 
0.28000000 0.00000000 -979.79639959 58545.68901859 
0.30000000 0.00000000 -980.24481880 58538.90177230 
0.32000000 0.00000000 -980.73511989 58532.50848300 
0.34000000 0.00000000 -981.22621964 58526.82988115 
0.36000000 0.00000000 -981.56514825 58522.54123649 
0.38000000 0.00000000 -981.84300541 58519.55999794 
0.40000000 0.00000000 -2069.91998088 58159.60072795 
0.42000000 0.00000000 -2069.10665234 58157.72546821 
0.44000000 0.00000000 -981.70209982 58521.48660835 
0.46000000 0.00000000 -981.33303621 58525.76077741 
0.48000000 0.00000000 -980.89696893 58531.37774279 
0.50000000 0.00000000 -980.33074486 58538.33165997 
0.52000000 0.00000000 -979.74061497 58546.07541391 
0.54000000 0.00000000 -979.19940326 58554.16604309 
0.56000000 0.00000000 -978.73632789 58562.33421737 
0.58000000 0.00000000 -973.47291958 58587.00306583 
0.60000000 0.00000000 -973.23176430 58595.17280998 
0.62000000 0.00000000 -973.10737511 58603.18421152 
0.64000000 0.00000000 -973.07186593 58611.22517611 
0.66000000 0.00000000 -1471.58070178 57849.68350809 
0.68000000 0.00000000 -1493.70779605 57840.96305282 
0.70000000 0.00000000 -973.68395147 58635.97160926 
0.72000000 0.00000000 -974.11509712 58644.71374349 
0.74000000 0.00000000 -974.86113971 58652.83226397 
0.76000000 0.00000000 -975.50060028 58661.96085048 
0.78000000 0.00000000 -976.67492420 58669.09169559 
0.80000000 0.00000000 -977.53950703 58677.74274977 
0.82000000 0.00000000 -978.46938725 58686.02385026 
0.84000000 0.00000000 -979.49207003 58693.52297757 
0.86000000 0.00000000 -972.57041190 58744.11873333 
0.88000000 0.00000000 -973.73796459 58751.13600324 
0.90000000 0.00000000 -992.47045598 58658.82485748 
0.92000000 0.00000000 -1025.23830632 58521.67397984 
0.94000000 0.00000000 -977.00081400 58766.69088064 
0.96000000 0.00000000 -977.95931491 58770.08251699 
0.98000000 0.00000000 -972.24447944 58821.22780687 

