-1.00000000 0.00000000 315.76196244 63654.77387583 
-0.98000000 0.00000000 315.76196244 63654.77387583 
-0.96000000 0.00000000 315.76196244 63654.77387583 
-0.94000000 0.00000000 315.76196249 63654.77387584 
-0.92000000 0.00000000 315.76196248 63654.77387584 
-0.90000000 0.00000000 315.76196241 63654.77387583 
-0.88000000 0.00000000 315.76196241 63654.77387583 
-0.86000000 0.00000000 315.76196241 63654.77387583 
-0.84000000 0.00000000 315.76196259 63654.77387584 
-0.82000000 0.00000000 315.76196259 63654.77387584 
-0.80000000 0.00000000 315.76196243 63654.77387583 
-0.78000000 0.00000000 315.76196240 63654.77387583 
-0.76000000 0.00000000 315.76196240 63654.77387583 
-0.74000000 0.00000000 315.76196240 63654.77387583 
-0.72000000 0.00000000 315.76196240 63654.77387583 
-0.70000000 0.00000000 315.76196244 63654.77387583 
-0.68000000 0.00000000 315.76196244 63654.77387583 
-0.66000000 0.00000000 315.76196259 63654.77387584 
-0.64000000 0.00000000 315.76196259 63654.77387584 
-0.62000000 0.00000000 315.76196244 63654.77387583 
-0.60000000 0.00000000 315.76196259 63654.77387584 
-0.58000000 0.00000000 315.76196259 63654.77387584 
-0.56000000 0.00000000 315.76196244 63654.77387583 
-0.54000000 0.00000000 315.76196240 63654.77387583 
-0.52000000 0.00000000 315.76196240 63654.77387583 
-0.50000000 0.00000000 315.76196240 63654.77387583 
-0.48000000 0.00000000 315.76196240 63654.77387583 
-0.46000000 0.00000000 315.76196240 63654.77387583 
-0.44000000 0.00000000 315.76196259 63654.77387584 
-0.42000000 0.00000000 315.76196259 63654.77387584 
-0.40000000 0.00000000 315.76196240 63654.77387583 
-0.38000000 0.00000000 315.76196240 63654.77387583 
-0.36000000 0.00000000 315.76196240 63654.77387583 
-0.34000000 0.00000000 315.76196240 63654.77387583 
-0.32000000 0.00000000 315.76196240 63654.77387583 
-0.30000000 0.00000000 315.76196260 63654.77387584 
-0.28000000 0.00000000 315.76196260 63654.77387584 
-0.26000000 0.00000000 315.76196240 63654.77387583 
-0.24000000 0.00000000 315.76196240 63654.77387583 
-0.22000000 0.00000000 315.76196240 63654.77387583 
-0.20000000 0.00000000 315.76196240 63654.77387583 
-0.18000000 0.00000000 315.76196260 63654.77387584 
-0.16000000 0.00000000 315.76196260 63654.77387584 
-0.14000000 0.00000000 315.76196240 63654.77387583 
-0.12000000 0.00000000 315.76196240 63654.77387583 
-0.10000000 0.00000000 315.76196240 63654.77387583 
-0.08000000 0.00000000 315.76196240 63654.77387583 
-0.06000000 0.00000000 315.76196260 63654.77387584 
-0.04000000 0.00000000 315.76196260 63654.77387584 
-0.02000000 0.00000000 315.76196240 63654.77387583 
0.00000000 0.00000000 315.76196240 63654.77387583 
0.02000000 0.00000000 315.76196240 63654.77387583 
0.04000000 0.00000000 315.76196241 63654.77387583 
0.06000000 0.00000000 315.76196244 63654.77387583 
0.08000000 0.00000000 315.76196242 63654.77387583 
0.10000000 0.00000000 315.76196242 63654.77387583 
0.12000000 0.00000000 315.76196242 63654.77387583 
0.14000000 0.00000000 315.76196227 63654.77387583 
0.16000000 0.00000000 315.76196227 63654.77387583 
0.18000000 0.00000000 315.76196242 63654.77387583 
0.20000000 0.00000000 315.76196242 63654.77387583 
0.22000000 0.00000000 315.76196242 63654.77387583 
0.24000000 0.00000000 315.76196242 63654.77387583 
0.26000000 0.00000000 315.76196241 63654.77387583 
0.28000000 0.00000000 315.76196241 63654.77387583 
0.30000000 0.00000000 315.76196241 63654.77387583 
0.32000000 0.00000000 315.76196241 63654.77387583 
0.34000000 0.00000000 315.76196241 63654.77387583 
0.36000000 0.00000000 315.76196241 63654.77387583 
0.38000000 0.00000000 315.76196241 63654.77387583 
0.40000000 0.00000000 315.76196226 63654.77387583 
0.42000000 0.00000000 315.76196226 63654.77387583 
0.44000000 0.00000000 315.76196241 63654.77387583 
0.46000000 0.00000000 315.76196241 63654.77387583 
0.48000000 0.00000000 315.76196241 63654.77387583 
0.50000000 0.00000000 315.76196241 63654.77387583 
0.52000000 0.00000000 315.76196241 63654.77387583 
0.54000000 0.00000000 315.76196241 63654.77387583 
0.56000000 0.00000000 315.76196241 63654.77387583 
0.58000000 0.00000000 315.76196242 63654.77387583 
0.60000000 0.00000000 315.76196242 63654.77387583 
0.62000000 0.00000000 315.76196242 63654.77387583 
0.64000000 0.00000000 315.76196242 63654.77387583 
0.66000000 0.00000000 315.76196228 63654.77387583 
0.68000000 0.00000000 315.76196227 63654.77387583 
0.70000000 0.00000000 315.76196242 63654.77387583 
0.72000000 0.00000000 315.76196242 63654.77387583 
0.74000000 0.00000000 315.76196242 63654.77387583 
0.76000000 0.00000000 315.76196242 63654.77387583 
0.78000000 0.00000000 315.76196242 63654.77387583 
0.80000000 0.00000000 315.76196242 63654.77387583 
0.82000000 0.00000000 315.76196242 63654.77387583 
0.84000000 0.00000000 315.76196242 63654.77387583 
0.86000000 0.00000000 315.76196244 63654.77387583 
0.88000000 0.00000000 315.76196244 63654.77387583 
0.90000000 0.00000000 315.76196239 63654.77387584 
0.92000000 0.00000000 315.76196235 63654.77387584 
0.94000000 0.00000000 315.76196244 63654.77387583 
0.96000000 0.00000000 315.76196244 63654.77387583 
0.98000000 0.00000000 315.76196247 63654.77387583 

