-1.00000000 0.00000000 2277.30906960 59313.68212705 
-0.98000000 0.00000000 2278.22249644 59312.27900785 
-0.96000000 0.00000000 2278.63927806 59311.25172149 
-0.94000000 0.00000000 2308.89366885 59297.50339188 
-0.92000000 0.00000000 2308.74075991 59296.90492973 
-0.90000000 0.00000000 2251.95309023 59319.03782939 
-0.88000000 0.00000000 2251.38786916 59318.94274627 
-0.86000000 0.00000000 2250.61987275 59318.97691864 
-0.84000000 0.00000000 2352.67862553 59272.18453955 
-0.82000000 0.00000000 2352.94076972 59271.71818197 
-0.80000000 0.00000000 2274.24976007 59310.22674324 
-0.78000000 0.00000000 2235.83787400 59322.78099126 
-0.76000000 0.00000000 2235.24688160 59322.85196671 
-0.74000000 0.00000000 2234.79909026 59322.88972117 
-0.72000000 0.00000000 2233.41496157 59323.18220057 
-0.70000000 0.00000000 2275.48136304 59309.18704553 
-0.68000000 0.00000000 2275.27997652 59309.22975670 
-0.66000000 0.00000000 2353.64345347 59269.78846815 
-0.64000000 0.00000000 2353.33001571 59270.08699404 
-0.62000000 0.00000000 2274.72954498 59309.68746114 
-0.60000000 0.00000000 2352.66135597 59271.10024815 
-0.58000000 0.00000000 2352.32439895 59271.80194399 
-0.56000000 0.00000000 2274.09516101 59310.79794391 
-0.54000000 0.00000000 2231.93615383 59324.66563900 
-0.52000000 0.00000000 2232.93247425 59324.74359921 
-0.50000000 0.00000000 2232.96158022 59325.06944114 
-0.48000000 0.00000000 2233.02198152 59325.37651490 
-0.46000000 0.00000000 2233.28751381 59325.60945132 
-0.44000000 0.00000000 2347.42143982 59279.36518349 
-0.42000000 0.00000000 2346.95284557 59280.11846130 
-0.40000000 0.00000000 2233.42097358 59326.22498658 
-0.38000000 0.00000000 2233.50319200 59326.32537583 
-0.36000000 0.00000000 2233.54222496 59326.39277085 
-0.34000000 0.00000000 2233.58125976 59326.42548537 
-0.32000000 0.00000000 2233.61711507 59326.43684612 
-0.30000000 0.00000000 2347.38626058 59280.99247828 
-0.28000000 0.00000000 2347.48928386 59280.98904838 
-0.26000000 0.00000000 2233.63036339 59326.53849471 
-0.24000000 0.00000000 2233.60065937 59326.67188697 
-0.22000000 0.00000000 2233.56555581 59326.89887298 
-0.20000000 0.00000000 2233.40241842 59327.28311753 
-0.18000000 0.00000000 2345.98245706 59284.05868017 
-0.16000000 0.00000000 2344.72314739 59285.97653705 
-0.14000000 0.00000000 2232.33813023 59329.67662367 
-0.12000000 0.00000000 2231.32743900 59331.10528463 
-0.10000000 0.00000000 2230.27480271 59332.83243242 
-0.08000000 0.00000000 2228.91026822 59334.93102669 
-0.06000000 0.00000000 2329.18896989 59306.72731025 
-0.04000000 0.00000000 2323.83665752 59313.22001063 
-0.02000000 0.00000000 2224.98871180 59343.08319553 
0.00000000 0.00000000 2221.64590048 59346.63538707 
0.02000000 0.00000000 2218.19591344 59350.33404566 
0.04000000 0.00000000 2214.14006220 59354.13782194 
0.06000000 0.00000000 2233.86465291 59356.28983986 
0.08000000 0.00000000 2213.40304191 59361.39616221 
0.10000000 0.00000000 2209.66681882 59365.05128806 
0.12000000 0.00000000 2205.40390801 59368.44622923 
0.14000000 0.00000000 1880.13348002 59010.06695560 
0.16000000 0.00000000 1885.67911682 59037.90514704 
0.18000000 0.00000000 2193.49281848 59376.81246050 
0.20000000 0.00000000 2190.25614836 59379.12915922 
0.22000000 0.00000000 2186.72511658 59381.21045829 
0.24000000 0.00000000 2183.18793512 59383.12938637 
0.26000000 0.00000000 2173.03816440 59383.61226959 
0.28000000 0.00000000 2169.61574404 59385.16622121 
0.30000000 0.00000000 2166.31503451 59386.58606968 
0.32000000 0.00000000 2163.21435759 59387.83226102 
0.34000000 0.00000000 2160.46914414 59388.86432107 
0.36000000 0.00000000 2158.37911160 59389.67678324 
0.38000000 0.00000000 2156.93539325 59390.18894118 
0.40000000 0.00000000 1901.79572594 58586.72707081 
0.42000000 0.00000000 1901.49653718 58587.78320493 
0.44000000 0.00000000 2157.85052181 59389.81984825 
0.46000000 0.00000000 2159.91003204 59389.05238083 
0.48000000 0.00000000 2162.63273762 59387.97666625 
0.50000000 0.00000000 2165.99182483 59386.66357284 
0.52000000 0.00000000 2169.73822501 59385.13710222 
0.54000000 0.00000000 2173.66477730 59383.43450875 
0.56000000 0.00000000 2177.63848534 59381.59846059 
0.58000000 0.00000000 2188.42856256 59380.70367291 
0.60000000 0.00000000 2192.41922624 59378.55304598 
0.62000000 0.00000000 2196.33389951 59376.29720527 
0.64000000 0.00000000 2200.25485130 59373.91573684 
0.66000000 0.00000000 1898.80533867 59087.91565998 
0.68000000 0.00000000 1894.45309725 59072.22309679 
0.70000000 0.00000000 2212.31612786 59365.64830696 
0.72000000 0.00000000 2216.57474803 59362.43605132 
0.74000000 0.00000000 2220.58085616 59359.01088619 
0.76000000 0.00000000 2225.02697169 59355.38069675 
0.78000000 0.00000000 2228.60992876 59351.69538205 
0.80000000 0.00000000 2232.83502606 59347.89116614 
0.82000000 0.00000000 2236.87803248 59344.10071529 
0.84000000 0.00000000 2240.54901415 59340.42636943 
0.86000000 0.00000000 2263.13796785 59332.49107258 
0.88000000 0.00000000 2266.57416575 59328.67928603 
0.90000000 0.00000000 2226.18946209 59335.61825090 
0.92000000 0.00000000 2167.02505511 59338.62238934 
0.94000000 0.00000000 2274.15986434 59319.35433432 
0.96000000 0.00000000 2275.80412449 59317.01514253 
0.98000000 0.00000000 2298.76111767 59306.57141055 

