-1.00000000 0.00000000 861.82953056 63800.66236466 
-0.98000000 0.00000000 860.53918347 63800.76713163 
-0.96000000 0.00000000 858.33289729 63800.95128296 
-0.94000000 0.00000000 1002.20169426 63786.34776770 
-0.92000000 0.00000000 997.45669047 63786.88952667 
-0.90000000 0.00000000 759.66899421 63808.48069475 
-0.88000000 0.00000000 757.44967670 63808.62220991 
-0.86000000 0.00000000 754.86816764 63808.78672088 
-0.84000000 0.00000000 1336.43934471 63735.75491084 
-0.82000000 0.00000000 1336.38480810 63735.75689539 
-0.80000000 0.00000000 832.22829940 63803.09589187 
-0.78000000 0.00000000 714.07293762 63811.26834811 
-0.76000000 0.00000000 712.48056896 63811.35494225 
-0.74000000 0.00000000 711.23145278 63811.42183333 
-0.72000000 0.00000000 707.65399340 63811.61923038 
-0.70000000 0.00000000 834.91242467 63802.85475681 
-0.68000000 0.00000000 833.99273590 63802.92690949 
-0.66000000 0.00000000 1326.58997943 63737.52201965 
-0.64000000 0.00000000 1324.45196555 63737.91382514 
-0.62000000 0.00000000 833.01719408 63803.00253130 
-0.60000000 0.00000000 1324.68417930 63737.87203219 
-0.58000000 0.00000000 1327.27172396 63737.39803683 
-0.56000000 0.00000000 834.71671749 63802.86843556 
-0.54000000 0.00000000 707.46882568 63811.62655210 
-0.52000000 0.00000000 710.98055034 63811.43227408 
-0.50000000 0.00000000 712.08569759 63811.37272101 
-0.48000000 0.00000000 713.22981409 63811.31062573 
-0.46000000 0.00000000 714.81968637 63811.22249667 
-0.44000000 0.00000000 1334.53159685 63736.09041505 
-0.42000000 0.00000000 1335.38699715 63735.93475801 
-0.40000000 0.00000000 716.93939773 63811.10575216 
-0.38000000 0.00000000 717.36449159 63811.08175520 
-0.36000000 0.00000000 717.49190531 63811.07439412 
-0.34000000 0.00000000 717.46202405 63811.07566543 
-0.32000000 0.00000000 717.30793099 63811.08377403 
-0.30000000 0.00000000 1347.44061850 63733.67405891 
-0.28000000 0.00000000 1347.22995368 63733.71185827 
-0.26000000 0.00000000 716.53077459 63811.12568762 
-0.24000000 0.00000000 716.44545710 63811.13001144 
-0.22000000 0.00000000 716.66218582 63811.11741447 
-0.20000000 0.00000000 717.00684783 63811.09807328 
-0.18000000 0.00000000 1349.04419928 63733.36944489 
-0.16000000 0.00000000 1349.95540003 63733.20140061 
-0.14000000 0.00000000 720.89931794 63810.87886042 
-0.12000000 0.00000000 722.48771946 63810.79016763 
-0.10000000 0.00000000 725.29800164 63810.62974899 
-0.08000000 0.00000000 728.74292716 63810.43084301 
-0.06000000 0.00000000 1360.95849521 63731.16044341 
-0.04000000 0.00000000 1364.33943733 63730.52884791 
-0.02000000 0.00000000 750.26130451 63809.11830906 
0.00000000 0.00000000 754.52192497 63808.85263449 
0.02000000 0.00000000 759.76102460 63808.51890253 
0.04000000 0.00000000 763.85346129 63808.25693721 
0.06000000 0.00000000 874.40854741 63799.59077657 
0.08000000 0.00000000 803.76667707 63805.43570468 
0.10000000 0.00000000 810.82528652 63804.90949549 
0.12000000 0.00000000 814.61812338 63804.62655914 
0.14000000 0.00000000 363.32508416 63818.82520921 
0.16000000 0.00000000 365.89514195 63818.86472626 
0.18000000 0.00000000 822.22507953 63804.05364337 
0.20000000 0.00000000 826.19661285 63803.74355183 
0.22000000 0.00000000 827.95444546 63803.60741577 
0.24000000 0.00000000 829.29408663 63803.50355228 
0.26000000 0.00000000 795.47458517 63806.11092730 
0.28000000 0.00000000 796.45308926 63806.04133802 
0.30000000 0.00000000 797.42939629 63805.97129307 
0.32000000 0.00000000 798.18387237 63805.91712911 
0.34000000 0.00000000 798.68757580 63805.88111841 
0.36000000 0.00000000 799.58816085 63805.81522286 
0.38000000 0.00000000 799.97542632 63805.78706944 
0.40000000 0.00000000 341.23852302 63818.47115627 
0.42000000 0.00000000 341.27264661 63818.47182316 
0.44000000 0.00000000 800.00275370 63805.78501547 
0.46000000 0.00000000 799.64979316 63805.81066451 
0.48000000 0.00000000 798.86862380 63805.86784560 
0.50000000 0.00000000 798.41029651 63805.90079370 
0.52000000 0.00000000 797.94105154 63805.93436554 
0.54000000 0.00000000 797.29300846 63805.98100232 
0.56000000 0.00000000 796.50794751 63806.03756573 
0.58000000 0.00000000 830.95734092 63803.37377208 
0.60000000 0.00000000 830.18782733 63803.43416632 
0.62000000 0.00000000 829.26004071 63803.50697723 
0.64000000 0.00000000 828.38407667 63803.57517939 
0.66000000 0.00000000 371.77910551 63818.95146328 
0.68000000 0.00000000 369.83024175 63818.92531589 
0.70000000 0.00000000 824.41214304 63803.88354630 
0.72000000 0.00000000 822.71649962 63804.01411524 
0.74000000 0.00000000 819.16480580 63804.28952274 
0.76000000 0.00000000 817.24634067 63804.43469317 
0.78000000 0.00000000 811.53449039 63804.87178185 
0.80000000 0.00000000 809.06593068 63805.05517876 
0.82000000 0.00000000 806.58863548 63805.23763830 
0.84000000 0.00000000 803.70792333 63805.44893691 
0.86000000 0.00000000 883.96796366 63798.73609732 
0.88000000 0.00000000 881.14332798 63798.98676976 
0.90000000 0.00000000 720.71298608 63810.97498884 
0.92000000 0.00000000 588.40561725 63816.90288324 
0.94000000 0.00000000 872.75828236 63799.72025744 
0.96000000 0.00000000 869.98641640 63799.95944551 
0.98000000 0.00000000 973.72139221 63789.61110646 

