-1.00000000 0.00000000 -1280.18362935 58988.43099703 
-0.98000000 0.00000000 -1280.94942999 58988.74218074 
-0.96000000 0.00000000 -1281.49473155 58988.68084945 
-0.94000000 0.00000000 -1289.97110855 59016.18347640 
-0.92000000 0.00000000 -1290.26125399 59015.70752781 
-0.90000000 0.00000000 -1275.80735949 58962.33548968 
-0.88000000 0.00000000 -1275.81701899 58961.63077661 
-0.86000000 0.00000000 -1275.74554150 58960.76463876 
-0.84000000 0.00000000 -1304.04463188 59053.79039417 
-0.82000000 0.00000000 -1304.27578941 59053.86972022 
-0.80000000 0.00000000 -1281.75157575 58983.09064277 
-0.78000000 0.00000000 -1272.68411040 58945.94608093 
-0.76000000 0.00000000 -1272.60084812 58945.30711580 
-0.74000000 0.00000000 -1272.54571489 58944.81424353 
-0.72000000 0.00000000 -1272.28465425 58943.39480917 
-0.70000000 0.00000000 -1282.34439622 58983.94958373 
-0.68000000 0.00000000 -1282.30971133 58983.74207083 
-0.66000000 0.00000000 -1305.20902987 59053.78481865 
-0.64000000 0.00000000 -1305.05460800 59053.56801725 
-0.62000000 0.00000000 -1282.04412626 58983.35249275 
-0.60000000 0.00000000 -1304.54575480 59053.27620867 
-0.58000000 0.00000000 -1304.19818793 59053.21587811 
-0.56000000 0.00000000 -1281.44698350 58983.20470481 
-0.54000000 0.00000000 -1271.39798241 58942.52983717 
-0.52000000 0.00000000 -1271.43828963 58943.70882758 
-0.50000000 0.00000000 -1271.27288473 58943.92278347 
-0.48000000 0.00000000 -1271.11973624 58944.16229584 
-0.46000000 0.00000000 -1271.02137970 58944.59473289 
-0.44000000 0.00000000 -1300.40775613 59051.14158198 
-0.42000000 0.00000000 -1300.03017097 59050.96061384 
-0.40000000 0.00000000 -1270.71513817 58945.09507342 
-0.38000000 0.00000000 -1270.66970158 58945.24877024 
-0.36000000 0.00000000 -1270.63746015 58945.33619731 
-0.34000000 0.00000000 -1270.62271308 58945.40559410 
-0.32000000 0.00000000 -1270.61826719 58945.46066995 
-0.30000000 0.00000000 -1299.62243989 59051.88339228 
-0.28000000 0.00000000 -1299.62430470 59052.00849569 
-0.26000000 0.00000000 -1270.55901547 58945.56073952 
-0.24000000 0.00000000 -1270.48377214 58945.61060592 
-0.22000000 0.00000000 -1270.35898429 58945.70513939 
-0.20000000 0.00000000 -1270.14182390 58945.73896164 
-0.18000000 0.00000000 -1298.05428882 59051.78778289 
-0.16000000 0.00000000 -1297.07095965 59051.26593979 
-0.14000000 0.00000000 -1268.79779685 58945.84909650 
-0.12000000 0.00000000 -1267.96835604 58945.47769965 
-0.10000000 0.00000000 -1266.98026958 58945.21591288 
-0.08000000 0.00000000 -1265.77322706 58944.79757145 
-0.06000000 0.00000000 -1286.31532608 59043.48645866 
-0.04000000 0.00000000 -1282.89914032 59040.53530891 
-0.02000000 0.00000000 -1261.20949115 58944.70329590 
0.00000000 0.00000000 -1259.07408746 58942.82818889 
0.02000000 0.00000000 -1256.84749687 58940.91535550 
0.04000000 0.00000000 -1254.50143978 58938.38850040 
0.06000000 0.00000000 -1255.28154181 58961.42784558 
0.08000000 0.00000000 -1250.72282383 58941.35367880 
0.10000000 0.00000000 -1248.48227287 58939.11011180 
0.12000000 0.00000000 -1246.31040586 58936.15495588 
0.14000000 0.00000000 -1377.58818751 58390.83666155 
0.16000000 0.00000000 -1363.59552895 58410.07251750 
0.18000000 0.00000000 -1240.76109684 58927.33736840 
0.20000000 0.00000000 -1239.22298802 58924.95905871 
0.22000000 0.00000000 -1237.76622247 58922.12990792 
0.24000000 0.00000000 -1236.38774505 58919.20370877 
0.26000000 0.00000000 -1234.90166810 58908.26657841 
0.28000000 0.00000000 -1233.70291298 58905.26847858 
0.30000000 0.00000000 -1232.58418808 58902.33099346 
0.32000000 0.00000000 -1231.57474757 58899.52288621 
0.34000000 0.00000000 -1230.71459775 58896.99760706 
0.36000000 0.00000000 -1230.04606842 58895.08517890 
0.38000000 0.00000000 -1229.60857136 58893.73754724 
0.40000000 0.00000000 -1611.41661080 58278.74282520 
0.42000000 0.00000000 -1610.81407225 58278.57855582 
0.44000000 0.00000000 -1229.91749794 58894.55291026 
0.46000000 0.00000000 -1230.56488218 58896.44646201 
0.48000000 0.00000000 -1231.44756242 58898.92044739 
0.50000000 0.00000000 -1232.52565611 58901.97905214 
0.52000000 0.00000000 -1233.75400019 58905.35765463 
0.54000000 0.00000000 -1235.08746884 58908.84436118 
0.56000000 0.00000000 -1236.48860917 58912.31181336 
0.58000000 0.00000000 -1238.23108627 58923.75517031 
0.60000000 0.00000000 -1239.76847069 58927.07234283 
0.62000000 0.00000000 -1241.34581737 58930.24571674 
0.64000000 0.00000000 -1242.98266006 58933.35599550 
0.66000000 0.00000000 -1339.77676146 58448.45423420 
0.68000000 0.00000000 -1347.36861491 58435.78136632 
0.70000000 0.00000000 -1248.45553584 58942.42492255 
0.72000000 0.00000000 -1250.51917372 58945.47985191 
0.74000000 0.00000000 -1252.65575640 58948.15084771 
0.76000000 0.00000000 -1254.92933284 58951.21110178 
0.78000000 0.00000000 -1257.13952823 58953.29108715 
0.80000000 0.00000000 -1259.46061954 58956.03147594 
0.82000000 0.00000000 -1261.74797840 58958.58424371 
0.84000000 0.00000000 -1263.93489658 58960.78844329 
0.86000000 0.00000000 -1269.71731149 58982.04345620 
0.88000000 0.00000000 -1271.88828999 58983.96968599 
0.90000000 0.00000000 -1265.19574299 58942.11892540 
0.92000000 0.00000000 -1257.57565229 58877.24616790 
0.94000000 0.00000000 -1277.11359985 58987.77655695 
0.96000000 0.00000000 -1278.40187079 58988.44050234 
0.98000000 0.00000000 -1284.95418772 59009.19016728 

