-1.00000000 0.00000000 -1141.05086481 58930.48027140 
-0.98000000 0.00000000 -1141.81982336 58931.56408575 
-0.96000000 0.00000000 -1142.44466441 58931.94992841 
-0.94000000 0.00000000 -1144.50498700 58977.68982794 
-0.92000000 0.00000000 -1144.95999248 58977.27906563 
-0.90000000 0.00000000 -1143.17509645 58890.26411427 
-0.88000000 0.00000000 -1143.37817957 58889.31819755 
-0.86000000 0.00000000 -1143.53427670 58888.07554506 
-0.84000000 0.00000000 -1150.02918302 59042.41775612 
-0.82000000 0.00000000 -1150.27075526 59042.73223790 
-0.80000000 0.00000000 -1144.25937603 58924.52958908 
-0.78000000 0.00000000 -1144.10547338 58864.79183792 
-0.76000000 0.00000000 -1144.18657941 58863.84269698 
-0.74000000 0.00000000 -1144.25955236 58863.11891576 
-0.72000000 0.00000000 -1144.35081722 58860.91621408 
-0.70000000 0.00000000 -1144.70546046 58926.28682023 
-0.68000000 0.00000000 -1144.72407317 58925.96969087 
-0.66000000 0.00000000 -1151.36699318 59043.39628119 
-0.64000000 0.00000000 -1151.25469173 59042.96451910 
-0.62000000 0.00000000 -1144.53366510 58925.19923721 
-0.60000000 0.00000000 -1150.76493378 59042.14631239 
-0.58000000 0.00000000 -1150.39110815 59041.78681224 
-0.56000000 0.00000000 -1143.90312718 58924.48080078 
-0.54000000 0.00000000 -1143.59329789 58858.91469322 
-0.52000000 0.00000000 -1143.32025569 58860.59013281 
-0.50000000 0.00000000 -1143.07622515 58860.73447821 
-0.48000000 0.00000000 -1142.83878318 58860.92425012 
-0.46000000 0.00000000 -1142.61055411 58861.43110571 
-0.44000000 0.00000000 -1146.69227097 59035.84328826 
-0.42000000 0.00000000 -1146.31522815 59035.28100369 
-0.40000000 0.00000000 -1142.12661979 58861.81713743 
-0.38000000 0.00000000 -1142.03197624 58861.97321033 
-0.36000000 0.00000000 -1141.96989481 58862.04577525 
-0.34000000 0.00000000 -1141.93228441 58862.10609527 
-0.32000000 0.00000000 -1141.91020143 58862.15317272 
-0.30000000 0.00000000 -1145.59186951 59036.16339988 
-0.28000000 0.00000000 -1145.55992714 59036.31393691 
-0.26000000 0.00000000 -1141.81270378 58862.15507954 
-0.24000000 0.00000000 -1141.71540500 58862.13157387 
-0.22000000 0.00000000 -1141.55212599 58862.13132618 
-0.20000000 0.00000000 -1141.30378714 58861.97269820 
-0.18000000 0.00000000 -1143.88794672 59034.65896201 
-0.16000000 0.00000000 -1142.94265596 59033.15055645 
-0.14000000 0.00000000 -1139.79809419 58860.98717867 
-0.12000000 0.00000000 -1138.98606366 58859.79632453 
-0.10000000 0.00000000 -1137.97078588 58858.65076834 
-0.08000000 0.00000000 -1136.75615008 58857.12834389 
-0.06000000 0.00000000 -1133.13155194 59014.06209518 
-0.04000000 0.00000000 -1130.13353017 59007.37689826 
-0.02000000 0.00000000 -1131.75906497 58853.61095369 
0.00000000 0.00000000 -1129.90251867 58849.37780182 
0.02000000 0.00000000 -1127.95206296 58845.03993523 
0.04000000 0.00000000 -1126.03005195 58839.74766831 
0.06000000 0.00000000 -1120.71287296 58873.56455797 
0.08000000 0.00000000 -1121.03235895 58841.41818025 
0.10000000 0.00000000 -1119.13703090 58836.65551274 
0.12000000 0.00000000 -1117.50707590 58830.92418485 
0.14000000 0.00000000 -1444.47754595 58141.29483311 
0.16000000 0.00000000 -1420.10913695 58158.02783353 
0.18000000 0.00000000 -1113.67236054 58814.54878600 
0.20000000 0.00000000 -1112.58717867 58810.15378399 
0.22000000 0.00000000 -1111.71340861 58805.18333463 
0.24000000 0.00000000 -1110.95107343 58800.14891452 
0.26000000 0.00000000 -1112.24919188 58783.43628695 
0.28000000 0.00000000 -1111.70333770 58778.45560774 
0.30000000 0.00000000 -1111.22812672 58773.62593976 
0.32000000 0.00000000 -1110.83894203 58769.05545370 
0.34000000 0.00000000 -1110.54075485 58764.98048269 
0.36000000 0.00000000 -1110.29318857 58761.89473714 
0.38000000 0.00000000 -1110.15601390 58759.74217711 
0.40000000 0.00000000 -1798.95657764 58179.04839197 
0.42000000 0.00000000 -1798.18447144 58178.25114132 
0.44000000 0.00000000 -1110.28349334 58761.09981149 
0.46000000 0.00000000 -1110.50918397 58764.16282270 
0.48000000 0.00000000 -1110.84539254 58768.18375314 
0.50000000 0.00000000 -1111.24370166 58773.15452837 
0.52000000 0.00000000 -1111.72329907 58778.67472245 
0.54000000 0.00000000 -1112.28935625 58784.42020956 
0.56000000 0.00000000 -1112.93320426 58790.19296284 
0.58000000 0.00000000 -1111.78528733 58807.78567218 
0.60000000 0.00000000 -1112.61636814 58813.47315523 
0.62000000 0.00000000 -1113.52772056 58819.00638726 
0.64000000 0.00000000 -1114.51988835 58824.51586831 
0.66000000 0.00000000 -1376.61573367 58195.28861235 
0.68000000 0.00000000 -1390.28789430 58182.92838974 
0.70000000 0.00000000 -1118.18412530 58841.19021170 
0.72000000 0.00000000 -1119.66086048 58846.99682573 
0.74000000 0.00000000 -1121.32059387 58852.31431361 
0.76000000 0.00000000 -1123.02582238 58858.30455505 
0.78000000 0.00000000 -1124.92172935 58862.85027418 
0.80000000 0.00000000 -1126.76101956 58868.44277644 
0.82000000 0.00000000 -1128.61113731 58873.75685553 
0.84000000 0.00000000 -1130.44155383 58878.51389196 
0.86000000 0.00000000 -1131.16602102 58913.27837883 
0.88000000 0.00000000 -1133.05442686 58917.64657288 
0.90000000 0.00000000 -1136.81010722 58852.77180638 
0.92000000 0.00000000 -1145.80868344 58754.42622236 
0.94000000 0.00000000 -1137.82094464 58927.07314553 
0.96000000 0.00000000 -1139.07089322 58929.03744157 
0.98000000 0.00000000 -1140.79515729 58963.69264412 

