-1.00000000 0.00000000 315.57599216 63673.16106561 
-0.98000000 0.00000000 315.57599216 63673.16106561 
-0.96000000 0.00000000 315.57599216 63673.16106561 
-0.94000000 0.00000000 315.57599224 63673.16106561 
-0.92000000 0.00000000 315.57599224 63673.16106561 
-0.90000000 0.00000000 315.57599210 63673.16106561 
-0.88000000 0.00000000 315.57599210 63673.16106561 
-0.86000000 0.00000000 315.57599210 63673.16106561 
-0.84000000 0.00000000 315.57599244 63673.16106562 
-0.82000000 0.00000000 315.57599244 63673.16106562 
-0.80000000 0.00000000 315.57599215 63673.16106561 
-0.78000000 0.00000000 315.57599208 63673.16106561 
-0.76000000 0.00000000 315.57599208 63673.16106561 
-0.74000000 0.00000000 315.57599208 63673.16106561 
-0.72000000 0.00000000 315.57599208 63673.16106561 
-0.70000000 0.00000000 315.57599215 63673.16106561 
-0.68000000 0.00000000 315.57599215 63673.16106561 
-0.66000000 0.00000000 315.57599244 63673.16106562 
-0.64000000 0.00000000 315.57599243 63673.16106562 
-0.62000000 0.00000000 315.57599215 63673.16106561 
-0.60000000 0.00000000 315.57599243 63673.16106562 
-0.58000000 0.00000000 315.57599244 63673.16106562 
-0.56000000 0.00000000 315.57599215 63673.16106561 
-0.54000000 0.00000000 315.57599208 63673.16106561 
-0.52000000 0.00000000 315.57599208 63673.16106561 
-0.50000000 0.00000000 315.57599208 63673.16106561 
-0.48000000 0.00000000 315.57599208 63673.16106561 
-0.46000000 0.00000000 315.57599208 63673.16106561 
-0.44000000 0.00000000 315.57599244 63673.16106562 
-0.42000000 0.00000000 315.57599244 63673.16106562 
-0.40000000 0.00000000 315.57599208 63673.16106561 
-0.38000000 0.00000000 315.57599208 63673.16106561 
-0.36000000 0.00000000 315.57599208 63673.16106561 
-0.34000000 0.00000000 315.57599208 63673.16106561 
-0.32000000 0.00000000 315.57599208 63673.16106561 
-0.30000000 0.00000000 315.57599244 63673.16106562 
-0.28000000 0.00000000 315.57599244 63673.16106562 
-0.26000000 0.00000000 315.57599208 63673.16106561 
-0.24000000 0.00000000 315.57599208 63673.16106561 
-0.22000000 0.00000000 315.57599208 63673.16106561 
-0.20000000 0.00000000 315.57599208 63673.16106561 
-0.18000000 0.00000000 315.57599244 63673.16106562 
-0.16000000 0.00000000 315.57599244 63673.16106562 
-0.14000000 0.00000000 315.57599208 63673.16106561 
-0.12000000 0.00000000 315.57599208 63673.16106561 
-0.10000000 0.00000000 315.57599208 63673.16106561 
-0.08000000 0.00000000 315.57599208 63673.16106561 
-0.06000000 0.00000000 315.57599245 63673.16106562 
-0.04000000 0.00000000 315.57599245 63673.16106562 
-0.02000000 0.00000000 315.57599209 63673.16106561 
0.00000000 0.00000000 315.57599209 63673.16106561 
0.02000000 0.00000000 315.57599209 63673.16106561 
0.04000000 0.00000000 315.57599209 63673.16106561 
0.06000000 0.00000000 315.57599216 63673.16106561 
0.08000000 0.00000000 315.57599211 63673.16106561 
0.10000000 0.00000000 315.57599212 63673.16106561 
0.12000000 0.00000000 315.57599212 63673.16106561 
0.14000000 0.00000000 315.57599186 63673.16106561 
0.16000000 0.00000000 315.57599186 63673.16106561 
0.18000000 0.00000000 315.57599212 63673.16106561 
0.20000000 0.00000000 315.57599212 63673.16106561 
0.22000000 0.00000000 315.57599212 63673.16106561 
0.24000000 0.00000000 315.57599212 63673.16106561 
0.26000000 0.00000000 315.57599210 63673.16106561 
0.28000000 0.00000000 315.57599210 63673.16106561 
0.30000000 0.00000000 315.57599210 63673.16106561 
0.32000000 0.00000000 315.57599210 63673.16106561 
0.34000000 0.00000000 315.57599210 63673.16106561 
0.36000000 0.00000000 315.57599210 63673.16106561 
0.38000000 0.00000000 315.57599210 63673.16106561 
0.40000000 0.00000000 315.57599184 63673.16106561 
0.42000000 0.00000000 315.57599184 63673.16106561 
0.44000000 0.00000000 315.57599210 63673.16106561 
0.46000000 0.00000000 315.57599210 63673.16106561 
0.48000000 0.00000000 315.57599210 63673.16106561 
0.50000000 0.00000000 315.57599210 63673.16106561 
0.52000000 0.00000000 315.57599210 63673.16106561 
0.54000000 0.00000000 315.57599210 63673.16106561 
0.56000000 0.00000000 315.57599210 63673.16106561 
0.58000000 0.00000000 315.57599212 63673.16106561 
0.60000000 0.00000000 315.57599212 63673.16106561 
0.62000000 0.00000000 315.57599212 63673.16106561 
0.64000000 0.00000000 315.57599212 63673.16106561 
0.66000000 0.00000000 315.57599186 63673.16106561 
0.68000000 0.00000000 315.57599186 63673.16106561 
0.70000000 0.00000000 315.57599212 63673.16106561 
0.72000000 0.00000000 315.57599212 63673.16106561 
0.74000000 0.00000000 315.57599212 63673.16106561 
0.76000000 0.00000000 315.57599212 63673.16106561 
0.78000000 0.00000000 315.57599211 63673.16106561 
0.80000000 0.00000000 315.57599211 63673.16106561 
0.82000000 0.00000000 315.57599211 63673.16106561 
0.84000000 0.00000000 315.57599211 63673.16106561 
0.86000000 0.00000000 315.57599216 63673.16106561 
0.88000000 0.00000000 315.57599216 63673.16106561 
0.90000000 0.00000000 315.57599207 63673.16106561 
0.92000000 0.00000000 315.57599199 63673.16106561 
0.94000000 0.00000000 315.57599216 63673.16106561 
0.96000000 0.00000000 315.57599216 63673.16106561 
0.98000000 0.00000000 315.57599222 63673.16106561 

