-1.00000000 0.00000000 -1444.84244347 58985.72380922 
-0.98000000 0.00000000 -1445.38614140 58985.20095663 
-0.96000000 0.00000000 -1445.67568235 58984.70935963 
-0.94000000 0.00000000 -1459.62221018 58989.01092888 
-0.92000000 0.00000000 -1459.62582692 58988.56558989 
-0.90000000 0.00000000 -1433.78411596 58978.43761720 
-0.88000000 0.00000000 -1433.54605759 58978.12978474 
-0.86000000 0.00000000 -1433.20968936 58977.82304264 
-0.84000000 0.00000000 -1480.27865913 58992.60113938 
-0.82000000 0.00000000 -1480.43379373 58992.43909536 
-0.80000000 0.00000000 -1443.90121152 58982.13426734 
-0.78000000 0.00000000 -1426.62118548 58974.14951410 
-0.76000000 0.00000000 -1426.35967496 58973.94890788 
-0.74000000 0.00000000 -1426.16294692 58973.78643003 
-0.72000000 0.00000000 -1425.55190568 58973.40625008 
-0.70000000 0.00000000 -1444.49802660 58981.99430441 
-0.68000000 0.00000000 -1444.40848427 58981.93701033 
-0.66000000 0.00000000 -1480.93683664 58991.62675954 
-0.64000000 0.00000000 -1480.77295955 58991.66968600 
-0.62000000 0.00000000 -1444.12730375 58982.00024888 
-0.60000000 0.00000000 -1480.37178155 58991.98163580 
-0.58000000 0.00000000 -1480.14318444 58992.25078621 
-0.56000000 0.00000000 -1443.73749732 58982.44645779 
-0.54000000 0.00000000 -1424.77702929 58973.80013247 
-0.52000000 0.00000000 -1425.18430135 58974.26727572 
-0.50000000 0.00000000 -1425.16435392 58974.50010404 
-0.48000000 0.00000000 -1425.16014033 58974.73324609 
-0.46000000 0.00000000 -1425.24964921 58975.00140477 
-0.44000000 0.00000000 -1477.19246220 58994.59968537 
-0.42000000 0.00000000 -1476.91058739 58994.84365635 
-0.40000000 0.00000000 -1425.25931438 58975.47679086 
-0.38000000 0.00000000 -1425.29217391 58975.58135377 
-0.36000000 0.00000000 -1425.31215334 58975.64662077 
-0.34000000 0.00000000 -1425.33724407 58975.68944734 
-0.32000000 0.00000000 -1425.36450756 58975.71760779 
-0.30000000 0.00000000 -1477.02219125 58995.56630518 
-0.28000000 0.00000000 -1477.07732144 58995.61799643 
-0.26000000 0.00000000 -1425.40249104 58975.81539961 
-0.24000000 0.00000000 -1425.38830477 58975.90307176 
-0.22000000 0.00000000 -1425.35854720 58976.05232807 
-0.20000000 0.00000000 -1425.25347521 58976.25493391 
-0.18000000 0.00000000 -1476.10356107 58996.87641088 
-0.16000000 0.00000000 -1475.33557229 58997.50058239 
-0.14000000 0.00000000 -1424.51108579 58977.45760809 
-0.12000000 0.00000000 -1423.89712698 58978.01011034 
-0.10000000 0.00000000 -1423.21553531 58978.74326766 
-0.08000000 0.00000000 -1422.34515835 58979.59511666 
-0.06000000 0.00000000 -1466.12210175 59003.42014992 
-0.04000000 0.00000000 -1463.02155297 59005.08646385 
-0.02000000 0.00000000 -1419.47388744 58983.42792126 
0.00000000 0.00000000 -1417.55276531 58984.44049735 
0.02000000 0.00000000 -1415.55862086 58985.51006685 
0.04000000 0.00000000 -1413.29745897 58986.41711942 
0.06000000 0.00000000 -1420.84639485 58995.43418990 
0.08000000 0.00000000 -1411.79356798 58990.82313880 
0.10000000 0.00000000 -1409.67440185 58991.74620290 
0.12000000 0.00000000 -1407.37966045 58992.30878220 
0.14000000 0.00000000 -1326.59414970 58665.17132791 
0.16000000 0.00000000 -1324.10590151 58683.47483474 
0.18000000 0.00000000 -1401.10449559 58993.18616972 
0.20000000 0.00000000 -1399.37001547 58993.44528001 
0.22000000 0.00000000 -1397.54381804 58993.44252562 
0.24000000 0.00000000 -1395.73096980 58993.32843558 
0.26000000 0.00000000 -1391.43408146 58989.93873128 
0.28000000 0.00000000 -1389.70629123 58989.63477341 
0.30000000 0.00000000 -1388.04616901 58989.28679589 
0.32000000 0.00000000 -1386.49685436 58988.90196119 
0.34000000 0.00000000 -1385.13413649 58988.51478170 
0.36000000 0.00000000 -1384.08799118 58988.23232508 
0.38000000 0.00000000 -1383.37291751 58988.00523768 
0.40000000 0.00000000 -1418.67057110 58451.53171637 
0.42000000 0.00000000 -1418.32277508 58451.89610918 
0.44000000 0.00000000 -1383.82533713 58988.09894799 
0.46000000 0.00000000 -1384.84588988 58988.38603212 
0.48000000 0.00000000 -1386.20576938 58988.73120604 
0.50000000 0.00000000 -1387.87726319 58989.16567215 
0.52000000 0.00000000 -1389.74814751 58989.61202686 
0.54000000 0.00000000 -1391.72167894 58990.01535544 
0.56000000 0.00000000 -1393.73156554 58990.35060062 
0.58000000 0.00000000 -1398.36079195 58993.74065393 
0.60000000 0.00000000 -1400.40461512 58993.88687046 
0.62000000 0.00000000 -1402.42240504 58993.93281003 
0.64000000 0.00000000 -1404.45069437 58993.89632240 
0.66000000 0.00000000 -1321.35107596 58716.77606133 
0.68000000 0.00000000 -1322.13608958 58705.80286429 
0.70000000 0.00000000 -1410.77157236 58993.17551526 
0.72000000 0.00000000 -1413.02997698 58992.73954218 
0.74000000 0.00000000 -1415.21354773 58992.07736775 
0.76000000 0.00000000 -1417.59967225 58991.45948129 
0.78000000 0.00000000 -1419.64133973 58990.47927194 
0.80000000 0.00000000 -1421.95192609 58989.67891435 
0.82000000 0.00000000 -1424.17925300 58988.82419056 
0.84000000 0.00000000 -1426.23089419 58987.90402922 
0.86000000 0.00000000 -1436.45490189 58991.93676841 
0.88000000 0.00000000 -1438.40777011 58990.90627423 
0.90000000 0.00000000 -1421.19736684 58978.95450578 
0.92000000 0.00000000 -1396.53495179 58957.90995592 
0.94000000 0.00000000 -1442.80990941 58988.06575304 
0.96000000 0.00000000 -1443.79523066 58987.24749166 
0.98000000 0.00000000 -1454.39348789 58990.36285163 

