-1.00000000 0.00000000 314.32397268 63797.94960806 
-0.98000000 0.00000000 314.32396911 63797.94960797 
-0.96000000 0.00000000 314.32395676 63797.94960766 
-0.94000000 0.00000000 314.32528095 63797.94964090 
-0.92000000 0.00000000 314.32524431 63797.94963998 
-0.90000000 0.00000000 314.32307669 63797.94958558 
-0.88000000 0.00000000 314.32306242 63797.94958522 
-0.86000000 0.00000000 314.32304449 63797.94958478 
-0.84000000 0.00000000 314.32839235 63797.94971898 
-0.82000000 0.00000000 314.32839697 63797.94971910 
-0.80000000 0.00000000 314.32376590 63797.94960288 
-0.78000000 0.00000000 314.32269285 63797.94957595 
-0.76000000 0.00000000 314.32268304 63797.94957571 
-0.74000000 0.00000000 314.32267613 63797.94957554 
-0.72000000 0.00000000 314.32264767 63797.94957482 
-0.70000000 0.00000000 314.32381223 63797.94960405 
-0.68000000 0.00000000 314.32380679 63797.94960391 
-0.66000000 0.00000000 314.32833806 63797.94971763 
-0.64000000 0.00000000 314.32831937 63797.94971716 
-0.62000000 0.00000000 314.32380119 63797.94960377 
-0.60000000 0.00000000 314.32832054 63797.94971719 
-0.58000000 0.00000000 314.32834247 63797.94971774 
-0.56000000 0.00000000 314.32381066 63797.94960401 
-0.54000000 0.00000000 314.32264621 63797.94957479 
-0.52000000 0.00000000 314.32267414 63797.94957549 
-0.50000000 0.00000000 314.32267998 63797.94957563 
-0.48000000 0.00000000 314.32268628 63797.94957579 
-0.46000000 0.00000000 314.32269700 63797.94957606 
-0.44000000 0.00000000 314.32838374 63797.94971877 
-0.42000000 0.00000000 314.32838913 63797.94971890 
-0.40000000 0.00000000 314.32270878 63797.94957635 
-0.38000000 0.00000000 314.32271164 63797.94957642 
-0.36000000 0.00000000 314.32271249 63797.94957645 
-0.34000000 0.00000000 314.32271251 63797.94957645 
-0.32000000 0.00000000 314.32271185 63797.94957643 
-0.30000000 0.00000000 314.32849990 63797.94972168 
-0.28000000 0.00000000 314.32849904 63797.94972166 
-0.26000000 0.00000000 314.32270783 63797.94957633 
-0.24000000 0.00000000 314.32270763 63797.94957632 
-0.22000000 0.00000000 314.32270960 63797.94957637 
-0.20000000 0.00000000 314.32271193 63797.94957643 
-0.18000000 0.00000000 314.32851476 63797.94972205 
-0.16000000 0.00000000 314.32852020 63797.94972219 
-0.14000000 0.00000000 314.32273823 63797.94957709 
-0.12000000 0.00000000 314.32274692 63797.94957731 
-0.10000000 0.00000000 314.32276525 63797.94957777 
-0.08000000 0.00000000 314.32278786 63797.94957833 
-0.06000000 0.00000000 314.32858586 63797.94972383 
-0.04000000 0.00000000 314.32860575 63797.94972433 
-0.02000000 0.00000000 314.32294982 63797.94958239 
0.00000000 0.00000000 314.32297536 63797.94958303 
0.02000000 0.00000000 314.32300936 63797.94958388 
0.04000000 0.00000000 314.32303280 63797.94958446 
0.06000000 0.00000000 314.32402858 63797.94960945 
0.08000000 0.00000000 314.32337027 63797.94959293 
0.10000000 0.00000000 314.32342249 63797.94959424 
0.12000000 0.00000000 314.32344598 63797.94959482 
0.14000000 0.00000000 314.31932867 63797.94949150 
0.16000000 0.00000000 314.31934336 63797.94949187 
0.18000000 0.00000000 314.32348941 63797.94959591 
0.20000000 0.00000000 314.32351940 63797.94959666 
0.22000000 0.00000000 314.32353020 63797.94959693 
0.24000000 0.00000000 314.32353805 63797.94959713 
0.26000000 0.00000000 314.32322565 63797.94958929 
0.28000000 0.00000000 314.32323150 63797.94958943 
0.30000000 0.00000000 314.32323781 63797.94958959 
0.32000000 0.00000000 314.32324254 63797.94958971 
0.34000000 0.00000000 314.32324539 63797.94958978 
0.36000000 0.00000000 314.32325228 63797.94958995 
0.38000000 0.00000000 314.32325493 63797.94959002 
0.40000000 0.00000000 314.31908013 63797.94948525 
0.42000000 0.00000000 314.31908046 63797.94948526 
0.44000000 0.00000000 314.32325524 63797.94959003 
0.46000000 0.00000000 314.32325288 63797.94958997 
0.48000000 0.00000000 314.32324696 63797.94958982 
0.50000000 0.00000000 314.32324425 63797.94958975 
0.52000000 0.00000000 314.32324166 63797.94958969 
0.54000000 0.00000000 314.32323759 63797.94958958 
0.56000000 0.00000000 314.32323241 63797.94958945 
0.58000000 0.00000000 314.32354905 63797.94959740 
0.60000000 0.00000000 314.32354438 63797.94959728 
0.62000000 0.00000000 314.32353856 63797.94959714 
0.64000000 0.00000000 314.32353358 63797.94959701 
0.66000000 0.00000000 314.31938082 63797.94949281 
0.68000000 0.00000000 314.31936717 63797.94949246 
0.70000000 0.00000000 314.32350955 63797.94959641 
0.72000000 0.00000000 314.32349941 63797.94959616 
0.74000000 0.00000000 314.32347299 63797.94959550 
0.76000000 0.00000000 314.32346212 63797.94959523 
0.78000000 0.00000000 314.32341720 63797.94959410 
0.80000000 0.00000000 314.32340241 63797.94959373 
0.82000000 0.00000000 314.32338797 63797.94959337 
0.84000000 0.00000000 314.32337020 63797.94959293 
0.86000000 0.00000000 314.32411217 63797.94961155 
0.88000000 0.00000000 314.32409534 63797.94961113 
0.90000000 0.00000000 314.32264014 63797.94957462 
0.92000000 0.00000000 314.32144454 63797.94954461 
0.94000000 0.00000000 314.32404611 63797.94960990 
0.96000000 0.00000000 314.32402981 63797.94960949 
0.98000000 0.00000000 314.32498794 63797.94963353 

