-1.00000000 0.00000000 -1316.80619456 58842.14299586 
-0.98000000 0.00000000 -1317.28712992 58842.60480711 
-0.96000000 0.00000000 -1317.67825066 58842.70715777 
-0.94000000 0.00000000 -1318.84132993 58866.65074171 
-0.92000000 0.00000000 -1319.12222042 58866.35771041 
-0.90000000 0.00000000 -1318.23554989 58820.49571638 
-0.88000000 0.00000000 -1318.36503924 58819.93050566 
-0.86000000 0.00000000 -1318.46515083 58819.21759048 
-0.84000000 0.00000000 -1322.08264083 58900.19720132 
-0.82000000 0.00000000 -1322.22452004 58900.32566751 
-0.80000000 0.00000000 -1318.82135622 58838.30810339 
-0.78000000 0.00000000 -1318.86825803 58806.76701390 
-0.76000000 0.00000000 -1318.92013981 58806.23698947 
-0.74000000 0.00000000 -1318.96654084 58805.83040513 
-0.72000000 0.00000000 -1319.02738479 58804.64797871 
-0.70000000 0.00000000 -1319.08426328 58839.12294854 
-0.68000000 0.00000000 -1319.09538230 58838.94948705 
-0.66000000 0.00000000 -1322.85854834 58900.55068981 
-0.64000000 0.00000000 -1322.79010014 58900.33300126 
-0.62000000 0.00000000 -1318.97663040 58838.56889081 
-0.60000000 0.00000000 -1322.49573686 58899.93884572 
-0.58000000 0.00000000 -1322.27202059 58899.77569818 
-0.56000000 0.00000000 -1318.58638907 58838.28444730 
-0.54000000 0.00000000 -1318.54621861 58803.74764659 
-0.52000000 0.00000000 -1318.37059677 58804.68268262 
-0.50000000 0.00000000 -1318.21608358 58804.81132325 
-0.48000000 0.00000000 -1318.06587903 58804.96371617 
-0.46000000 0.00000000 -1317.92123966 58805.28146504 
-0.44000000 0.00000000 -1320.06942567 58896.91326852 
-0.42000000 0.00000000 -1319.84559803 58896.65192235 
-0.40000000 0.00000000 -1317.61695472 58805.61569009 
-0.38000000 0.00000000 -1317.55779582 58805.73403334 
-0.36000000 0.00000000 -1317.51929140 58805.80551689 
-0.34000000 0.00000000 -1317.49613045 58805.86890905 
-0.32000000 0.00000000 -1317.48254029 58805.92516928 
-0.30000000 0.00000000 -1319.41503000 58897.28640817 
-0.28000000 0.00000000 -1319.39346009 58897.39971770 
-0.26000000 0.00000000 -1317.41901723 58806.03627790 
-0.24000000 0.00000000 -1317.35516673 58806.07121512 
-0.22000000 0.00000000 -1317.24829757 58806.12590552 
-0.20000000 0.00000000 -1317.08631545 58806.10512093 
-0.18000000 0.00000000 -1318.35236878 58896.77524649 
-0.16000000 0.00000000 -1317.76986993 58896.04714435 
-0.14000000 0.00000000 -1316.10849655 58805.82321491 
-0.12000000 0.00000000 -1315.58302180 58805.28859991 
-0.10000000 0.00000000 -1314.92689797 58804.78186319 
-0.08000000 0.00000000 -1314.14323177 58804.07837672 
-0.06000000 0.00000000 -1311.75421419 58886.32192579 
-0.04000000 0.00000000 -1309.92109611 58882.84315987 
-0.02000000 0.00000000 -1310.93446852 58802.49938100 
0.00000000 0.00000000 -1309.74542379 58800.35050758 
0.02000000 0.00000000 -1308.49835314 58798.13695431 
0.04000000 0.00000000 -1307.26982268 58795.41304072 
0.06000000 0.00000000 -1303.98287001 58813.09484537 
0.08000000 0.00000000 -1304.12294974 58796.32407411 
0.10000000 0.00000000 -1302.92509226 58793.83334588 
0.12000000 0.00000000 -1301.89283320 58790.82676322 
0.14000000 0.00000000 -1483.76698470 58450.59451219 
0.16000000 0.00000000 -1470.90413029 58457.74066997 
0.18000000 0.00000000 -1299.46710219 58782.15103794 
0.20000000 0.00000000 -1298.78795473 58779.77233117 
0.22000000 0.00000000 -1298.24173428 58777.07227130 
0.24000000 0.00000000 -1297.76875304 58774.31471357 
0.26000000 0.00000000 -1298.52568477 58765.51368041 
0.28000000 0.00000000 -1298.19375998 58762.74874596 
0.30000000 0.00000000 -1297.90933630 58760.05301016 
0.32000000 0.00000000 -1297.68039733 58757.49448221 
0.34000000 0.00000000 -1297.50844269 58755.20925759 
0.36000000 0.00000000 -1297.36787767 58753.46622834 
0.38000000 0.00000000 -1297.29257137 58752.25025228 
0.40000000 0.00000000 -1651.70990572 58488.88072945 
0.42000000 0.00000000 -1651.38523558 58488.45929409 
0.44000000 0.00000000 -1297.37520061 58752.98509700 
0.46000000 0.00000000 -1297.50778842 58754.69485775 
0.48000000 0.00000000 -1297.70584112 58756.94581637 
0.50000000 0.00000000 -1297.94220667 58759.72041234 
0.52000000 0.00000000 -1298.22985943 58762.79753308 
0.54000000 0.00000000 -1298.57323207 58765.99534654 
0.56000000 0.00000000 -1298.96819696 58769.19868318 
0.58000000 0.00000000 -1298.30410826 58778.48978629 
0.60000000 0.00000000 -1298.82216120 58781.61100599 
0.62000000 0.00000000 -1299.39436880 58784.62468691 
0.64000000 0.00000000 -1300.02106013 58787.59830895 
0.66000000 0.00000000 -1448.20567669 58473.88456830 
0.68000000 0.00000000 -1455.64535680 58468.24150829 
0.70000000 0.00000000 -1302.34753464 58796.45391275 
0.72000000 0.00000000 -1303.28650772 58799.49838007 
0.74000000 0.00000000 -1304.33977181 58802.27360115 
0.76000000 0.00000000 -1305.42395513 58805.38596427 
0.78000000 0.00000000 -1306.62607888 58807.73076974 
0.80000000 0.00000000 -1307.79526005 58810.60873487 
0.82000000 0.00000000 -1308.97118580 58813.32812611 
0.84000000 0.00000000 -1310.13436509 58815.74307683 
0.86000000 0.00000000 -1310.59577055 58833.88015049 
0.88000000 0.00000000 -1311.78266049 58836.08072783 
0.90000000 0.00000000 -1314.19151504 58801.89321163 
0.92000000 0.00000000 -1319.82014756 58750.04753122 
0.94000000 0.00000000 -1314.77721521 58840.70193444 
0.96000000 0.00000000 -1315.56190756 58841.61602527 
0.98000000 0.00000000 -1316.57192506 58859.69686055 

