-1.00000000 0.00000000 315.13377449 63716.95135846 
-0.98000000 0.00000000 315.13377449 63716.95135846 
-0.96000000 0.00000000 315.13377449 63716.95135846 
-0.94000000 0.00000000 315.13377499 63716.95135847 
-0.92000000 0.00000000 315.13377498 63716.95135847 
-0.90000000 0.00000000 315.13377416 63716.95135845 
-0.88000000 0.00000000 315.13377416 63716.95135845 
-0.86000000 0.00000000 315.13377415 63716.95135845 
-0.84000000 0.00000000 315.13377618 63716.95135850 
-0.82000000 0.00000000 315.13377618 63716.95135850 
-0.80000000 0.00000000 315.13377443 63716.95135846 
-0.78000000 0.00000000 315.13377402 63716.95135845 
-0.76000000 0.00000000 315.13377402 63716.95135845 
-0.74000000 0.00000000 315.13377402 63716.95135845 
-0.72000000 0.00000000 315.13377401 63716.95135845 
-0.70000000 0.00000000 315.13377445 63716.95135846 
-0.68000000 0.00000000 315.13377445 63716.95135846 
-0.66000000 0.00000000 315.13377617 63716.95135850 
-0.64000000 0.00000000 315.13377616 63716.95135850 
-0.62000000 0.00000000 315.13377445 63716.95135846 
-0.60000000 0.00000000 315.13377616 63716.95135850 
-0.58000000 0.00000000 315.13377617 63716.95135850 
-0.56000000 0.00000000 315.13377445 63716.95135846 
-0.54000000 0.00000000 315.13377401 63716.95135845 
-0.52000000 0.00000000 315.13377402 63716.95135845 
-0.50000000 0.00000000 315.13377402 63716.95135845 
-0.48000000 0.00000000 315.13377402 63716.95135845 
-0.46000000 0.00000000 315.13377403 63716.95135845 
-0.44000000 0.00000000 315.13377618 63716.95135850 
-0.42000000 0.00000000 315.13377618 63716.95135850 
-0.40000000 0.00000000 315.13377403 63716.95135845 
-0.38000000 0.00000000 315.13377403 63716.95135845 
-0.36000000 0.00000000 315.13377403 63716.95135845 
-0.34000000 0.00000000 315.13377403 63716.95135845 
-0.32000000 0.00000000 315.13377403 63716.95135845 
-0.30000000 0.00000000 315.13377622 63716.95135850 
-0.28000000 0.00000000 315.13377622 63716.95135850 
-0.26000000 0.00000000 315.13377403 63716.95135845 
-0.24000000 0.00000000 315.13377403 63716.95135845 
-0.22000000 0.00000000 315.13377403 63716.95135845 
-0.20000000 0.00000000 315.13377403 63716.95135845 
-0.18000000 0.00000000 315.13377622 63716.95135850 
-0.16000000 0.00000000 315.13377623 63716.95135850 
-0.14000000 0.00000000 315.13377404 63716.95135845 
-0.12000000 0.00000000 315.13377404 63716.95135845 
-0.10000000 0.00000000 315.13377404 63716.95135845 
-0.08000000 0.00000000 315.13377405 63716.95135845 
-0.06000000 0.00000000 315.13377624 63716.95135851 
-0.04000000 0.00000000 315.13377624 63716.95135851 
-0.02000000 0.00000000 315.13377410 63716.95135845 
0.00000000 0.00000000 315.13377411 63716.95135845 
0.02000000 0.00000000 315.13377412 63716.95135845 
0.04000000 0.00000000 315.13377412 63716.95135845 
0.06000000 0.00000000 315.13377449 63716.95135846 
0.08000000 0.00000000 315.13377424 63716.95135845 
0.10000000 0.00000000 315.13377426 63716.95135845 
0.12000000 0.00000000 315.13377426 63716.95135845 
0.14000000 0.00000000 315.13377270 63716.95135842 
0.16000000 0.00000000 315.13377270 63716.95135842 
0.18000000 0.00000000 315.13377427 63716.95135845 
0.20000000 0.00000000 315.13377428 63716.95135845 
0.22000000 0.00000000 315.13377428 63716.95135845 
0.24000000 0.00000000 315.13377429 63716.95135845 
0.26000000 0.00000000 315.13377417 63716.95135845 
0.28000000 0.00000000 315.13377417 63716.95135845 
0.30000000 0.00000000 315.13377417 63716.95135845 
0.32000000 0.00000000 315.13377417 63716.95135845 
0.34000000 0.00000000 315.13377417 63716.95135845 
0.36000000 0.00000000 315.13377417 63716.95135845 
0.38000000 0.00000000 315.13377417 63716.95135845 
0.40000000 0.00000000 315.13377259 63716.95135842 
0.42000000 0.00000000 315.13377259 63716.95135842 
0.44000000 0.00000000 315.13377417 63716.95135845 
0.46000000 0.00000000 315.13377417 63716.95135845 
0.48000000 0.00000000 315.13377417 63716.95135845 
0.50000000 0.00000000 315.13377417 63716.95135845 
0.52000000 0.00000000 315.13377417 63716.95135845 
0.54000000 0.00000000 315.13377417 63716.95135845 
0.56000000 0.00000000 315.13377417 63716.95135845 
0.58000000 0.00000000 315.13377429 63716.95135845 
0.60000000 0.00000000 315.13377429 63716.95135845 
0.62000000 0.00000000 315.13377429 63716.95135845 
0.64000000 0.00000000 315.13377428 63716.95135845 
0.66000000 0.00000000 315.13377271 63716.95135842 
0.68000000 0.00000000 315.13377271 63716.95135842 
0.70000000 0.00000000 315.13377428 63716.95135845 
0.72000000 0.00000000 315.13377428 63716.95135845 
0.74000000 0.00000000 315.13377427 63716.95135845 
0.76000000 0.00000000 315.13377427 63716.95135845 
0.78000000 0.00000000 315.13377425 63716.95135845 
0.80000000 0.00000000 315.13377425 63716.95135845 
0.82000000 0.00000000 315.13377425 63716.95135845 
0.84000000 0.00000000 315.13377424 63716.95135845 
0.86000000 0.00000000 315.13377452 63716.95135846 
0.88000000 0.00000000 315.13377452 63716.95135846 
0.90000000 0.00000000 315.13377397 63716.95135845 
0.92000000 0.00000000 315.13377352 63716.95135844 
0.94000000 0.00000000 315.13377451 63716.95135846 
0.96000000 0.00000000 315.13377451 63716.95135846 
0.98000000 0.00000000 315.13377487 63716.95135847 

