-1.00000000 0.00000000 2338.28735509 58233.07310657 
-0.98000000 0.00000000 2336.83733559 58233.74476476 
-0.96000000 0.00000000 2336.06782509 58234.50292434 
-0.94000000 0.00000000 2296.64275177 58219.03645714 
-0.92000000 0.00000000 2296.67120436 58219.87976327 
-0.90000000 0.00000000 2369.59207024 58254.81692093 
-0.88000000 0.00000000 2370.20734742 58255.55989550 
-0.86000000 0.00000000 2371.09747739 58256.38194475 
-0.84000000 0.00000000 2238.39100875 58205.84284871 
-0.82000000 0.00000000 2237.96819358 58206.12815055 
-0.80000000 0.00000000 2340.86359731 58240.37742895 
-0.78000000 0.00000000 2389.40851701 58268.95778735 
-0.76000000 0.00000000 2390.10733317 58269.56209797 
-0.74000000 0.00000000 2390.63159524 58270.03947729 
-0.72000000 0.00000000 2392.32334155 58271.32281551 
-0.70000000 0.00000000 2339.10336568 58240.24741700 
-0.68000000 0.00000000 2339.35082649 58240.41478999 
-0.66000000 0.00000000 2236.70022874 58207.68182343 
-0.64000000 0.00000000 2237.14013606 58207.63166811 
-0.62000000 0.00000000 2340.12242601 58240.47242503 
-0.60000000 0.00000000 2238.15393290 58207.09191223 
-0.58000000 0.00000000 2238.70269108 58206.59972068 
-0.56000000 0.00000000 2341.16979904 58239.85060707 
-0.54000000 0.00000000 2394.50452880 58271.30347993 
-0.52000000 0.00000000 2393.37471166 58270.02954843 
-0.50000000 0.00000000 2393.44569501 58269.60770340 
-0.48000000 0.00000000 2393.47516301 58269.17168663 
-0.46000000 0.00000000 2393.24375600 58268.58177199 
-0.44000000 0.00000000 2246.16210131 58202.46600019 
-0.42000000 0.00000000 2246.88595739 58202.03768425 
-0.40000000 0.00000000 2393.30284012 58267.70389203 
-0.38000000 0.00000000 2393.24945293 58267.49463000 
-0.36000000 0.00000000 2393.23797317 58267.37754743 
-0.34000000 0.00000000 2393.21755508 58267.30350316 
-0.32000000 0.00000000 2393.19585997 58267.26021997 
-0.30000000 0.00000000 2246.60557935 58200.66736706 
-0.28000000 0.00000000 2246.49829381 58200.58878628 
-0.26000000 0.00000000 2393.26663718 58267.16645631 
-0.24000000 0.00000000 2393.35950313 58267.05595759 
-0.22000000 0.00000000 2393.48458824 58266.83760386 
-0.20000000 0.00000000 2393.80216614 58266.57845572 
-0.18000000 0.00000000 2249.00776932 58198.52751650 
-0.16000000 0.00000000 2250.91546358 58197.49925380 
-0.14000000 0.00000000 2395.75085117 58264.94793764 
-0.12000000 0.00000000 2397.33190944 58264.40120425 
-0.10000000 0.00000000 2399.03444623 58263.52800499 
-0.08000000 0.00000000 2401.19448208 58262.55878121 
-0.06000000 0.00000000 2273.70725969 58187.99280859 
-0.04000000 0.00000000 2281.42379136 58185.46615604 
-0.02000000 0.00000000 2407.88738200 58257.04294716 
0.00000000 0.00000000 2412.73041136 58256.59106366 
0.02000000 0.00000000 2417.73279189 58256.07889596 
0.04000000 0.00000000 2423.48121544 58256.17486097 
0.06000000 0.00000000 2400.16962131 58229.51415211 
0.08000000 0.00000000 2426.03692115 58247.65330228 
0.10000000 0.00000000 2431.35322955 58247.49133489 
0.12000000 0.00000000 2437.24195171 58248.32806244 
0.14000000 0.00000000 2512.55885711 59251.85138989 
0.16000000 0.00000000 2532.04313873 59209.37887527 
0.18000000 0.00000000 2453.40117899 58252.18323173 
0.20000000 0.00000000 2457.77625081 58253.16674806 
0.22000000 0.00000000 2462.43899763 58254.84235747 
0.24000000 0.00000000 2467.05810117 58256.74591046 
0.26000000 0.00000000 2479.24290374 58269.31421673 
0.28000000 0.00000000 2483.60501277 58271.62920217 
0.30000000 0.00000000 2487.78334590 58273.97722660 
0.32000000 0.00000000 2491.68085019 58276.31340938 
0.34000000 0.00000000 2495.10962093 58278.48957072 
0.36000000 0.00000000 2497.71997932 58280.11069913 
0.38000000 0.00000000 2499.50960920 58281.30134878 
0.40000000 0.00000000 2162.02777679 59612.37544341 
0.42000000 0.00000000 2162.93875306 59612.06342254 
0.44000000 0.00000000 2498.34734786 58280.58330102 
0.46000000 0.00000000 2495.77367638 58278.92405111 
0.48000000 0.00000000 2492.35719607 58276.82901008 
0.50000000 0.00000000 2488.14003489 58274.23766241 
0.52000000 0.00000000 2483.41633497 58271.45142837 
0.54000000 0.00000000 2478.43474281 58268.69184161 
0.56000000 0.00000000 2473.35827653 58266.07053712 
0.58000000 0.00000000 2460.30463295 58253.34684551 
0.60000000 0.00000000 2455.09807792 58251.21383793 
0.62000000 0.00000000 2449.94392844 58249.32360726 
0.64000000 0.00000000 2444.73854196 58247.59608978 
0.66000000 0.00000000 2563.93264968 59124.52677852 
0.68000000 0.00000000 2554.26202094 59151.72726132 
0.70000000 0.00000000 2428.43411841 58243.55223660 
0.72000000 0.00000000 2422.59173487 58242.52246034 
0.74000000 0.00000000 2417.00144657 58242.08672339 
0.76000000 0.00000000 2410.82984822 58241.38785716 
0.78000000 0.00000000 2405.68392117 58241.80704216 
0.80000000 0.00000000 2399.73298677 58241.60827687 
0.82000000 0.00000000 2394.00113371 58241.61405753 
0.84000000 0.00000000 2388.73929732 58241.91476869 
0.86000000 0.00000000 2359.70252386 58225.88212840 
0.88000000 0.00000000 2354.70908882 58226.74083133 
0.90000000 0.00000000 2404.63623652 58265.04076244 
0.92000000 0.00000000 2473.96134106 58337.47368820 
0.94000000 0.00000000 2343.44408083 58229.71807053 
0.96000000 0.00000000 2340.91405285 58230.73484842 
0.98000000 0.00000000 2310.92411390 58218.78739050 

