-1.00000000 0.00000000 314.33378493 63807.90525284 
-0.98000000 0.00000000 314.33366195 63807.90524979 
-0.96000000 0.00000000 314.33335572 63807.90524215 
-0.94000000 0.00000000 314.36128859 63807.90594210 
-0.92000000 0.00000000 314.36047463 63807.90592174 
-0.90000000 0.00000000 314.31464321 63807.90477326 
-0.88000000 0.00000000 314.31430706 63807.90476486 
-0.86000000 0.00000000 314.31389557 63807.90475456 
-0.84000000 0.00000000 314.42684618 63807.90758429 
-0.82000000 0.00000000 314.42691409 63807.90758601 
-0.80000000 0.00000000 314.32904692 63807.90513435 
-0.78000000 0.00000000 314.30634893 63807.90456549 
-0.76000000 0.00000000 314.30611455 63807.90455963 
-0.74000000 0.00000000 314.30594292 63807.90455535 
-0.72000000 0.00000000 314.30531788 63807.90453969 
-0.70000000 0.00000000 314.32990012 63807.90515582 
-0.68000000 0.00000000 314.32976828 63807.90515253 
-0.66000000 0.00000000 314.42548594 63807.90755037 
-0.64000000 0.00000000 314.42508461 63807.90754032 
-0.62000000 0.00000000 314.32963078 63807.90514909 
-0.60000000 0.00000000 314.42511463 63807.90754107 
-0.58000000 0.00000000 314.42558928 63807.90755295 
-0.56000000 0.00000000 314.32986461 63807.90515493 
-0.54000000 0.00000000 314.30528411 63807.90453885 
-0.52000000 0.00000000 314.30589709 63807.90455420 
-0.50000000 0.00000000 314.30604432 63807.90455787 
-0.48000000 0.00000000 314.30620082 63807.90456178 
-0.46000000 0.00000000 314.30644862 63807.90456798 
-0.44000000 0.00000000 314.42660779 63807.90757836 
-0.42000000 0.00000000 314.42673621 63807.90758156 
-0.40000000 0.00000000 314.30674055 63807.90457526 
-0.38000000 0.00000000 314.30680697 63807.90457693 
-0.36000000 0.00000000 314.30682710 63807.90457743 
-0.34000000 0.00000000 314.30682633 63807.90457741 
-0.32000000 0.00000000 314.30680872 63807.90457697 
-0.30000000 0.00000000 314.42908480 63807.90764037 
-0.28000000 0.00000000 314.42906111 63807.90763978 
-0.26000000 0.00000000 314.30670841 63807.90457447 
-0.24000000 0.00000000 314.30670177 63807.90457430 
-0.22000000 0.00000000 314.30674420 63807.90457537 
-0.20000000 0.00000000 314.30679884 63807.90457673 
-0.18000000 0.00000000 314.42940368 63807.90764835 
-0.16000000 0.00000000 314.42953667 63807.90765167 
-0.14000000 0.00000000 314.30740933 63807.90459200 
-0.12000000 0.00000000 314.30762663 63807.90459742 
-0.10000000 0.00000000 314.30805603 63807.90460816 
-0.08000000 0.00000000 314.30858453 63807.90462137 
-0.06000000 0.00000000 314.43113470 63807.90769154 
-0.04000000 0.00000000 314.43162085 63807.90770367 
-0.02000000 0.00000000 314.31220279 63807.90471193 
0.00000000 0.00000000 314.31281860 63807.90472731 
0.02000000 0.00000000 314.31361589 63807.90474724 
0.04000000 0.00000000 314.31419068 63807.90476160 
0.06000000 0.00000000 314.33530618 63807.90529074 
0.08000000 0.00000000 314.32147336 63807.90494402 
0.10000000 0.00000000 314.32264679 63807.90497338 
0.12000000 0.00000000 314.32320712 63807.90498738 
0.14000000 0.00000000 314.23627992 63807.90280800 
0.16000000 0.00000000 314.23664041 63807.90281700 
0.18000000 0.00000000 314.32427524 63807.90501405 
0.20000000 0.00000000 314.32494540 63807.90503082 
0.22000000 0.00000000 314.32520433 63807.90503729 
0.24000000 0.00000000 314.32539592 63807.90504207 
0.26000000 0.00000000 314.31881756 63807.90487719 
0.28000000 0.00000000 314.31895934 63807.90488073 
0.30000000 0.00000000 314.31910817 63807.90488445 
0.32000000 0.00000000 314.31922078 63807.90488727 
0.34000000 0.00000000 314.31929136 63807.90488903 
0.36000000 0.00000000 314.31944490 63807.90489287 
0.38000000 0.00000000 314.31950615 63807.90489440 
0.40000000 0.00000000 314.23130979 63807.90268315 
0.42000000 0.00000000 314.23131689 63807.90268333 
0.44000000 0.00000000 314.31951276 63807.90489457 
0.46000000 0.00000000 314.31945810 63807.90489320 
0.48000000 0.00000000 314.31932612 63807.90488990 
0.50000000 0.00000000 314.31926048 63807.90488826 
0.52000000 0.00000000 314.31919585 63807.90488665 
0.54000000 0.00000000 314.31909914 63807.90488423 
0.56000000 0.00000000 314.31897815 63807.90488120 
0.58000000 0.00000000 314.32565510 63807.90504855 
0.60000000 0.00000000 314.32554259 63807.90504574 
0.62000000 0.00000000 314.32540388 63807.90504228 
0.64000000 0.00000000 314.32528096 63807.90503921 
0.66000000 0.00000000 314.23752717 63807.90283918 
0.68000000 0.00000000 314.23721505 63807.90283137 
0.70000000 0.00000000 314.32470174 63807.90502474 
0.72000000 0.00000000 314.32445648 63807.90501861 
0.74000000 0.00000000 314.32386348 63807.90500378 
0.76000000 0.00000000 314.32359538 63807.90499708 
0.78000000 0.00000000 314.32260460 63807.90497228 
0.80000000 0.00000000 314.32224731 63807.90496335 
0.82000000 0.00000000 314.32189507 63807.90495456 
0.84000000 0.00000000 314.32147046 63807.90494395 
0.86000000 0.00000000 314.33709483 63807.90533554 
0.88000000 0.00000000 314.33668739 63807.90532537 
0.90000000 0.00000000 314.30589144 63807.90455359 
0.92000000 0.00000000 314.28057966 63807.90391910 
0.94000000 0.00000000 314.33548909 63807.90529545 
0.96000000 0.00000000 314.33509254 63807.90528554 
0.98000000 0.00000000 314.35528330 63807.90579151 

