-1.00000000 0.00000000 2200.89976707 59096.35441829 
-0.98000000 0.00000000 2201.39441805 59095.73214147 
-0.96000000 0.00000000 2201.63465417 59095.20105583 
-0.94000000 0.00000000 2216.22649323 59095.79774143 
-0.92000000 0.00000000 2216.18181153 59095.37960586 
-0.90000000 0.00000000 2188.92900552 59092.22605836 
-0.88000000 0.00000000 2188.65426191 59091.99522301 
-0.86000000 0.00000000 2188.28028192 59091.78922314 
-0.84000000 0.00000000 2237.56639401 59094.01341203 
-0.82000000 0.00000000 2237.70601933 59093.82237739 
-0.80000000 0.00000000 2199.55548031 59093.22146548 
-0.78000000 0.00000000 2181.22654055 59089.94236366 
-0.76000000 0.00000000 2180.94038505 59089.81742183 
-0.74000000 0.00000000 2180.72387070 59089.71258707 
-0.72000000 0.00000000 2180.06584558 59089.50388342 
-0.70000000 0.00000000 2200.14296274 59092.94356282 
-0.68000000 0.00000000 2200.04608521 59092.91174668 
-0.66000000 0.00000000 2238.12890933 59092.93402273 
-0.64000000 0.00000000 2237.96711504 59093.01530563 
-0.62000000 0.00000000 2199.76811895 59093.03960591 
-0.60000000 0.00000000 2237.59293573 59093.40801847 
-0.58000000 0.00000000 2237.38937875 59093.71737407 
-0.56000000 0.00000000 2199.42118615 59093.55262039 
-0.54000000 0.00000000 2179.32559190 59090.05909607 
-0.52000000 0.00000000 2179.78690512 59090.39829642 
-0.50000000 0.00000000 2179.79186653 59090.62110498 
-0.48000000 0.00000000 2179.81279658 59090.84044195 
-0.46000000 0.00000000 2179.93214955 59091.07000227 
-0.44000000 0.00000000 2234.64253448 59096.65653420 
-0.42000000 0.00000000 2234.38246256 59096.95571283 
-0.40000000 0.00000000 2179.99417243 59091.51322786 
-0.38000000 0.00000000 2180.03921674 59091.60345733 
-0.36000000 0.00000000 2180.06717161 59091.66004676 
-0.34000000 0.00000000 2180.09800287 59091.69443476 
-0.32000000 0.00000000 2180.12956626 59091.71459892 
-0.30000000 0.00000000 2234.57665708 59097.60640141 
-0.28000000 0.00000000 2234.63926200 59097.64139157 
-0.26000000 0.00000000 2180.18181980 59091.79811832 
-0.24000000 0.00000000 2180.17796487 59091.88389575 
-0.22000000 0.00000000 2180.16479865 59092.03096208 
-0.20000000 0.00000000 2180.08097800 59092.24594216 
-0.18000000 0.00000000 2233.78884180 59099.06376837 
-0.16000000 0.00000000 2233.07530113 59099.83960947 
-0.14000000 0.00000000 2179.45829684 59093.54890113 
-0.12000000 0.00000000 2178.89513364 59094.21254214 
-0.10000000 0.00000000 2178.28175114 59095.06098345 
-0.08000000 0.00000000 2177.48907606 59096.06528351 
-0.06000000 0.00000000 2224.33470876 59107.66758474 
-0.04000000 0.00000000 2221.35685519 59109.99325407 
-0.02000000 0.00000000 2174.97494473 59100.33210459 
0.00000000 0.00000000 2173.13304059 59101.73600856 
0.02000000 0.00000000 2171.22255367 59103.20973359 
0.04000000 0.00000000 2169.02501063 59104.59414490 
0.06000000 0.00000000 2177.57825825 59111.22309717 
0.08000000 0.00000000 2167.94435300 59109.06761674 
0.10000000 0.00000000 2165.89048365 59110.43179124 
0.12000000 0.00000000 2163.62255434 59111.49955656 
0.14000000 0.00000000 2052.15873919 58823.52428800 
0.16000000 0.00000000 2051.32754947 58841.23306055 
0.18000000 0.00000000 2157.35291775 59113.79536532 
0.20000000 0.00000000 2155.62028634 59114.44364086 
0.22000000 0.00000000 2153.76822462 59114.86782207 
0.24000000 0.00000000 2151.91798649 59115.18398161 
0.26000000 0.00000000 2147.23216361 59113.01605001 
0.28000000 0.00000000 2145.44896940 59113.13246394 
0.30000000 0.00000000 2143.72973983 59113.19143371 
0.32000000 0.00000000 2142.11918615 59113.18979533 
0.34000000 0.00000000 2140.69774987 59113.14244176 
0.36000000 0.00000000 2139.60771553 59113.11962866 
0.38000000 0.00000000 2138.85927404 59113.07211505 
0.40000000 0.00000000 2123.36404798 58601.94365486 
0.42000000 0.00000000 2123.05750752 58602.36852378 
0.44000000 0.00000000 2139.32673962 59113.05540180 
0.46000000 0.00000000 2140.39058307 59113.08843863 
0.48000000 0.00000000 2141.80474981 59113.09723883 
0.50000000 0.00000000 2143.54394952 59113.11707611 
0.52000000 0.00000000 2145.48674625 59113.10129310 
0.54000000 0.00000000 2147.52949243 59113.02078055 
0.56000000 0.00000000 2149.60226301 59112.86737928 
0.58000000 0.00000000 2154.62660285 59114.95597603 
0.60000000 0.00000000 2156.71490564 59114.61496850 
0.62000000 0.00000000 2158.76620533 59114.18533569 
0.64000000 0.00000000 2160.81921650 59113.67516410 
0.66000000 0.00000000 2051.55070492 58873.07791003 
0.68000000 0.00000000 2051.34698940 58862.62195340 
0.70000000 0.00000000 2167.15273497 59111.51114663 
0.72000000 0.00000000 2169.39687309 59110.56881839 
0.74000000 0.00000000 2171.54224702 59109.43170364 
0.76000000 0.00000000 2173.89692244 59108.28666690 
0.78000000 0.00000000 2175.86590499 59106.88398092 
0.80000000 0.00000000 2178.12503033 59105.58415178 
0.82000000 0.00000000 2180.29396360 59104.25227920 
0.84000000 0.00000000 2182.27787453 59102.90030409 
0.86000000 0.00000000 2193.04946619 59104.20404317 
0.88000000 0.00000000 2194.92257340 59102.76736774 
0.90000000 0.00000000 2176.26499379 59095.74265634 
0.92000000 0.00000000 2149.21246181 59081.91161954 
0.94000000 0.00000000 2199.08816270 59099.04115981 
0.96000000 0.00000000 2200.00043876 59098.03560504 
0.98000000 0.00000000 2211.07018871 59098.35308908 

