-1.00000000 0.00000000 3280.92658711 57290.84545992 
-0.98000000 0.00000000 3277.36359025 57288.20841288 
-0.96000000 0.00000000 3275.85491846 57288.38813855 
-0.94000000 0.00000000 3122.27133454 57074.04331575 
-0.92000000 0.00000000 3123.63452993 57077.39341563 
-0.90000000 0.00000000 3388.04896335 57509.08945889 
-0.88000000 0.00000000 3389.91152554 57514.29724829 
-0.86000000 0.00000000 3392.51566976 57520.97230835 
-0.84000000 0.00000000 2858.01684742 56829.49934215 
-0.82000000 0.00000000 2856.62131179 56829.15630073 
-0.80000000 0.00000000 3295.20630057 57329.62360309 
-0.78000000 0.00000000 3442.93188728 57648.43994941 
-0.76000000 0.00000000 3444.67257058 57653.63890936 
-0.74000000 0.00000000 3445.97281364 57657.63796474 
-0.72000000 0.00000000 3450.24706730 57669.94800849 
-0.70000000 0.00000000 3289.39084600 57321.50964109 
-0.68000000 0.00000000 3290.27974915 57323.18318076 
-0.66000000 0.00000000 2854.34773494 56831.08568344 
-0.64000000 0.00000000 2856.19867021 56832.18592416 
-0.62000000 0.00000000 3292.61582085 57326.43821587 
-0.60000000 0.00000000 2859.35009030 56833.06422828 
-0.58000000 0.00000000 2860.52259290 56832.74628523 
-0.56000000 0.00000000 3295.07276833 57327.73265172 
-0.54000000 0.00000000 3455.25543270 57678.72224623 
-0.52000000 0.00000000 3452.29824714 57668.62953402 
-0.50000000 0.00000000 3452.37076329 57667.14704095 
-0.48000000 0.00000000 3452.34865406 57665.45258203 
-0.46000000 0.00000000 3451.67535930 57662.04509540 
-0.44000000 0.00000000 2882.76676992 56838.03173416 
-0.42000000 0.00000000 2884.91063138 56838.50867991 
-0.40000000 0.00000000 3451.75862876 57659.02761021 
-0.38000000 0.00000000 3451.67022922 57658.19218097 
-0.36000000 0.00000000 3451.72512412 57657.98949605 
-0.34000000 0.00000000 3451.78741913 57657.99695360 
-0.32000000 0.00000000 3451.86868916 57658.18809736 
-0.30000000 0.00000000 2881.57079917 56833.81268590 
-0.28000000 0.00000000 2881.27680490 56833.63346897 
-0.26000000 0.00000000 3452.45664636 57659.67707458 
-0.24000000 0.00000000 3452.75903514 57660.09705979 
-0.22000000 0.00000000 3453.05950104 57660.10434018 
-0.20000000 0.00000000 3453.72847968 57660.58028259 
-0.18000000 0.00000000 2888.29272534 56834.85376195 
-0.16000000 0.00000000 2893.82182152 56836.45300926 
-0.14000000 0.00000000 3457.08111635 57660.72980536 
-0.12000000 0.00000000 3460.02144780 57663.70393277 
-0.10000000 0.00000000 3462.89765928 57665.10986782 
-0.08000000 0.00000000 3466.53649305 57667.21688378 
-0.06000000 0.00000000 2959.79707445 56860.18276109 
-0.04000000 0.00000000 2982.10756785 56869.82820642 
-0.02000000 0.00000000 3475.20840896 57657.28186013 
0.00000000 0.00000000 3484.06638625 57668.84990486 
0.02000000 0.00000000 3492.96650782 57679.86163950 
0.04000000 0.00000000 3503.52015370 57695.87726813 
0.06000000 0.00000000 3428.03288852 57468.50658127 
0.08000000 0.00000000 3500.42683085 57648.90722738 
0.10000000 0.00000000 3509.75313004 57660.22101882 
0.12000000 0.00000000 3520.78669056 57678.53704278 
0.14000000 0.00000000 2238.01937384 60903.34089899 
0.16000000 0.00000000 2310.36695436 60869.71431610 
0.18000000 0.00000000 3550.66269445 57734.55355100 
0.20000000 0.00000000 3558.15863387 57747.72354656 
0.22000000 0.00000000 3566.39584239 57765.27795679 
0.24000000 0.00000000 3574.44874005 57783.47665618 
0.26000000 0.00000000 3599.39606180 57884.50463478 
0.28000000 0.00000000 3606.19459078 57903.14190200 
0.30000000 0.00000000 3612.56095800 57921.20212074 
0.32000000 0.00000000 3618.39234081 57938.51261157 
0.34000000 0.00000000 3623.43797874 57954.16658638 
0.36000000 0.00000000 3627.17726718 57965.46007212 
0.38000000 0.00000000 3629.72749654 57973.61005767 
0.40000000 0.00000000 1475.34849860 60967.97217392 
0.42000000 0.00000000 1476.75467056 60968.51012721 
0.44000000 0.00000000 3628.03043616 57968.05427921 
0.46000000 0.00000000 3624.30530404 57956.18869224 
0.48000000 0.00000000 3619.31530490 57941.02356772 
0.50000000 0.00000000 3612.99800849 57921.79139818 
0.52000000 0.00000000 3605.76166749 57900.48246866 
0.54000000 0.00000000 3597.96778725 57878.57340533 
0.56000000 0.00000000 3589.85093195 57856.78707627 
0.58000000 0.00000000 3562.33665866 57752.58545017 
0.60000000 0.00000000 3552.96508021 57731.61561561 
0.62000000 0.00000000 3543.51452180 57711.42806970 
0.64000000 0.00000000 3533.75317986 57691.30448647 
0.66000000 0.00000000 2458.91072509 60784.93691593 
0.68000000 0.00000000 2412.93155866 60812.31103213 
0.70000000 0.00000000 3502.15285525 57631.91760340 
0.72000000 0.00000000 3490.47416875 57611.70780842 
0.74000000 0.00000000 3479.55593184 57595.18193853 
0.76000000 0.00000000 3466.87695410 57574.77548485 
0.78000000 0.00000000 3457.15501621 57563.34849155 
0.80000000 0.00000000 3444.78332155 57545.19228856 
0.82000000 0.00000000 3432.73159202 57528.20008257 
0.84000000 0.00000000 3421.68590409 57513.69920553 
0.86000000 0.00000000 3329.60735316 57329.55690343 
0.88000000 0.00000000 3317.83538599 57317.71227566 
0.90000000 0.00000000 3475.91995883 57693.59799981 
0.92000000 0.00000000 3590.25909664 58289.21189693 
0.94000000 0.00000000 3291.35478155 57294.01648787 
0.96000000 0.00000000 3285.53343782 57289.78400281 
0.98000000 0.00000000 3172.08979403 57124.72849739 

