-1.00000000 0.00000000 2064.49962963 60352.65211565 
-0.98000000 0.00000000 2067.11595048 60351.08049895 
-0.96000000 0.00000000 2068.43438786 60349.78120007 
-0.94000000 0.00000000 2152.42863124 60346.02375931 
-0.92000000 0.00000000 2152.16159777 60345.02997090 
-0.90000000 0.00000000 1999.74169330 60343.61005036 
-0.88000000 0.00000000 1998.54120761 60343.10367687 
-0.86000000 0.00000000 1996.81215392 60342.64322439 
-0.84000000 0.00000000 2285.50894138 60323.81393980 
-0.82000000 0.00000000 2286.44305249 60323.13150367 
-0.80000000 0.00000000 2058.29615773 60345.58584948 
-0.78000000 0.00000000 1960.78276307 60337.54223643 
-0.76000000 0.00000000 1959.45384791 60337.21261269 
-0.74000000 0.00000000 1958.45762797 60336.93457403 
-0.72000000 0.00000000 1955.16503552 60336.31847277 
-0.70000000 0.00000000 2061.98036122 60344.74669691 
-0.68000000 0.00000000 2061.47472595 60344.66973309 
-0.66000000 0.00000000 2288.94233688 60320.02053232 
-0.64000000 0.00000000 2287.94927847 60320.40182747 
-0.62000000 0.00000000 2059.97914069 60345.00890729 
-0.60000000 0.00000000 2285.86069780 60321.85332543 
-0.58000000 0.00000000 2284.82732901 60322.90917743 
-0.56000000 0.00000000 2058.09458508 60346.36687579 
-0.54000000 0.00000000 1951.18695546 60337.45632565 
-0.52000000 0.00000000 1953.46135659 60338.36196873 
-0.50000000 0.00000000 1953.38066999 60338.89636748 
-0.48000000 0.00000000 1953.37438659 60339.42444890 
-0.46000000 0.00000000 1953.87048638 60339.99502939 
-0.44000000 0.00000000 2269.63098487 60333.92661611 
-0.42000000 0.00000000 2268.15023911 60335.01927096 
-0.40000000 0.00000000 1953.77849819 60341.02302365 
-0.38000000 0.00000000 1953.85175181 60341.21617344 
-0.36000000 0.00000000 1953.82317061 60341.31464068 
-0.34000000 0.00000000 1953.79536031 60341.34930479 
-0.32000000 0.00000000 1953.75756952 60341.33836076 
-0.30000000 0.00000000 2268.97004867 60336.43684840 
-0.28000000 0.00000000 2269.13862561 60336.38952429 
-0.26000000 0.00000000 1953.37671260 60341.28283748 
-0.24000000 0.00000000 1953.15147529 60341.37908951 
-0.22000000 0.00000000 1952.90873065 60341.61439854 
-0.20000000 0.00000000 1952.35648764 60341.99643935 
-0.18000000 0.00000000 2264.09879630 60340.33165394 
-0.16000000 0.00000000 2260.35323750 60342.89166813 
-0.14000000 0.00000000 1949.40867055 60344.69848225 
-0.12000000 0.00000000 1946.91083048 60346.11835997 
-0.10000000 0.00000000 1944.38258290 60348.01678260 
-0.08000000 0.00000000 1941.18460555 60350.30638101 
-0.06000000 0.00000000 2216.57533837 60370.41072798 
-0.04000000 0.00000000 2202.02238589 60378.82005170 
-0.02000000 0.00000000 1932.71651537 60360.74412223 
0.00000000 0.00000000 1925.19924969 60364.07659321 
0.02000000 0.00000000 1917.56015453 60367.64563695 
0.04000000 0.00000000 1908.57488577 60370.95299360 
0.06000000 0.00000000 1958.84764067 60391.86102145 
0.08000000 0.00000000 1908.87531359 60383.68494835 
0.10000000 0.00000000 1900.89514034 60387.28888720 
0.12000000 0.00000000 1891.65723142 60390.00693546 
0.14000000 0.00000000 1276.68939250 59461.48805189 
0.16000000 0.00000000 1286.19214669 59513.47885951 
0.18000000 0.00000000 1866.23334296 60395.85501050 
0.20000000 0.00000000 1859.62180721 60397.70081674 
0.22000000 0.00000000 1852.35996410 60398.90005967 
0.24000000 0.00000000 1845.16478113 60399.86296312 
0.26000000 0.00000000 1822.21841242 60391.95800289 
0.28000000 0.00000000 1815.48527294 60392.45534187 
0.30000000 0.00000000 1809.05863971 60392.85321616 
0.32000000 0.00000000 1803.05793517 60393.10617530 
0.34000000 0.00000000 1797.76775934 60393.22637367 
0.36000000 0.00000000 1793.80337109 60393.42357021 
0.38000000 0.00000000 1791.06050838 60393.47317087 
0.40000000 0.00000000 1241.15184744 58647.00234698 
0.42000000 0.00000000 1240.99062428 58649.27226261 
0.44000000 0.00000000 1792.87515413 60393.46419541 
0.46000000 0.00000000 1796.84333344 60393.39924497 
0.48000000 0.00000000 1802.07648008 60393.19213442 
0.50000000 0.00000000 1808.59850019 60393.01649702 
0.52000000 0.00000000 1815.91719261 60392.74815376 
0.54000000 0.00000000 1823.63082677 60392.32194688 
0.56000000 0.00000000 1831.49592345 60391.74040297 
0.58000000 0.00000000 1855.89690689 60399.36981768 
0.60000000 0.00000000 1864.07002147 60398.35946895 
0.62000000 0.00000000 1872.18596370 60397.17777327 
0.64000000 0.00000000 1880.43725041 60395.85531032 
0.66000000 0.00000000 1308.78798270 59612.68456134 
0.68000000 0.00000000 1302.01170209 59582.85311940 
0.70000000 0.00000000 1906.46983592 60390.48225323 
0.72000000 0.00000000 1915.87434134 60388.16970707 
0.74000000 0.00000000 1924.71833263 60385.29550715 
0.76000000 0.00000000 1934.73949028 60382.48556428 
0.78000000 0.00000000 1942.70402087 60378.88856993 
0.80000000 0.00000000 1952.39661622 60375.68733373 
0.82000000 0.00000000 1961.77597513 60372.40843916 
0.84000000 0.00000000 1970.37520394 60369.07338893 
0.86000000 0.00000000 2028.11988525 60373.23918324 
0.88000000 0.00000000 2036.62201125 60369.37425478 
0.90000000 0.00000000 1934.00537713 60349.23977004 
0.92000000 0.00000000 1798.88980371 60302.16797927 
0.94000000 0.00000000 2055.94101095 60359.49087472 
0.96000000 0.00000000 2060.29730556 60356.87760568 
0.98000000 0.00000000 2123.28253538 60354.67907424 

