-1.00000000 0.00000000 2851.12186313 58775.29309639 
-0.98000000 0.00000000 2850.36812367 58771.80136362 
-0.96000000 0.00000000 2849.61211782 58770.14237364 
-0.94000000 0.00000000 2857.15848263 58654.71066313 
-0.92000000 0.00000000 2856.41639590 58655.24551984 
-0.90000000 0.00000000 2834.63024955 58870.00552398 
-0.88000000 0.00000000 2834.01306834 58871.92327375 
-0.86000000 0.00000000 2833.34047244 58874.60703015 
-0.84000000 0.00000000 2853.73297746 58485.65515218 
-0.82000000 0.00000000 2853.33362651 58484.62098644 
-0.80000000 0.00000000 2844.94872194 58785.62836750 
-0.78000000 0.00000000 2823.04125684 58928.82733541 
-0.76000000 0.00000000 2822.52735148 58930.90423556 
-0.74000000 0.00000000 2822.11931599 58932.46987943 
-0.72000000 0.00000000 2821.03078842 58937.50000166 
-0.70000000 0.00000000 2844.83996845 58780.66925950 
-0.68000000 0.00000000 2844.71589419 58781.40834934 
-0.66000000 0.00000000 2851.48477235 58482.00679101 
-0.64000000 0.00000000 2851.67033027 58483.19102150 
-0.62000000 0.00000000 2844.74703426 58783.49026589 
-0.60000000 0.00000000 2852.47510591 58485.61813897 
-0.58000000 0.00000000 2853.08828389 58486.78797485 
-0.56000000 0.00000000 2845.42235225 58785.96325640 
-0.54000000 0.00000000 2821.09457770 58943.22223070 
-0.52000000 0.00000000 2822.19454459 58939.66404684 
-0.50000000 0.00000000 2822.57099966 58939.67280265 
-0.48000000 0.00000000 2822.95897622 58939.56911349 
-0.46000000 0.00000000 2823.47634588 58938.70839502 
-0.44000000 0.00000000 2859.13272786 58504.55922358 
-0.42000000 0.00000000 2859.74029331 58506.28628232 
-0.40000000 0.00000000 2824.25499372 58938.56469664 
-0.38000000 0.00000000 2824.43706627 58938.37596866 
-0.36000000 0.00000000 2824.53739538 58938.34806045 
-0.34000000 0.00000000 2824.59804823 58938.32329948 
-0.32000000 0.00000000 2824.62994171 58938.31515928 
-0.30000000 0.00000000 2860.88772964 58504.87144742 
-0.28000000 0.00000000 2860.92257011 58504.59921583 
-0.26000000 0.00000000 2824.68641770 58938.67457623 
-0.24000000 0.00000000 2824.77289724 58938.92716174 
-0.22000000 0.00000000 2824.95318864 58939.19522995 
-0.20000000 0.00000000 2825.17164185 58939.92148888 
-0.18000000 0.00000000 2863.43065379 58510.31506409 
-0.16000000 0.00000000 2864.87242161 58514.80947234 
-0.14000000 0.00000000 2826.58808697 58944.01101037 
-0.12000000 0.00000000 2827.07645282 58947.67436332 
-0.10000000 0.00000000 2827.85264945 58951.39852617 
-0.08000000 0.00000000 2828.71831906 58956.16626598 
-0.06000000 0.00000000 2879.20578264 58569.46904314 
-0.04000000 0.00000000 2883.25359382 58588.27654400 
-0.02000000 0.00000000 2833.63395612 58969.00644266 
0.00000000 0.00000000 2834.05309712 58980.59081138 
0.02000000 0.00000000 2834.51038013 58992.45908015 
0.04000000 0.00000000 2834.40118779 59006.50001306 
0.06000000 0.00000000 2858.21806622 58930.26330648 
0.08000000 0.00000000 2842.10146434 59006.64624381 
0.10000000 0.00000000 2842.23263984 59019.33665306 
0.12000000 0.00000000 2841.43053704 59034.03784513 
0.14000000 0.00000000 1973.16286327 59878.60493659 
0.16000000 0.00000000 2007.70544818 59880.13567648 
0.18000000 0.00000000 2837.70005301 59074.94979857 
0.20000000 0.00000000 2836.73577894 59085.79441440 
0.22000000 0.00000000 2835.12413292 59097.71051021 
0.24000000 0.00000000 2833.30189183 59109.58632455 
0.26000000 0.00000000 2821.32770216 59146.29353636 
0.28000000 0.00000000 2819.10523531 59157.59278018 
0.30000000 0.00000000 2816.85787786 59168.43289687 
0.32000000 0.00000000 2814.62679898 59178.58902957 
0.34000000 0.00000000 2812.55196891 59187.56526292 
0.36000000 0.00000000 2811.01031269 59194.33651274 
0.38000000 0.00000000 2809.88072721 59199.02056522 
0.40000000 0.00000000 1613.69783119 59630.68351544 
0.42000000 0.00000000 1614.30364006 59631.76163920 
0.44000000 0.00000000 2810.59010268 59195.96526335 
0.46000000 0.00000000 2812.18174092 59189.22276003 
0.48000000 0.00000000 2814.18876292 59180.32913861 
0.50000000 0.00000000 2816.66984383 59169.29694735 
0.52000000 0.00000000 2819.33693425 59156.95941988 
0.54000000 0.00000000 2821.97916916 59144.00094113 
0.56000000 0.00000000 2824.49128262 59130.84514651 
0.58000000 0.00000000 2836.57016164 59091.86480670 
0.60000000 0.00000000 2838.59298913 59078.43396051 
0.62000000 0.00000000 2840.38640966 59065.18396244 
0.64000000 0.00000000 2842.02470723 59051.81311352 
0.66000000 0.00000000 2076.90121638 59874.91622906 
0.68000000 0.00000000 2055.14307893 59877.26796763 
0.70000000 0.00000000 2845.82768741 59010.21243163 
0.72000000 0.00000000 2846.76660951 58995.38727454 
0.74000000 0.00000000 2847.14055724 58981.50736831 
0.76000000 0.00000000 2847.72097394 58965.92828821 
0.78000000 0.00000000 2847.27588160 58953.58125742 
0.80000000 0.00000000 2847.34774630 58938.72479519 
0.82000000 0.00000000 2847.20712193 58924.46623276 
0.84000000 0.00000000 2846.78500596 58911.50253742 
0.86000000 0.00000000 2859.44783893 58826.38595902 
0.88000000 0.00000000 2858.28420331 58814.12823135 
0.90000000 0.00000000 2826.60232896 58966.76415092 
0.92000000 0.00000000 2760.08893654 59179.83580270 
0.94000000 0.00000000 2854.61674987 58786.82925280 
0.96000000 0.00000000 2853.46085133 58780.82642255 
0.98000000 0.00000000 2859.93091476 58693.25449748 

