-1.00000000 0.00000000 1889.23703551 59110.92829239 
-0.98000000 0.00000000 1890.09817235 59111.80813621 
-0.96000000 0.00000000 1890.75916506 59112.05924690 
-0.94000000 0.00000000 1896.39104907 59154.57905078 
-0.92000000 0.00000000 1896.81948875 59154.11241702 
-0.90000000 0.00000000 1888.26655601 59072.83178464 
-0.88000000 0.00000000 1888.39667316 59071.90978929 
-0.86000000 0.00000000 1888.45646625 59070.71763780 
-0.84000000 0.00000000 1907.04224266 59214.25197973 
-0.82000000 0.00000000 1907.31185944 59214.50251960 
-0.80000000 0.00000000 1892.00882532 59104.78436841 
-0.78000000 0.00000000 1887.22529036 59048.77384080 
-0.76000000 0.00000000 1887.23270034 59047.86951810 
-0.74000000 0.00000000 1887.24951279 59047.17795744 
-0.72000000 0.00000000 1887.17041553 59045.09514615 
-0.70000000 0.00000000 1892.59301218 59106.35405595 
-0.68000000 0.00000000 1892.58704400 59106.05336468 
-0.66000000 0.00000000 1908.47699294 59214.92158695 
-0.64000000 0.00000000 1908.32880905 59214.53762383 
-0.62000000 0.00000000 1892.33491835 59105.36484464 
-0.60000000 0.00000000 1907.76600299 59213.86171165 
-0.58000000 0.00000000 1907.35718007 59213.59434432 
-0.56000000 0.00000000 1891.64272983 59104.80385048 
-0.54000000 0.00000000 1886.25430305 59043.34938561 
-0.52000000 0.00000000 1886.10963877 59044.96952450 
-0.50000000 0.00000000 1885.87580663 59045.14756001 
-0.48000000 0.00000000 1885.65216860 59045.36702041 
-0.46000000 0.00000000 1885.46234536 59045.88241094 
-0.44000000 0.00000000 1903.12809648 59208.70984667 
-0.42000000 0.00000000 1902.70096188 59208.25232038 
-0.40000000 0.00000000 1885.00756289 59046.32801075 
-0.38000000 0.00000000 1884.92530874 59046.49034387 
-0.36000000 0.00000000 1884.86944646 59046.56845884 
-0.34000000 0.00000000 1884.83733642 59046.63065632 
-0.32000000 0.00000000 1884.81989220 59046.67756812 
-0.30000000 0.00000000 1902.03879139 59209.20881882 
-0.28000000 0.00000000 1902.01915512 59209.35438875 
-0.26000000 0.00000000 1884.72543648 59046.69234734 
-0.24000000 0.00000000 1884.62670761 59046.68587007 
-0.22000000 0.00000000 1884.46312920 59046.71284114 
-0.20000000 0.00000000 1884.20131758 59046.60622229 
-0.18000000 0.00000000 1900.19030795 59208.10331806 
-0.16000000 0.00000000 1899.10936436 59206.86207911 
-0.14000000 0.00000000 1882.60698678 59045.94335765 
-0.12000000 0.00000000 1881.69504135 59044.96830845 
-0.10000000 0.00000000 1880.58087122 59044.07206075 
-0.08000000 0.00000000 1879.23584076 59042.85762475 
-0.06000000 0.00000000 1887.62528194 59190.76228863 
-0.04000000 0.00000000 1884.05389120 59185.04055852 
-0.02000000 0.00000000 1873.91223739 59040.44129155 
0.00000000 0.00000000 1871.70975389 59036.79569032 
0.02000000 0.00000000 1869.40492593 59033.06787591 
0.04000000 0.00000000 1867.05652127 59028.43793562 
0.06000000 0.00000000 1864.25882314 59061.14451056 
0.08000000 0.00000000 1862.13174148 59030.89357673 
0.10000000 0.00000000 1859.85240007 59026.75539408 
0.12000000 0.00000000 1857.76795811 59021.65954485 
0.14000000 0.00000000 2119.62068335 58304.62806181 
0.16000000 0.00000000 2097.81986603 58326.11842634 
0.18000000 0.00000000 1852.64305879 59006.95316540 
0.20000000 0.00000000 1851.20974834 59003.01698486 
0.22000000 0.00000000 1849.94546512 58998.50326765 
0.24000000 0.00000000 1848.78815449 58993.91051408 
0.26000000 0.00000000 1848.82030579 58977.97559683 
0.28000000 0.00000000 1847.88425933 58973.39601188 
0.30000000 0.00000000 1847.03097053 58968.94620300 
0.32000000 0.00000000 1846.28452386 58964.72472269 
0.34000000 0.00000000 1845.66826373 58960.95241282 
0.36000000 0.00000000 1845.17944299 58958.10015018 
0.38000000 0.00000000 1844.87427203 58956.10424985 
0.40000000 0.00000000 2464.07245082 58243.76738623 
0.42000000 0.00000000 2463.23495905 58243.25506402 
0.44000000 0.00000000 1845.10678112 58957.35785822 
0.46000000 0.00000000 1845.57100242 58960.19380682 
0.48000000 0.00000000 1846.22100456 58963.90920503 
0.50000000 0.00000000 1847.00716147 58968.50540159 
0.52000000 0.00000000 1847.91800284 58973.60296208 
0.54000000 0.00000000 1848.93372394 58978.89671297 
0.56000000 0.00000000 1850.03016137 58984.20246330 
0.58000000 0.00000000 1850.21721770 59000.93617702 
0.60000000 0.00000000 1851.49512177 59006.12930386 
0.62000000 0.00000000 1852.84176184 59011.16401766 
0.64000000 0.00000000 1854.26753235 59016.16282863 
0.66000000 0.00000000 2059.49923168 58371.22409156 
0.68000000 0.00000000 2071.52716037 58356.49688676 
0.70000000 0.00000000 1859.24746218 59031.17696731 
0.72000000 0.00000000 1861.18397856 59036.36985054 
0.74000000 0.00000000 1863.26845042 59041.07034347 
0.76000000 0.00000000 1865.45065545 59046.39412127 
0.78000000 0.00000000 1867.71601826 59050.32660118 
0.80000000 0.00000000 1870.00466713 59055.25158480 
0.82000000 0.00000000 1872.28363448 59059.91243512 
0.84000000 0.00000000 1874.50056291 59064.05310960 
0.86000000 0.00000000 1877.89947494 59096.55629084 
0.88000000 0.00000000 1880.14905853 59100.31741725 
0.90000000 0.00000000 1878.95998189 59038.75582508 
0.92000000 0.00000000 1880.40907068 58944.77893347 
0.94000000 0.00000000 1885.70471811 59108.30872944 
0.96000000 0.00000000 1887.12206130 59109.92799172 
0.98000000 0.00000000 1891.54609371 59142.12238970 

