-1.00000000 0.00000000 2199.35976680 58726.70808857 
-0.98000000 0.00000000 2199.14175141 58727.16754652 
-0.96000000 0.00000000 2199.07056435 58727.53673919 
-0.94000000 0.00000000 2190.02408210 58728.89860098 
-0.92000000 0.00000000 2190.11290778 58729.15370863 
-0.90000000 0.00000000 2207.27977064 58727.93312534 
-0.88000000 0.00000000 2207.48974176 58728.04959072 
-0.86000000 0.00000000 2207.75648668 58728.13782978 
-0.84000000 0.00000000 2177.13393543 58732.54082701 
-0.82000000 0.00000000 2177.07655918 58732.67034024 
-0.80000000 0.00000000 2200.67999386 58728.54597237 
-0.78000000 0.00000000 2212.34154531 58728.49481854 
-0.76000000 0.00000000 2212.53833937 58728.54187175 
-0.74000000 0.00000000 2212.68885928 58728.58426711 
-0.72000000 0.00000000 2213.12099562 58728.64194276 
-0.70000000 0.00000000 2200.37393755 58728.78689385 
-0.68000000 0.00000000 2200.43869605 58728.79520712 
-0.66000000 0.00000000 2176.93664081 58733.24273757 
-0.64000000 0.00000000 2177.02653510 58733.17329717 
-0.62000000 0.00000000 2200.59215805 58728.67912110 
-0.60000000 0.00000000 2177.21074991 58732.88966626 
-0.58000000 0.00000000 2177.29999737 58732.67775581 
-0.56000000 0.00000000 2200.73368499 58728.30839593 
-0.54000000 0.00000000 2213.48803449 58728.18053891 
-0.52000000 0.00000000 2213.15775188 58728.01210584 
-0.50000000 0.00000000 2213.12030905 58727.86502532 
-0.48000000 0.00000000 2213.07327550 58727.72238725 
-0.46000000 0.00000000 2212.96477385 58727.58533678 
-0.44000000 0.00000000 2178.64300235 58730.56897034 
-0.42000000 0.00000000 2178.76515280 58730.35734784 
-0.40000000 0.00000000 2212.85005766 58727.30141050 
-0.38000000 0.00000000 2212.80381840 58727.24819239 
-0.36000000 0.00000000 2212.77191132 58727.21522324 
-0.34000000 0.00000000 2212.74060899 58727.19735503 
-0.32000000 0.00000000 2212.71012060 58727.18897771 
-0.30000000 0.00000000 2178.53254444 58729.99764173 
-0.28000000 0.00000000 2178.48065516 58729.98514348 
-0.26000000 0.00000000 2212.63839681 58727.14243641 
-0.24000000 0.00000000 2212.61959895 58727.08530827 
-0.22000000 0.00000000 2212.59911094 58726.98596560 
-0.20000000 0.00000000 2212.61427846 58726.83226153 
-0.18000000 0.00000000 2178.80080473 58729.00735121 
-0.16000000 0.00000000 2179.14940305 58728.44060172 
-0.14000000 0.00000000 2212.81867493 58725.88444388 
-0.12000000 0.00000000 2213.08332408 58725.36991117 
-0.10000000 0.00000000 2213.36148777 58724.72554463 
-0.08000000 0.00000000 2213.73620585 58723.95393375 
-0.06000000 0.00000000 2183.70443545 58722.49517278 
-0.04000000 0.00000000 2185.30418027 58720.66872992 
-0.02000000 0.00000000 2214.83274738 58720.78828837 
0.00000000 0.00000000 2215.82375348 58719.61013499 
0.02000000 0.00000000 2216.85226610 58718.37432047 
0.04000000 0.00000000 2218.06835474 58717.15555186 
0.06000000 0.00000000 2212.14420864 58714.00540146 
0.08000000 0.00000000 2218.29654687 58714.06013848 
0.10000000 0.00000000 2219.43171324 58712.87427559 
0.12000000 0.00000000 2220.72971334 58711.85004703 
0.14000000 0.00000000 2298.32955587 58888.73772812 
0.16000000 0.00000000 2299.18635255 58877.07152100 
0.18000000 0.00000000 2224.40262016 58709.44147865 
0.20000000 0.00000000 2225.42848042 58708.76845458 
0.22000000 0.00000000 2226.55619136 58708.22591228 
0.24000000 0.00000000 2227.70012500 58707.75641716 
0.26000000 0.00000000 2230.83342078 58708.49031547 
0.28000000 0.00000000 2231.96615219 58708.16537317 
0.30000000 0.00000000 2233.06773612 58707.88920445 
0.32000000 0.00000000 2234.10782223 58707.66938191 
0.34000000 0.00000000 2235.03186769 58707.50668967 
0.36000000 0.00000000 2235.74195506 58707.37474682 
0.38000000 0.00000000 2236.23308032 58707.30580233 
0.40000000 0.00000000 2245.15435416 59022.92152137 
0.42000000 0.00000000 2245.35983472 59022.70019676 
0.44000000 0.00000000 2235.93877049 58707.38703165 
0.46000000 0.00000000 2235.24912494 58707.51267018 
0.48000000 0.00000000 2234.33469143 58707.70202238 
0.50000000 0.00000000 2233.21100156 58707.92963762 
0.52000000 0.00000000 2231.96094432 58708.20950528 
0.54000000 0.00000000 2230.65481236 58708.54667660 
0.56000000 0.00000000 2229.33974841 58708.93725547 
0.58000000 0.00000000 2225.99727823 58708.30248491 
0.60000000 0.00000000 2224.70211513 58708.82134732 
0.62000000 0.00000000 2223.44594433 58709.39466987 
0.64000000 0.00000000 2222.20415107 58710.02246715 
0.66000000 0.00000000 2299.43161456 58856.43895522 
0.68000000 0.00000000 2299.47672280 58863.41260876 
0.70000000 0.00000000 2218.47105442 58712.34709116 
0.72000000 0.00000000 2217.17569645 58713.28335674 
0.74000000 0.00000000 2215.96352029 58714.33063205 
0.76000000 0.00000000 2214.62595441 58715.40996211 
0.78000000 0.00000000 2213.55402920 58716.60111615 
0.80000000 0.00000000 2212.29586304 58717.76227711 
0.82000000 0.00000000 2211.09919699 58718.92864219 
0.84000000 0.00000000 2210.02150917 58720.07995869 
0.86000000 0.00000000 2203.26339785 58720.65067316 
0.88000000 0.00000000 2202.26719578 58721.82152789 
0.90000000 0.00000000 2214.49341638 58724.01165634 
0.92000000 0.00000000 2232.50219225 58729.72568958 
0.94000000 0.00000000 2200.13287948 58724.75476733 
0.96000000 0.00000000 2199.69529288 58725.51596213 
0.98000000 0.00000000 2192.85783945 58726.66908886 

