-1.00000000 0.00000000 1041.38245194 61906.25663988 
-0.98000000 0.00000000 1042.26275269 61905.44311409 
-0.96000000 0.00000000 1042.22641327 61904.21575871 
-0.94000000 0.00000000 1127.67639514 61963.84902415 
-0.92000000 0.00000000 1126.18699688 61962.05177337 
-0.90000000 0.00000000 978.02349378 61847.19074630 
-0.88000000 0.00000000 976.75421171 61845.68861865 
-0.86000000 0.00000000 975.12291611 61843.93489677 
-0.84000000 0.00000000 1290.42412849 62047.22415358 
-0.82000000 0.00000000 1291.00230282 62047.11386447 
-0.80000000 0.00000000 1029.23494944 61890.50342224 
-0.78000000 0.00000000 945.15830652 61814.15457500 
-0.76000000 0.00000000 944.04825013 61812.89600287 
-0.74000000 0.00000000 943.20312553 61811.90112108 
-0.72000000 0.00000000 940.53589856 61809.03982921 
-0.70000000 0.00000000 1031.99510937 61891.89319178 
-0.68000000 0.00000000 1031.47984461 61891.40124142 
-0.66000000 0.00000000 1290.46662199 62044.74342418 
-0.64000000 0.00000000 1289.35787933 62044.40706407 
-0.62000000 0.00000000 1030.47306948 61890.90509514 
-0.60000000 0.00000000 1288.12480916 62044.75206717 
-0.58000000 0.00000000 1288.08832718 62045.47517015 
-0.56000000 0.00000000 1030.05862117 61891.90109733 
-0.54000000 0.00000000 938.68516104 61808.85681560 
-0.52000000 0.00000000 940.86694727 61811.66660822 
-0.50000000 0.00000000 941.17560307 61812.54555913 
-0.48000000 0.00000000 941.53002468 61813.45125500 
-0.46000000 0.00000000 942.26118404 61814.70217530 
-0.44000000 0.00000000 1280.18386455 62049.13936681 
-0.42000000 0.00000000 1279.45679365 62049.52463577 
-0.40000000 0.00000000 942.86864615 61816.35071628 
-0.38000000 0.00000000 943.03142002 61816.67501584 
-0.36000000 0.00000000 943.05282811 61816.76613699 
-0.34000000 0.00000000 943.02602970 61816.73409549 
-0.32000000 0.00000000 942.95697367 61816.60550098 
-0.30000000 0.00000000 1282.95958615 62052.05733548 
-0.28000000 0.00000000 1283.08701179 62051.98253776 
-0.26000000 0.00000000 942.54520049 61815.98913302 
-0.24000000 0.00000000 942.42978787 61815.93142053 
-0.22000000 0.00000000 942.41299243 61816.12079401 
-0.20000000 0.00000000 942.30588286 61816.42586959 
-0.18000000 0.00000000 1280.82178716 62053.13767670 
-0.16000000 0.00000000 1278.79759446 62053.90337768 
-0.14000000 0.00000000 942.40943980 61819.69474023 
-0.12000000 0.00000000 941.87541318 61821.06605097 
-0.10000000 0.00000000 941.74167961 61823.40485970 
-0.08000000 0.00000000 941.51825785 61826.25113358 
-0.06000000 0.00000000 1254.55167792 62062.87283093 
-0.04000000 0.00000000 1246.37920252 62065.74802184 
-0.02000000 0.00000000 944.91863535 61842.99539500 
0.00000000 0.00000000 942.92390487 61846.44109189 
0.02000000 0.00000000 941.14953719 61850.56883835 
0.04000000 0.00000000 938.36848919 61853.88980302 
0.06000000 0.00000000 994.30396950 61919.80020732 
0.08000000 0.00000000 950.48673646 61880.95909916 
0.10000000 0.00000000 948.80272505 61885.86575398 
0.12000000 0.00000000 945.55547458 61888.73076246 
0.14000000 0.00000000 550.39311937 60750.24888568 
0.16000000 0.00000000 554.84850606 60793.93284586 
0.18000000 0.00000000 935.70107560 61894.85277201 
0.20000000 0.00000000 933.64351033 61897.70112851 
0.22000000 0.00000000 930.66537274 61899.22167595 
0.24000000 0.00000000 927.59475567 61900.49107328 
0.26000000 0.00000000 907.79686039 61880.01038283 
0.28000000 0.00000000 904.90191863 61881.06886475 
0.30000000 0.00000000 902.14256944 61882.10873799 
0.32000000 0.00000000 899.51885776 61882.97256567 
0.34000000 0.00000000 897.15957337 61883.62371791 
0.36000000 0.00000000 895.52346259 61884.46253511 
0.38000000 0.00000000 894.32714246 61884.88368318 
0.40000000 0.00000000 508.73862297 60118.63802657 
0.42000000 0.00000000 508.80141978 60120.39409178 
0.44000000 0.00000000 895.16722833 61884.80140003 
0.46000000 0.00000000 896.93474509 61884.33426131 
0.48000000 0.00000000 899.18386718 61883.50293801 
0.50000000 0.00000000 902.11957925 61882.80913624 
0.52000000 0.00000000 905.42290860 61882.05652990 
0.54000000 0.00000000 908.85887685 61881.15633575 
0.56000000 0.00000000 912.32164861 61880.15305234 
0.58000000 0.00000000 933.04469516 61900.80528687 
0.60000000 0.00000000 936.71796247 61899.80802860 
0.62000000 0.00000000 940.30839377 61898.72686919 
0.64000000 0.00000000 943.96297560 61897.68278828 
0.66000000 0.00000000 565.60200183 60879.33776644 
0.68000000 0.00000000 562.54438404 60852.82845008 
0.70000000 0.00000000 955.07660604 61893.74563338 
0.72000000 0.00000000 958.99197648 61892.19154152 
0.74000000 0.00000000 962.09515436 61889.53278568 
0.76000000 0.00000000 966.20484559 61887.82146830 
0.78000000 0.00000000 968.21388487 61883.86012892 
0.80000000 0.00000000 971.96967176 61881.82293135 
0.82000000 0.00000000 975.56427937 61879.79651577 
0.84000000 0.00000000 978.66012732 61877.55487391 
0.86000000 0.00000000 1030.33687523 61920.02640904 
0.88000000 0.00000000 1033.65277327 61918.02038324 
0.90000000 0.00000000 935.30726714 61820.14112122 
0.92000000 0.00000000 831.44703979 61685.70905434 
0.94000000 0.00000000 1040.55927784 61912.46974073 
0.96000000 0.00000000 1041.84018325 61910.76979133 
0.98000000 0.00000000 1104.26071524 61954.69593981 

