-1.00000000 0.00000000 1936.94601443 58539.81097840 
-0.98000000 0.00000000 1936.78751033 58541.68577550 
-0.96000000 0.00000000 1936.92782650 58542.77598116 
-0.94000000 0.00000000 1913.50690006 58585.42187955 
-0.92000000 0.00000000 1913.98137700 58585.60526835 
-0.90000000 0.00000000 1960.02659460 58507.55455936 
-0.88000000 0.00000000 1960.66180591 58506.98180979 
-0.86000000 0.00000000 1961.43355327 58506.09776434 
-0.84000000 0.00000000 1882.35366548 58649.71705280 
-0.82000000 0.00000000 1882.32521914 58650.28895803 
-0.80000000 0.00000000 1941.98273673 58538.47569279 
-0.78000000 0.00000000 1974.56806685 58486.86409155 
-0.76000000 0.00000000 1975.13953913 58486.15192195 
-0.74000000 0.00000000 1975.58178259 58485.62263766 
-0.72000000 0.00000000 1976.85069524 58483.85911868 
-0.70000000 0.00000000 1941.28890835 58540.53983612 
-0.68000000 0.00000000 1941.47185345 58540.28654150 
-0.66000000 0.00000000 1882.59442261 58652.21460559 
-0.64000000 0.00000000 1882.75903300 58651.69213602 
-0.62000000 0.00000000 1941.78338189 58539.38528368 
-0.60000000 0.00000000 1882.91787708 58650.36476009 
-0.58000000 0.00000000 1882.89995005 58649.58825273 
-0.56000000 0.00000000 1941.81875644 58537.99306639 
-0.54000000 0.00000000 1977.53076607 58481.23576182 
-0.52000000 0.00000000 1976.45058390 58482.32712277 
-0.50000000 0.00000000 1976.23249607 58482.15325682 
-0.48000000 0.00000000 1975.99280220 58482.02629764 
-0.46000000 0.00000000 1975.58298927 58482.18042396 
-0.44000000 0.00000000 1883.96711981 58639.76537973 
-0.42000000 0.00000000 1884.05167789 58638.80463044 
-0.40000000 0.00000000 1975.09164619 58481.92611949 
-0.38000000 0.00000000 1974.94978141 58481.94718938 
-0.36000000 0.00000000 1974.87214228 58481.93769036 
-0.34000000 0.00000000 1974.81487329 58481.94838303 
-0.32000000 0.00000000 1974.77356944 58481.96752087 
-0.30000000 0.00000000 1883.17302282 58638.74215620 
-0.28000000 0.00000000 1883.07398023 58638.84668391 
-0.26000000 0.00000000 1974.71006440 58481.87234715 
-0.24000000 0.00000000 1974.66701669 58481.74182998 
-0.22000000 0.00000000 1974.57530453 58481.55047081 
-0.20000000 0.00000000 1974.52508722 58481.11994810 
-0.18000000 0.00000000 1883.02140962 58635.38643214 
-0.16000000 0.00000000 1883.29726545 58632.89778496 
-0.14000000 0.00000000 1974.24533271 58478.45610489 
-0.12000000 0.00000000 1974.46173295 58476.45026277 
-0.10000000 0.00000000 1974.54354283 58474.23014878 
-0.08000000 0.00000000 1974.72633308 58471.44090440 
-0.06000000 0.00000000 1887.98305677 58603.91538766 
-0.04000000 0.00000000 1889.86724884 58594.28864337 
-0.02000000 0.00000000 1973.95698540 58462.26845448 
0.00000000 0.00000000 1975.29302168 58456.36750564 
0.02000000 0.00000000 1976.63734779 58450.25963919 
0.04000000 0.00000000 1978.53020444 58443.37851171 
0.06000000 0.00000000 1956.86224546 58465.54422216 
0.08000000 0.00000000 1974.84792601 58438.53193545 
0.10000000 0.00000000 1976.45471982 58432.11514376 
0.12000000 0.00000000 1978.75269996 58425.21243134 
0.14000000 0.00000000 2559.07627168 58436.95281029 
0.16000000 0.00000000 2538.91252907 58406.17667273 
0.18000000 0.00000000 1985.80993868 58406.53265206 
0.20000000 0.00000000 1987.68413112 58401.44218072 
0.22000000 0.00000000 1990.00607618 58396.13370094 
0.24000000 0.00000000 1992.43257214 58390.91101327 
0.26000000 0.00000000 2002.64192225 58378.58789760 
0.28000000 0.00000000 2005.18247684 58373.70547338 
0.30000000 0.00000000 2007.68097284 58369.04149963 
0.32000000 0.00000000 2010.08311141 58364.70817908 
0.34000000 0.00000000 2012.25516969 58360.91024215 
0.36000000 0.00000000 2013.89009110 58358.00544005 
0.38000000 0.00000000 2015.05125085 58356.02567349 
0.40000000 0.00000000 2634.15439905 59029.27321847 
0.42000000 0.00000000 2634.48954013 59027.68959267 
0.44000000 0.00000000 2014.34176773 58357.31331517 
0.46000000 0.00000000 2012.70747073 58360.16230686 
0.48000000 0.00000000 2010.58655578 58363.95927367 
0.50000000 0.00000000 2007.95911174 58368.63476112 
0.52000000 0.00000000 2005.06710346 58373.88095205 
0.54000000 0.00000000 2002.09998906 58379.43325099 
0.56000000 0.00000000 1999.16669112 58385.11281074 
0.58000000 0.00000000 1988.56384454 58398.40633855 
0.60000000 0.00000000 1985.81115086 58404.27845521 
0.62000000 0.00000000 1983.19742775 58410.12147349 
0.64000000 0.00000000 1980.64956355 58416.04511505 
0.66000000 0.00000000 2496.93472840 58355.89937445 
0.68000000 0.00000000 2510.60539624 58370.96312620 
0.70000000 0.00000000 1973.35085715 58434.80268642 
0.72000000 0.00000000 1970.93482261 58441.58852337 
0.74000000 0.00000000 1968.89776858 58448.18978331 
0.76000000 0.00000000 1966.51778947 58455.42217678 
0.78000000 0.00000000 1965.04723456 58461.66265223 
0.80000000 0.00000000 1962.97018652 58468.72616974 
0.82000000 0.00000000 1961.05713760 58475.56690670 
0.84000000 0.00000000 1959.44389099 58481.90712959 
0.86000000 0.00000000 1940.83166664 58512.77721274 
0.88000000 0.00000000 1939.49559279 58518.88899071 
0.90000000 0.00000000 1977.14623369 58467.82154886 
0.92000000 0.00000000 2037.45964092 58397.39249628 
0.94000000 0.00000000 1937.00507426 58532.91739079 
0.96000000 0.00000000 1936.63099590 58536.15033314 
0.98000000 0.00000000 1918.93004187 58568.59352757 

