-1.00000000 0.00000000 -1251.98982157 57974.37980124 
-0.98000000 0.00000000 -1251.01042914 57976.75984573 
-0.96000000 0.00000000 -1250.73640293 57978.28347228 
-0.94000000 0.00000000 -1202.58550200 58022.08210126 
-0.92000000 0.00000000 -1203.12917957 58022.58607256 
-0.90000000 0.00000000 -1295.91941963 57945.93662939 
-0.88000000 0.00000000 -1296.96147146 57945.60100859 
-0.86000000 0.00000000 -1298.31888187 57944.94588856 
-0.84000000 0.00000000 -1136.61811600 58093.64635065 
-0.82000000 0.00000000 -1136.36215683 58094.42564452 
-0.80000000 0.00000000 -1258.96014469 57975.65644961 
-0.78000000 0.00000000 -1323.84451910 57928.40325436 
-0.76000000 0.00000000 -1324.88895207 57927.86472313 
-0.74000000 0.00000000 -1325.68758132 57927.47788045 
-0.72000000 0.00000000 -1328.12215518 57926.03578014 
-0.70000000 0.00000000 -1257.14401769 57978.02211819 
-0.68000000 0.00000000 -1257.48824518 57977.79982905 
-0.66000000 0.00000000 -1136.04214201 58097.23613547 
-0.64000000 0.00000000 -1136.45187213 58096.60247292 
-0.62000000 0.00000000 -1258.27092251 57976.79635768 
-0.60000000 0.00000000 -1137.12793325 58094.87154543 
-0.58000000 0.00000000 -1137.36680335 58093.80755660 
-0.56000000 0.00000000 -1258.88839150 57974.96725011 
-0.54000000 0.00000000 -1330.20078178 57923.07487899 
-0.52000000 0.00000000 -1328.30723129 57923.76480603 
-0.50000000 0.00000000 -1328.10911303 57923.38547960 
-0.48000000 0.00000000 -1327.86298962 57923.05222092 
-0.46000000 0.00000000 -1327.26952490 57922.97095952 
-0.44000000 0.00000000 -1142.19256240 58080.92410657 
-0.42000000 0.00000000 -1142.64542146 58079.65149752 
-0.40000000 0.00000000 -1326.79072968 57922.28631259 
-0.38000000 0.00000000 -1326.61860829 57922.21038411 
-0.36000000 0.00000000 -1326.54796042 57922.13753192 
-0.34000000 0.00000000 -1326.49867835 57922.10468116 
-0.32000000 0.00000000 -1326.47014579 57922.09377056 
-0.30000000 0.00000000 -1141.57972962 58079.10835152 
-0.28000000 0.00000000 -1141.44599621 58079.19659518 
-0.26000000 0.00000000 -1326.54755308 57921.90833228 
-0.24000000 0.00000000 -1326.58950638 57921.70756320 
-0.22000000 0.00000000 -1326.59120908 57921.39911055 
-0.20000000 0.00000000 -1326.74666741 57920.81263020 
-0.18000000 0.00000000 -1142.74210766 58074.51487722 
-0.16000000 0.00000000 -1143.99075848 58071.30651103 
-0.14000000 0.00000000 -1327.56463670 57917.23293207 
-0.12000000 0.00000000 -1328.69536301 57914.81542792 
-0.10000000 0.00000000 -1329.70942624 57912.04442761 
-0.08000000 0.00000000 -1331.07089133 57908.61666325 
-0.06000000 0.00000000 -1160.15217423 58034.80307014 
-0.04000000 0.00000000 -1165.92849295 58022.89110828 
-0.02000000 0.00000000 -1333.46618102 57896.49367231 
0.00000000 0.00000000 -1337.56825186 57889.85133780 
0.02000000 0.00000000 -1341.74202391 57882.96117956 
0.04000000 0.00000000 -1346.98271434 57875.45432603 
0.06000000 0.00000000 -1307.17030591 57890.13751037 
0.08000000 0.00000000 -1343.19989691 57866.90543168 
0.10000000 0.00000000 -1347.78069896 57859.78576510 
0.12000000 0.00000000 -1353.55094013 57852.51542287 
0.14000000 0.00000000 -2103.77113842 58588.18082400 
0.16000000 0.00000000 -2098.59551393 58517.83887282 
0.18000000 0.00000000 -1370.32875963 57833.51424165 
0.20000000 0.00000000 -1374.76462512 57828.33143349 
0.22000000 0.00000000 -1379.92555651 57823.19537554 
0.24000000 0.00000000 -1385.18636224 57818.25702298 
0.26000000 0.00000000 -1404.72380420 57809.95219910 
0.28000000 0.00000000 -1410.00888826 57805.61186043 
0.30000000 0.00000000 -1415.14486817 57801.53085101 
0.32000000 0.00000000 -1420.02652273 57797.81061291 
0.34000000 0.00000000 -1424.39822208 57794.60947669 
0.36000000 0.00000000 -1427.68680085 57792.14552684 
0.38000000 0.00000000 -1429.99626348 57790.50411865 
0.40000000 0.00000000 -1854.39384222 59487.91758294 
0.42000000 0.00000000 -1855.55889747 59486.21650186 
0.44000000 0.00000000 -1428.51295653 57791.59341360 
0.46000000 0.00000000 -1425.21253428 57793.97849046 
0.48000000 0.00000000 -1420.90779699 57797.21043626 
0.50000000 0.00000000 -1415.57477754 57801.19113778 
0.52000000 0.00000000 -1409.66974396 57805.71692882 
0.54000000 0.00000000 -1403.55344343 57810.59509021 
0.56000000 0.00000000 -1397.43614491 57815.67869784 
0.58000000 0.00000000 -1377.02917957 57825.03901178 
0.60000000 0.00000000 -1371.08735058 57830.59789745 
0.62000000 0.00000000 -1365.33314123 57836.23532607 
0.64000000 0.00000000 -1359.61822350 57842.04046808 
0.66000000 0.00000000 -2077.92117603 58387.65881557 
0.68000000 0.00000000 -2085.37963852 58427.51054448 
0.70000000 0.00000000 -1342.49753557 57861.07258978 
0.72000000 0.00000000 -1336.59571574 57868.15313339 
0.74000000 0.00000000 -1331.31015701 57875.26309031 
0.76000000 0.00000000 -1325.28372432 57882.98238006 
0.78000000 0.00000000 -1320.93686029 57890.02450488 
0.80000000 0.00000000 -1315.39301006 57897.75873007 
0.82000000 0.00000000 -1310.15661448 57905.33129826 
0.84000000 0.00000000 -1305.52217044 57912.46594558 
0.86000000 0.00000000 -1267.58718730 57941.39353108 
0.88000000 0.00000000 -1263.48031130 57948.55348024 
0.90000000 0.00000000 -1335.98254948 57905.47076115 
0.92000000 0.00000000 -1449.24942284 57859.67630136 
0.94000000 0.00000000 -1254.77626052 57965.39019703 
0.96000000 0.00000000 -1253.01670965 57969.40293461 
0.98000000 0.00000000 -1216.38046515 58002.52632371 

