-1.00000000 0.00000000 -1365.24093345 58550.45435502 
-0.98000000 0.00000000 -1365.10437383 58551.47047076 
-0.96000000 0.00000000 -1365.16681710 58552.10959488 
-0.94000000 0.00000000 -1350.47004805 58570.26654598 
-0.92000000 0.00000000 -1350.74724725 58570.47263275 
-0.90000000 0.00000000 -1379.42853259 58537.89420359 
-0.88000000 0.00000000 -1379.83153581 58537.70050025 
-0.86000000 0.00000000 -1380.31911520 58537.36538804 
-0.84000000 0.00000000 -1330.59180665 58598.46224415 
-0.82000000 0.00000000 -1330.56062987 58598.76044517 
-0.80000000 0.00000000 -1368.33231699 58550.76348847 
-0.78000000 0.00000000 -1388.38703175 58529.64523804 
-0.76000000 0.00000000 -1388.74306847 58529.36770548 
-0.74000000 0.00000000 -1389.01835703 58529.16450207 
-0.72000000 0.00000000 -1389.79338834 58528.46925134 
-0.70000000 0.00000000 -1367.90714501 58551.69817267 
-0.68000000 0.00000000 -1368.02080155 58551.59638274 
-0.66000000 0.00000000 -1330.63727032 58599.85401822 
-0.64000000 0.00000000 -1330.75019733 58599.60027917 
-0.62000000 0.00000000 -1368.22339205 58551.16438313 
-0.60000000 0.00000000 -1330.89835616 58598.88936050 
-0.58000000 0.00000000 -1330.92603246 58598.44472734 
-0.56000000 0.00000000 -1368.27659888 58550.40103319 
-0.54000000 0.00000000 -1390.21537112 58527.17521067 
-0.52000000 0.00000000 -1389.56176311 58527.53879417 
-0.50000000 0.00000000 -1389.42982063 58527.39996514 
-0.48000000 0.00000000 -1389.28394756 58527.28323557 
-0.46000000 0.00000000 -1389.03411830 58527.28412378 
-0.44000000 0.00000000 -1331.97684283 58593.18153412 
-0.42000000 0.00000000 -1332.06452722 58592.66816489 
-0.40000000 0.00000000 -1388.72033329 58527.06705285 
-0.38000000 0.00000000 -1388.62446051 58527.06132151 
-0.36000000 0.00000000 -1388.56494460 58527.05495612 
-0.34000000 0.00000000 -1388.51535309 58527.06590657 
-0.32000000 0.00000000 -1388.47326598 58527.08641366 
-0.30000000 0.00000000 -1331.51780068 58592.49172089 
-0.28000000 0.00000000 -1331.43841693 58592.54362050 
-0.26000000 0.00000000 -1388.37667406 58527.07834118 
-0.24000000 0.00000000 -1388.33265196 58527.01233947 
-0.22000000 0.00000000 -1388.26283133 58526.89654393 
-0.20000000 0.00000000 -1388.22444955 58526.64992461 
-0.18000000 0.00000000 -1331.48200883 58590.59432893 
-0.16000000 0.00000000 -1331.74593237 58589.22817402 
-0.14000000 0.00000000 -1388.10042862 58525.04055429 
-0.12000000 0.00000000 -1388.28055587 58523.91758682 
-0.10000000 0.00000000 -1388.40345474 58522.61964402 
-0.08000000 0.00000000 -1388.61378765 58521.00224809 
-0.06000000 0.00000000 -1335.86661573 58573.53386585 
-0.04000000 0.00000000 -1337.44875558 58568.38788926 
-0.02000000 0.00000000 -1388.64340713 58515.22384411 
0.00000000 0.00000000 -1389.65735049 58512.04589592 
0.02000000 0.00000000 -1390.69610871 58508.73910605 
0.04000000 0.00000000 -1392.06994931 58505.12437957 
0.06000000 0.00000000 -1379.69776540 58511.93611649 
0.08000000 0.00000000 -1390.51015228 58501.03962490 
0.10000000 0.00000000 -1391.74231553 58497.61570822 
0.12000000 0.00000000 -1393.36045497 58494.10100313 
0.14000000 0.00000000 -1665.10221307 58601.61159221 
0.16000000 0.00000000 -1657.92208776 58583.21914190 
0.18000000 0.00000000 -1398.21684142 58484.78944317 
0.20000000 0.00000000 -1399.54839523 58482.21166387 
0.22000000 0.00000000 -1401.13218836 58479.62265880 
0.24000000 0.00000000 -1402.77863622 58477.10475389 
0.26000000 0.00000000 -1408.74728714 58472.55054158 
0.28000000 0.00000000 -1410.45095381 58470.24873443 
0.30000000 0.00000000 -1412.12602193 58468.06415055 
0.32000000 0.00000000 -1413.73011696 58466.05411131 
0.34000000 0.00000000 -1415.17416367 58464.30948620 
0.36000000 0.00000000 -1416.27351576 58462.96405518 
0.38000000 0.00000000 -1417.04779571 58462.06031437 
0.40000000 0.00000000 -1664.18235363 58899.75356240 
0.42000000 0.00000000 -1664.41511651 58899.03486251 
0.44000000 0.00000000 -1416.59078680 58462.65462247 
0.46000000 0.00000000 -1415.51034110 58463.96140402 
0.48000000 0.00000000 -1414.09612218 58465.72054942 
0.50000000 0.00000000 -1412.35216099 58467.87934418 
0.52000000 0.00000000 -1410.42798548 58470.31543889 
0.54000000 0.00000000 -1408.44439756 58472.91761879 
0.56000000 0.00000000 -1406.47565194 58475.60381616 
0.58000000 0.00000000 -1400.22416994 58480.63671924 
0.60000000 0.00000000 -1398.35735348 58483.46690276 
0.62000000 0.00000000 -1396.58013608 58486.30733152 
0.64000000 0.00000000 -1394.84885609 58489.20197494 
0.66000000 0.00000000 -1642.48240368 58552.33787034 
0.68000000 0.00000000 -1647.77752643 58562.14147748 
0.70000000 0.00000000 -1389.85436336 58498.50698178 
0.72000000 0.00000000 -1388.18661552 58501.91439280 
0.74000000 0.00000000 -1386.73033278 58505.31568812 
0.76000000 0.00000000 -1385.06950765 58508.98701853 
0.78000000 0.00000000 -1383.94012341 58512.32647928 
0.80000000 0.00000000 -1382.46063650 58515.97121418 
0.82000000 0.00000000 -1381.08706971 58519.52184298 
0.84000000 0.00000000 -1379.90624610 58522.85152808 
0.86000000 0.00000000 -1368.50487234 58535.72094217 
0.88000000 0.00000000 -1367.48310956 58538.96199137 
0.90000000 0.00000000 -1390.01942930 58519.64053141 
0.92000000 0.00000000 -1425.19318049 58494.54985766 
0.94000000 0.00000000 -1365.50386823 58546.50370702 
0.96000000 0.00000000 -1365.17554078 58548.27599405 
0.98000000 0.00000000 -1354.09886228 58562.14302231 

