-1.00000000 0.00000000 -2075.46121219 63138.89270555 
-0.98000000 0.00000000 -2069.70437615 63141.98075199 
-0.96000000 0.00000000 -2060.22047482 63147.16306828 
-0.94000000 0.00000000 -2628.63439242 62780.77422706 
-0.92000000 0.00000000 -2610.17758922 62794.05729492 
-0.90000000 0.00000000 -1646.46908225 63356.63934693 
-0.88000000 0.00000000 -1636.66290873 63360.97520646 
-0.86000000 0.00000000 -1625.32447741 63365.98236302 
-0.84000000 0.00000000 -3760.97790746 61695.66184837 
-0.82000000 0.00000000 -3760.54962435 61695.98307664 
-0.80000000 0.00000000 -1949.97230428 63206.49538331 
-0.78000000 0.00000000 -1448.72624169 63441.17409410 
-0.76000000 0.00000000 -1441.55620946 63444.00126329 
-0.74000000 0.00000000 -1435.88180756 63446.21695312 
-0.72000000 0.00000000 -1420.12555840 63452.47507085 
-0.70000000 0.00000000 -1959.82530718 63200.78039012 
-0.68000000 0.00000000 -1955.84675662 63202.84447702 
-0.66000000 0.00000000 -3729.83861203 61732.38553790 
-0.64000000 0.00000000 -3723.41051133 61740.15904549 
-0.62000000 0.00000000 -1951.62688691 63205.01821995 
-0.60000000 0.00000000 -3724.16881485 61739.27423366 
-0.58000000 0.00000000 -3731.99624555 61729.82610248 
-0.56000000 0.00000000 -1959.05167234 63201.16171260 
-0.54000000 0.00000000 -1419.37722291 63452.72927530 
-0.52000000 0.00000000 -1434.86358441 63446.57220894 
-0.50000000 0.00000000 -1439.91920113 63444.59444870 
-0.48000000 0.00000000 -1445.13413883 63442.54439151 
-0.46000000 0.00000000 -1452.25424017 63439.70653876 
-0.44000000 0.00000000 -3754.99939256 61702.65831777 
-0.42000000 0.00000000 -3757.66712422 61699.46564749 
-0.40000000 0.00000000 -1461.89453967 63435.87821528 
-0.38000000 0.00000000 -1463.79382455 63435.11198104 
-0.36000000 0.00000000 -1464.36021201 63434.88038622 
-0.34000000 0.00000000 -1464.20761559 63434.93392961 
-0.32000000 0.00000000 -1463.48829250 63435.21257865 
-0.30000000 0.00000000 -3793.06640640 61655.33964025 
-0.28000000 0.00000000 -3792.38170968 61656.14675290 
-0.26000000 0.00000000 -1459.90796217 63436.61755113 
-0.24000000 0.00000000 -1459.49006221 63436.77549780 
-0.22000000 0.00000000 -1460.41393961 63436.39415949 
-0.20000000 0.00000000 -1461.93954412 63435.77941817 
-0.18000000 0.00000000 -3797.66839302 61649.48774415 
-0.16000000 0.00000000 -3800.47263118 61646.06465181 
-0.14000000 0.00000000 -1479.27805407 63428.78055631 
-0.12000000 0.00000000 -1486.47567410 63425.88778108 
-0.10000000 0.00000000 -1499.03364680 63420.76777706 
-0.08000000 0.00000000 -1514.40683244 63414.44797994 
-0.06000000 0.00000000 -3834.25369024 61604.52524813 
-0.04000000 0.00000000 -3844.58726040 61591.69591221 
-0.02000000 0.00000000 -1608.82918228 63374.08233527 
0.00000000 0.00000000 -1627.83588371 63365.80672617 
0.02000000 0.00000000 -1651.01368683 63355.55665240 
0.04000000 0.00000000 -1669.27603660 63347.44101308 
0.06000000 0.00000000 -2130.36835051 63108.42126908 
0.08000000 0.00000000 -1839.45373033 63266.07510561 
0.10000000 0.00000000 -1869.71952418 63250.97192394 
0.12000000 0.00000000 -1886.21691095 63242.72353511 
0.14000000 0.00000000 121.17242667 63807.88036371 
0.16000000 0.00000000 108.80521639 63807.09743680 
0.18000000 0.00000000 -1919.43232239 63225.97240147 
0.20000000 0.00000000 -1936.29962439 63217.22886274 
0.22000000 0.00000000 -1943.89742116 63213.31046159 
0.24000000 0.00000000 -1949.70444666 63210.31174565 
0.26000000 0.00000000 -1808.69154221 63282.63158494 
0.28000000 0.00000000 -1812.98010320 63280.56224979 
0.30000000 0.00000000 -1817.22993669 63278.49868569 
0.32000000 0.00000000 -1820.52227276 63276.89904585 
0.34000000 0.00000000 -1822.73709786 63275.82586941 
0.36000000 0.00000000 -1826.59317466 63273.92629972 
0.38000000 0.00000000 -1828.26826211 63273.10478758 
0.40000000 0.00000000 220.22588296 63813.83008614 
0.42000000 0.00000000 220.07310817 63813.82322770 
0.44000000 0.00000000 -1828.37069604 63273.05212783 
0.46000000 0.00000000 -1826.83480243 63273.80442403 
0.48000000 0.00000000 -1823.48072371 63275.45635939 
0.50000000 0.00000000 -1821.46590672 63276.43550025 
0.52000000 0.00000000 -1819.39333124 63277.43923842 
0.54000000 0.00000000 -1816.56063949 63278.81676160 
0.56000000 0.00000000 -1813.14389224 63280.47954079 
0.58000000 0.00000000 -1956.78970432 63206.62673699 
0.60000000 0.00000000 -1953.46262182 63208.35933407 
0.62000000 0.00000000 -1949.46166284 63210.44234320 
0.64000000 0.00000000 -1945.65156700 63212.41394472 
0.66000000 0.00000000 80.80838870 63805.23292987 
0.68000000 0.00000000 90.03744324 63805.89925046 
0.70000000 0.00000000 -1928.43642540 63221.29753045 
0.72000000 0.00000000 -1921.06878701 63225.07382883 
0.74000000 0.00000000 -1905.92863313 63232.87107632 
0.76000000 0.00000000 -1897.53659695 63237.11275116 
0.78000000 0.00000000 -1873.26759302 63249.47423703 
0.80000000 0.00000000 -1862.48339206 63254.84378415 
0.82000000 0.00000000 -1851.62594398 63260.21295264 
0.84000000 0.00000000 -1839.04660400 63266.41112298 
0.86000000 0.00000000 -2169.23364392 63085.86728636 
0.88000000 0.00000000 -2157.26019767 63092.75573423 
0.90000000 0.00000000 -1484.09037914 63428.50272090 
0.92000000 0.00000000 -900.78705158 63630.70519276 
0.94000000 0.00000000 -2121.58989920 63113.02593621 
0.96000000 0.00000000 -2109.77326323 63119.66320877 
0.98000000 0.00000000 -2521.26240908 62858.25950701 

