-1.00000000 0.00000000 2183.91952489 59204.87557244 
-0.98000000 0.00000000 2184.67470189 59204.12499947 
-0.96000000 0.00000000 2185.07013609 59203.46787296 
-0.94000000 0.00000000 2205.38495946 59205.49243699 
-0.92000000 0.00000000 2205.37268542 59204.94714811 
-0.90000000 0.00000000 2167.65387955 59198.46275898 
-0.88000000 0.00000000 2167.30888152 59198.14483743 
-0.86000000 0.00000000 2166.82195560 59197.84810595 
-0.84000000 0.00000000 2235.37849322 59204.79507918 
-0.82000000 0.00000000 2235.59864659 59204.55074601 
-0.80000000 0.00000000 2182.46514996 59200.75255010 
-0.78000000 0.00000000 2157.18773374 59194.78229354 
-0.76000000 0.00000000 2156.80815515 59194.59480036 
-0.74000000 0.00000000 2156.52238767 59194.43982714 
-0.72000000 0.00000000 2155.62725868 59194.10566344 
-0.70000000 0.00000000 2183.34054285 59200.44591391 
-0.68000000 0.00000000 2183.21021469 59200.39563147 
-0.66000000 0.00000000 2236.28997849 59203.38577018 
-0.64000000 0.00000000 2236.05738760 59203.48046545 
-0.62000000 0.00000000 2182.80948350 59200.53302728 
-0.60000000 0.00000000 2235.50297243 59203.97298796 
-0.58000000 0.00000000 2235.19385810 59204.36875800 
-0.56000000 0.00000000 2182.26920165 59201.16000137 
-0.54000000 0.00000000 2154.52227306 59194.72156733 
-0.52000000 0.00000000 2155.12830287 59195.19965667 
-0.50000000 0.00000000 2155.10624203 59195.48080177 
-0.48000000 0.00000000 2155.10639658 59195.75933702 
-0.46000000 0.00000000 2155.24305592 59196.06167390 
-0.44000000 0.00000000 2231.11416889 59208.07276515 
-0.42000000 0.00000000 2230.72249865 59208.45096832 
-0.40000000 0.00000000 2155.25977082 59196.62530941 
-0.38000000 0.00000000 2155.30398185 59196.74275183 
-0.36000000 0.00000000 2155.32683174 59196.81542474 
-0.34000000 0.00000000 2155.35509249 59196.85992463 
-0.32000000 0.00000000 2155.38494896 59196.88603092 
-0.30000000 0.00000000 2230.88684761 59209.32390395 
-0.28000000 0.00000000 2230.95833549 59209.37082529 
-0.26000000 0.00000000 2155.40919740 59196.98541962 
-0.24000000 0.00000000 2155.38191159 59197.08838615 
-0.22000000 0.00000000 2155.33688232 59197.26745797 
-0.20000000 0.00000000 2155.18885767 59197.52445772 
-0.18000000 0.00000000 2229.61247716 59211.14906624 
-0.16000000 0.00000000 2228.55885890 59212.10868267 
-0.14000000 0.00000000 2154.19120185 59199.08888972 
-0.12000000 0.00000000 2153.35411747 59199.86261009 
-0.10000000 0.00000000 2152.43989476 59200.86648783 
-0.08000000 0.00000000 2151.27174413 59202.04956510 
-0.06000000 0.00000000 2215.91812247 59221.68469576 
-0.04000000 0.00000000 2211.65339169 59224.49311930 
-0.02000000 0.00000000 2147.54060249 59207.19640544 
0.00000000 0.00000000 2144.91317829 59208.77385448 
0.02000000 0.00000000 2142.19161641 59210.43245095 
0.04000000 0.00000000 2139.07973947 59211.94015737 
0.06000000 0.00000000 2150.66236718 59221.56027520 
0.08000000 0.00000000 2137.39058288 59217.58313731 
0.10000000 0.00000000 2134.48985197 59219.09196729 
0.12000000 0.00000000 2131.30846068 59220.18820282 
0.14000000 0.00000000 1981.98987769 58817.26364932 
0.16000000 0.00000000 1980.92511008 58841.35860033 
0.18000000 0.00000000 2122.57306451 59222.36886924 
0.20000000 0.00000000 2120.17545627 59222.99753734 
0.22000000 0.00000000 2117.63001468 59223.32245759 
0.24000000 0.00000000 2115.10031187 59223.51214531 
0.26000000 0.00000000 2108.74746737 59220.05653316 
0.28000000 0.00000000 2106.33283223 59220.00002686 
0.30000000 0.00000000 2104.01231781 59219.88016026 
0.32000000 0.00000000 2101.84398921 59219.69615187 
0.34000000 0.00000000 2099.93410963 59219.47546071 
0.36000000 0.00000000 2098.47233494 59219.32703448 
0.38000000 0.00000000 2097.47043438 59219.18441948 
0.40000000 0.00000000 2075.77470661 58507.24292435 
0.42000000 0.00000000 2075.36181300 58507.86664017 
0.44000000 0.00000000 2098.10697444 59219.22647974 
0.46000000 0.00000000 2099.53821862 59219.39274528 
0.48000000 0.00000000 2101.44095763 59219.56595317 
0.50000000 0.00000000 2103.78297248 59219.79183325 
0.52000000 0.00000000 2106.40262273 59219.99533565 
0.54000000 0.00000000 2109.16221855 59220.12712291 
0.56000000 0.00000000 2111.96945735 59220.16978155 
0.58000000 0.00000000 2118.78455585 59223.55552312 
0.60000000 0.00000000 2121.63603728 59223.35953253 
0.62000000 0.00000000 2124.44972242 59223.04852515 
0.64000000 0.00000000 2127.27913855 59222.63796908 
0.66000000 0.00000000 1981.28130965 58885.28231844 
0.68000000 0.00000000 1981.01894774 58871.13031824 
0.70000000 0.00000000 2136.08814931 59220.62360124 
0.72000000 0.00000000 2139.23207273 59219.68376688 
0.74000000 0.00000000 2142.25269008 59218.47777842 
0.76000000 0.00000000 2145.56910570 59217.28618776 
0.78000000 0.00000000 2148.36637003 59215.71240302 
0.80000000 0.00000000 2151.56696913 59214.30532555 
0.82000000 0.00000000 2154.64908436 59212.84395774 
0.84000000 0.00000000 2157.48073627 59211.33339715 
0.86000000 0.00000000 2172.40608628 59214.19088461 
0.88000000 0.00000000 2175.09909477 59212.53057281 
0.90000000 0.00000000 2149.54490100 59201.49346625 
0.92000000 0.00000000 2112.72495131 59180.45117733 
0.94000000 0.00000000 2181.15891466 59208.14930892 
0.96000000 0.00000000 2182.51213910 59206.94580465 
0.98000000 0.00000000 2197.93966679 59208.36381472 

