-1.00000000 0.00000000 -2105.86884823 58855.10998559 
-0.98000000 0.00000000 -2105.66966488 58851.32217742 
-0.96000000 0.00000000 -2105.20258986 58849.39189456 
-0.94000000 0.00000000 -2129.06288995 58734.91078922 
-0.92000000 0.00000000 -2128.28448138 58735.20263055 
-0.90000000 0.00000000 -2076.89915945 58945.66986911 
-0.88000000 0.00000000 -2076.05075622 58947.41723828 
-0.86000000 0.00000000 -2075.04171950 58949.92247273 
-0.84000000 0.00000000 -2150.70787375 58562.23171445 
-0.82000000 0.00000000 -2150.47855783 58561.04306467 
-0.80000000 0.00000000 -2098.59921079 58863.56900245 
-0.78000000 0.00000000 -2057.78233458 59001.54069334 
-0.76000000 0.00000000 -2057.01114767 59003.48224082 
-0.74000000 0.00000000 -2056.41052600 59004.93941199 
-0.72000000 0.00000000 -2054.69047043 59009.68754617 
-0.70000000 0.00000000 -2099.20467941 58858.51250570 
-0.68000000 0.00000000 -2098.98128158 58859.22080455 
-0.66000000 0.00000000 -2149.09053622 58557.73780223 
-0.64000000 0.00000000 -2149.09141021 58559.00492781 
-0.62000000 0.00000000 -2098.70915662 58861.34107260 
-0.60000000 0.00000000 -2149.49906654 58561.75302278 
-0.58000000 0.00000000 -2149.91082837 58563.15780629 
-0.56000000 0.00000000 -2098.98506043 58864.07045252 
-0.54000000 0.00000000 -2053.93954895 59015.49772550 
-0.52000000 0.00000000 -2055.46121624 59012.24361934 
-0.50000000 0.00000000 -2055.80937311 59012.37060359 
-0.48000000 0.00000000 -2056.18413073 59012.38731721 
-0.46000000 0.00000000 -2056.78570907 59011.67879291 
-0.44000000 0.00000000 -2153.04166031 58583.33265579 
-0.42000000 0.00000000 -2153.36485929 58585.29913609 
-0.40000000 0.00000000 -2057.52934467 59011.77457054 
-0.38000000 0.00000000 -2057.72524960 59011.63880879 
-0.36000000 0.00000000 -2057.82263145 59011.63950631 
-0.34000000 0.00000000 -2057.88273472 59011.63043081 
-0.32000000 0.00000000 -2057.91375353 59011.62868927 
-0.30000000 0.00000000 -2154.67110272 58584.25565763 
-0.28000000 0.00000000 -2154.74468740 58583.98736517 
-0.26000000 0.00000000 -2057.91532917 59011.99792582 
-0.24000000 0.00000000 -2057.95923519 59012.27680999 
-0.22000000 0.00000000 -2058.08741452 59012.60153636 
-0.20000000 0.00000000 -2058.18556496 59013.40287069 
-0.18000000 0.00000000 -2156.27651458 58590.65322515 
-0.16000000 0.00000000 -2156.97671069 58595.72100543 
-0.14000000 0.00000000 -2058.90921586 59017.99169496 
-0.12000000 0.00000000 -2058.83761728 59021.85879444 
-0.10000000 0.00000000 -2059.02225952 59025.88220316 
-0.08000000 0.00000000 -2059.14032028 59030.99350494 
-0.06000000 0.00000000 -2162.41508182 58656.23935558 
-0.04000000 0.00000000 -2163.43621393 58676.74347280 
-0.02000000 0.00000000 -2061.83440212 59045.61183037 
0.00000000 0.00000000 -2060.56794050 59057.48884135 
0.02000000 0.00000000 -2059.29655808 59069.66621317 
0.04000000 0.00000000 -2057.19598037 59083.85901794 
0.06000000 0.00000000 -2090.04095972 59014.54161935 
0.08000000 0.00000000 -2064.24856184 59086.54859310 
0.10000000 0.00000000 -2062.55839862 59099.45146829 
0.12000000 0.00000000 -2059.72654624 59114.08304900 
0.14000000 0.00000000 -1162.99137852 59752.69770119 
0.16000000 0.00000000 -1194.63199409 59761.11778106 
0.18000000 0.00000000 -2050.48893743 59154.31468687 
0.20000000 0.00000000 -2048.06770205 59164.99226032 
0.22000000 0.00000000 -2044.90468119 59176.54618173 
0.24000000 0.00000000 -2041.55815327 59187.99446078 
0.26000000 0.00000000 -2025.44451059 59221.30665983 
0.28000000 0.00000000 -2021.83089053 59232.05633826 
0.30000000 0.00000000 -2018.26270283 59242.33623330 
0.32000000 0.00000000 -2014.80854393 59251.93038589 
0.34000000 0.00000000 -2011.66460091 59260.37941514 
0.36000000 0.00000000 -2009.31626089 59266.76314625 
0.38000000 0.00000000 -2007.63519190 59271.15963501 
0.40000000 0.00000000 -843.71849395 59429.87867219 
0.42000000 0.00000000 -844.23230484 59431.10724414 
0.44000000 0.00000000 -2008.70767780 59268.28645809 
0.46000000 0.00000000 -2011.09771498 59261.94959877 
0.48000000 0.00000000 -2014.16809896 59253.56231857 
0.50000000 0.00000000 -2017.97244940 59243.15879048 
0.52000000 0.00000000 -2022.13329206 59231.49332093 
0.54000000 0.00000000 -2026.36334757 59219.19338681 
0.56000000 0.00000000 -2030.50737779 59206.65550024 
0.58000000 0.00000000 -2047.05745688 59171.08460721 
0.60000000 0.00000000 -2050.81407237 59158.12638052 
0.62000000 0.00000000 -2054.33938840 59145.28079845 
0.64000000 0.00000000 -2057.74382802 59132.26604060 
0.66000000 0.00000000 -1258.68458964 59769.94954097 
0.68000000 0.00000000 -1238.54730872 59767.88812244 
0.70000000 0.00000000 -2067.17106320 59091.36549594 
0.72000000 0.00000000 -2070.15499872 59076.65599078 
0.74000000 0.00000000 -2072.48685818 59062.71707002 
0.76000000 0.00000000 -2075.25432814 59047.12575920 
0.78000000 0.00000000 -2076.61591311 59034.46751980 
0.80000000 0.00000000 -2078.81469679 59019.43906534 
0.82000000 0.00000000 -2080.73301767 59004.94560053 
0.84000000 0.00000000 -2082.20625627 58991.67039817 
0.86000000 0.00000000 -2106.21563451 58909.68370130 
0.88000000 0.00000000 -2106.91242300 58896.86905139 
0.90000000 0.00000000 -2055.69969292 59041.03017397 
0.92000000 0.00000000 -1964.98651027 59235.97682379 
0.94000000 0.00000000 -2107.45787111 58867.96858658 
0.96000000 0.00000000 -2107.25023117 58861.49766770 
0.98000000 0.00000000 -2126.03763876 58774.92986411 

