-1.00000000 0.00000000 1224.58863104 58733.61128753 
-0.98000000 0.00000000 1225.20871401 58736.10683983 
-0.96000000 0.00000000 1225.89847849 58736.88169655 
-0.94000000 0.00000000 1209.91096099 58863.11419586 
-0.92000000 0.00000000 1210.67687533 58861.78822734 
-0.90000000 0.00000000 1243.88753345 58625.14341447 
-0.88000000 0.00000000 1244.51425925 58622.81743612 
-0.86000000 0.00000000 1245.19949212 58619.72503754 
-0.84000000 0.00000000 1190.38994542 59050.00677646 
-0.82000000 0.00000000 1190.57532137 59050.88875780 
-0.80000000 0.00000000 1231.20164573 58717.33522451 
-0.78000000 0.00000000 1255.40892316 58559.38825753 
-0.76000000 0.00000000 1255.89721392 58557.03318884 
-0.74000000 0.00000000 1256.28790305 58555.23808714 
-0.72000000 0.00000000 1257.31362343 58549.57852098 
-0.70000000 0.00000000 1231.09506356 58722.26995081 
-0.68000000 0.00000000 1231.25792795 58721.42146881 
-0.66000000 0.00000000 1191.88241620 59052.17771429 
-0.64000000 0.00000000 1191.91601886 59050.96240827 
-0.62000000 0.00000000 1231.31621160 58719.44702862 
-0.60000000 0.00000000 1191.57237471 59048.96663351 
-0.58000000 0.00000000 1191.18693479 59048.27206967 
-0.56000000 0.00000000 1230.69823492 58717.84316741 
-0.54000000 0.00000000 1257.03820173 58544.61811557 
-0.52000000 0.00000000 1255.95532728 58549.00745149 
-0.50000000 0.00000000 1255.53908505 58549.41205090 
-0.48000000 0.00000000 1255.11541796 58549.92370870 
-0.46000000 0.00000000 1254.57826185 58551.24761114 
-0.44000000 0.00000000 1188.30662285 59034.22602937 
-0.42000000 0.00000000 1188.00213223 59032.87869406 
-0.40000000 0.00000000 1253.75066322 58552.10607870 
-0.38000000 0.00000000 1253.57377114 58552.39966463 
-0.36000000 0.00000000 1253.48603985 58552.44124863 
-0.34000000 0.00000000 1253.44688708 58552.41919029 
-0.32000000 0.00000000 1253.44368602 58552.33556087 
-0.30000000 0.00000000 1186.81655566 59035.32868525 
-0.28000000 0.00000000 1186.78612346 59035.53613675 
-0.26000000 0.00000000 1253.48722771 58551.65588418 
-0.24000000 0.00000000 1253.42649565 58551.39943395 
-0.22000000 0.00000000 1253.26060132 58551.26190707 
-0.20000000 0.00000000 1253.03113109 58550.80701831 
-0.18000000 0.00000000 1185.54584970 59031.22801149 
-0.16000000 0.00000000 1184.89679035 59027.73792332 
-0.14000000 0.00000000 1251.35834630 58549.12459488 
-0.12000000 0.00000000 1250.64414217 58546.81587685 
-0.10000000 0.00000000 1249.56919806 58544.97824737 
-0.08000000 0.00000000 1248.29856110 58542.55299098 
-0.06000000 0.00000000 1178.40012677 58985.66216234 
-0.04000000 0.00000000 1176.49198450 58971.30564505 
-0.02000000 0.00000000 1241.61348882 58540.91318882 
0.00000000 0.00000000 1240.15933529 58533.17503194 
0.02000000 0.00000000 1238.50996083 58525.55694752 
0.04000000 0.00000000 1237.19692151 58515.68371015 
0.06000000 0.00000000 1214.84094290 58613.90261312 
0.08000000 0.00000000 1227.62810889 58530.12886711 
0.10000000 0.00000000 1225.93241957 58522.22180910 
0.12000000 0.00000000 1225.00765011 58511.51870228 
0.14000000 0.00000000 2255.86495744 56845.62647928 
0.16000000 0.00000000 2182.04542976 56871.56736119 
0.18000000 0.00000000 1223.48535104 58480.56213333 
0.20000000 0.00000000 1222.82333160 58472.97531303 
0.22000000 0.00000000 1222.69731583 58463.73794257 
0.24000000 0.00000000 1222.72999785 58454.36500444 
0.26000000 0.00000000 1230.72681829 58411.79415754 
0.28000000 0.00000000 1230.99277815 58402.62247158 
0.30000000 0.00000000 1231.29155701 58393.79774549 
0.32000000 0.00000000 1231.64520106 58385.43307694 
0.34000000 0.00000000 1232.02184892 58377.94812649 
0.36000000 0.00000000 1232.22039534 58372.47243267 
0.38000000 0.00000000 1232.42014613 58368.58537502 
0.40000000 0.00000000 3385.45617439 57444.57365804 
0.42000000 0.00000000 3383.15064329 57440.41500480 
0.44000000 0.00000000 1232.30280908 58371.20235642 
0.46000000 0.00000000 1232.02448122 58376.84836841 
0.48000000 0.00000000 1231.73153203 58384.15614841 
0.50000000 0.00000000 1231.28588241 58393.37139528 
0.52000000 0.00000000 1230.81393786 58403.64362532 
0.54000000 0.00000000 1230.39610261 58414.32145255 
0.56000000 0.00000000 1230.05364019 58425.06092689 
0.58000000 0.00000000 1222.01351420 58469.47278358 
0.60000000 0.00000000 1221.86113216 58480.24383859 
0.62000000 0.00000000 1221.82339650 58490.77610170 
0.64000000 0.00000000 1221.85834282 58501.39340393 
0.66000000 0.00000000 2046.90361869 56942.30584268 
0.68000000 0.00000000 2087.17662493 56919.16406632 
0.70000000 0.00000000 1222.72384865 58533.86743106 
0.72000000 0.00000000 1223.24627635 58545.30446832 
0.74000000 0.00000000 1224.21467741 58555.34502726 
0.76000000 0.00000000 1224.93415194 58567.27828634 
0.78000000 0.00000000 1226.47340712 58575.32932464 
0.80000000 0.00000000 1227.43158549 58586.46687350 
0.82000000 0.00000000 1228.44259595 58597.11031684 
0.84000000 0.00000000 1229.56963194 58606.57286702 
0.86000000 0.00000000 1216.73030665 58698.71481209 
0.88000000 0.00000000 1217.93633265 58707.70082408 
0.90000000 0.00000000 1250.10038464 58530.39949019 
0.92000000 0.00000000 1303.91499286 58275.78546519 
0.94000000 0.00000000 1221.33561153 58727.24329235 
0.96000000 0.00000000 1222.35926339 58731.32316663 
0.98000000 0.00000000 1210.56431249 58826.22971456 

