-1.00000000 0.00000000 4208.57652910 57095.79058720 
-0.98000000 0.00000000 4206.32164209 57093.77967037 
-0.96000000 0.00000000 4206.41046971 57098.06421402 
-0.94000000 0.00000000 3954.92140126 56523.93482664 
-0.92000000 0.00000000 3960.11462330 56535.18495068 
-0.90000000 0.00000000 4337.53634379 57659.40919349 
-0.88000000 0.00000000 4339.23620479 57672.95989113 
-0.86000000 0.00000000 4341.45014444 57689.68250167 
-0.84000000 0.00000000 3407.70392496 55851.59729987 
-0.82000000 0.00000000 3406.14942037 55850.90933001 
-0.80000000 0.00000000 4238.21071494 57215.16500687 
-0.78000000 0.00000000 4373.21111870 57989.26524869 
-0.76000000 0.00000000 4373.87888441 58001.44252985 
-0.74000000 0.00000000 4374.33964065 58010.89587984 
-0.72000000 0.00000000 4375.91268414 58039.12011697 
-0.70000000 0.00000000 4231.80939500 57196.70321901 
-0.68000000 0.00000000 4233.05450981 57201.25198969 
-0.66000000 0.00000000 3410.06606336 55857.84327502 
-0.64000000 0.00000000 3413.68025151 55860.72018937 
-0.62000000 0.00000000 4235.53895824 57208.57502999 
-0.60000000 0.00000000 3417.20269400 55862.36198126 
-0.58000000 0.00000000 3416.81554791 55860.85745402 
-0.56000000 0.00000000 4236.70319305 57207.53581309 
-0.54000000 0.00000000 4378.39620609 58052.59773392 
-0.52000000 0.00000000 4377.55716902 58027.88996191 
-0.50000000 0.00000000 4377.80674094 58022.58178574 
-0.48000000 0.00000000 4378.00665011 58016.86607892 
-0.46000000 0.00000000 4377.91936535 58007.41335515 
-0.44000000 0.00000000 3438.12370047 55868.12851859 
-0.42000000 0.00000000 3440.05130310 55868.68399936 
-0.40000000 0.00000000 4378.33846223 57997.08455649 
-0.38000000 0.00000000 4378.37234252 57994.69548940 
-0.36000000 0.00000000 4378.44314797 57994.06601895 
-0.34000000 0.00000000 4378.49673693 57994.18481679 
-0.32000000 0.00000000 4378.54298071 57994.91819810 
-0.30000000 0.00000000 3427.54393360 55855.82555319 
-0.28000000 0.00000000 3427.18824431 55855.64390565 
-0.26000000 0.00000000 4378.79835202 57999.29441596 
-0.24000000 0.00000000 4378.94430141 58000.12473447 
-0.22000000 0.00000000 4379.11217171 57999.48075198 
-0.20000000 0.00000000 4379.46782622 57999.12764378 
-0.18000000 0.00000000 3433.17607427 55857.33006519 
-0.16000000 0.00000000 3438.81483803 55859.76358496 
-0.14000000 0.00000000 4381.36742094 57987.96304571 
-0.12000000 0.00000000 4382.89828433 57987.58020738 
-0.10000000 0.00000000 4384.45425065 57981.48911102 
-0.08000000 0.00000000 4386.39876811 57974.63985271 
-0.06000000 0.00000000 3507.83432863 55893.18295250 
-0.04000000 0.00000000 3531.64537705 55906.10162576 
-0.02000000 0.00000000 4390.79261273 57901.14442319 
0.00000000 0.00000000 4395.41429956 57905.91616493 
0.02000000 0.00000000 4400.05092610 57907.29016936 
0.04000000 0.00000000 4405.66603166 57918.59114289 
0.06000000 0.00000000 4324.47690276 57343.86264944 
0.08000000 0.00000000 4399.72781475 57753.42404750 
0.10000000 0.00000000 4404.53145990 57752.10958697 
0.12000000 0.00000000 4411.04200860 57768.09535289 
0.14000000 0.00000000 1727.64333459 61986.99355410 
0.16000000 0.00000000 1800.89720856 61976.23979092 
0.18000000 0.00000000 4429.14566708 57825.35810613 
0.20000000 0.00000000 4433.47729658 57833.48585679 
0.22000000 0.00000000 4438.51733915 57852.54621636 
0.24000000 0.00000000 4443.45308093 57873.33353697 
0.26000000 0.00000000 4457.15576213 58086.68516415 
0.28000000 0.00000000 4460.57274780 58108.16129615 
0.30000000 0.00000000 4463.71598231 58128.81745638 
0.32000000 0.00000000 4466.51703044 58148.99271189 
0.34000000 0.00000000 4468.86507128 58167.61905221 
0.36000000 0.00000000 4470.66070017 58179.67802593 
0.38000000 0.00000000 4471.83232496 58189.02451713 
0.40000000 0.00000000 1050.44243899 61906.04805477 
0.42000000 0.00000000 1051.59486528 61906.62219150 
0.44000000 0.00000000 4471.10305143 58182.00800949 
0.46000000 0.00000000 4469.41048582 58167.89693951 
0.48000000 0.00000000 4467.05361270 58150.61963976 
0.50000000 0.00000000 4464.08293688 58127.27218707 
0.52000000 0.00000000 4460.59217313 58101.17284295 
0.54000000 0.00000000 4456.71381264 58074.60522140 
0.56000000 0.00000000 4452.56596750 58048.38897296 
0.58000000 0.00000000 4435.80195277 57828.79500688 
0.60000000 0.00000000 4429.86897429 57802.73941264 
0.62000000 0.00000000 4423.84823772 57777.93640602 
0.64000000 0.00000000 4417.56550060 57752.93642876 
0.66000000 0.00000000 1958.85713021 61941.38646941 
0.68000000 0.00000000 1908.80898529 61953.09062870 
0.70000000 0.00000000 4397.16497817 57681.21274183 
0.72000000 0.00000000 4389.60188337 57657.12747639 
0.74000000 0.00000000 4383.00813104 57642.19045095 
0.76000000 0.00000000 4374.79171463 57617.80833510 
0.78000000 0.00000000 4369.67519350 57614.65703851 
0.80000000 0.00000000 4361.85846510 57594.24550089 
0.82000000 0.00000000 4354.25559713 57575.26214565 
0.84000000 0.00000000 4347.47836930 57560.60508944 
0.86000000 0.00000000 4237.24246599 57117.69609920 
0.88000000 0.00000000 4228.69254994 57104.22479151 
0.90000000 0.00000000 4390.97295588 58033.41094451 
0.92000000 0.00000000 4276.16389604 59245.65847018 
0.94000000 0.00000000 4210.79154192 57081.38276106 
0.96000000 0.00000000 4207.46370564 57079.44117327 
0.98000000 0.00000000 4027.60822488 56646.47779697 

