-1.00000000 0.00000000 316.33605959 63598.11742445 
-0.98000000 0.00000000 316.33605959 63598.11742445 
-0.96000000 0.00000000 316.33605959 63598.11742445 
-0.94000000 0.00000000 316.33605958 63598.11742446 
-0.92000000 0.00000000 316.33605958 63598.11742446 
-0.90000000 0.00000000 316.33605959 63598.11742446 
-0.88000000 0.00000000 316.33605959 63598.11742446 
-0.86000000 0.00000000 316.33605959 63598.11742446 
-0.84000000 0.00000000 316.33605955 63598.11742446 
-0.82000000 0.00000000 316.33605955 63598.11742446 
-0.80000000 0.00000000 316.33605959 63598.11742445 
-0.78000000 0.00000000 316.33605960 63598.11742446 
-0.76000000 0.00000000 316.33605960 63598.11742446 
-0.74000000 0.00000000 316.33605960 63598.11742446 
-0.72000000 0.00000000 316.33605960 63598.11742446 
-0.70000000 0.00000000 316.33605959 63598.11742445 
-0.68000000 0.00000000 316.33605959 63598.11742445 
-0.66000000 0.00000000 316.33605955 63598.11742446 
-0.64000000 0.00000000 316.33605955 63598.11742446 
-0.62000000 0.00000000 316.33605959 63598.11742445 
-0.60000000 0.00000000 316.33605955 63598.11742446 
-0.58000000 0.00000000 316.33605955 63598.11742446 
-0.56000000 0.00000000 316.33605959 63598.11742445 
-0.54000000 0.00000000 316.33605960 63598.11742446 
-0.52000000 0.00000000 316.33605960 63598.11742446 
-0.50000000 0.00000000 316.33605960 63598.11742446 
-0.48000000 0.00000000 316.33605960 63598.11742446 
-0.46000000 0.00000000 316.33605960 63598.11742446 
-0.44000000 0.00000000 316.33605955 63598.11742446 
-0.42000000 0.00000000 316.33605955 63598.11742446 
-0.40000000 0.00000000 316.33605960 63598.11742446 
-0.38000000 0.00000000 316.33605960 63598.11742446 
-0.36000000 0.00000000 316.33605960 63598.11742446 
-0.34000000 0.00000000 316.33605960 63598.11742446 
-0.32000000 0.00000000 316.33605960 63598.11742446 
-0.30000000 0.00000000 316.33605955 63598.11742446 
-0.28000000 0.00000000 316.33605955 63598.11742446 
-0.26000000 0.00000000 316.33605960 63598.11742446 
-0.24000000 0.00000000 316.33605960 63598.11742446 
-0.22000000 0.00000000 316.33605960 63598.11742446 
-0.20000000 0.00000000 316.33605960 63598.11742446 
-0.18000000 0.00000000 316.33605955 63598.11742446 
-0.16000000 0.00000000 316.33605955 63598.11742446 
-0.14000000 0.00000000 316.33605960 63598.11742446 
-0.12000000 0.00000000 316.33605960 63598.11742446 
-0.10000000 0.00000000 316.33605960 63598.11742446 
-0.08000000 0.00000000 316.33605960 63598.11742446 
-0.06000000 0.00000000 316.33605955 63598.11742446 
-0.04000000 0.00000000 316.33605955 63598.11742446 
-0.02000000 0.00000000 316.33605960 63598.11742446 
0.00000000 0.00000000 316.33605960 63598.11742446 
0.02000000 0.00000000 316.33605960 63598.11742446 
0.04000000 0.00000000 316.33605960 63598.11742446 
0.06000000 0.00000000 316.33605959 63598.11742445 
0.08000000 0.00000000 316.33605959 63598.11742446 
0.10000000 0.00000000 316.33605959 63598.11742446 
0.12000000 0.00000000 316.33605959 63598.11742446 
0.14000000 0.00000000 316.33605962 63598.11742446 
0.16000000 0.00000000 316.33605962 63598.11742446 
0.18000000 0.00000000 316.33605959 63598.11742446 
0.20000000 0.00000000 316.33605959 63598.11742446 
0.22000000 0.00000000 316.33605959 63598.11742446 
0.24000000 0.00000000 316.33605959 63598.11742446 
0.26000000 0.00000000 316.33605959 63598.11742446 
0.28000000 0.00000000 316.33605959 63598.11742446 
0.30000000 0.00000000 316.33605959 63598.11742446 
0.32000000 0.00000000 316.33605959 63598.11742446 
0.34000000 0.00000000 316.33605959 63598.11742446 
0.36000000 0.00000000 316.33605959 63598.11742446 
0.38000000 0.00000000 316.33605959 63598.11742446 
0.40000000 0.00000000 316.33605963 63598.11742446 
0.42000000 0.00000000 316.33605963 63598.11742446 
0.44000000 0.00000000 316.33605959 63598.11742446 
0.46000000 0.00000000 316.33605959 63598.11742446 
0.48000000 0.00000000 316.33605959 63598.11742446 
0.50000000 0.00000000 316.33605959 63598.11742446 
0.52000000 0.00000000 316.33605959 63598.11742446 
0.54000000 0.00000000 316.33605959 63598.11742446 
0.56000000 0.00000000 316.33605959 63598.11742446 
0.58000000 0.00000000 316.33605959 63598.11742446 
0.60000000 0.00000000 316.33605959 63598.11742446 
0.62000000 0.00000000 316.33605959 63598.11742446 
0.64000000 0.00000000 316.33605959 63598.11742446 
0.66000000 0.00000000 316.33605962 63598.11742446 
0.68000000 0.00000000 316.33605962 63598.11742446 
0.70000000 0.00000000 316.33605959 63598.11742446 
0.72000000 0.00000000 316.33605959 63598.11742446 
0.74000000 0.00000000 316.33605959 63598.11742446 
0.76000000 0.00000000 316.33605959 63598.11742446 
0.78000000 0.00000000 316.33605959 63598.11742446 
0.80000000 0.00000000 316.33605959 63598.11742446 
0.82000000 0.00000000 316.33605959 63598.11742446 
0.84000000 0.00000000 316.33605959 63598.11742446 
0.86000000 0.00000000 316.33605959 63598.11742445 
0.88000000 0.00000000 316.33605959 63598.11742445 
0.90000000 0.00000000 316.33605960 63598.11742446 
0.92000000 0.00000000 316.33605961 63598.11742446 
0.94000000 0.00000000 316.33605959 63598.11742445 
0.96000000 0.00000000 316.33605959 63598.11742445 
0.98000000 0.00000000 316.33605958 63598.11742445 

