-1.00000000 0.00000000 2305.05556433 58432.88589320 
-0.98000000 0.00000000 2304.03793662 58433.41618446 
-0.96000000 0.00000000 2303.48408590 58434.02033653 
-0.94000000 0.00000000 2277.54853803 58421.17987322 
-0.92000000 0.00000000 2277.53176209 58421.85319827 
-0.90000000 0.00000000 2325.37569870 58449.96604549 
-0.88000000 0.00000000 2325.77885135 58450.55935401 
-0.86000000 0.00000000 2326.36528003 58451.20957134 
-0.84000000 0.00000000 2239.02587422 58408.47409530 
-0.82000000 0.00000000 2238.73218589 58408.67611645 
-0.80000000 0.00000000 2306.56657476 58438.76457132 
-0.78000000 0.00000000 2338.35545608 58460.80477711 
-0.76000000 0.00000000 2338.81605640 58461.27010715 
-0.74000000 0.00000000 2339.16120861 58461.63804918 
-0.72000000 0.00000000 2340.26722063 58462.60801142 
-0.70000000 0.00000000 2305.40755507 58438.66557995 
-0.68000000 0.00000000 2305.56981884 58438.79833679 
-0.66000000 0.00000000 2237.80528634 58409.80105642 
-0.64000000 0.00000000 2238.10544382 58409.78454367 
-0.62000000 0.00000000 2306.09213245 58438.84436588 
-0.60000000 0.00000000 2238.82590880 58409.42051781 
-0.58000000 0.00000000 2239.22970932 58409.06990906 
-0.56000000 0.00000000 2306.82925466 58438.35651911 
-0.54000000 0.00000000 2341.74368452 58462.51474012 
-0.52000000 0.00000000 2341.02002486 58461.53793821 
-0.50000000 0.00000000 2341.07903991 58461.19807332 
-0.48000000 0.00000000 2341.10978367 58460.84795842 
-0.46000000 0.00000000 2340.96875287 58460.38379711 
-0.44000000 0.00000000 2244.53755636 58406.28608660 
-0.42000000 0.00000000 2245.05057130 58405.99231723 
-0.40000000 0.00000000 2341.01808377 58459.66952146 
-0.38000000 0.00000000 2340.97975085 58459.49757369 
-0.36000000 0.00000000 2340.96522572 58459.39592461 
-0.34000000 0.00000000 2340.94189326 58459.32714704 
-0.32000000 0.00000000 2340.91552199 58459.28121926 
-0.30000000 0.00000000 2244.89521919 58404.87564489 
-0.28000000 0.00000000 2244.81406311 58404.79416393 
-0.26000000 0.00000000 2340.92457113 58459.15937968 
-0.24000000 0.00000000 2340.97899324 58459.05216577 
-0.22000000 0.00000000 2341.06196060 58458.85882760 
-0.20000000 0.00000000 2341.28149936 58458.62864356 
-0.18000000 0.00000000 2246.60838285 58403.23313252 
-0.16000000 0.00000000 2247.97615645 58402.51634393 
-0.14000000 0.00000000 2342.69544114 58457.25537268 
-0.12000000 0.00000000 2343.82227516 58456.77886537 
-0.10000000 0.00000000 2345.06003527 58456.05099871 
-0.08000000 0.00000000 2346.62950857 58455.24449286 
-0.06000000 0.00000000 2264.28742462 58396.24087905 
-0.04000000 0.00000000 2269.78662149 58394.65301067 
-0.02000000 0.00000000 2351.70388931 58450.86611930 
0.00000000 0.00000000 2355.14447764 58450.43079813 
0.02000000 0.00000000 2358.70872884 58449.94986202 
0.04000000 0.00000000 2362.76187356 58449.91541654 
0.06000000 0.00000000 2348.37833387 58430.18691539 
0.08000000 0.00000000 2365.21288927 58443.50740789 
0.10000000 0.00000000 2368.99378100 58443.31997235 
0.12000000 0.00000000 2373.11201898 58443.86569039 
0.14000000 0.00000000 2416.64426338 59133.28984622 
0.16000000 0.00000000 2429.73372843 59103.08535580 
0.18000000 0.00000000 2384.35530090 58446.52071091 
0.20000000 0.00000000 2387.42913415 58447.21287916 
0.22000000 0.00000000 2390.66843630 58448.41549121 
0.24000000 0.00000000 2393.87244444 58449.79503942 
0.26000000 0.00000000 2401.72228726 58458.75824947 
0.28000000 0.00000000 2404.74358097 58460.43916791 
0.30000000 0.00000000 2407.63714606 58462.15098805 
0.32000000 0.00000000 2410.33210375 58463.85699835 
0.34000000 0.00000000 2412.69884568 58465.44712924 
0.36000000 0.00000000 2414.50819668 58466.63801299 
0.38000000 0.00000000 2415.74436612 58467.51261826 
0.40000000 0.00000000 2172.66585995 59393.62794911 
0.42000000 0.00000000 2173.31719707 59393.40590167 
0.44000000 0.00000000 2414.94686142 58467.01020986 
0.46000000 0.00000000 2413.17217349 58465.80648614 
0.48000000 0.00000000 2410.80941887 58464.28105173 
0.50000000 0.00000000 2407.89877959 58462.39535802 
0.52000000 0.00000000 2404.63624716 58460.36666999 
0.54000000 0.00000000 2401.18991457 58458.35682515 
0.56000000 0.00000000 2397.67313119 58456.45006391 
0.58000000 0.00000000 2389.22287926 58447.34270730 
0.60000000 0.00000000 2385.61268599 58445.78646955 
0.62000000 0.00000000 2382.03621835 58444.41686115 
0.64000000 0.00000000 2378.42595605 58443.17680373 
0.66000000 0.00000000 2450.68218897 59044.05959103 
0.68000000 0.00000000 2444.22021278 59063.28649395 
0.70000000 0.00000000 2367.10310113 58440.33998188 
0.72000000 0.00000000 2363.04012480 58439.63831723 
0.74000000 0.00000000 2359.11992834 58439.37454980 
0.76000000 0.00000000 2354.81957835 58438.91923916 
0.78000000 0.00000000 2351.16519621 58439.28983612 
0.80000000 0.00000000 2347.00071750 58439.20407736 
0.82000000 0.00000000 2342.98423454 58439.26828065 
0.84000000 0.00000000 2339.28451407 58439.55096744 
0.86000000 0.00000000 2320.26761004 58427.36854552 
0.88000000 0.00000000 2316.74582857 58428.00781577 
0.90000000 0.00000000 2348.81787837 58457.05445248 
0.92000000 0.00000000 2393.34118608 58509.45742789 
0.94000000 0.00000000 2308.77704659 58430.26616210 
0.96000000 0.00000000 2306.97982437 58431.05117010 
0.98000000 0.00000000 2287.24426740 58421.29936148 

