-1.00000000 0.00000000 2343.80541184 59078.22130644 
-0.98000000 0.00000000 2344.07063907 59076.95346852 
-0.96000000 0.00000000 2344.07349964 59076.14969669 
-0.94000000 0.00000000 2362.44416732 59053.63906758 
-0.92000000 0.00000000 2362.15438031 59053.36662971 
-0.90000000 0.00000000 2326.60709121 59093.50495069 
-0.88000000 0.00000000 2326.14401899 59093.72923649 
-0.86000000 0.00000000 2325.57027537 59094.12682155 
-0.84000000 0.00000000 2387.51710081 59018.04699828 
-0.82000000 0.00000000 2387.57745844 59017.65871056 
-0.80000000 0.00000000 2340.43091875 59077.71159397 
-0.78000000 0.00000000 2315.73843353 59103.46683781 
-0.76000000 0.00000000 2315.31475643 59103.79723981 
-0.74000000 0.00000000 2314.98867648 59104.03845747 
-0.72000000 0.00000000 2314.05003692 59104.87582034 
-0.70000000 0.00000000 2341.01617410 59076.53675996 
-0.68000000 0.00000000 2340.87873478 59076.66009164 
-0.66000000 0.00000000 2387.57200459 59016.23056083 
-0.64000000 0.00000000 2387.42343906 59016.55451786 
-0.62000000 0.00000000 2340.60524204 59077.19446928 
-0.60000000 0.00000000 2387.20198771 59017.46563988 
-0.58000000 0.00000000 2387.13867728 59018.03672070 
-0.56000000 0.00000000 2340.46054158 59078.14964935 
-0.54000000 0.00000000 2313.41736335 59106.45925543 
-0.52000000 0.00000000 2314.18065168 59106.02752016 
-0.50000000 0.00000000 2314.30594887 59106.20333331 
-0.48000000 0.00000000 2314.44918807 59106.35258840 
-0.46000000 0.00000000 2314.72168875 59106.35963579 
-0.44000000 0.00000000 2385.54205047 59024.78474485 
-0.42000000 0.00000000 2385.40102935 59025.44458741 
-0.40000000 0.00000000 2315.03021873 59106.64388923 
-0.38000000 0.00000000 2315.13135469 59106.65717444 
-0.36000000 0.00000000 2315.19201227 59106.67080140 
-0.34000000 0.00000000 2315.24356103 59106.66323264 
-0.32000000 0.00000000 2315.28767761 59106.64400983 
-0.30000000 0.00000000 2385.99740487 59025.70903386 
-0.28000000 0.00000000 2386.08730466 59025.64948535 
-0.26000000 0.00000000 2315.37697110 59106.67135671 
-0.24000000 0.00000000 2315.41186633 59106.75761610 
-0.22000000 0.00000000 2315.46952798 59106.90437282 
-0.20000000 0.00000000 2315.47719705 59107.20926960 
-0.18000000 0.00000000 2385.86567938 59028.15964630 
-0.16000000 0.00000000 2385.45559812 59029.89945575 
-0.14000000 0.00000000 2315.41316323 59109.17238813 
-0.12000000 0.00000000 2315.07941338 59110.53238951 
-0.10000000 0.00000000 2314.79046864 59112.10171491 
-0.08000000 0.00000000 2314.36816077 59114.05359487 
-0.06000000 0.00000000 2379.46483893 59049.74675957 
-0.04000000 0.00000000 2377.21006686 59056.21434511 
-0.02000000 0.00000000 2313.66886806 59121.01408071 
0.00000000 0.00000000 2312.16532199 59124.82487212 
0.02000000 0.00000000 2310.61535695 59128.78280923 
0.04000000 0.00000000 2308.64978647 59133.09748131 
0.06000000 0.00000000 2323.33864563 59125.12256533 
0.08000000 0.00000000 2309.90727233 59138.02012955 
0.10000000 0.00000000 2308.11286535 59142.09575168 
0.12000000 0.00000000 2305.87196651 59146.26185451 
0.14000000 0.00000000 2004.07074877 59069.29923776 
0.16000000 0.00000000 2012.74003658 59084.88709090 
0.18000000 0.00000000 2299.29490313 59157.22702158 
0.20000000 0.00000000 2297.49321012 59160.24511830 
0.22000000 0.00000000 2295.41202778 59163.26077888 
0.24000000 0.00000000 2293.27421267 59166.18190375 
0.26000000 0.00000000 2286.06225010 59171.36863386 
0.28000000 0.00000000 2283.89788592 59174.01278706 
0.30000000 0.00000000 2281.78254803 59176.51496916 
0.32000000 0.00000000 2279.76885965 59178.81095788 
0.34000000 0.00000000 2277.96540169 59180.79897324 
0.36000000 0.00000000 2276.59233614 59182.33022082 
0.38000000 0.00000000 2275.63121968 59183.35670020 
0.40000000 0.00000000 1960.08684300 58791.96535651 
0.42000000 0.00000000 1960.00392456 58792.73509232 
0.44000000 0.00000000 2276.21290267 59182.67843868 
0.46000000 0.00000000 2277.56409513 59181.19103419 
0.48000000 0.00000000 2279.33790050 59179.18551975 
0.50000000 0.00000000 2281.52505102 59176.72078439 
0.52000000 0.00000000 2283.94580717 59173.93306877 
0.54000000 0.00000000 2286.45366109 59170.94702480 
0.56000000 0.00000000 2288.95733851 59167.85515779 
0.58000000 0.00000000 2296.54267542 59162.09904586 
0.60000000 0.00000000 2298.96005864 59158.80967122 
0.62000000 0.00000000 2301.28287450 59155.49573802 
0.64000000 0.00000000 2303.56516345 59152.10578039 
0.66000000 0.00000000 2030.49940937 59111.11563571 
0.68000000 0.00000000 2024.56215013 59102.86752932 
0.70000000 0.00000000 2310.28068166 59141.12532151 
0.72000000 0.00000000 2312.56040884 59137.07726014 
0.74000000 0.00000000 2314.60028459 59133.02108743 
0.76000000 0.00000000 2316.89891964 59128.63338167 
0.78000000 0.00000000 2318.55831467 59124.62531021 
0.80000000 0.00000000 2320.64276376 59120.24503576 
0.82000000 0.00000000 2322.59341878 59115.96605613 
0.84000000 0.00000000 2324.29882547 59111.94200290 
0.86000000 0.00000000 2338.55706963 59096.38741132 
0.88000000 0.00000000 2340.05554580 59092.41677298 
0.90000000 0.00000000 2312.62041623 59115.71849433 
0.92000000 0.00000000 2270.58581178 59145.56032043 
0.94000000 0.00000000 2343.08474318 59083.13110600 
0.96000000 0.00000000 2343.64257148 59080.93659366 
0.98000000 0.00000000 2357.54743507 59063.81632448 

