-1.00000000 0.00000000 -1388.49614150 58869.89586337 
-0.98000000 0.00000000 -1388.92281494 58869.91585149 
-0.96000000 0.00000000 -1389.22138942 58869.76555698 
-0.94000000 0.00000000 -1394.14157329 58883.53603715 
-0.92000000 0.00000000 -1394.29074920 58883.20836267 
-0.90000000 0.00000000 -1385.84011359 58856.13757505 
-0.88000000 0.00000000 -1385.83275678 58855.72108294 
-0.86000000 0.00000000 -1385.77916769 58855.23252135 
-0.84000000 0.00000000 -1402.22061227 58902.02154239 
-0.82000000 0.00000000 -1402.34112650 58902.02374415 
-0.80000000 0.00000000 -1389.26430814 58866.46592725 
-0.78000000 0.00000000 -1383.94499847 58847.55089662 
-0.76000000 0.00000000 -1383.89001199 58847.20206225 
-0.74000000 0.00000000 -1383.85254415 58846.93075054 
-0.72000000 0.00000000 -1383.69480130 58846.18976355 
-0.70000000 0.00000000 -1389.58177349 58866.80329524 
-0.68000000 0.00000000 -1389.55953961 58866.69265735 
-0.66000000 0.00000000 -1402.82253414 58901.83524031 
-0.64000000 0.00000000 -1402.73516632 58901.73920976 
-0.62000000 0.00000000 -1389.40836834 58866.52789334 
-0.60000000 0.00000000 -1402.45397101 58901.64990524 
-0.58000000 0.00000000 -1402.26396429 58901.66339110 
-0.56000000 0.00000000 -1389.07872901 58866.56711284 
-0.54000000 0.00000000 -1383.19445412 58845.92303967 
-0.52000000 0.00000000 -1383.22661730 58846.57919312 
-0.50000000 0.00000000 -1383.13783706 58846.74354766 
-0.48000000 0.00000000 -1383.05645722 58846.91991359 
-0.46000000 0.00000000 -1383.00735256 58847.19186944 
-0.44000000 0.00000000 -1400.18197615 58901.04255183 
-0.42000000 0.00000000 -1399.97708765 58900.99883958 
-0.40000000 0.00000000 -1382.85124982 58847.56989949 
-0.38000000 0.00000000 -1382.83177983 58847.67772285 
-0.36000000 0.00000000 -1382.81973718 58847.74687182 
-0.34000000 0.00000000 -1382.81781472 58847.80338176 
-0.32000000 0.00000000 -1382.82194204 58847.85099780 
-0.30000000 0.00000000 -1399.79639066 58901.62134330 
-0.28000000 0.00000000 -1399.80471731 58901.70780461 
-0.26000000 0.00000000 -1382.80878479 58847.97458915 
-0.24000000 0.00000000 -1382.77260607 58848.03790298 
-0.22000000 0.00000000 -1382.70774992 58848.13570944 
-0.20000000 0.00000000 -1382.58877641 58848.21707799 
-0.18000000 0.00000000 -1398.95214558 58901.88629999 
-0.16000000 0.00000000 -1398.40011243 58901.74103007 
-0.14000000 0.00000000 -1381.82381006 58848.57974102 
-0.12000000 0.00000000 -1381.34259304 58848.53717706 
-0.10000000 0.00000000 -1380.76682907 58848.57519220 
-0.08000000 0.00000000 -1380.06036253 58848.55761763 
-0.06000000 0.00000000 -1392.27818537 58898.82957452 
-0.04000000 0.00000000 -1390.31913873 58897.61986003 
-0.02000000 0.00000000 -1377.37853196 58849.22846921 
0.00000000 0.00000000 -1376.11535812 58848.53916981 
0.02000000 0.00000000 -1374.79648696 58847.83707738 
0.04000000 0.00000000 -1373.40348010 58846.82047432 
0.06000000 0.00000000 -1373.95740969 58858.90021253 
0.08000000 0.00000000 -1371.18835642 58848.87982252 
0.10000000 0.00000000 -1369.85848335 58847.97525506 
0.12000000 0.00000000 -1368.56402943 58846.68335262 
0.14000000 0.00000000 -1437.26854310 58567.71749032 
0.16000000 0.00000000 -1429.80492023 58577.43204621 
0.18000000 0.00000000 -1365.23799407 58842.67087506 
0.20000000 0.00000000 -1364.31220073 58841.56438292 
0.22000000 0.00000000 -1363.42918785 58840.19839937 
0.24000000 0.00000000 -1362.58968637 58838.75676913 
0.26000000 0.00000000 -1361.62704299 58833.16869808 
0.28000000 0.00000000 -1360.88932184 58831.64655294 
0.30000000 0.00000000 -1360.19897727 58830.14000628 
0.32000000 0.00000000 -1359.57442089 58828.68869900 
0.34000000 0.00000000 -1359.04101035 58827.37590767 
0.36000000 0.00000000 -1358.62677885 58826.37578954 
0.38000000 0.00000000 -1358.35504349 58825.66714470 
0.40000000 0.00000000 -1553.71765805 58517.79037995 
0.42000000 0.00000000 -1553.43762775 58517.68784189 
0.44000000 0.00000000 -1358.54714124 58826.06806862 
0.46000000 0.00000000 -1358.94934482 58827.04566190 
0.48000000 0.00000000 -1359.49676831 58828.32348014 
0.50000000 0.00000000 -1360.16548280 58829.90046621 
0.52000000 0.00000000 -1360.92627029 58831.63647397 
0.54000000 0.00000000 -1361.75027663 58833.41839724 
0.56000000 0.00000000 -1362.61378133 58835.17678496 
0.58000000 0.00000000 -1363.73244442 58841.02073475 
0.60000000 0.00000000 -1364.67122976 58842.66285446 
0.62000000 0.00000000 -1365.63040383 58844.20813935 
0.64000000 0.00000000 -1366.62167208 58845.69624491 
0.66000000 0.00000000 -1417.33283989 58596.42242271 
0.68000000 0.00000000 -1421.45718008 58589.88464296 
0.70000000 0.00000000 -1369.90833979 58849.87182144 
0.72000000 0.00000000 -1371.13943153 58851.23137231 
0.74000000 0.00000000 -1372.40891771 58852.37342668 
0.76000000 0.00000000 -1373.75828338 58853.69773108 
0.78000000 0.00000000 -1375.06367403 58854.50696243 
0.80000000 0.00000000 -1376.43434253 58855.64575355 
0.82000000 0.00000000 -1377.78150408 58856.68437600 
0.84000000 0.00000000 -1379.06546324 58857.54522705 
0.86000000 0.00000000 -1382.49972747 58868.11791395 
0.88000000 0.00000000 -1383.75913627 58868.84177587 
0.90000000 0.00000000 -1379.73789793 58847.25765579 
0.92000000 0.00000000 -1375.07496621 58813.69292740 
0.94000000 0.00000000 -1386.76514959 58870.09031500 
0.96000000 0.00000000 -1387.49776232 58870.23266150 
0.98000000 0.00000000 -1391.31271625 58880.54523249 

