-1.00000000 0.00000000 1954.29156994 59541.91920296 
-0.98000000 0.00000000 1955.81841031 59541.73938160 
-0.96000000 0.00000000 1956.76244168 59541.26844322 
-0.94000000 0.00000000 1987.14914312 59569.46716409 
-0.92000000 0.00000000 1987.42089330 59568.64490131 
-0.90000000 0.00000000 1932.53788338 59512.23286874 
-0.88000000 0.00000000 1932.20990415 59511.38831692 
-0.86000000 0.00000000 1931.65249906 59510.39420664 
-0.84000000 0.00000000 2034.34803060 59605.42181079 
-0.82000000 0.00000000 2034.83714922 59605.31940645 
-0.80000000 0.00000000 1954.37640004 59534.30065888 
-0.78000000 0.00000000 1918.50490155 59493.93374990 
-0.76000000 0.00000000 1918.04031318 59493.20751045 
-0.74000000 0.00000000 1917.69909606 59492.64108861 
-0.72000000 0.00000000 1916.50461797 59491.03631328 
-0.70000000 0.00000000 1955.96717135 59534.98830358 
-0.68000000 0.00000000 1955.79841761 59534.75293832 
-0.66000000 0.00000000 2036.57022074 59604.28295180 
-0.64000000 0.00000000 2036.16320226 59604.14652497 
-0.62000000 0.00000000 1955.11818102 59534.45942758 
-0.60000000 0.00000000 2035.06788794 59604.26895524 
-0.58000000 0.00000000 2034.40122032 59604.54126756 
-0.56000000 0.00000000 1953.96489551 59534.73037000 
-0.54000000 0.00000000 1914.47536348 59490.50089026 
-0.52000000 0.00000000 1915.15470813 59491.95349328 
-0.50000000 0.00000000 1914.96318807 59492.32038913 
-0.48000000 0.00000000 1914.80553217 59492.71004271 
-0.46000000 0.00000000 1914.84504226 59493.30643921 
-0.44000000 0.00000000 2026.27959479 59605.64065427 
-0.42000000 0.00000000 2025.47920525 59605.77218157 
-0.40000000 0.00000000 1914.51785649 59494.07629407 
-0.38000000 0.00000000 1914.49922227 59494.27121311 
-0.36000000 0.00000000 1914.46759944 59494.36865727 
-0.34000000 0.00000000 1914.45599288 59494.42670484 
-0.32000000 0.00000000 1914.45386174 59494.45476088 
-0.30000000 0.00000000 2025.17878377 59607.21063160 
-0.28000000 0.00000000 2025.23449858 59607.31433250 
-0.26000000 0.00000000 1914.33146026 59494.46202690 
-0.24000000 0.00000000 1914.20542339 59494.51882735 
-0.22000000 0.00000000 1914.02097134 59494.66803987 
-0.20000000 0.00000000 1913.65051083 59494.80908318 
-0.18000000 0.00000000 2022.24517997 59608.26091591 
-0.16000000 0.00000000 2020.19912993 59608.50307883 
-0.14000000 0.00000000 1911.41340749 59495.80480148 
-0.12000000 0.00000000 1909.82535295 59495.92644034 
-0.10000000 0.00000000 1908.04538984 59496.33446973 
-0.08000000 0.00000000 1905.83048521 59496.73545028 
-0.06000000 0.00000000 1996.93863819 59609.00597639 
-0.04000000 0.00000000 1989.34922082 59608.59675524 
-0.02000000 0.00000000 1898.35172885 59500.41666432 
0.00000000 0.00000000 1893.87219280 59499.77773340 
0.02000000 0.00000000 1889.23912239 59499.19052182 
0.04000000 0.00000000 1884.09233099 59497.90418945 
0.06000000 0.00000000 1898.02318372 59528.47357657 
0.08000000 0.00000000 1879.66186500 59505.46342545 
0.10000000 0.00000000 1874.86233445 59504.55662343 
0.12000000 0.00000000 1869.80041926 59502.62832634 
0.14000000 0.00000000 1770.72196774 58597.48354997 
0.16000000 0.00000000 1762.61858870 58641.51721600 
0.18000000 0.00000000 1856.28290737 59496.11062174 
0.20000000 0.00000000 1852.60964506 59494.47960504 
0.22000000 0.00000000 1848.84325665 59492.18861856 
0.24000000 0.00000000 1845.16823661 59489.73393775 
0.26000000 0.00000000 1837.10179459 59476.27219396 
0.28000000 0.00000000 1833.71458901 59473.61460117 
0.30000000 0.00000000 1830.49429541 59470.98580789 
0.32000000 0.00000000 1827.51673727 59468.43021076 
0.34000000 0.00000000 1824.91805165 59466.09498311 
0.36000000 0.00000000 1822.92977535 59464.36993248 
0.38000000 0.00000000 1821.58144115 59463.12216583 
0.40000000 0.00000000 2010.09784219 58047.95612828 
0.42000000 0.00000000 2009.18170103 58049.02172271 
0.44000000 0.00000000 1822.47207055 59463.90054218 
0.46000000 0.00000000 1824.42197066 59465.66517099 
0.48000000 0.00000000 1827.02727074 59467.92291114 
0.50000000 0.00000000 1830.23506740 59470.74551299 
0.52000000 0.00000000 1833.84390283 59473.83752275 
0.54000000 0.00000000 1837.67917287 59476.97608739 
0.56000000 0.00000000 1841.62139493 59480.04453871 
0.58000000 0.00000000 1850.36683690 59493.90105293 
0.60000000 0.00000000 1854.49309097 59496.70554749 
0.62000000 0.00000000 1858.62769582 59499.32485695 
0.64000000 0.00000000 1862.84566292 59501.85024400 
0.66000000 0.00000000 1751.07740229 58725.50890427 
0.68000000 0.00000000 1754.57048700 58699.36693554 
0.70000000 0.00000000 1876.38626084 59508.76328786 
0.72000000 0.00000000 1881.34087771 59510.93815152 
0.74000000 0.00000000 1886.22173816 59512.53766683 
0.76000000 0.00000000 1891.55505676 59514.55660759 
0.78000000 0.00000000 1896.26547914 59515.31959459 
0.80000000 0.00000000 1901.53797382 59516.89375145 
0.82000000 0.00000000 1906.67289500 59518.26196827 
0.84000000 0.00000000 1911.47186013 59519.27099472 
0.86000000 0.00000000 1932.92208618 59542.44878620 
0.88000000 0.00000000 1937.62870613 59543.05538105 
0.90000000 0.00000000 1903.29024835 59493.58531853 
0.92000000 0.00000000 1856.22595785 59414.10225151 
0.94000000 0.00000000 1948.60487129 59543.53704493 
0.96000000 0.00000000 1951.19118881 59543.33667381 
0.98000000 0.00000000 1974.27310478 59564.67366104 

