-1.00000000 0.00000000 -1714.44198706 58425.95246666 
-0.98000000 0.00000000 -1713.38863002 58425.44043569 
-0.96000000 0.00000000 -1712.68033458 58425.45671751 
-0.94000000 0.00000000 -1696.81908604 58387.69916084 
-0.92000000 0.00000000 -1696.52027500 58388.31416884 
-0.90000000 0.00000000 -1723.74522746 58462.13266252 
-0.88000000 0.00000000 -1723.81492834 58463.08477892 
-0.86000000 0.00000000 -1724.00923082 58464.27229446 
-0.84000000 0.00000000 -1670.20061027 58337.75935589 
-0.82000000 0.00000000 -1669.86969136 58337.65977660 
-0.80000000 0.00000000 -1713.15687303 58432.93948174 
-0.78000000 0.00000000 -1729.63168045 58485.15429278 
-0.76000000 0.00000000 -1729.80315211 58486.04467925 
-0.74000000 0.00000000 -1729.92323818 58486.72958676 
-0.72000000 0.00000000 -1730.40344283 58488.73422579 
-0.70000000 0.00000000 -1712.24256872 58431.68601949 
-0.68000000 0.00000000 -1712.31819453 58431.97049315 
-0.66000000 0.00000000 -1668.62724028 58337.80342100 
-0.64000000 0.00000000 -1668.88381464 58338.08139868 
-0.62000000 0.00000000 -1712.72432629 58432.53103790 
-0.60000000 0.00000000 -1669.63222340 58338.44212488 
-0.58000000 0.00000000 -1670.11151951 58338.50581517 
-0.56000000 0.00000000 -1713.53210361 58432.80715034 
-0.54000000 0.00000000 -1731.63871766 58490.11796938 
-0.52000000 0.00000000 -1731.47043879 58488.48742808 
-0.50000000 0.00000000 -1731.66453748 58488.23082948 
-0.48000000 0.00000000 -1731.84036951 58487.93667718 
-0.46000000 0.00000000 -1731.92594002 58487.36512012 
-0.44000000 0.00000000 -1675.66583578 58341.08444022 
-0.42000000 0.00000000 -1676.21412208 58341.31212392 
-0.40000000 0.00000000 -1732.27837083 58486.75436565 
-0.38000000 0.00000000 -1732.32416101 58486.55808564 
-0.36000000 0.00000000 -1732.35974296 58486.45118283 
-0.34000000 0.00000000 -1732.37463441 58486.36623542 
-0.32000000 0.00000000 -1732.37772334 58486.29961120 
-0.30000000 0.00000000 -1676.56538693 58340.11602833 
-0.28000000 0.00000000 -1676.53685272 58339.96134916 
-0.26000000 0.00000000 -1732.45243214 58486.20177893 
-0.24000000 0.00000000 -1732.54662650 58486.15744803 
-0.22000000 0.00000000 -1732.69946503 58486.06033955 
-0.20000000 0.00000000 -1732.97665798 58486.06362037 
-0.18000000 0.00000000 -1678.68527024 58340.24577567 
-0.16000000 0.00000000 -1680.11253407 58340.90696188 
-0.14000000 0.00000000 -1734.69045895 58486.17703328 
-0.12000000 0.00000000 -1735.79037573 58486.84528102 
-0.10000000 0.00000000 -1737.08032581 58487.38658327 
-0.08000000 0.00000000 -1738.66464185 58488.18232970 
-0.06000000 0.00000000 -1696.11972093 58350.99257788 
-0.04000000 0.00000000 -1701.28127168 58354.91560400 
-0.02000000 0.00000000 -1744.49823301 58489.09523149 
0.00000000 0.00000000 -1747.40534816 58492.09944366 
0.02000000 0.00000000 -1750.42443099 58495.18638835 
0.04000000 0.00000000 -1753.64216600 58499.18041435 
0.06000000 0.00000000 -1750.32148327 58466.39563040 
0.08000000 0.00000000 -1758.20021377 58495.62532171 
0.10000000 0.00000000 -1761.25675200 58499.21771423 
0.12000000 0.00000000 -1764.27296168 58503.83331128 
0.14000000 0.00000000 -1536.83466172 59196.86126893 
0.16000000 0.00000000 -1556.71358192 59179.31665119 
0.18000000 0.00000000 -1771.99106006 58517.52684068 
0.20000000 0.00000000 -1774.10101591 58521.23976150 
0.22000000 0.00000000 -1776.12393817 58525.59188517 
0.24000000 0.00000000 -1778.03925048 58530.07228845 
0.26000000 0.00000000 -1780.45027606 58546.22447472 
0.28000000 0.00000000 -1782.08112027 58550.79656576 
0.30000000 0.00000000 -1783.59553461 58555.26904055 
0.32000000 0.00000000 -1784.95584979 58559.53730501 
0.34000000 0.00000000 -1786.10959397 58563.37027110 
0.36000000 0.00000000 -1786.99887785 58566.27727282 
0.38000000 0.00000000 -1787.58043453 58568.31968539 
0.40000000 0.00000000 -1275.31668369 59253.64440708 
0.42000000 0.00000000 -1275.86398184 59253.92363740 
0.44000000 0.00000000 -1787.17581357 58567.06001805 
0.46000000 0.00000000 -1786.31632485 58564.17627962 
0.48000000 0.00000000 -1785.13913629 58560.40798192 
0.50000000 0.00000000 -1783.68789222 58555.75918050 
0.52000000 0.00000000 -1782.02179179 58550.62629743 
0.54000000 0.00000000 -1780.20180772 58545.32684823 
0.56000000 0.00000000 -1778.27911377 58540.05198476 
0.58000000 0.00000000 -1775.45171179 58523.16293327 
0.60000000 0.00000000 -1773.29050104 58518.11473402 
0.62000000 0.00000000 -1771.07043700 58513.27303008 
0.64000000 0.00000000 -1768.76210465 58508.51755355 
0.66000000 0.00000000 -1592.56742433 59141.71093214 
0.68000000 0.00000000 -1581.08986022 59154.26936230 
0.70000000 0.00000000 -1761.03968383 58494.58266067 
0.72000000 0.00000000 -1758.12312849 58489.87877147 
0.74000000 0.00000000 -1755.13325417 58485.72793493 
0.76000000 0.00000000 -1751.91423645 58481.02151866 
0.78000000 0.00000000 -1748.86290308 58477.73365449 
0.80000000 0.00000000 -1745.58735009 58473.51346881 
0.82000000 0.00000000 -1742.36148833 58469.58342506 
0.84000000 0.00000000 -1739.29233343 58466.17528756 
0.86000000 0.00000000 -1729.03830336 58435.84171129 
0.88000000 0.00000000 -1725.93690317 58432.95021091 
0.90000000 0.00000000 -1739.68642169 58492.07262631 
0.92000000 0.00000000 -1753.22927356 58585.20560181 
0.94000000 0.00000000 -1718.55916673 58427.17767398 
0.96000000 0.00000000 -1716.77415900 58426.13531603 
0.98000000 0.00000000 -1704.73030397 58397.40339832 

