-1.00000000 0.00000000 3151.82943032 58489.15614446 
-0.98000000 0.00000000 3150.32289311 58484.62440244 
-0.96000000 0.00000000 3149.14403678 58482.81800547 
-0.94000000 0.00000000 3133.43779380 58297.90518201 
-0.92000000 0.00000000 3132.74646780 58299.43507153 
-0.90000000 0.00000000 3147.08336306 58646.25897572 
-0.88000000 0.00000000 3146.60223132 58649.53090355 
-0.86000000 0.00000000 3146.15375787 58653.98619482 
-0.84000000 0.00000000 3080.14603386 58033.55326734 
-0.82000000 0.00000000 3079.36693464 58032.26482088 
-0.80000000 0.00000000 3146.43613573 58509.96934959 
-0.78000000 0.00000000 3140.21964799 58742.39138177 
-0.76000000 0.00000000 3139.81841274 58745.79893735 
-0.74000000 0.00000000 3139.48762421 58748.38054040 
-0.72000000 0.00000000 3138.69189247 58756.61239796 
-0.70000000 0.00000000 3145.41964449 58502.37252284 
-0.68000000 0.00000000 3145.39854524 58503.59543959 
-0.66000000 0.00000000 3076.50457926 58029.96903442 
-0.64000000 0.00000000 3077.10604248 58031.67038374 
-0.62000000 0.00000000 3145.79478294 58506.70078841 
-0.60000000 0.00000000 3078.77083018 58034.66415380 
-0.58000000 0.00000000 3079.80272407 58035.84187287 
-0.56000000 0.00000000 3147.03700071 58509.78786859 
-0.54000000 0.00000000 3139.41643135 58764.92984438 
-0.52000000 0.00000000 3140.40734699 58758.82992826 
-0.50000000 0.00000000 3140.88647800 58758.55333245 
-0.48000000 0.00000000 3141.36685536 58758.10659250 
-0.46000000 0.00000000 3141.92323274 58756.44686164 
-0.44000000 0.00000000 3092.11847409 58057.40366209 
-0.42000000 0.00000000 3093.33238737 58059.49231879 
-0.40000000 0.00000000 3142.88255148 58755.73110561 
-0.38000000 0.00000000 3143.08331224 58755.37020443 
-0.36000000 0.00000000 3143.19634679 58755.32433090 
-0.34000000 0.00000000 3143.25659158 58755.32693517 
-0.32000000 0.00000000 3143.27934935 58755.38762448 
-0.30000000 0.00000000 3094.04606918 58056.33802783 
-0.28000000 0.00000000 3093.98736159 58055.98594819 
-0.26000000 0.00000000 3143.32477291 58756.19391675 
-0.24000000 0.00000000 3143.43582104 58756.59139875 
-0.22000000 0.00000000 3143.66578339 58756.91294023 
-0.20000000 0.00000000 3143.99619862 58757.83888775 
-0.18000000 0.00000000 3098.39396895 58062.69386923 
-0.16000000 0.00000000 3101.33283434 58068.17469553 
-0.14000000 0.00000000 3146.18267982 58762.38992617 
-0.12000000 0.00000000 3147.20669332 58767.06096540 
-0.10000000 0.00000000 3148.61400485 58771.43370837 
-0.08000000 0.00000000 3150.26909906 58777.09092293 
-0.06000000 0.00000000 3133.28980456 58136.13195570 
-0.04000000 0.00000000 3143.14741344 58159.96562262 
-0.02000000 0.00000000 3158.18352645 58788.72630745 
0.00000000 0.00000000 3160.14785235 58803.92410626 
0.02000000 0.00000000 3162.21294127 58819.29957372 
0.04000000 0.00000000 3163.79726781 58838.16612737 
0.06000000 0.00000000 3185.27376990 58702.00942865 
0.08000000 0.00000000 3174.34913454 58827.64386370 
0.10000000 0.00000000 3176.22890412 58844.03953017 
0.12000000 0.00000000 3177.09604903 58864.21078924 
0.14000000 0.00000000 1963.66328293 60337.13905555 
0.16000000 0.00000000 2010.63003560 60332.33203631 
0.18000000 0.00000000 3177.43765776 58921.35141721 
0.20000000 0.00000000 3177.60314487 58936.07961320 
0.22000000 0.00000000 3176.99709040 58952.91838654 
0.24000000 0.00000000 3176.09673424 58969.82402996 
0.26000000 0.00000000 3163.50461379 59031.56474583 
0.28000000 0.00000000 3161.89706480 59047.78531637 
0.30000000 0.00000000 3160.19947123 59063.36302792 
0.32000000 0.00000000 3158.43030156 59078.02257114 
0.34000000 0.00000000 3156.71733102 59091.03984389 
0.36000000 0.00000000 3155.47686486 59100.74264692 
0.38000000 0.00000000 3154.52433410 59107.52099101 
0.40000000 0.00000000 1473.00898861 60135.20000933 
0.42000000 0.00000000 1473.88174389 60136.23385235 
0.44000000 0.00000000 3155.14652452 59103.04213608 
0.46000000 0.00000000 3156.49317891 59093.24887267 
0.48000000 0.00000000 3158.12287791 59080.42532166 
0.50000000 0.00000000 3160.14194184 59064.41507819 
0.52000000 0.00000000 3162.24308820 59046.53194057 
0.54000000 0.00000000 3164.21728408 59027.82503883 
0.56000000 0.00000000 3165.97795427 59008.90409263 
0.58000000 0.00000000 3178.27275030 58943.83512671 
0.60000000 0.00000000 3179.22228272 58924.61366046 
0.62000000 0.00000000 3179.88131575 58905.72705274 
0.64000000 0.00000000 3180.31545700 58886.68624836 
0.66000000 0.00000000 2106.55434140 60312.16286147 
0.68000000 0.00000000 2076.71717533 60319.23100089 
0.70000000 0.00000000 3179.88543459 58827.95249439 
0.72000000 0.00000000 3179.15316112 58807.17247518 
0.74000000 0.00000000 3177.77465008 58788.25014179 
0.76000000 0.00000000 3176.43916330 58766.55414195 
0.78000000 0.00000000 3174.17222472 58750.46233789 
0.80000000 0.00000000 3172.24738013 58730.04367189 
0.82000000 0.00000000 3170.11453615 58710.52811763 
0.84000000 0.00000000 3167.78684896 58692.99246828 
0.86000000 0.00000000 3170.56384848 58554.79727336 
0.88000000 0.00000000 3167.08284403 58538.44133352 
0.90000000 0.00000000 3148.78140840 58794.78265678 
0.92000000 0.00000000 3076.94830683 59150.25097305 
0.94000000 0.00000000 3157.97881810 58502.61720296 
0.96000000 0.00000000 3155.55354059 58494.96467450 
0.98000000 0.00000000 3145.45433332 58354.65632476 

