-1.00000000 0.00000000 322.09274984 63815.06529398 
-0.98000000 0.00000000 322.07925523 63815.06497810 
-0.96000000 0.00000000 322.05279173 63815.06435793 
-0.94000000 0.00000000 324.06113769 63815.11106030 
-0.92000000 0.00000000 323.99862329 63815.10961916 
-0.90000000 0.00000000 320.69298588 63815.03227350 
-0.88000000 0.00000000 320.66539600 63815.03161908 
-0.86000000 0.00000000 320.63258284 63815.03084044 
-0.84000000 0.00000000 328.76735409 63815.21728677 
-0.82000000 0.00000000 328.76935845 63815.21733075 
-0.80000000 0.00000000 321.71549837 63815.05643713 
-0.78000000 0.00000000 320.07743839 63815.01762838 
-0.76000000 0.00000000 320.05790286 63815.01716266 
-0.74000000 0.00000000 320.04301425 63815.01680775 
-0.72000000 0.00000000 319.99565049 63815.01567753 
-0.70000000 0.00000000 321.76468305 63815.05759526 
-0.68000000 0.00000000 321.75351685 63815.05733283 
-0.66000000 0.00000000 328.64851453 63815.21465768 
-0.64000000 0.00000000 328.61896075 63815.21400385 
-0.62000000 0.00000000 321.74174403 63815.05705601 
-0.60000000 0.00000000 328.62166934 63815.21406368 
-0.58000000 0.00000000 328.65702486 63815.21484570 
-0.56000000 0.00000000 321.76198591 63815.05753138 
-0.54000000 0.00000000 319.99307162 63815.01561537 
-0.52000000 0.00000000 320.03952145 63815.01672365 
-0.50000000 0.00000000 320.05250536 63815.01703299 
-0.48000000 0.00000000 320.06609533 63815.01735677 
-0.46000000 0.00000000 320.08606728 63815.01783282 
-0.44000000 0.00000000 328.74501453 63815.21679133 
-0.42000000 0.00000000 328.75569431 63815.21702736 
-0.40000000 0.00000000 320.11134331 63815.01843480 
-0.38000000 0.00000000 320.11670409 63815.01856252 
-0.36000000 0.00000000 320.11833316 63815.01860131 
-0.34000000 0.00000000 320.11811896 63815.01859621 
-0.32000000 0.00000000 320.11643803 63815.01855618 
-0.30000000 0.00000000 328.92552429 63815.22077679 
-0.28000000 0.00000000 328.92321201 63815.22072573 
-0.26000000 0.00000000 320.10751597 63815.01834369 
-0.24000000 0.00000000 320.10672003 63815.01832478 
-0.22000000 0.00000000 320.10979213 63815.01839807 
-0.20000000 0.00000000 320.11419756 63815.01850307 
-0.18000000 0.00000000 328.94857069 63815.22128518 
-0.16000000 0.00000000 328.95985369 63815.22153417 
-0.14000000 0.00000000 320.16337214 63815.01967478 
-0.12000000 0.00000000 320.18229462 63815.02012528 
-0.10000000 0.00000000 320.21734157 63815.02095983 
-0.08000000 0.00000000 320.26036968 63815.02198411 
-0.06000000 0.00000000 329.09551808 63815.22452579 
-0.04000000 0.00000000 329.13700955 63815.22544002 
-0.02000000 0.00000000 320.54033097 63815.02864190 
0.00000000 0.00000000 320.59219598 63815.02987287 
0.02000000 0.00000000 320.65739461 63815.03141986 
0.04000000 0.00000000 320.70662283 63815.03258701 
0.06000000 0.00000000 322.23561529 63815.06863534 
0.08000000 0.00000000 321.24635589 63815.04536418 
0.10000000 0.00000000 321.33777387 63815.04752182 
0.12000000 0.00000000 321.38441718 63815.04862162 
0.14000000 0.00000000 315.12714817 63814.89699838 
0.16000000 0.00000000 315.15800503 63814.89776394 
0.18000000 0.00000000 321.47603951 63815.05078039 
0.20000000 0.00000000 321.52786320 63815.05200145 
0.22000000 0.00000000 321.54948259 63815.05251046 
0.24000000 0.00000000 321.56576290 63815.05289367 
0.26000000 0.00000000 321.09388339 63815.04175347 
0.28000000 0.00000000 321.10584021 63815.04203600 
0.30000000 0.00000000 321.11802850 63815.04232402 
0.32000000 0.00000000 321.12736397 63815.04254459 
0.34000000 0.00000000 321.13343683 63815.04268802 
0.36000000 0.00000000 321.14524829 63815.04296718 
0.38000000 0.00000000 321.15016343 63815.04308331 
0.40000000 0.00000000 314.79610751 63814.88874578 
0.42000000 0.00000000 314.79660642 63814.88875824 
0.44000000 0.00000000 321.15061301 63815.04309397 
0.46000000 0.00000000 321.14618899 63815.04298947 
0.48000000 0.00000000 321.13600027 63815.04274870 
0.50000000 0.00000000 321.13043879 63815.04261736 
0.52000000 0.00000000 321.12483312 63815.04248500 
0.54000000 0.00000000 321.11682532 63815.04229583 
0.56000000 0.00000000 321.10698652 63815.04206336 
0.58000000 0.00000000 321.58682826 63815.05338980 
0.60000000 0.00000000 321.57739025 63815.05316774 
0.62000000 0.00000000 321.56590337 63815.05289742 
0.64000000 0.00000000 321.55534085 63815.05264889 
0.66000000 0.00000000 315.23095043 63814.89957441 
0.68000000 0.00000000 315.20617332 63814.89895960 
0.70000000 0.00000000 321.50670391 63815.05150406 
0.72000000 0.00000000 321.48601991 63815.05101707 
0.74000000 0.00000000 321.43990798 63815.04993043 
0.76000000 0.00000000 321.41684554 63815.04938720 
0.78000000 0.00000000 321.34139047 63815.04760751 
0.80000000 0.00000000 321.31128743 63815.04689772 
0.82000000 0.00000000 321.28130303 63815.04619059 
0.84000000 0.00000000 321.24590714 63815.04535548 
0.86000000 0.00000000 322.36664286 63815.07170425 
0.88000000 0.00000000 322.33222019 63815.07089957 
0.90000000 0.00000000 320.10832022 63815.01835371 
0.92000000 0.00000000 318.27951226 63814.97439087 
0.94000000 0.00000000 322.23043617 63815.06851883 
0.96000000 0.00000000 322.19677509 63815.06773099 
0.98000000 0.00000000 323.64647825 63815.10148354 

