-1.00000000 0.00000000 -1731.26171270 59606.71637346 
-0.98000000 0.00000000 -1733.03331431 59603.84402517 
-0.96000000 0.00000000 -1733.81654630 59601.97300401 
-0.94000000 0.00000000 -1797.52620272 59550.40501539 
-0.92000000 0.00000000 -1797.12913716 59549.70261157 
-0.90000000 0.00000000 -1677.94543101 59638.30879245 
-0.88000000 0.00000000 -1676.82451124 59638.64022009 
-0.86000000 0.00000000 -1675.28560682 59639.33540907 
-0.84000000 0.00000000 -1890.28929782 59460.75246950 
-0.82000000 0.00000000 -1890.81029148 59459.69757976 
-0.80000000 0.00000000 -1724.77092911 59604.55474964 
-0.78000000 0.00000000 -1644.76000966 59657.52987817 
-0.76000000 0.00000000 -1643.57195643 59658.10343247 
-0.74000000 0.00000000 -1642.67263960 59658.51140716 
-0.72000000 0.00000000 -1639.82281490 59660.07876855 
-0.70000000 0.00000000 -1727.41572540 59601.72289016 
-0.68000000 0.00000000 -1726.99742283 59601.96841198 
-0.66000000 0.00000000 -1892.00218075 59455.82009878 
-0.64000000 0.00000000 -1891.36556606 59456.65347609 
-0.62000000 0.00000000 -1725.87884880 59603.14886350 
-0.60000000 0.00000000 -1890.12000580 59458.96867981 
-0.58000000 0.00000000 -1889.55097357 59460.40674287 
-0.56000000 0.00000000 -1724.65173960 59605.37666034 
-0.54000000 0.00000000 -1636.79398499 59663.45114463 
-0.52000000 0.00000000 -1638.86302536 59662.74355210 
-0.50000000 0.00000000 -1638.92107929 59663.20583345 
-0.48000000 0.00000000 -1639.04064345 59663.61669527 
-0.46000000 0.00000000 -1639.58290263 59663.74966889 
-0.44000000 0.00000000 -1880.48343061 59477.60296267 
-0.42000000 0.00000000 -1879.60654054 59479.29810983 
-0.40000000 0.00000000 -1639.78781486 59664.59496911 
-0.38000000 0.00000000 -1639.91749204 59664.69685459 
-0.36000000 0.00000000 -1639.94809048 59664.78873200 
-0.34000000 0.00000000 -1639.97012182 59664.83148479 
-0.32000000 0.00000000 -1639.97820231 59664.84633587 
-0.30000000 0.00000000 -1880.54504418 59480.15056132 
-0.28000000 0.00000000 -1880.69878676 59480.04281269 
-0.26000000 0.00000000 -1639.78950381 59665.05421788 
-0.24000000 0.00000000 -1639.66610792 59665.28246493 
-0.22000000 0.00000000 -1639.54917601 59665.63680058 
-0.20000000 0.00000000 -1639.19469531 59666.30582434 
-0.18000000 0.00000000 -1877.83431973 59486.24017349 
-0.16000000 0.00000000 -1875.52345929 59490.44830428 
-0.14000000 0.00000000 -1637.23773216 59670.39809045 
-0.12000000 0.00000000 -1635.36756808 59673.13352208 
-0.10000000 0.00000000 -1633.51247827 59676.27747390 
-0.08000000 0.00000000 -1631.12007281 59680.15548512 
-0.06000000 0.00000000 -1847.17030642 59537.52724039 
-0.04000000 0.00000000 -1837.36270383 59552.59067661 
-0.02000000 0.00000000 -1625.10599928 59693.95000933 
0.00000000 0.00000000 -1619.05052903 59701.32204190 
0.02000000 0.00000000 -1612.86146892 59708.94137059 
0.04000000 0.00000000 -1605.44571866 59717.16318050 
0.06000000 0.00000000 -1649.51328583 59703.17628189 
0.08000000 0.00000000 -1606.63860013 59727.13193634 
0.10000000 0.00000000 -1599.99525175 59734.88942970 
0.12000000 0.00000000 -1592.15303385 59742.69385189 
0.14000000 0.00000000 -878.19193938 59402.80670862 
0.16000000 0.00000000 -894.70500908 59438.67646087 
0.18000000 0.00000000 -1570.13486721 59762.78144081 
0.20000000 0.00000000 -1564.31733043 59768.22503020 
0.22000000 0.00000000 -1557.83714461 59773.54638465 
0.24000000 0.00000000 -1551.34894668 59778.62712046 
0.26000000 0.00000000 -1530.18570523 59786.45028817 
0.28000000 0.00000000 -1523.94341632 59790.85967744 
0.30000000 0.00000000 -1517.94025471 59794.99187178 
0.32000000 0.00000000 -1512.29820168 59798.74513739 
0.34000000 0.00000000 -1507.29660820 59801.96435203 
0.36000000 0.00000000 -1503.53108147 59804.44648161 
0.38000000 0.00000000 -1500.91570247 59806.09405456 
0.40000000 0.00000000 -762.08511776 58786.50066489 
0.42000000 0.00000000 -762.09577445 58788.28244212 
0.44000000 0.00000000 -1502.61889063 59805.00293700 
0.46000000 0.00000000 -1506.37961805 59802.60856757 
0.48000000 0.00000000 -1511.32523445 59799.35352030 
0.50000000 0.00000000 -1517.46334131 59795.34413699 
0.52000000 0.00000000 -1524.31409353 59790.77356443 
0.54000000 0.00000000 -1531.48805594 59785.82753149 
0.56000000 0.00000000 -1538.74889283 59780.65055110 
0.58000000 0.00000000 -1561.12115352 59771.72249827 
0.60000000 0.00000000 -1568.46229325 59765.98845951 
0.62000000 0.00000000 -1575.67951377 59760.13571223 
0.64000000 0.00000000 -1582.94289079 59754.07199318 
0.66000000 0.00000000 -930.33397930 59503.77318493 
0.68000000 0.00000000 -919.21034381 59484.11884700 
0.70000000 0.00000000 -1605.38253977 59733.89782504 
0.72000000 0.00000000 -1613.33166001 59726.28547259 
0.74000000 0.00000000 -1620.70262492 59718.55352603 
0.76000000 0.00000000 -1629.01492940 59710.13581544 
0.78000000 0.00000000 -1635.46853164 59702.33081943 
0.80000000 0.00000000 -1643.34345474 59693.77075175 
0.82000000 0.00000000 -1650.88135856 59685.32937469 
0.84000000 0.00000000 -1657.70014525 59677.31249873 
0.86000000 0.00000000 -1705.03186513 59645.75809195 
0.88000000 0.00000000 -1711.43003575 59637.42417877 
0.90000000 0.00000000 -1625.18628017 59683.63470356 
0.92000000 0.00000000 -1501.56943047 59732.17563343 
0.94000000 0.00000000 -1725.55992166 59617.57178558 
0.96000000 0.00000000 -1728.62284614 59612.77631927 
0.98000000 0.00000000 -1776.92432164 59574.29462071 

