-1.00000000 0.00000000 1378.82738381 62022.41055951 
-0.98000000 0.00000000 1379.96579940 62021.46188578 
-0.96000000 0.00000000 1379.70047060 62020.41247229 
-0.94000000 0.00000000 1514.41121666 62046.22158083 
-0.92000000 0.00000000 1511.89792059 62045.14963259 
-0.90000000 0.00000000 1277.87236235 61988.08546569 
-0.88000000 0.00000000 1275.79473084 61987.10264436 
-0.86000000 0.00000000 1273.15961658 61985.99076670 
-0.84000000 0.00000000 1769.73899231 62059.55352419 
-0.82000000 0.00000000 1770.55758320 62059.22979292 
-0.80000000 0.00000000 1358.48204191 62012.16749817 
-0.78000000 0.00000000 1225.65880109 61967.41194885 
-0.76000000 0.00000000 1223.86945013 61966.58124732 
-0.74000000 0.00000000 1222.49984560 61965.91677247 
-0.72000000 0.00000000 1218.25511155 61964.05638520 
-0.70000000 0.00000000 1362.63761586 62012.61472363 
-0.68000000 0.00000000 1361.80351968 62012.33147105 
-0.66000000 0.00000000 1769.21588267 62057.40972720 
-0.64000000 0.00000000 1767.50318546 62057.56073467 
-0.62000000 0.00000000 1360.25294401 62012.17859087 
-0.60000000 0.00000000 1765.73876992 62058.34518565 
-0.58000000 0.00000000 1765.82492010 62058.98030924 
-0.56000000 0.00000000 1359.81804864 62013.15055792 
-0.54000000 0.00000000 1215.57406579 61964.31845795 
-0.52000000 0.00000000 1219.11164273 61966.24771877 
-0.50000000 0.00000000 1219.69135751 61966.93573410 
-0.48000000 0.00000000 1220.34072493 61967.63635397 
-0.46000000 0.00000000 1221.57916901 61968.54887251 
-0.44000000 0.00000000 1754.83134044 62065.24170818 
-0.42000000 0.00000000 1753.83126216 62065.85777791 
-0.40000000 0.00000000 1222.71593535 61969.83204258 
-0.38000000 0.00000000 1223.00391190 61970.07441263 
-0.36000000 0.00000000 1223.05510287 61970.14786381 
-0.34000000 0.00000000 1223.01905444 61970.12605690 
-0.32000000 0.00000000 1222.90838005 61970.03062241 
-0.30000000 0.00000000 1759.54853044 62066.65594725 
-0.28000000 0.00000000 1759.73077106 62066.54138822 
-0.26000000 0.00000000 1222.25080644 61969.59280233 
-0.24000000 0.00000000 1222.08443356 61969.56988961 
-0.22000000 0.00000000 1222.09452365 61969.73816751 
-0.20000000 0.00000000 1221.99062610 61970.02761104 
-0.18000000 0.00000000 1756.61698858 62068.42635285 
-0.16000000 0.00000000 1753.75549315 62069.87989178 
-0.14000000 0.00000000 1222.60805262 61972.83671105 
-0.12000000 0.00000000 1222.02833750 61974.14925000 
-0.10000000 0.00000000 1222.15271005 61976.20767643 
-0.08000000 0.00000000 1222.21094153 61978.72725686 
-0.06000000 0.00000000 1719.29082118 62086.98849871 
-0.04000000 0.00000000 1707.61169016 62092.57403577 
-0.02000000 0.00000000 1229.33226565 61992.45722632 
0.00000000 0.00000000 1226.87989561 61995.91529193 
0.02000000 0.00000000 1224.82845931 61999.91376960 
0.04000000 0.00000000 1221.20330508 62003.44613240 
0.06000000 0.00000000 1311.58657751 62046.89098253 
0.08000000 0.00000000 1242.30367829 62024.10492946 
0.10000000 0.00000000 1240.46142063 62028.77228882 
0.12000000 0.00000000 1236.06933600 62032.03681109 
0.14000000 0.00000000 603.18014260 61089.51177148 
0.16000000 0.00000000 610.72092336 61127.78268855 
0.18000000 0.00000000 1222.38738693 62039.68385080 
0.20000000 0.00000000 1219.71131053 62042.64258503 
0.22000000 0.00000000 1215.51656259 62044.65775821 
0.24000000 0.00000000 1211.14857482 62046.47222494 
0.26000000 0.00000000 1179.69079562 62033.10141539 
0.28000000 0.00000000 1175.55116454 62034.66156678 
0.30000000 0.00000000 1171.60355778 62036.17261764 
0.32000000 0.00000000 1167.83226194 62037.49773553 
0.34000000 0.00000000 1164.42461432 62038.57743549 
0.36000000 0.00000000 1162.10126380 62039.66244832 
0.38000000 0.00000000 1160.38087279 62040.28749375 
0.40000000 0.00000000 531.30154306 60533.04179305 
0.42000000 0.00000000 531.42198980 60534.59411955 
0.44000000 0.00000000 1161.60968807 62040.03363246 
0.46000000 0.00000000 1164.16683369 62039.24377486 
0.48000000 0.00000000 1167.39454415 62038.03039863 
0.50000000 0.00000000 1171.64781034 62036.78474156 
0.52000000 0.00000000 1176.43415313 62035.40337138 
0.54000000 0.00000000 1181.39639248 62033.85953338 
0.56000000 0.00000000 1186.38229267 62032.21513459 
0.58000000 0.00000000 1219.24723219 62045.47570789 
0.60000000 0.00000000 1224.54247359 62043.74881139 
0.62000000 0.00000000 1229.69954042 62041.96299397 
0.64000000 0.00000000 1234.94909861 62040.18902870 
0.66000000 0.00000000 628.22825857 61202.54192641 
0.68000000 0.00000000 623.06591045 61179.37417501 
0.70000000 0.00000000 1250.78634018 62034.09867063 
0.72000000 0.00000000 1256.33509520 62031.79623523 
0.74000000 0.00000000 1260.54887419 62028.72717665 
0.76000000 0.00000000 1266.35245857 62026.23003241 
0.78000000 0.00000000 1268.78505748 62022.29343328 
0.80000000 0.00000000 1274.01564526 62019.59305298 
0.82000000 0.00000000 1279.00482930 62016.93747797 
0.84000000 0.00000000 1283.22885958 62014.21635908 
0.86000000 0.00000000 1364.75293577 62037.39737488 
0.88000000 0.00000000 1369.32870156 62034.74151124 
0.90000000 0.00000000 1212.64592680 61974.84454460 
0.92000000 0.00000000 1047.67298365 61879.26190533 
0.94000000 0.00000000 1378.61121446 62028.01188805 
0.96000000 0.00000000 1380.21632356 62026.18300898 
0.98000000 0.00000000 1478.56163831 62045.70798735 

