-1.00000000 0.00000000 2234.31926523 58720.10971585 
-0.98000000 0.00000000 2233.99994677 58720.43131970 
-0.96000000 0.00000000 2233.83531482 58720.75576051 
-0.94000000 0.00000000 2225.43537942 58716.35387602 
-0.92000000 0.00000000 2225.44442653 58716.66581183 
-0.90000000 0.00000000 2241.00781461 58726.40773281 
-0.88000000 0.00000000 2241.16086739 58726.65784128 
-0.86000000 0.00000000 2241.37210888 58726.91614610 
-0.84000000 0.00000000 2213.00441840 58711.83971331 
-0.82000000 0.00000000 2212.91839292 58711.93303682 
-0.80000000 0.00000000 2234.98014606 58722.78835292 
-0.78000000 0.00000000 2245.33811927 58730.21606146 
-0.76000000 0.00000000 2245.49910761 58730.38906989 
-0.74000000 0.00000000 2245.62044662 58730.52779609 
-0.72000000 0.00000000 2245.98755813 58730.86322760 
-0.70000000 0.00000000 2234.64102827 58722.83177669 
-0.68000000 0.00000000 2234.69610728 58722.88135468 
-0.66000000 0.00000000 2212.64061651 58712.41850686 
-0.64000000 0.00000000 2212.73905580 58712.40532068 
-0.62000000 0.00000000 2234.86406127 58722.86295002 
-0.60000000 0.00000000 2212.97833312 58712.23589452 
-0.58000000 0.00000000 2213.11404479 58712.07873228 
-0.56000000 0.00000000 2235.09140504 58722.58184400 
-0.54000000 0.00000000 2246.44196224 58730.63794961 
-0.52000000 0.00000000 2246.19589417 58730.25701392 
-0.50000000 0.00000000 2246.20384520 58730.08605159 
-0.48000000 0.00000000 2246.20208657 58729.91341883 
-0.46000000 0.00000000 2246.14423915 58729.70685612 
-0.44000000 0.00000000 2214.86956527 58710.80390975 
-0.42000000 0.00000000 2215.03478465 58710.66841215 
-0.40000000 0.00000000 2246.12282284 58729.35071311 
-0.38000000 0.00000000 2246.09721936 58729.26849938 
-0.36000000 0.00000000 2246.07880225 58729.21588515 
-0.34000000 0.00000000 2246.05681556 58729.17887694 
-0.32000000 0.00000000 2246.03299954 58729.15198458 
-0.30000000 0.00000000 2214.92733670 58710.16381469 
-0.28000000 0.00000000 2214.88549386 58710.11955276 
-0.26000000 0.00000000 2245.98532134 58729.06284033 
-0.24000000 0.00000000 2245.98546598 58728.99464616 
-0.22000000 0.00000000 2245.99567027 58728.88288744 
-0.20000000 0.00000000 2246.05233469 58728.73929316 
-0.18000000 0.00000000 2215.43477012 58709.34038633 
-0.16000000 0.00000000 2215.89588126 58708.98932993 
-0.14000000 0.00000000 2246.49534016 58727.91967827 
-0.12000000 0.00000000 2246.87108572 58727.57232664 
-0.10000000 0.00000000 2247.29380845 58727.10247704 
-0.08000000 0.00000000 2247.83647948 58726.56614987 
-0.06000000 0.00000000 2221.52511388 58705.87029566 
-0.04000000 0.00000000 2223.43268413 58705.04053934 
-0.02000000 0.00000000 2249.66838881 58724.07943405 
0.00000000 0.00000000 2250.86756844 58723.52928113 
0.02000000 0.00000000 2252.11563361 58722.94538879 
0.04000000 0.00000000 2253.52589301 58722.50010540 
0.06000000 0.00000000 2249.10449530 58715.50040259 
0.08000000 0.00000000 2254.56349963 58719.52377157 
0.10000000 0.00000000 2255.89269259 58719.06027441 
0.12000000 0.00000000 2257.32316847 58718.86552984 
0.14000000 0.00000000 2278.88047664 58946.97993232 
0.16000000 0.00000000 2282.66787979 58935.81902171 
0.18000000 0.00000000 2261.23702823 58718.80983388 
0.20000000 0.00000000 2262.32873480 58718.79365029 
0.22000000 0.00000000 2263.47503047 58718.97471613 
0.24000000 0.00000000 2264.61510874 58719.23964126 
0.26000000 0.00000000 2267.20040251 58722.00795791 
0.28000000 0.00000000 2268.28977257 58722.41138227 
0.30000000 0.00000000 2269.33783295 58722.84382301 
0.32000000 0.00000000 2270.31596038 58723.29345109 
0.34000000 0.00000000 2271.17590803 58723.72588064 
0.36000000 0.00000000 2271.83819565 58724.05112691 
0.38000000 0.00000000 2272.29014366 58724.29861121 
0.40000000 0.00000000 2199.21517950 59048.65447057 
0.42000000 0.00000000 2199.44525592 59048.55786360 
0.44000000 0.00000000 2272.00722273 58724.18991247 
0.46000000 0.00000000 2271.36395862 58723.87113528 
0.48000000 0.00000000 2270.50503668 58723.47169061 
0.50000000 0.00000000 2269.45068146 58722.97589498 
0.52000000 0.00000000 2268.27034853 58722.45149964 
0.54000000 0.00000000 2267.02471502 58721.94899328 
0.56000000 0.00000000 2265.75633870 58721.49477913 
0.58000000 0.00000000 2262.95899147 58718.69284371 
0.60000000 0.00000000 2261.67195898 58718.38124166 
0.62000000 0.00000000 2260.40393048 58718.14955340 
0.64000000 0.00000000 2259.13300979 58717.98183538 
0.66000000 0.00000000 2288.27100463 58915.28625171 
0.68000000 0.00000000 2286.47452179 58922.31483788 
0.70000000 0.00000000 2255.18979022 58717.91797415 
0.72000000 0.00000000 2253.78555847 58718.02676035 
0.74000000 0.00000000 2252.42524393 58718.30155058 
0.76000000 0.00000000 2250.94462208 58718.52818050 
0.78000000 0.00000000 2249.67015576 58719.03930972 
0.80000000 0.00000000 2248.23805049 58719.40048233 
0.82000000 0.00000000 2246.85921009 58719.80685527 
0.84000000 0.00000000 2245.59013987 58720.27483425 
0.86000000 0.00000000 2239.42737361 58716.50878781 
0.88000000 0.00000000 2238.22637292 58717.05112767 
0.90000000 0.00000000 2248.49702274 58727.11610515 
0.92000000 0.00000000 2262.92816713 58744.50493349 
0.94000000 0.00000000 2235.53723528 58718.64014172 
0.96000000 0.00000000 2234.94200758 58719.12618415 
0.98000000 0.00000000 2228.55649390 58715.91856906 

