-1.00000000 0.00000000 -735.06612696 59980.12267364 
-0.98000000 0.00000000 -736.83377615 59980.76221015 
-0.96000000 0.00000000 -737.93229234 59980.54040156 
-0.94000000 0.00000000 -774.86386405 60053.13490867 
-0.92000000 0.00000000 -775.16133876 60051.84121557 
-0.90000000 0.00000000 -709.70626299 59912.78198906 
-0.88000000 0.00000000 -709.37552622 59911.18337153 
-0.86000000 0.00000000 -708.78205714 59909.17187867 
-0.84000000 0.00000000 -835.59240139 60155.94279935 
-0.82000000 0.00000000 -836.21953731 60156.15679974 
-0.80000000 0.00000000 -735.29116653 59966.97623190 
-0.78000000 0.00000000 -694.03515303 59872.15941545 
-0.76000000 0.00000000 -693.54678817 59870.65069317 
-0.74000000 0.00000000 -693.19317935 59869.48633252 
-0.72000000 0.00000000 -691.87859580 59865.95841072 
-0.70000000 0.00000000 -737.27203755 59969.40647641 
-0.68000000 0.00000000 -737.08370680 59968.87204205 
-0.66000000 0.00000000 -838.40468384 60155.42881933 
-0.64000000 0.00000000 -837.88581268 60154.85959517 
-0.62000000 0.00000000 -736.29689779 59967.90136086 
-0.60000000 0.00000000 -836.53855648 60154.33014141 
-0.58000000 0.00000000 -835.73938166 60154.41608637 
-0.56000000 0.00000000 -734.93261461 59967.68333998 
-0.54000000 0.00000000 -689.53081790 59863.79191531 
-0.52000000 0.00000000 -690.25379388 59866.76007069 
-0.50000000 0.00000000 -689.99907894 59867.28120716 
-0.48000000 0.00000000 -689.78172509 59867.85906568 
-0.46000000 0.00000000 -689.78653266 59868.91748997 
-0.44000000 0.00000000 -825.73083567 60151.11581704 
-0.42000000 0.00000000 -824.74223683 60150.81886555 
-0.40000000 0.00000000 -689.31176150 59869.96414538 
-0.38000000 0.00000000 -689.25959773 59870.23503393 
-0.36000000 0.00000000 -689.19478479 59870.31197241 
-0.34000000 0.00000000 -689.15398321 59870.31790583 
-0.32000000 0.00000000 -689.12488807 59870.26390454 
-0.30000000 0.00000000 -824.43657046 60153.02037611 
-0.28000000 0.00000000 -824.50197982 60153.12200417 
-0.26000000 0.00000000 -688.91176695 59869.84541118 
-0.24000000 0.00000000 -688.74779740 59869.75066192 
-0.22000000 0.00000000 -688.52173500 59869.79812491 
-0.20000000 0.00000000 -688.09278750 59869.74618754 
-0.18000000 0.00000000 -820.98238858 60152.34785918 
-0.16000000 0.00000000 -818.56003735 60151.43136812 
-0.14000000 0.00000000 -685.61033879 59870.25522555 
-0.12000000 0.00000000 -683.87194789 59869.72355096 
-0.10000000 0.00000000 -681.94357133 59869.71764128 
-0.08000000 0.00000000 -679.55480769 59869.59527815 
-0.06000000 0.00000000 -791.17978544 60139.00158018 
-0.04000000 0.00000000 -782.30913936 60134.37304182 
-0.02000000 0.00000000 -671.65086486 59874.32846490 
0.00000000 0.00000000 -666.83095836 59871.80842406 
0.02000000 0.00000000 -661.86082304 59869.49719883 
0.04000000 0.00000000 -656.32422355 59865.80489887 
0.06000000 0.00000000 -672.82270285 59931.96615300 
0.08000000 0.00000000 -651.95667892 59880.72683930 
0.10000000 0.00000000 -646.82100373 59878.29170992 
0.12000000 0.00000000 -641.37028292 59873.84597319 
0.14000000 0.00000000 -548.11665854 58289.34051625 
0.16000000 0.00000000 -539.25423962 58359.92592071 
0.18000000 0.00000000 -626.84363502 59860.00199328 
0.20000000 0.00000000 -622.93933021 59856.85727722 
0.22000000 0.00000000 -618.92741362 59852.46982052 
0.24000000 0.00000000 -615.02354517 59847.89327634 
0.26000000 0.00000000 -606.11367068 59820.47925901 
0.28000000 0.00000000 -602.54661596 59815.81635326 
0.30000000 0.00000000 -599.16267999 59811.29820321 
0.32000000 0.00000000 -596.03666618 59806.95812793 
0.34000000 0.00000000 -593.30950544 59803.02461320 
0.36000000 0.00000000 -591.22934682 59800.21439257 
0.38000000 0.00000000 -589.81712993 59798.17167402 
0.40000000 0.00000000 -821.18684788 57294.51866473 
0.42000000 0.00000000 -820.01115684 57296.94986308 
0.44000000 0.00000000 -590.75373262 59799.56162345 
0.46000000 0.00000000 -592.79802549 59802.53629319 
0.48000000 0.00000000 -595.52633165 59806.32454270 
0.50000000 0.00000000 -598.89134525 59811.16154302 
0.52000000 0.00000000 -602.67951288 59816.52835559 
0.54000000 0.00000000 -606.70737274 59822.04271479 
0.56000000 0.00000000 -610.85197745 59827.52258420 
0.58000000 0.00000000 -620.49500404 59855.84990429 
0.60000000 0.00000000 -624.86976302 59861.18735223 
0.62000000 0.00000000 -629.26553481 59866.31895038 
0.64000000 0.00000000 -633.76672241 59871.43815022 
0.66000000 0.00000000 -526.51879901 58497.44422453 
0.68000000 0.00000000 -530.55844746 58455.93731591 
0.70000000 0.00000000 -648.30511215 59886.48352387 
0.72000000 0.00000000 -653.65257012 59891.59471436 
0.74000000 0.00000000 -658.91027450 59895.64633590 
0.76000000 0.00000000 -664.69035332 59900.80964425 
0.78000000 0.00000000 -669.75647089 59903.39718114 
0.80000000 0.00000000 -675.48672414 59907.94669309 
0.82000000 0.00000000 -681.08068868 59912.19853505 
0.84000000 0.00000000 -686.31663482 59915.77300374 
0.86000000 0.00000000 -711.14927639 59970.58703527 
0.88000000 0.00000000 -716.37762011 59973.76380744 
0.90000000 0.00000000 -676.45029219 59862.20330219 
0.92000000 0.00000000 -625.35975017 59696.01546239 
0.94000000 0.00000000 -728.65533714 59979.96126752 
0.96000000 0.00000000 -731.57394648 59980.97981051 
0.98000000 0.00000000 -759.38419273 60035.56789160 

