-1.00000000 0.00000000 472.65498248 59631.66758634 
-0.98000000 0.00000000 472.94778337 59629.94168276 
-0.96000000 0.00000000 473.20513961 59626.84348800 
-0.94000000 0.00000000 471.52923185 59809.31479340 
-0.92000000 0.00000000 471.73732991 59804.19694973 
-0.90000000 0.00000000 475.66730775 59463.38483141 
-0.88000000 0.00000000 475.79711402 59459.19668350 
-0.86000000 0.00000000 475.92067363 59454.27889489 
-0.84000000 0.00000000 469.93958751 60098.02836022 
-0.82000000 0.00000000 470.01211064 60098.09506958 
-0.80000000 0.00000000 474.35399341 59587.71282636 
-0.78000000 0.00000000 477.26945330 59371.37047097 
-0.76000000 0.00000000 477.35528612 59367.88677968 
-0.74000000 0.00000000 477.42950761 59365.13507244 
-0.72000000 0.00000000 477.57970033 59357.25621954 
-0.70000000 0.00000000 474.49133022 59591.97723348 
-0.68000000 0.00000000 474.52582389 59590.54917644 
-0.66000000 0.00000000 470.46849402 60092.00164993 
-0.64000000 0.00000000 470.45270403 60090.51895204 
-0.62000000 0.00000000 474.49303790 59588.94023714 
-0.60000000 0.00000000 470.29562250 60090.58080385 
-0.58000000 0.00000000 470.15333371 60092.27628094 
-0.56000000 0.00000000 474.22299812 59591.32587285 
-0.54000000 0.00000000 477.29069375 59356.42558848 
-0.52000000 0.00000000 477.07000691 59364.06330012 
-0.50000000 0.00000000 476.92963956 59366.40158101 
-0.48000000 0.00000000 476.79153590 59368.81670073 
-0.46000000 0.00000000 476.64631680 59372.18611816 
-0.44000000 0.00000000 468.85123455 60096.22491972 
-0.42000000 0.00000000 468.72067530 60096.70682132 
-0.40000000 0.00000000 476.38145113 59376.58616166 
-0.38000000 0.00000000 476.33456369 59377.46247340 
-0.36000000 0.00000000 476.31255123 59377.71177741 
-0.34000000 0.00000000 476.30821480 59377.63391221 
-0.32000000 0.00000000 476.31681111 59377.29838176 
-0.30000000 0.00000000 468.47616317 60104.83346202 
-0.28000000 0.00000000 468.49422022 60104.73280482 
-0.26000000 0.00000000 476.35413374 59375.64703403 
-0.24000000 0.00000000 476.33881383 59375.47155894 
-0.22000000 0.00000000 476.28877002 59375.94102684 
-0.20000000 0.00000000 476.19960063 59376.67951719 
-0.18000000 0.00000000 468.08359967 60106.06424400 
-0.16000000 0.00000000 467.78798920 60106.63784130 
-0.14000000 0.00000000 475.52559490 59384.89839645 
-0.12000000 0.00000000 475.15296874 59388.19744768 
-0.10000000 0.00000000 474.65502652 59394.00873125 
-0.08000000 0.00000000 474.04596638 59401.05400670 
-0.06000000 0.00000000 464.34616278 60113.29337968 
-0.04000000 0.00000000 463.21936462 60115.29688498 
-0.02000000 0.00000000 471.30523884 59443.54259499 
0.00000000 0.00000000 470.33354945 59451.53277942 
0.02000000 0.00000000 469.27627960 59461.25038193 
0.04000000 0.00000000 468.22601729 59468.69131119 
0.06000000 0.00000000 464.06502066 59647.22413443 
0.08000000 0.00000000 465.05848554 59538.53182852 
0.10000000 0.00000000 463.93396438 59550.04176600 
0.12000000 0.00000000 462.96008558 59556.10031085 
0.14000000 0.00000000 597.16974194 56782.56306547 
0.16000000 0.00000000 586.91578563 56885.59170417 
0.18000000 0.00000000 460.49613038 59568.22257173 
0.20000000 0.00000000 459.72367451 59574.57417137 
0.22000000 0.00000000 459.05598526 59577.43597967 
0.24000000 0.00000000 458.42403695 59579.66225963 
0.26000000 0.00000000 459.04794834 59524.61874838 
0.28000000 0.00000000 458.46522408 59526.44090819 
0.30000000 0.00000000 457.90859763 59528.25367897 
0.32000000 0.00000000 457.40236792 59529.67631157 
0.34000000 0.00000000 456.96916153 59530.65381958 
0.36000000 0.00000000 456.60820929 59532.27227560 
0.38000000 0.00000000 456.37576098 59532.99235966 
0.40000000 0.00000000 829.72142874 55337.06205878 
0.42000000 0.00000000 828.73555565 55340.95851196 
0.44000000 0.00000000 456.50906161 59533.02435534 
0.46000000 0.00000000 456.83023815 59532.35257513 
0.48000000 0.00000000 457.27688619 59530.92611926 
0.50000000 0.00000000 457.79786460 59530.01543992 
0.52000000 0.00000000 458.38057008 59529.06533754 
0.54000000 0.00000000 459.00747085 59527.80002010 
0.56000000 0.00000000 459.65770047 59526.29866748 
0.58000000 0.00000000 459.09663912 59582.15485769 
0.60000000 0.00000000 459.75854805 59580.81064025 
0.62000000 0.00000000 460.42806942 59579.24587753 
0.64000000 0.00000000 461.10515800 59577.79707355 
0.66000000 0.00000000 569.72554038 57085.55408787 
0.68000000 0.00000000 575.35241967 57022.58485662 
0.70000000 0.00000000 463.32492503 59571.58733550 
0.72000000 0.00000000 464.14511631 59569.00999030 
0.74000000 0.00000000 465.05424892 59563.49519676 
0.76000000 0.00000000 465.93897359 59560.60496302 
0.78000000 0.00000000 466.94528673 59551.55958961 
0.80000000 0.00000000 467.85237337 59547.75694896 
0.82000000 0.00000000 468.74037733 59543.92747066 
0.84000000 0.00000000 469.60450649 59539.40503264 
0.86000000 0.00000000 468.52031341 59661.42374056 
0.88000000 0.00000000 469.32125368 59657.77932779 
0.90000000 0.00000000 474.11345662 59384.97896721 
0.92000000 0.00000000 481.55138382 59030.22843288 
0.94000000 0.00000000 471.28770948 59646.76221691 
0.96000000 0.00000000 471.79549851 59643.04071478 
0.98000000 0.00000000 470.70629554 59776.43957595 

