-1.00000000 0.00000000 823.93036750 61715.56981661 
-0.98000000 0.00000000 824.61109509 61714.76785332 
-0.96000000 0.00000000 824.69570246 61713.37027959 
-0.94000000 0.00000000 878.09469516 61793.50790215 
-0.92000000 0.00000000 877.25013622 61791.24155206 
-0.90000000 0.00000000 784.73314622 61640.28905284 
-0.88000000 0.00000000 783.97432341 61638.42539574 
-0.86000000 0.00000000 782.98106808 61636.23225996 
-0.84000000 0.00000000 979.57056032 61916.04369828 
-0.82000000 0.00000000 979.97222922 61916.03179663 
-0.80000000 0.00000000 816.92773809 61696.03928354 
-0.78000000 0.00000000 764.27570937 61598.83976299 
-0.76000000 0.00000000 763.59691483 61597.28025067 
-0.74000000 0.00000000 763.08375639 61596.05109065 
-0.72000000 0.00000000 761.42591931 61592.49313024 
-0.70000000 0.00000000 818.75403032 61697.98415193 
-0.68000000 0.00000000 818.44172213 61697.35582601 
-0.66000000 0.00000000 979.88665004 61913.26678254 
-0.64000000 0.00000000 979.18583225 61912.67489100 
-0.62000000 0.00000000 817.79049552 61696.65693331 
-0.60000000 0.00000000 978.33546068 61912.82467631 
-0.58000000 0.00000000 978.24037385 61913.62989625 
-0.56000000 0.00000000 817.41725268 61697.73352753 
-0.54000000 0.00000000 760.13488845 61592.08175136 
-0.52000000 0.00000000 761.45630023 61595.52607329 
-0.50000000 0.00000000 761.60197890 61596.56320546 
-0.48000000 0.00000000 761.77778406 61597.63584071 
-0.46000000 0.00000000 762.19311646 61599.14355031 
-0.44000000 0.00000000 972.63084323 61916.22976028 
-0.42000000 0.00000000 972.10916646 61916.52368168 
-0.40000000 0.00000000 762.48235313 61601.09205570 
-0.38000000 0.00000000 762.56859642 61601.48016093 
-0.36000000 0.00000000 762.57319578 61601.58667925 
-0.34000000 0.00000000 762.55335158 61601.54732811 
-0.32000000 0.00000000 762.51111272 61601.39309630 
-0.30000000 0.00000000 974.17040136 61920.03496996 
-0.28000000 0.00000000 974.25850667 61919.97466970 
-0.26000000 0.00000000 762.25709942 61600.64389429 
-0.24000000 0.00000000 762.17637749 61600.56450778 
-0.22000000 0.00000000 762.14650614 61600.77730096 
-0.20000000 0.00000000 762.04464723 61601.11147886 
-0.18000000 0.00000000 972.63126061 61920.83412152 
-0.16000000 0.00000000 971.21639499 61921.30699309 
-0.14000000 0.00000000 761.86747624 61604.83874893 
-0.12000000 0.00000000 761.39120695 61606.33695432 
-0.10000000 0.00000000 761.12751245 61608.98022157 
-0.08000000 0.00000000 760.76688271 61612.18972386 
-0.06000000 0.00000000 954.34282207 61926.82704445 
-0.04000000 0.00000000 948.67859811 61928.55324763 
-0.02000000 0.00000000 761.96268208 61631.59818812 
0.00000000 0.00000000 760.33585657 61635.28227317 
0.02000000 0.00000000 758.81883342 61639.76559769 
0.04000000 0.00000000 756.66052930 61643.21889137 
0.06000000 0.00000000 790.68648549 61724.65237227 
0.08000000 0.00000000 763.22487613 61675.31232898 
0.10000000 0.00000000 761.73074098 61680.67827550 
0.12000000 0.00000000 759.29720531 61683.54952793 
0.14000000 0.00000000 517.59495604 60365.38524292 
0.16000000 0.00000000 519.92931182 60414.98509274 
0.18000000 0.00000000 752.09690789 61689.36145155 
0.20000000 0.00000000 750.49601287 61692.35653156 
0.22000000 0.00000000 748.34986870 61693.74510330 
0.24000000 0.00000000 746.15923592 61694.84088389 
0.26000000 0.00000000 733.79483681 61669.48079274 
0.28000000 0.00000000 731.73756301 61670.37290338 
0.30000000 0.00000000 729.77704483 61671.26001866 
0.32000000 0.00000000 727.92199102 61671.96352938 
0.34000000 0.00000000 726.26241297 61672.45514297 
0.36000000 0.00000000 725.08978234 61673.23567478 
0.38000000 0.00000000 724.24391498 61673.58912425 
0.40000000 0.00000000 498.11956530 59650.70950811 
0.42000000 0.00000000 498.13618310 59652.69257839 
0.44000000 0.00000000 724.82651078 61673.58431654 
0.46000000 0.00000000 726.06777994 61673.23937257 
0.48000000 0.00000000 727.66127459 61672.53295352 
0.50000000 0.00000000 729.71909789 61672.05584120 
0.52000000 0.00000000 732.03386987 61671.55310183 
0.54000000 0.00000000 734.44981853 61670.89982000 
0.56000000 0.00000000 736.89209203 61670.13530163 
0.58000000 0.00000000 749.86529351 61695.81632430 
0.60000000 0.00000000 752.44847006 61695.10239512 
0.62000000 0.00000000 754.98259411 61694.28711591 
0.64000000 0.00000000 757.56091227 61693.52425245 
0.66000000 0.00000000 526.07263434 60511.90587769 
0.68000000 0.00000000 524.44155992 60481.76787224 
0.70000000 0.00000000 765.46422953 61690.36024464 
0.72000000 0.00000000 768.26335186 61689.06303434 
0.74000000 0.00000000 770.57953524 61686.42045440 
0.76000000 0.00000000 773.52698878 61684.97433243 
0.78000000 0.00000000 775.18357172 61680.72731379 
0.80000000 0.00000000 777.91498995 61678.87352166 
0.82000000 0.00000000 780.53739111 61677.01491114 
0.84000000 0.00000000 782.83405646 61674.85315512 
0.86000000 0.00000000 815.25446369 61729.66183916 
0.88000000 0.00000000 817.67729792 61727.84099265 
0.90000000 0.00000000 756.75875678 61604.57444136 
0.92000000 0.00000000 691.98655957 61441.35683416 
0.94000000 0.00000000 822.85005860 61722.49937091 
0.96000000 0.00000000 823.86937059 61720.74925466 
0.98000000 0.00000000 862.94105253 61779.53228006 

