-1.00000000 0.00000000 -1584.08423831 59004.45797445 
-0.98000000 0.00000000 -1584.48432590 59003.22371930 
-0.96000000 0.00000000 -1584.58207251 59002.39793215 
-0.94000000 0.00000000 -1604.59944121 58984.14045689 
-0.92000000 0.00000000 -1604.35786361 58983.78299046 
-0.90000000 0.00000000 -1566.04485274 59015.65413894 
-0.88000000 0.00000000 -1565.58202522 59015.76522483 
-0.86000000 0.00000000 -1564.99427291 59016.02562478 
-0.84000000 0.00000000 -1632.54153296 58954.32500391 
-0.82000000 0.00000000 -1632.64475377 58953.94261045 
-0.80000000 0.00000000 -1580.96137405 59003.05017885 
-0.78000000 0.00000000 -1554.61591670 59023.07417915 
-0.76000000 0.00000000 -1554.17748931 59023.30480413 
-0.74000000 0.00000000 -1553.84159570 59023.46890228 
-0.72000000 0.00000000 -1552.85727332 59024.08695122 
-0.70000000 0.00000000 -1581.65317348 59001.99890527 
-0.68000000 0.00000000 -1581.50881725 59002.08961182 
-0.66000000 0.00000000 -1632.80736295 58952.47240216 
-0.64000000 0.00000000 -1632.62820351 58952.76516476 
-0.62000000 0.00000000 -1581.18751157 59002.56722308 
-0.60000000 0.00000000 -1632.31088814 58953.64283304 
-0.58000000 0.00000000 -1632.18372248 58954.21382828 
-0.56000000 0.00000000 -1580.93849562 59003.51166535 
-0.54000000 0.00000000 -1552.07332482 59025.55086151 
-0.52000000 0.00000000 -1552.84443186 59025.30453128 
-0.50000000 0.00000000 -1552.94181341 59025.51741155 
-0.48000000 0.00000000 -1553.05923229 59025.70757508 
-0.46000000 0.00000000 -1553.31538067 59025.78500054 
-0.44000000 0.00000000 -1629.87665926 58960.72623914 
-0.42000000 0.00000000 -1629.66531047 58961.36684368 
-0.40000000 0.00000000 -1553.57215611 59026.15517317 
-0.38000000 0.00000000 -1553.66560786 59026.19412511 
-0.36000000 0.00000000 -1553.72073679 59026.22279089 
-0.34000000 0.00000000 -1553.76968456 59026.22716921 
-0.32000000 0.00000000 -1553.81290848 59026.21751575 
-0.30000000 0.00000000 -1630.19742911 58961.79771285 
-0.28000000 0.00000000 -1630.28885722 58961.75962589 
-0.26000000 0.00000000 -1553.89151818 59026.26440392 
-0.24000000 0.00000000 -1553.91341770 59026.36078210 
-0.22000000 0.00000000 -1553.94972210 59026.52551172 
-0.20000000 0.00000000 -1553.92032782 59026.84027958 
-0.18000000 0.00000000 -1629.77860907 58964.27922169 
-0.16000000 0.00000000 -1629.18436391 58965.95911502 
-0.14000000 0.00000000 -1553.62808984 59028.84452965 
-0.12000000 0.00000000 -1553.15358125 59030.15931196 
-0.10000000 0.00000000 -1552.69738999 59031.70253002 
-0.08000000 0.00000000 -1552.07105324 59033.60621375 
-0.06000000 0.00000000 -1621.17641323 58984.78233149 
-0.04000000 0.00000000 -1618.28396473 58990.83756396 
-0.02000000 0.00000000 -1550.60367819 59040.61233336 
0.00000000 0.00000000 -1548.74174518 59044.15402934 
0.02000000 0.00000000 -1546.81963785 59047.83663692 
0.04000000 0.00000000 -1544.46395729 59051.77954982 
0.06000000 0.00000000 -1559.28253793 59047.42692210 
0.08000000 0.00000000 -1545.09046679 59057.20311584 
0.10000000 0.00000000 -1542.92615349 59060.94579880 
0.12000000 0.00000000 -1540.32948248 59064.66564329 
0.14000000 0.00000000 -1257.69495927 58911.02444458 
0.16000000 0.00000000 -1264.70731921 58929.24263713 
0.18000000 0.00000000 -1532.85629315 59074.28722614 
0.20000000 0.00000000 -1530.80922853 59076.94138037 
0.22000000 0.00000000 -1528.49870060 59079.52161432 
0.24000000 0.00000000 -1526.14628610 59081.99119130 
0.26000000 0.00000000 -1518.73197457 59085.48548758 
0.28000000 0.00000000 -1516.38768513 59087.66710870 
0.30000000 0.00000000 -1514.10651898 59089.71584399 
0.32000000 0.00000000 -1511.94518771 59091.57828279 
0.34000000 0.00000000 -1510.01755245 59093.17645415 
0.36000000 0.00000000 -1508.54845170 59094.41241443 
0.38000000 0.00000000 -1507.52530616 59095.23082136 
0.40000000 0.00000000 -1238.89671034 58611.09227309 
0.42000000 0.00000000 -1238.74772977 58611.87975390 
0.44000000 0.00000000 -1508.15191602 59094.67758611 
0.46000000 0.00000000 -1509.59596787 59093.48206582 
0.48000000 0.00000000 -1511.49760813 59091.85817789 
0.50000000 0.00000000 -1513.84194628 59089.86545205 
0.52000000 0.00000000 -1516.44388111 59087.59933694 
0.54000000 0.00000000 -1519.15105864 59085.15165612 
0.56000000 0.00000000 -1521.86697650 59082.59502255 
0.58000000 0.00000000 -1529.69912184 59078.61203515 
0.60000000 0.00000000 -1532.35793711 59075.83510650 
0.62000000 0.00000000 -1534.93118232 59073.01031317 
0.64000000 0.00000000 -1537.47583630 59070.09851085 
0.66000000 0.00000000 -1279.57624813 58960.62386221 
0.68000000 0.00000000 -1274.58770450 58950.67744152 
0.70000000 0.00000000 -1545.08357188 59060.50246902 
0.72000000 0.00000000 -1547.70442540 59056.91715845 
0.74000000 0.00000000 -1550.09985920 59053.26162936 
0.76000000 0.00000000 -1552.77897833 59049.33337905 
0.78000000 0.00000000 -1554.81016540 59045.62957609 
0.80000000 0.00000000 -1557.28720430 59041.65517538 
0.82000000 0.00000000 -1559.62673087 59037.75143999 
0.84000000 0.00000000 -1561.70552146 59034.04735137 
0.86000000 0.00000000 -1576.99865452 59021.79015590 
0.88000000 0.00000000 -1578.87789974 59018.09258867 
0.90000000 0.00000000 -1550.22390086 59034.86020417 
0.92000000 0.00000000 -1507.01368749 59054.76076260 
0.94000000 0.00000000 -1582.82654064 59009.32413872 
0.96000000 0.00000000 -1583.61111048 59007.21121472 
0.98000000 0.00000000 -1598.76915282 58993.30038096 

