-1.00000000 0.00000000 984.24993577 57544.74650963 
-0.98000000 0.00000000 984.70504690 57546.39152072 
-0.96000000 0.00000000 985.55963326 57545.77677989 
-0.94000000 0.00000000 939.64411449 57747.72939678 
-0.92000000 0.00000000 940.91748571 57744.16822700 
-0.90000000 0.00000000 1032.96877612 57367.86839993 
-0.88000000 0.00000000 1034.31958308 57363.84382857 
-0.86000000 0.00000000 1035.90394002 57358.77768819 
-0.84000000 0.00000000 879.37397530 58057.36998891 
-0.82000000 0.00000000 879.43007701 58058.24728252 
-0.80000000 0.00000000 996.70985966 57509.86532051 
-0.78000000 0.00000000 1062.81795149 57265.95785033 
-0.76000000 0.00000000 1064.01084511 57262.25347505 
-0.74000000 0.00000000 1064.95347412 57259.39393771 
-0.72000000 0.00000000 1067.61868813 57250.69436306 
-0.70000000 0.00000000 995.63123825 57516.49697063 
-0.68000000 0.00000000 996.03409522 57515.07043000 
-0.66000000 0.00000000 880.87497127 58056.85492761 
-0.64000000 0.00000000 881.14325913 58055.01084381 
-0.62000000 0.00000000 996.48408808 57512.48517696 
-0.60000000 0.00000000 881.05942897 58053.06502397 
-0.58000000 0.00000000 880.67973089 58053.11315221 
-0.56000000 0.00000000 995.81587511 57511.95298498 
-0.54000000 0.00000000 1068.00645271 57245.59519808 
-0.52000000 0.00000000 1065.45411698 57252.97207582 
-0.50000000 0.00000000 1064.69037202 57254.32078141 
-0.48000000 0.00000000 1063.89847445 57255.80474785 
-0.46000000 0.00000000 1062.78392874 57258.46758032 
-0.44000000 0.00000000 879.36646762 58040.88489273 
-0.42000000 0.00000000 879.20950236 58039.76608314 
-0.40000000 0.00000000 1061.30343305 57261.10273847 
-0.38000000 0.00000000 1060.98718297 57261.74801164 
-0.36000000 0.00000000 1060.86953151 57261.89294076 
-0.34000000 0.00000000 1060.85152612 57261.84346447 
-0.32000000 0.00000000 1060.91185386 57261.63050100 
-0.30000000 0.00000000 877.42043288 58045.89299158 
-0.28000000 0.00000000 877.40683144 58046.10567246 
-0.26000000 0.00000000 1061.29810911 57260.32874017 
-0.24000000 0.00000000 1061.31786077 57260.02818836 
-0.22000000 0.00000000 1061.14475247 57260.11358824 
-0.20000000 0.00000000 1060.91741563 57260.00857028 
-0.18000000 0.00000000 876.91918171 58042.71608348 
-0.16000000 0.00000000 876.74849621 58039.56142914 
-0.14000000 0.00000000 1058.59316399 57261.90589039 
-0.12000000 0.00000000 1057.80715681 57261.09459845 
-0.10000000 0.00000000 1056.30720612 57261.78527122 
-0.08000000 0.00000000 1054.53402069 57262.42596198 
-0.06000000 0.00000000 875.34166138 58000.89913543 
-0.04000000 0.00000000 875.03628996 57987.55421066 
-0.02000000 0.00000000 1043.19674972 57278.69790701 
0.00000000 0.00000000 1041.71388911 57274.60669679 
0.02000000 0.00000000 1039.80277730 57271.34646547 
0.04000000 0.00000000 1038.71652271 57264.94994988 
0.06000000 0.00000000 986.90894726 57435.35220556 
0.08000000 0.00000000 1019.71461790 57308.18367853 
0.10000000 0.00000000 1017.56568006 57305.35851931 
0.12000000 0.00000000 1017.06807063 57297.52029815 
0.14000000 0.00000000 3553.49283471 56135.02807226 
0.16000000 0.00000000 3407.36432869 56004.63253632 
0.18000000 0.00000000 1017.37064386 57272.44793104 
0.20000000 0.00000000 1016.79426072 57267.65305613 
0.22000000 0.00000000 1017.31059538 57259.76760528 
0.24000000 0.00000000 1018.06911367 57251.45881296 
0.26000000 0.00000000 1036.69021662 57187.06354335 
0.28000000 0.00000000 1037.70196769 57178.75295315 
0.30000000 0.00000000 1038.69888661 57170.77250919 
0.32000000 0.00000000 1039.73603834 57163.08454136 
0.34000000 0.00000000 1040.74852054 57156.08360396 
0.36000000 0.00000000 1041.29712056 57151.32404160 
0.38000000 0.00000000 1041.79315091 57147.76760426 
0.40000000 0.00000000 4245.03845047 59319.14600222 
0.42000000 0.00000000 4247.13471622 59310.56729528 
0.44000000 0.00000000 1041.41739173 57150.31112035 
0.46000000 0.00000000 1040.66322040 57155.58993634 
0.48000000 0.00000000 1039.81235248 57162.20456324 
0.50000000 0.00000000 1038.54358364 57170.91301382 
0.52000000 0.00000000 1037.12954707 57180.65177299 
0.54000000 0.00000000 1035.74616875 57190.66431319 
0.56000000 0.00000000 1034.44063093 57200.63873424 
0.58000000 0.00000000 1015.51622589 57267.20658188 
0.60000000 0.00000000 1014.36928557 57277.25632714 
0.62000000 0.00000000 1013.38013666 57286.95503420 
0.64000000 0.00000000 1012.44247590 57296.75434288 
0.66000000 0.00000000 3110.37400762 55815.17521320 
0.68000000 0.00000000 3201.82706832 55865.67252710 
0.70000000 0.00000000 1010.55162212 57325.79172882 
0.72000000 0.00000000 1010.14991269 57335.80050305 
0.74000000 0.00000000 1010.64880661 57343.19979716 
0.76000000 0.00000000 1010.40936568 57353.52429054 
0.78000000 0.00000000 1012.04212617 57357.47944119 
0.80000000 0.00000000 1012.18998175 57366.62720825 
0.82000000 0.00000000 1012.42727836 57375.27896932 
0.84000000 0.00000000 1012.96385846 57382.48946713 
0.86000000 0.00000000 977.93012499 57523.83940755 
0.88000000 0.00000000 978.42753538 57530.98780028 
0.90000000 0.00000000 1059.44103797 57244.00179476 
0.92000000 0.00000000 1195.72202630 56858.49014662 
0.94000000 0.00000000 980.47851248 57545.15940266 
0.96000000 0.00000000 981.32708374 57547.48828866 
0.98000000 0.00000000 947.28895302 57697.55316737 

