-1.00000000 0.00000000 248.12431447 63814.60538784 
-0.98000000 0.00000000 248.25813089 63814.61041480 
-0.96000000 0.00000000 248.50120762 63814.61965052 
-0.94000000 0.00000000 231.44707232 63813.93348902 
-0.92000000 0.00000000 231.99435265 63813.95629211 
-0.90000000 0.00000000 260.10799485 63815.05244709 
-0.88000000 0.00000000 260.35636668 63815.06132413 
-0.86000000 0.00000000 260.64829510 63815.07176329 
-0.84000000 0.00000000 191.51800917 63812.09534601 
-0.82000000 0.00000000 191.51284690 63812.09495810 
-0.80000000 0.00000000 251.47870782 63814.73257249 
-0.78000000 0.00000000 265.41442346 63815.24087672 
-0.76000000 0.00000000 265.59144527 63815.24700973 
-0.74000000 0.00000000 265.72846458 63815.25173998 
-0.72000000 0.00000000 266.14076930 63815.26609224 
-0.70000000 0.00000000 251.11150048 63814.71826921 
-0.68000000 0.00000000 251.21334992 63814.72208402 
-0.66000000 0.00000000 192.61413202 63812.14918127 
-0.64000000 0.00000000 192.86792858 63812.16179766 
-0.62000000 0.00000000 251.32111077 63814.72610700 
-0.60000000 0.00000000 192.84252990 63812.16054771 
-0.58000000 0.00000000 192.53715864 63812.14537200 
-0.56000000 0.00000000 251.13466204 63814.71911440 
-0.54000000 0.00000000 266.16283022 63815.26681901 
-0.52000000 0.00000000 265.75834044 63815.25273144 
-0.50000000 0.00000000 265.63796723 63815.24857153 
-0.48000000 0.00000000 265.51271603 63815.24423639 
-0.46000000 0.00000000 265.33405380 63815.23801998 
-0.44000000 0.00000000 191.72794541 63812.10554437 
-0.42000000 0.00000000 191.63124298 63812.10076197 
-0.40000000 0.00000000 265.10152706 63815.22995044 
-0.38000000 0.00000000 265.05363832 63815.22827869 
-0.36000000 0.00000000 265.03916163 63815.22777109 
-0.34000000 0.00000000 265.04179228 63815.22785652 
-0.32000000 0.00000000 265.05797804 63815.22841222 
-0.30000000 0.00000000 190.18614606 63812.02821788 
-0.28000000 0.00000000 190.20854568 63812.02931602 
-0.26000000 0.00000000 265.14155653 63815.23129938 
-0.24000000 0.00000000 265.14989772 63815.23158271 
-0.22000000 0.00000000 265.12397769 63815.23067121 
-0.20000000 0.00000000 265.08483413 63815.22930642 
-0.18000000 0.00000000 189.99148501 63812.01839792 
-0.16000000 0.00000000 189.88875621 63812.01329145 
-0.14000000 0.00000000 264.64592696 63815.21399238 
-0.12000000 0.00000000 264.47167764 63815.20793202 
-0.10000000 0.00000000 264.15682200 63815.19692264 
-0.08000000 0.00000000 263.77059492 63815.18338871 
-0.06000000 0.00000000 188.65126259 63811.95163270 
-0.04000000 0.00000000 188.27184126 63811.93267585 
-0.02000000 0.00000000 261.31080164 63815.09619517 
0.00000000 0.00000000 260.83877045 63815.07941997 
0.02000000 0.00000000 260.25231317 63815.05847791 
0.04000000 0.00000000 259.80136817 63815.04237546 
0.06000000 0.00000000 246.77234065 63814.55383094 
0.08000000 0.00000000 255.15091221 63814.87227482 
0.10000000 0.00000000 254.34531017 63814.84247828 
0.12000000 0.00000000 253.92284992 63814.82687208 
0.14000000 0.00000000 307.09234343 63816.52718601 
0.16000000 0.00000000 306.80988706 63816.51973778 
0.18000000 0.00000000 253.08354698 63814.79582160 
0.20000000 0.00000000 252.62851203 63814.77881118 
0.22000000 0.00000000 252.43262770 63814.77151394 
0.24000000 0.00000000 252.28415302 63814.76598348 
0.26000000 0.00000000 256.28694049 63814.91533129 
0.28000000 0.00000000 256.17824169 63814.91136358 
0.30000000 0.00000000 256.06870322 63814.90735512 
0.32000000 0.00000000 255.98440122 63814.90427048 
0.34000000 0.00000000 255.92878607 63814.90223884 
0.36000000 0.00000000 255.82536041 63814.89843273 
0.38000000 0.00000000 255.78156618 63814.89682476 
0.40000000 0.00000000 309.79619139 63816.59864359 
0.42000000 0.00000000 309.79205009 63816.59853599 
0.44000000 0.00000000 255.77799662 63814.89669251 
0.46000000 0.00000000 255.81764595 63814.89814806 
0.48000000 0.00000000 255.90708928 63814.90143987 
0.50000000 0.00000000 255.95781351 63814.90329588 
0.52000000 0.00000000 256.00937968 63814.90517989 
0.54000000 0.00000000 256.08172144 63814.90782869 
0.56000000 0.00000000 256.16994414 63814.91106094 
0.58000000 0.00000000 252.09600488 63814.75896033 
0.60000000 0.00000000 252.18165354 63814.76216104 
0.62000000 0.00000000 252.28536949 63814.76603787 
0.64000000 0.00000000 252.38210353 63814.76964451 
0.66000000 0.00000000 306.15324732 63816.50236473 
0.68000000 0.00000000 306.37324767 63816.50822435 
0.70000000 0.00000000 252.82378935 63814.78610914 
0.72000000 0.00000000 253.01199158 63814.79311102 
0.74000000 0.00000000 253.41790479 63814.80826101 
0.76000000 0.00000000 253.62938351 63814.81609435 
0.78000000 0.00000000 254.28758252 63814.84059504 
0.80000000 0.00000000 254.56147081 63814.85070145 
0.82000000 0.00000000 254.83537110 63814.86078688 
0.84000000 0.00000000 255.15609272 63814.87259056 
0.86000000 0.00000000 245.64987553 63814.51031437 
0.88000000 0.00000000 245.96341108 63814.52241651 
0.90000000 0.00000000 264.88889899 63815.22401439 
0.92000000 0.00000000 280.45663813 63815.74661626 
0.94000000 0.00000000 246.89241501 63814.55814098 
0.96000000 0.00000000 247.19956348 63814.56991222 
0.98000000 0.00000000 234.89744583 63814.07763132 

