-1.00000000 0.00000000 -1823.14943685 58277.54512676 
-0.98000000 0.00000000 -1821.65497333 58276.64151719 
-0.96000000 0.00000000 -1820.67888631 58276.52679098 
-0.94000000 0.00000000 -1794.85487195 58221.27319566 
-0.92000000 0.00000000 -1794.49981695 58222.07351295 
-0.90000000 0.00000000 -1839.01305225 58330.11553162 
-0.88000000 0.00000000 -1839.17050830 58331.42937790 
-0.86000000 0.00000000 -1839.51632098 58333.10332100 
-0.84000000 0.00000000 -1751.45997199 58148.94249401 
-0.82000000 0.00000000 -1750.97077726 58148.76938698 
-0.80000000 0.00000000 -1821.93853447 58286.85726563 
-0.78000000 0.00000000 -1848.68893795 58363.70712549 
-0.76000000 0.00000000 -1848.97664876 58364.98402517 
-0.74000000 0.00000000 -1849.18120482 58365.96315176 
-0.72000000 0.00000000 -1849.96768464 58368.89905034 
-0.70000000 0.00000000 -1820.53136675 58284.88026157 
-0.68000000 0.00000000 -1820.65888204 58285.28974166 
-0.66000000 0.00000000 -1749.20405409 58148.89108230 
-0.64000000 0.00000000 -1749.60078217 58149.29429918 
-0.62000000 0.00000000 -1821.26748394 58286.14766189 
-0.60000000 0.00000000 -1750.69744961 58149.83112990 
-0.58000000 0.00000000 -1751.37698094 58149.93669548 
-0.56000000 0.00000000 -1822.40987081 58286.68074702 
-0.54000000 0.00000000 -1851.74620810 58371.17856126 
-0.52000000 0.00000000 -1851.41092770 58368.84221121 
-0.50000000 0.00000000 -1851.66259841 58368.53931617 
-0.48000000 0.00000000 -1851.88739656 58368.18015028 
-0.46000000 0.00000000 -1851.97079718 58367.40748885 
-0.44000000 0.00000000 -1759.51222919 58153.76974575 
-0.42000000 0.00000000 -1760.31519891 58154.11966072 
-0.40000000 0.00000000 -1852.42991150 58366.68793182 
-0.38000000 0.00000000 -1852.48695896 58366.44636865 
-0.36000000 0.00000000 -1852.53677363 58366.33212440 
-0.34000000 0.00000000 -1852.56040126 58366.24728926 
-0.32000000 0.00000000 -1852.56955684 58366.18881543 
-0.30000000 0.00000000 -1760.70207558 58152.57942485 
-0.28000000 0.00000000 -1760.65288607 58152.39893488 
-0.26000000 0.00000000 -1852.69182641 58366.18747625 
-0.24000000 0.00000000 -1852.82362200 58366.18708083 
-0.22000000 0.00000000 -1853.02875732 58366.12186750 
-0.20000000 0.00000000 -1853.40562841 58366.22049323 
-0.18000000 0.00000000 -1763.70164593 58153.06363527 
-0.16000000 0.00000000 -1765.76237179 58154.06581055 
-0.14000000 0.00000000 -1855.70073229 58366.77645366 
-0.12000000 0.00000000 -1857.20716389 58367.93199406 
-0.10000000 0.00000000 -1858.94975167 58368.91631151 
-0.08000000 0.00000000 -1861.09481848 58370.29189758 
-0.06000000 0.00000000 -1789.04184003 58168.73408812 
-0.04000000 0.00000000 -1796.58797338 58174.39211847 
-0.02000000 0.00000000 -1868.80884240 58372.27197232 
0.00000000 0.00000000 -1872.83776567 58376.94037838 
0.02000000 0.00000000 -1877.00935174 58381.72661865 
0.04000000 0.00000000 -1881.49488195 58387.85482412 
0.06000000 0.00000000 -1874.60502954 58339.12152260 
0.08000000 0.00000000 -1887.19570467 58382.82807378 
0.10000000 0.00000000 -1891.43684620 58388.28987714 
0.12000000 0.00000000 -1895.68195794 58395.26289835 
0.14000000 0.00000000 -1561.60463656 59397.95218361 
0.16000000 0.00000000 -1589.63705861 59374.74129768 
0.18000000 0.00000000 -1906.57767256 58415.81715295 
0.20000000 0.00000000 -1909.52862123 58421.32986974 
0.22000000 0.00000000 -1912.38946073 58427.76775125 
0.24000000 0.00000000 -1915.10420760 58434.36267670 
0.26000000 0.00000000 -1918.98982921 58458.50490085 
0.28000000 0.00000000 -1921.29130305 58465.18623693 
0.30000000 0.00000000 -1923.42879192 58471.70124308 
0.32000000 0.00000000 -1925.35111231 58477.90739621 
0.34000000 0.00000000 -1926.98364212 58483.47399022 
0.36000000 0.00000000 -1928.23675275 58487.67943056 
0.38000000 0.00000000 -1929.05966780 58490.63301814 
0.40000000 0.00000000 -1202.94633489 59473.12499076 
0.42000000 0.00000000 -1203.68697192 59473.47501919 
0.44000000 0.00000000 -1928.49588635 58488.76534367 
0.46000000 0.00000000 -1927.28450147 58484.56568706 
0.48000000 0.00000000 -1925.62673904 58479.08587165 
0.50000000 0.00000000 -1923.57527135 58472.31577181 
0.52000000 0.00000000 -1921.21775531 58464.83487345 
0.54000000 0.00000000 -1918.64322720 58457.10377727 
0.56000000 0.00000000 -1915.92457002 58449.39468770 
0.58000000 0.00000000 -1911.41514495 58424.18669517 
0.60000000 0.00000000 -1908.34004091 58416.76763131 
0.62000000 0.00000000 -1905.18439405 58409.62117539 
0.64000000 0.00000000 -1901.90256268 58402.56627799 
0.66000000 0.00000000 -1641.44617429 59323.66194726 
0.68000000 0.00000000 -1625.11101822 59340.45283600 
0.70000000 0.00000000 -1890.93507551 58381.70280174 
0.72000000 0.00000000 -1886.79263544 58374.60898767 
0.74000000 0.00000000 -1882.57761195 58368.32211063 
0.76000000 0.00000000 -1878.00400027 58361.18880366 
0.78000000 0.00000000 -1873.74500608 58356.15498169 
0.80000000 0.00000000 -1869.10284505 58349.71833363 
0.82000000 0.00000000 -1864.53271447 58343.70319389 
0.84000000 0.00000000 -1860.19705509 58338.45501206 
0.86000000 0.00000000 -1843.77283542 58293.35882082 
0.88000000 0.00000000 -1839.34724457 58288.91710578 
0.90000000 0.00000000 -1862.79117675 58376.19814270 
0.92000000 0.00000000 -1885.48641831 58514.36590628 
0.94000000 0.00000000 -1828.86222797 58279.86488997 
0.96000000 0.00000000 -1826.34259283 58278.15209510 
0.98000000 0.00000000 -1806.86249248 58235.90293526 

