-1.00000000 0.00000000 1166.45466165 56859.50676168 
-0.98000000 0.00000000 1166.73879532 56861.39002507 
-0.96000000 0.00000000 1167.81422162 56860.90290849 
-0.94000000 0.00000000 1087.92483217 57071.58913460 
-0.92000000 0.00000000 1089.82224072 57067.92819123 
-0.90000000 0.00000000 1250.42641765 56679.59997761 
-0.88000000 0.00000000 1252.67626838 56675.59088101 
-0.86000000 0.00000000 1255.37469386 56670.52219915 
-0.84000000 0.00000000 984.97956291 57401.27373969 
-0.82000000 0.00000000 984.95527697 57402.24266061 
-0.80000000 0.00000000 1186.01234063 56824.33328978 
-0.78000000 0.00000000 1302.95005285 56577.85343560 
-0.76000000 0.00000000 1305.02193682 56574.20073815 
-0.74000000 0.00000000 1306.65018776 56571.38732397 
-0.72000000 0.00000000 1311.35860627 56562.79770314 
-0.70000000 0.00000000 1183.81172710 56831.24578568 
-0.68000000 0.00000000 1184.49350849 56829.78687125 
-0.66000000 0.00000000 986.73758728 57400.90634533 
-0.64000000 0.00000000 987.22616291 57398.91467036 
-0.62000000 0.00000000 1185.39542612 56827.08592174 
-0.60000000 0.00000000 987.33007216 57396.75662581 
-0.58000000 0.00000000 986.89904155 57396.75088763 
-0.56000000 0.00000000 1184.67099298 56826.37165756 
-0.54000000 0.00000000 1312.68348401 56557.46572550 
-0.52000000 0.00000000 1308.32670147 56564.66941408 
-0.50000000 0.00000000 1307.16461688 56565.91444701 
-0.48000000 0.00000000 1305.94612605 56567.29714471 
-0.46000000 0.00000000 1304.13880442 56569.85449534 
-0.44000000 0.00000000 986.64702702 57383.07080311 
-0.42000000 0.00000000 986.58265162 57381.81534849 
-0.40000000 0.00000000 1301.88769231 56572.30012814 
-0.38000000 0.00000000 1301.39473047 56572.91266102 
-0.36000000 0.00000000 1301.22837506 56573.04251433 
-0.34000000 0.00000000 1301.21732086 56572.99058401 
-0.32000000 0.00000000 1301.33066588 56572.78427829 
-0.30000000 0.00000000 983.97060881 57388.31804049 
-0.28000000 0.00000000 983.94301798 57388.55533961 
-0.26000000 0.00000000 1302.04564493 56571.50752049 
-0.24000000 0.00000000 1302.13600460 56571.19302972 
-0.22000000 0.00000000 1301.93225853 56571.23739272 
-0.20000000 0.00000000 1301.70056597 56571.05960763 
-0.18000000 0.00000000 983.85766371 57384.72258760 
-0.16000000 0.00000000 984.03366848 57381.19394531 
-0.14000000 0.00000000 1298.69069213 56572.41672706 
-0.12000000 0.00000000 1297.93602615 56571.30212631 
-0.10000000 0.00000000 1296.07543012 56571.59208139 
-0.08000000 0.00000000 1293.90352249 56571.74187641 
-0.06000000 0.00000000 986.82463652 57338.01660711 
-0.04000000 0.00000000 987.97398495 57323.13792152 
-0.02000000 0.00000000 1277.78168651 56585.89951742 
0.00000000 0.00000000 1276.77017254 56580.99236485 
0.02000000 0.00000000 1275.09971573 56576.84901311 
0.04000000 0.00000000 1274.93658061 56569.54313192 
0.06000000 0.00000000 1186.29507582 56740.30461688 
0.08000000 0.00000000 1245.10569663 56610.75735687 
0.10000000 0.00000000 1243.01028282 56606.98653038 
0.12000000 0.00000000 1243.68398504 56598.23045003 
0.14000000 0.00000000 4314.28372493 57777.90585227 
0.16000000 0.00000000 4266.24399074 57511.65226838 
0.18000000 0.00000000 1248.00358311 56570.70310305 
0.20000000 0.00000000 1248.00910664 56565.16629654 
0.22000000 0.00000000 1249.82254387 56556.57324558 
0.24000000 0.00000000 1251.98842868 56547.57657109 
0.26000000 0.00000000 1285.29070129 56483.13773523 
0.28000000 0.00000000 1287.82023217 56474.23464779 
0.30000000 0.00000000 1290.28182244 56465.68937483 
0.32000000 0.00000000 1292.75532143 56457.48863488 
0.34000000 0.00000000 1295.09912017 56450.05059892 
0.36000000 0.00000000 1296.50926668 56444.93008518 
0.38000000 0.00000000 1297.67314510 56441.14141219 
0.40000000 0.00000000 3470.20049498 60882.17402426 
0.42000000 0.00000000 3474.25838821 60877.03119531 
0.44000000 0.00000000 1296.76332172 56443.81867178 
0.46000000 0.00000000 1294.98044460 56449.42023803 
0.48000000 0.00000000 1292.87594148 56456.48522603 
0.50000000 0.00000000 1289.92298421 56465.72528941 
0.52000000 0.00000000 1286.63666960 56476.06465324 
0.54000000 0.00000000 1283.35706059 56486.72743761 
0.56000000 0.00000000 1280.18857204 56497.37895511 
0.58000000 0.00000000 1246.27390486 56564.19191044 
0.60000000 0.00000000 1243.35957889 56575.00000443 
0.62000000 0.00000000 1240.68583551 56585.45594965 
0.64000000 0.00000000 1238.04760871 56596.01686102 
0.66000000 0.00000000 4113.24453118 57014.47983740 
0.68000000 0.00000000 4166.85152110 57162.85567102 
0.70000000 0.00000000 1231.21824160 56627.45422214 
0.72000000 0.00000000 1229.13536889 56638.32215694 
0.74000000 0.00000000 1228.52805768 56646.58955543 
0.76000000 0.00000000 1226.56520037 56657.81868869 
0.78000000 0.00000000 1227.82675620 56662.62800508 
0.80000000 0.00000000 1226.49433047 56672.66020465 
0.82000000 0.00000000 1225.34529189 56682.16736402 
0.84000000 0.00000000 1224.77901366 56690.17909956 
0.86000000 0.00000000 1162.35797081 56835.17100203 
0.88000000 0.00000000 1161.85378616 56843.11768999 
0.90000000 0.00000000 1302.86292145 56553.50082056 
0.92000000 0.00000000 1546.47483960 56190.07805627 
0.94000000 0.00000000 1162.07943457 56859.09490876 
0.96000000 0.00000000 1162.70437191 56861.83041902 
0.98000000 0.00000000 1103.07533123 57018.23474568 

