-1.00000000 0.00000000 -1558.29447838 56646.15794137 
-0.98000000 0.00000000 -1555.61352903 56648.29568196 
-0.96000000 0.00000000 -1555.06821443 56649.90515125 
-0.94000000 0.00000000 -1395.62519144 56679.00425030 
-0.92000000 0.00000000 -1397.66201112 56679.64427970 
-0.90000000 0.00000000 -1702.57549303 56652.79753526 
-0.88000000 0.00000000 -1705.80202092 56653.54773913 
-0.86000000 0.00000000 -1710.01931854 56654.27974266 
-0.84000000 0.00000000 -1175.50854815 56770.70021707 
-0.82000000 0.00000000 -1174.73037680 56771.68632030 
-0.80000000 0.00000000 -1581.92301727 56652.82564893 
-0.78000000 0.00000000 -1790.88204067 56666.31580087 
-0.76000000 0.00000000 -1794.09387437 56667.08467617 
-0.74000000 0.00000000 -1796.55285833 56667.71567804 
-0.72000000 0.00000000 -1804.19086031 56669.36099434 
-0.70000000 0.00000000 -1575.91989510 56654.28779581 
-0.68000000 0.00000000 -1577.05552256 56654.30338525 
-0.66000000 0.00000000 -1174.46709904 56774.89607820 
-0.64000000 0.00000000 -1175.77623630 56773.99710984 
-0.62000000 0.00000000 -1579.50590922 56653.72217193 
-0.60000000 0.00000000 -1177.62007000 56771.83475057 
-0.58000000 0.00000000 -1178.05717632 56770.62224797 
-0.56000000 0.00000000 -1581.08963790 56651.94740764 
-0.54000000 0.00000000 -1810.38681164 56668.42405616 
-0.52000000 0.00000000 -1804.33156675 56666.50506144 
-0.50000000 0.00000000 -1803.62621818 56665.67910542 
-0.48000000 0.00000000 -1802.78101098 56664.84801943 
-0.46000000 0.00000000 -1800.85406442 56663.84977276 
-0.44000000 0.00000000 -1190.64212058 56754.63882821 
-0.42000000 0.00000000 -1191.83321832 56753.07301145 
-0.40000000 0.00000000 -1799.37995029 56662.24984991 
-0.38000000 0.00000000 -1798.92675455 56661.93074386 
-0.36000000 0.00000000 -1798.83561987 56661.77998582 
-0.34000000 0.00000000 -1798.84935796 56661.72932679 
-0.32000000 0.00000000 -1798.95982274 56661.75264498 
-0.30000000 0.00000000 -1188.36852655 56753.09212615 
-0.28000000 0.00000000 -1188.14674605 56753.25112604 
-0.26000000 0.00000000 -1799.87712273 56661.91817046 
-0.24000000 0.00000000 -1800.19498261 56661.81715326 
-0.22000000 0.00000000 -1800.32019229 56661.50476230 
-0.20000000 0.00000000 -1800.82692252 56661.02649618 
-0.18000000 0.00000000 -1191.97105458 56747.96855702 
-0.16000000 0.00000000 -1195.25218121 56744.14472574 
-0.14000000 0.00000000 -1802.36458899 56657.42356614 
-0.12000000 0.00000000 -1805.05366044 56655.70256040 
-0.10000000 0.00000000 -1806.99447681 56653.22910902 
-0.08000000 0.00000000 -1809.60887536 56650.25565394 
-0.06000000 0.00000000 -1236.03245845 56700.44135679 
-0.04000000 0.00000000 -1250.35503423 56686.29418731 
-0.02000000 0.00000000 -1808.96529697 56635.34070171 
0.00000000 0.00000000 -1818.32153413 56631.34243185 
0.02000000 0.00000000 -1827.45249027 56626.94401315 
0.04000000 0.00000000 -1839.66500781 56623.17780428 
0.06000000 0.00000000 -1702.32702350 56587.79405411 
0.08000000 0.00000000 -1816.54867795 56602.32844110 
0.10000000 0.00000000 -1825.97256452 56597.52979048 
0.12000000 0.00000000 -1839.41843711 56594.31982336 
0.14000000 0.00000000 -2368.52141868 60052.04115172 
0.16000000 0.00000000 -2441.84063217 59937.66496123 
0.18000000 0.00000000 -1878.99667319 56588.31620385 
0.20000000 0.00000000 -1888.56575440 56586.19066325 
0.22000000 0.00000000 -1900.56517134 56585.34858149 
0.24000000 0.00000000 -1912.82811326 56584.95918190 
0.26000000 0.00000000 -1972.48306194 56605.67344923 
0.28000000 0.00000000 -1984.62513217 56606.58873675 
0.30000000 0.00000000 -1996.33161508 56607.67035632 
0.32000000 0.00000000 -2007.46411975 56608.97511839 
0.34000000 0.00000000 -2017.45584479 56610.38492152 
0.36000000 0.00000000 -2024.73049240 56611.24193529 
0.38000000 0.00000000 -2029.91977355 56612.03058070 
0.40000000 0.00000000 -1352.90996655 60904.35764896 
0.42000000 0.00000000 -1355.13082894 60903.59142538 
0.44000000 0.00000000 -2026.40355557 56611.42703031 
0.46000000 0.00000000 -2018.85258216 56610.26848838 
0.48000000 0.00000000 -2009.11545639 56609.03777937 
0.50000000 0.00000000 -1996.80974503 56607.39488071 
0.52000000 0.00000000 -1983.11260190 56605.78101393 
0.54000000 0.00000000 -1968.91823702 56604.45889503 
0.56000000 0.00000000 -1954.68850688 56603.48770733 
0.58000000 0.00000000 -1892.62610726 56583.76313223 
0.60000000 0.00000000 -1878.49822581 56584.17748172 
0.62000000 0.00000000 -1864.75304976 56584.96541745 
0.64000000 0.00000000 -1850.94612706 56586.03020459 
0.66000000 0.00000000 -2576.05767478 59686.96215837 
0.68000000 0.00000000 -2536.23266153 59765.76055699 
0.70000000 0.00000000 -1809.20009033 56591.68761683 
0.72000000 0.00000000 -1794.65731892 56594.41852031 
0.74000000 0.00000000 -1782.17329112 56598.09997188 
0.76000000 0.00000000 -1767.15836307 56601.60302294 
0.78000000 0.00000000 -1757.57582976 56606.42871320 
0.80000000 0.00000000 -1743.77557384 56610.54733066 
0.82000000 0.00000000 -1730.67666524 56614.80907596 
0.84000000 0.00000000 -1719.17981649 56619.18599001 
0.86000000 0.00000000 -1596.71856866 56617.48357486 
0.88000000 0.00000000 -1586.29851076 56623.18586468 
0.90000000 0.00000000 -1825.76664872 56653.45202910 
0.92000000 0.00000000 -2168.99107525 56814.35854977 
0.94000000 0.00000000 -1564.22084387 56637.32330317 
0.96000000 0.00000000 -1559.81816858 56640.90929308 
0.98000000 0.00000000 -1439.02370903 56660.49201783 

