-1.00000000 0.00000000 848.74346533 59294.67474689 
-0.98000000 0.00000000 849.48532899 59295.73693311 
-0.96000000 0.00000000 850.12556874 59295.14520411 
-0.94000000 0.00000000 847.90584941 59445.21343263 
-0.92000000 0.00000000 848.41466955 59442.49104980 
-0.90000000 0.00000000 854.89272200 59160.89551621 
-0.88000000 0.00000000 855.19013496 59157.81550096 
-0.86000000 0.00000000 855.46496626 59153.95431262 
-0.84000000 0.00000000 847.58599997 59672.20000622 
-0.82000000 0.00000000 847.80495465 59672.80188544 
-0.80000000 0.00000000 852.72779526 59267.92804477 
-0.78000000 0.00000000 858.24719105 59083.15133799 
-0.76000000 0.00000000 858.42971051 59080.30758353 
-0.74000000 0.00000000 858.58615724 59078.10879249 
-0.72000000 0.00000000 858.90051798 59071.43062225 
-0.70000000 0.00000000 853.09433208 59272.83341332 
-0.68000000 0.00000000 853.15851414 59271.75834158 
-0.66000000 0.00000000 849.00472504 59671.54763337 
-0.64000000 0.00000000 848.93358688 59670.22049198 
-0.62000000 0.00000000 853.03664931 59269.86396862 
-0.60000000 0.00000000 848.48378618 59668.90825184 
-0.58000000 0.00000000 848.10507509 59669.03278900 
-0.56000000 0.00000000 852.36624436 59269.62443292 
-0.54000000 0.00000000 858.17492100 59067.74900808 
-0.52000000 0.00000000 857.68493179 59073.47422357 
-0.50000000 0.00000000 857.36522917 59074.57436969 
-0.48000000 0.00000000 857.05047886 59075.77520662 
-0.46000000 0.00000000 856.72110957 59077.87419137 
-0.44000000 0.00000000 844.50199851 59660.96250333 
-0.42000000 0.00000000 844.13668837 59660.22856977 
-0.40000000 0.00000000 856.10298716 59080.00786546 
-0.38000000 0.00000000 855.98730334 59080.51753307 
-0.36000000 0.00000000 855.92532865 59080.63281300 
-0.34000000 0.00000000 855.90118345 59080.58985291 
-0.32000000 0.00000000 855.90410260 59080.41478470 
-0.30000000 0.00000000 843.44631496 59664.79606959 
-0.28000000 0.00000000 843.46452396 59664.92953632 
-0.26000000 0.00000000 855.92638207 59079.37706015 
-0.24000000 0.00000000 855.86794174 59079.14839471 
-0.22000000 0.00000000 855.73056390 59079.23368065 
-0.20000000 0.00000000 855.50430556 59079.19948658 
-0.18000000 0.00000000 842.19743205 59662.66043915 
-0.16000000 0.00000000 841.37395913 59660.53917341 
-0.14000000 0.00000000 853.91760749 59081.03785713 
-0.12000000 0.00000000 853.05927923 59080.65630321 
-0.10000000 0.00000000 851.92540576 59081.49706532 
-0.08000000 0.00000000 850.54753633 59082.37649093 
-0.06000000 0.00000000 832.19196023 59634.52885182 
-0.04000000 0.00000000 829.25384886 59625.52028648 
-0.02000000 0.00000000 844.40506829 59096.49452501 
0.00000000 0.00000000 842.24170877 59094.05699430 
0.02000000 0.00000000 839.89751289 59092.31116271 
0.04000000 0.00000000 837.58413666 59088.19817377 
0.06000000 0.00000000 828.20200677 59218.86897899 
0.08000000 0.00000000 830.49846113 59122.97215327 
0.10000000 0.00000000 828.02351027 59121.63244596 
0.12000000 0.00000000 825.90805039 59116.42874769 
0.14000000 0.00000000 1296.15084489 56669.87544217 
0.16000000 0.00000000 1256.68541524 56760.26430369 
0.18000000 0.00000000 820.68975879 59099.40002880 
0.20000000 0.00000000 819.08278872 59096.40177664 
0.22000000 0.00000000 817.74310670 59091.01687754 
0.24000000 0.00000000 816.50582917 59085.30094337 
0.26000000 0.00000000 818.43290897 59036.29466546 
0.28000000 0.00000000 817.36092287 59030.53803365 
0.30000000 0.00000000 816.35017888 59025.01371822 
0.32000000 0.00000000 815.44552456 59019.66878839 
0.34000000 0.00000000 814.68358036 59014.77868729 
0.36000000 0.00000000 814.03868326 59011.51695941 
0.38000000 0.00000000 813.63439855 59009.04808736 
0.40000000 0.00000000 2245.95539558 55685.88296589 
0.42000000 0.00000000 2242.19082843 55687.06537505 
0.44000000 0.00000000 813.88939800 59010.86994707 
0.46000000 0.00000000 814.46336083 59014.57298578 
0.48000000 0.00000000 815.27036933 59019.17088578 
0.50000000 0.00000000 816.20108087 59025.28200085 
0.52000000 0.00000000 817.24785500 59032.11493270 
0.54000000 0.00000000 818.38874611 59039.11586365 
0.56000000 0.00000000 819.58952546 59046.07043405 
0.58000000 0.00000000 817.80988632 59096.61694566 
0.60000000 0.00000000 819.10151024 59103.60836646 
0.62000000 0.00000000 820.43721593 59110.34205292 
0.64000000 0.00000000 821.81645800 59117.15936313 
0.66000000 0.00000000 1188.35175760 56942.02853205 
0.68000000 0.00000000 1209.01720457 56886.62645252 
0.70000000 0.00000000 826.53227666 59137.28619629 
0.72000000 0.00000000 828.32949075 59144.20927552 
0.74000000 0.00000000 830.34879962 59149.12184920 
0.76000000 0.00000000 832.32872051 59156.25435524 
0.78000000 0.00000000 834.59950758 59158.53386883 
0.80000000 0.00000000 836.66185169 59164.78249778 
0.82000000 0.00000000 838.69632159 59170.67727159 
0.84000000 0.00000000 840.68904083 59175.51291713 
0.86000000 0.00000000 838.68344172 59281.65192062 
0.88000000 0.00000000 840.61208857 59286.45641179 
0.90000000 0.00000000 850.81220242 59068.17070100 
0.92000000 0.00000000 869.03602866 58764.46391476 
0.94000000 0.00000000 845.40396896 59295.77279212 
0.96000000 0.00000000 846.65415476 59297.20152709 
0.98000000 0.00000000 845.26157888 59408.76121472 

