-1.00000000 0.00000000 258.47636715 57500.57453643 
-0.98000000 0.00000000 258.09097582 57497.64809957 
-0.96000000 0.00000000 257.67674916 57492.66155222 
-0.94000000 0.00000000 266.98477428 57772.10525432 
-0.92000000 0.00000000 266.58596275 57764.09356694 
-0.90000000 0.00000000 246.81853975 57241.78140518 
-0.88000000 0.00000000 246.43487231 57235.25455035 
-0.86000000 0.00000000 246.01740868 57227.62882375 
-0.84000000 0.00000000 278.03545075 58214.19178248 
-0.82000000 0.00000000 277.97477894 58214.21948941 
-0.80000000 0.00000000 254.57947378 57431.76816744 
-0.78000000 0.00000000 239.66796243 57100.40299284 
-0.76000000 0.00000000 239.35081909 57095.00245737 
-0.74000000 0.00000000 239.09110944 57090.72490264 
-0.72000000 0.00000000 238.42972316 57078.60528598 
-0.70000000 0.00000000 254.61636118 57437.98689153 
-0.68000000 0.00000000 254.50914142 57435.76443867 
-0.66000000 0.00000000 277.40614831 58204.44233984 
-0.64000000 0.00000000 277.37550012 58202.17889644 
-0.62000000 0.00000000 254.46938574 57433.33405611 
-0.60000000 0.00000000 277.50851543 58202.37861362 
-0.58000000 0.00000000 277.67712878 58205.07258355 
-0.56000000 0.00000000 254.88810370 57437.26755307 
-0.54000000 0.00000000 238.75808912 57077.69622887 
-0.52000000 0.00000000 239.49499036 57089.53217474 
-0.50000000 0.00000000 239.81500623 57093.26000726 
-0.48000000 0.00000000 240.13591278 57097.10078458 
-0.46000000 0.00000000 240.52035258 57102.39109840 
-0.44000000 0.00000000 278.87994442 58212.06688016 
-0.42000000 0.00000000 279.00335604 58212.90039835 
-0.40000000 0.00000000 241.12080032 57109.40806234 
-0.38000000 0.00000000 241.23337913 57110.79747426 
-0.36000000 0.00000000 241.27792457 57111.20542520 
-0.34000000 0.00000000 241.28079118 57111.09415858 
-0.32000000 0.00000000 241.25183781 57110.57476827 
-0.30000000 0.00000000 279.44176402 58225.49824665 
-0.28000000 0.00000000 279.42296932 58225.32972592 
-0.26000000 0.00000000 241.10634541 57108.01153827 
-0.24000000 0.00000000 241.11053431 57107.75139643 
-0.22000000 0.00000000 241.19244915 57108.50389528 
-0.20000000 0.00000000 241.33422557 57109.70417941 
-0.18000000 0.00000000 279.74857855 58227.59743639 
-0.16000000 0.00000000 279.98067540 58228.65175628 
-0.14000000 0.00000000 242.56930094 57122.81306931 
-0.12000000 0.00000000 243.17528626 57128.17781012 
-0.10000000 0.00000000 244.06244695 57137.47045431 
-0.08000000 0.00000000 245.13505360 57148.73803053 
-0.06000000 0.00000000 282.67711653 58240.88142032 
-0.04000000 0.00000000 283.54546566 58244.60965972 
-0.02000000 0.00000000 250.42245267 57215.72520435 
0.00000000 0.00000000 251.85616607 57228.73465097 
0.02000000 0.00000000 253.44439530 57244.42752492 
0.04000000 0.00000000 254.87719917 57256.65036672 
0.06000000 0.00000000 267.10132652 57530.98281025 
0.08000000 0.00000000 261.32579117 57365.24171446 
0.10000000 0.00000000 262.84710130 57383.62106608 
0.12000000 0.00000000 263.92387850 57393.58769092 
0.14000000 0.00000000 -1071.39406382 53442.03001765 
0.16000000 0.00000000 -911.36151365 53539.51935437 
0.18000000 0.00000000 266.13996877 57413.79127260 
0.20000000 0.00000000 266.82524793 57423.93771100 
0.22000000 0.00000000 267.21539172 57428.68864197 
0.24000000 0.00000000 267.50742347 57432.42906785 
0.26000000 0.00000000 264.12769388 57348.39191555 
0.28000000 0.00000000 264.34109509 57351.46282244 
0.30000000 0.00000000 264.53720966 57354.49884382 
0.32000000 0.00000000 264.69616946 57356.91251990 
0.34000000 0.00000000 264.81444214 57358.61102992 
0.36000000 0.00000000 264.95874479 57361.24773380 
0.38000000 0.00000000 265.02491265 57362.45323442 
0.40000000 0.00000000 -4522.45282432 55180.22837440 
0.42000000 0.00000000 -4515.24240767 55165.57817820 
0.44000000 0.00000000 264.92840064 57362.41265118 
0.46000000 0.00000000 264.79948639 57361.22168843 
0.48000000 0.00000000 264.60186285 57358.82044942 
0.50000000 0.00000000 264.42344044 57357.16763658 
0.52000000 0.00000000 264.23328974 57355.42486416 
0.54000000 0.00000000 264.01550700 57353.18014154 
0.56000000 0.00000000 263.77301004 57350.56175171 
0.58000000 0.00000000 267.16267341 57435.81555983 
0.60000000 0.00000000 266.89984692 57433.41426972 
0.62000000 0.00000000 266.58170976 57430.65661300 
0.64000000 0.00000000 266.21390172 57428.04923135 
0.66000000 0.00000000 -652.89783107 53761.70109233 
0.68000000 0.00000000 -729.77739090 53687.98559178 
0.70000000 0.00000000 264.53417559 57417.12080102 
0.72000000 0.00000000 263.77353433 57412.60100635 
0.74000000 0.00000000 262.75067605 57403.53367226 
0.76000000 0.00000000 261.82992444 57398.44813586 
0.78000000 0.00000000 260.47205601 57383.90616367 
0.80000000 0.00000000 259.42347838 57377.38282648 
0.82000000 0.00000000 258.36969842 57370.81941058 
0.84000000 0.00000000 257.28757162 57363.20953675 
0.86000000 0.00000000 263.88710574 57549.49754920 
0.88000000 0.00000000 262.96224067 57543.29291122 
0.90000000 0.00000000 244.29011992 57124.88547591 
0.92000000 0.00000000 209.99064793 56581.84054066 
0.94000000 0.00000000 260.54778291 57524.83129539 
0.96000000 0.00000000 259.87057026 57518.70337938 
0.98000000 0.00000000 266.50345118 57722.76362562 

