-1.00000000 0.00000000 313.66370337 63811.05495060 
-0.98000000 0.00000000 313.66437674 63811.05496741 
-0.96000000 0.00000000 313.66588848 63811.05500534 
-0.94000000 0.00000000 313.53737495 63811.05176674 
-0.92000000 0.00000000 313.54121222 63811.05186336 
-0.90000000 0.00000000 313.75231418 63811.05718094 
-0.88000000 0.00000000 313.75393997 63811.05722175 
-0.86000000 0.00000000 313.75590792 63811.05727117 
-0.84000000 0.00000000 313.23592708 63811.04415669 
-0.82000000 0.00000000 313.23568128 63811.04415038 
-0.80000000 0.00000000 313.68634898 63811.05551973 
-0.78000000 0.00000000 313.79091890 63811.05815183 
-0.76000000 0.00000000 313.79205921 63811.05818043 
-0.74000000 0.00000000 313.79290765 63811.05820170 
-0.72000000 0.00000000 313.79583923 63811.05827538 
-0.70000000 0.00000000 313.68270421 63811.05542754 
-0.68000000 0.00000000 313.68334965 63811.05544374 
-0.66000000 0.00000000 313.24267115 63811.04432642 
-0.64000000 0.00000000 313.24453374 63811.04437347 
-0.62000000 0.00000000 313.68402590 63811.05546070 
-0.60000000 0.00000000 313.24438321 63811.04436969 
-0.58000000 0.00000000 313.24217133 63811.04431383 
-0.56000000 0.00000000 313.68287172 63811.05543175 
-0.54000000 0.00000000 313.79599918 63811.05827940 
-0.52000000 0.00000000 313.79312450 63811.05820714 
-0.50000000 0.00000000 313.79239215 63811.05818879 
-0.48000000 0.00000000 313.79161850 63811.05816940 
-0.46000000 0.00000000 313.79042894 63811.05813954 
-0.44000000 0.00000000 313.23714693 63811.04418734 
-0.42000000 0.00000000 313.23652278 63811.04417161 
-0.40000000 0.00000000 313.78898711 63811.05810340 
-0.38000000 0.00000000 313.78866787 63811.05809539 
-0.36000000 0.00000000 313.78857079 63811.05809295 
-0.34000000 0.00000000 313.78857764 63811.05809312 
-0.32000000 0.00000000 313.78866778 63811.05809537 
-0.30000000 0.00000000 313.22569324 63811.04389792 
-0.28000000 0.00000000 313.22581571 63811.04390099 
-0.26000000 0.00000000 313.78916706 63811.05810788 
-0.24000000 0.00000000 313.78920435 63811.05810881 
-0.22000000 0.00000000 313.78900805 63811.05810387 
-0.20000000 0.00000000 313.78874508 63811.05809727 
-0.18000000 0.00000000 313.22421987 63811.04386068 
-0.16000000 0.00000000 313.22356781 63811.04384426 
-0.14000000 0.00000000 313.78581301 63811.05802367 
-0.12000000 0.00000000 313.78473681 63811.05799669 
-0.10000000 0.00000000 313.78266470 63811.05794469 
-0.08000000 0.00000000 313.78011698 63811.05788074 
-0.06000000 0.00000000 313.21573523 63811.04364697 
-0.04000000 0.00000000 313.21334777 63811.04358684 
-0.02000000 0.00000000 313.76301307 63811.05745096 
0.00000000 0.00000000 313.76000493 63811.05737550 
0.02000000 0.00000000 313.75615528 63811.05727887 
0.04000000 0.00000000 313.75332867 63811.05720799 
0.06000000 0.00000000 313.65593104 63811.05475593 
0.08000000 0.00000000 313.71945088 63811.05635571 
0.10000000 0.00000000 313.71388951 63811.05621593 
0.12000000 0.00000000 313.71116483 63811.05614753 
0.14000000 0.00000000 314.11126843 63811.06620484 
0.16000000 0.00000000 314.10949568 63811.06616051 
0.18000000 0.00000000 313.70590781 63811.05601566 
0.20000000 0.00000000 313.70274017 63811.05593602 
0.22000000 0.00000000 313.70147922 63811.05590437 
0.24000000 0.00000000 313.70053953 63811.05588079 
0.26000000 0.00000000 313.73077956 63811.05664218 
0.28000000 0.00000000 313.73008620 63811.05662478 
0.30000000 0.00000000 313.72936681 63811.05660672 
0.32000000 0.00000000 313.72881985 63811.05659300 
0.34000000 0.00000000 313.72847186 63811.05658427 
0.36000000 0.00000000 313.72774744 63811.05656606 
0.38000000 0.00000000 313.72745368 63811.05655868 
0.40000000 0.00000000 314.13352418 63811.06676418 
0.42000000 0.00000000 314.13349167 63811.06676337 
0.44000000 0.00000000 313.72742353 63811.05655792 
0.46000000 0.00000000 313.72768633 63811.05656452 
0.48000000 0.00000000 313.72830964 63811.05658019 
0.50000000 0.00000000 313.72863107 63811.05658825 
0.52000000 0.00000000 313.72895059 63811.05659626 
0.54000000 0.00000000 313.72941995 63811.05660804 
0.56000000 0.00000000 313.73000304 63811.05662269 
0.58000000 0.00000000 313.69928905 63811.05584938 
0.60000000 0.00000000 313.69983802 63811.05586316 
0.62000000 0.00000000 313.70051141 63811.05588007 
0.64000000 0.00000000 313.70111703 63811.05589526 
0.66000000 0.00000000 314.10520149 63811.06605304 
0.68000000 0.00000000 314.10669169 63811.06609036 
0.70000000 0.00000000 313.70394408 63811.05596622 
0.72000000 0.00000000 313.70514312 63811.05599631 
0.74000000 0.00000000 313.70795183 63811.05606691 
0.76000000 0.00000000 313.70927288 63811.05610005 
0.78000000 0.00000000 313.71392879 63811.05621714 
0.80000000 0.00000000 313.71567465 63811.05626095 
0.82000000 0.00000000 313.71740290 63811.05630431 
0.84000000 0.00000000 313.71946891 63811.05635617 
0.86000000 0.00000000 313.64764525 63811.05454729 
0.88000000 0.00000000 313.64963828 63811.05459733 
0.90000000 0.00000000 313.79154858 63811.05816978 
0.92000000 0.00000000 313.90820916 63811.06110348 
0.94000000 0.00000000 313.65551250 63811.05474479 
0.96000000 0.00000000 313.65745594 63811.05479357 
0.98000000 0.00000000 313.56460829 63811.05245388 

