-1.00000000 0.00000000 -1188.44223060 59088.09031942 
-0.98000000 0.00000000 -1189.43458438 59088.64737419 
-0.96000000 0.00000000 -1190.14112158 59088.67913824 
-0.94000000 0.00000000 -1201.39009288 59126.62517398 
-0.92000000 0.00000000 -1201.76732284 59126.05721883 
-0.90000000 0.00000000 -1182.54707177 59052.82489644 
-0.88000000 0.00000000 -1182.55939452 59051.92546990 
-0.86000000 0.00000000 -1182.46543201 59050.79521486 
-0.84000000 0.00000000 -1220.06510741 59178.98615447 
-0.82000000 0.00000000 -1220.37404722 59179.13522876 
-0.80000000 0.00000000 -1190.46808525 59081.51085883 
-0.78000000 0.00000000 -1178.38931553 59030.68345305 
-0.76000000 0.00000000 -1178.27990395 59029.83723214 
-0.74000000 0.00000000 -1178.20753640 59029.18671133 
-0.72000000 0.00000000 -1177.85932687 59027.26597366 
-0.70000000 0.00000000 -1191.26361229 59082.79736350 
-0.68000000 0.00000000 -1191.21855126 59082.51855258 
-0.66000000 0.00000000 -1221.62405992 59179.15776668 
-0.64000000 0.00000000 -1221.42153146 59178.84616854 
-0.62000000 0.00000000 -1190.87246919 59081.95347144 
-0.60000000 0.00000000 -1220.75436506 59178.39338817 
-0.58000000 0.00000000 -1220.29888340 59178.27330818 
-0.56000000 0.00000000 -1190.09433607 59081.64299978 
-0.54000000 0.00000000 -1176.70546892 59025.91359432 
-0.52000000 0.00000000 -1176.76679305 59027.47046347 
-0.50000000 0.00000000 -1176.55261137 59027.70754058 
-0.48000000 0.00000000 -1176.35415994 59027.98016643 
-0.46000000 0.00000000 -1176.22805850 59028.51887153 
-0.44000000 0.00000000 -1215.31374395 59175.05117361 
-0.42000000 0.00000000 -1214.81551039 59174.75870395 
-0.40000000 0.00000000 -1175.82563996 59029.07179747 
-0.38000000 0.00000000 -1175.76390801 59029.24775094 
-0.36000000 0.00000000 -1175.71830005 59029.33691768 
-0.34000000 0.00000000 -1175.69488696 59029.40388722 
-0.32000000 0.00000000 -1175.68450737 59029.45200613 
-0.30000000 0.00000000 -1214.26500374 59175.85661284 
-0.28000000 0.00000000 -1214.26513434 59175.99740846 
-0.26000000 0.00000000 -1175.59464679 59029.49086359 
-0.24000000 0.00000000 -1175.49476231 59029.51344820 
-0.22000000 0.00000000 -1175.33301886 59029.58697385 
-0.20000000 0.00000000 -1175.05391438 59029.56563226 
-0.18000000 0.00000000 -1212.22532843 59175.39793258 
-0.16000000 0.00000000 -1210.95146346 59174.57793228 
-0.14000000 0.00000000 -1173.34632306 59029.42808203 
-0.12000000 0.00000000 -1172.29185112 59028.79395456 
-0.10000000 0.00000000 -1171.04064745 59028.29521636 
-0.08000000 0.00000000 -1169.51277761 59027.56963297 
-0.06000000 0.00000000 -1197.03992695 59163.14311969 
-0.04000000 0.00000000 -1192.62510491 59158.91488183 
-0.02000000 0.00000000 -1163.76755111 59026.93236099 
0.00000000 0.00000000 -1161.05405334 59024.19503664 
0.02000000 0.00000000 -1158.22622222 59021.41110013 
0.04000000 0.00000000 -1155.24031696 59017.79581879 
0.06000000 0.00000000 -1156.52153122 59049.23223654 
0.08000000 0.00000000 -1150.51969791 59021.58927926 
0.10000000 0.00000000 -1147.66770710 59018.41092575 
0.12000000 0.00000000 -1144.89453076 59014.27649584 
0.14000000 0.00000000 -1309.13148990 58256.53549245 
0.16000000 0.00000000 -1290.99294759 58284.28106703 
0.18000000 0.00000000 -1137.80213109 59002.07062216 
0.20000000 0.00000000 -1135.83982383 58998.82238327 
0.22000000 0.00000000 -1133.97679032 58994.98273080 
0.24000000 0.00000000 -1132.21245777 58991.03713926 
0.26000000 0.00000000 -1130.23537210 58976.11405412 
0.28000000 0.00000000 -1128.69822010 58972.11417304 
0.30000000 0.00000000 -1127.26196177 58968.21093072 
0.32000000 0.00000000 -1125.96390284 58964.48902098 
0.34000000 0.00000000 -1124.85593200 58961.14782785 
0.36000000 0.00000000 -1123.99469791 58958.62876079 
0.38000000 0.00000000 -1123.42970781 58956.85491974 
0.40000000 0.00000000 -1633.16893687 58067.44822496 
0.42000000 0.00000000 -1632.27606910 58067.31772767 
0.44000000 0.00000000 -1123.82464468 58957.95841275 
0.46000000 0.00000000 -1124.65773768 58960.47060409 
0.48000000 0.00000000 -1125.79235663 58963.74882352 
0.50000000 0.00000000 -1127.17793575 58967.80955946 
0.52000000 0.00000000 -1128.75485701 58972.30129679 
0.54000000 0.00000000 -1130.46424430 58976.94462196 
0.56000000 0.00000000 -1132.25792106 58981.57471218 
0.58000000 0.00000000 -1134.56136716 58997.17721575 
0.60000000 0.00000000 -1136.52635972 59001.64687692 
0.62000000 0.00000000 -1138.54117087 59005.94778792 
0.64000000 0.00000000 -1140.63174413 59010.19137304 
0.66000000 0.00000000 -1260.00580316 58339.77591679 
0.68000000 0.00000000 -1269.69134547 58321.87655027 
0.70000000 0.00000000 -1147.62117543 59022.72500252 
0.72000000 0.00000000 -1150.25729038 59026.99387969 
0.74000000 0.00000000 -1152.98279363 59030.75628876 
0.76000000 0.00000000 -1155.88768138 59035.07080990 
0.78000000 0.00000000 -1158.70208584 59038.05782647 
0.80000000 0.00000000 -1161.66682938 59041.96464940 
0.82000000 0.00000000 -1164.58898306 59045.62627313 
0.84000000 0.00000000 -1167.38227343 59048.81952244 
0.86000000 0.00000000 -1175.00083219 59078.15166264 
0.88000000 0.00000000 -1177.78482185 59080.97429292 
0.90000000 0.00000000 -1168.71341837 59023.81926184 
0.92000000 0.00000000 -1158.20768710 58935.51479569 
0.94000000 0.00000000 -1184.49474208 59086.73005411 
0.96000000 0.00000000 -1186.15227137 59087.80625418 
0.98000000 0.00000000 -1194.82125342 59116.49893506 

