-1.00000000 0.00000000 2097.02651660 58516.27046293 
-0.98000000 0.00000000 2096.58213094 58517.60310934 
-0.96000000 0.00000000 2096.48608631 58518.50025932 
-0.94000000 0.00000000 2073.03628977 58537.93846136 
-0.92000000 0.00000000 2073.33011742 58538.32811785 
-0.90000000 0.00000000 2118.46745764 58504.54382247 
-0.88000000 0.00000000 2119.01652258 58504.44484666 
-0.86000000 0.00000000 2119.71329290 58504.18629764 
-0.84000000 0.00000000 2040.66429805 58569.64795226 
-0.82000000 0.00000000 2040.54864542 58570.05672970 
-0.80000000 0.00000000 2100.77167221 58517.91671788 
-0.78000000 0.00000000 2132.10561689 58496.85578341 
-0.76000000 0.00000000 2132.62891917 58496.62409707 
-0.74000000 0.00000000 2133.03016977 58496.46074092 
-0.72000000 0.00000000 2134.21063830 58495.82428194 
-0.70000000 0.00000000 2099.95632381 58519.05890870 
-0.68000000 0.00000000 2100.12687263 58518.96472509 
-0.66000000 0.00000000 2040.38918987 58571.62711871 
-0.64000000 0.00000000 2040.59329038 58571.31829278 
-0.62000000 0.00000000 2100.49980650 58518.45303590 
-0.60000000 0.00000000 2040.94354935 58570.39257250 
-0.58000000 0.00000000 2041.07678873 58569.79043778 
-0.56000000 0.00000000 2100.77245571 58517.42835218 
-0.54000000 0.00000000 2135.13070416 58494.23446872 
-0.52000000 0.00000000 2134.19876859 58494.46907989 
-0.50000000 0.00000000 2134.07648808 58494.22605910 
-0.48000000 0.00000000 2133.93066568 58494.00704659 
-0.46000000 0.00000000 2133.61897862 58493.90643694 
-0.44000000 0.00000000 2043.60553202 58562.90345295 
-0.42000000 0.00000000 2043.83675215 58562.22336026 
-0.40000000 0.00000000 2133.30746602 58493.47346295 
-0.38000000 0.00000000 2133.19771999 58493.42168326 
-0.36000000 0.00000000 2133.13581146 58493.38266047 
-0.34000000 0.00000000 2133.08293219 58493.37047508 
-0.32000000 0.00000000 2133.03821533 58493.37378780 
-0.30000000 0.00000000 2043.21944769 58561.74659293 
-0.28000000 0.00000000 2043.12053860 58561.78235362 
-0.26000000 0.00000000 2132.96757800 58493.30144842 
-0.24000000 0.00000000 2132.94708931 58493.18873781 
-0.22000000 0.00000000 2132.90622032 58493.00068631 
-0.20000000 0.00000000 2132.93948153 58492.65098750 
-0.18000000 0.00000000 2043.67686316 58559.11664880 
-0.16000000 0.00000000 2044.32504023 58557.34797702 
-0.14000000 0.00000000 2133.23583619 58490.45330877 
-0.12000000 0.00000000 2133.76430245 58489.02821755 
-0.10000000 0.00000000 2134.25460876 58487.35386270 
-0.08000000 0.00000000 2134.93153354 58485.29181393 
-0.06000000 0.00000000 2053.03416538 58537.49299141 
-0.04000000 0.00000000 2056.17716363 58531.07890311 
-0.02000000 0.00000000 2136.33499877 58477.68029655 
0.00000000 0.00000000 2138.42191263 58473.85990293 
0.02000000 0.00000000 2140.56705794 58469.88242255 
0.04000000 0.00000000 2143.23039578 58465.62606686 
0.06000000 0.00000000 2124.95495587 58470.10986005 
0.08000000 0.00000000 2141.99841141 58459.66148617 
0.10000000 0.00000000 2144.40838879 58455.60222820 
0.12000000 0.00000000 2147.36200437 58451.57244300 
0.14000000 0.00000000 2496.36833116 58756.89870224 
0.16000000 0.00000000 2491.28811747 58725.97250521 
0.18000000 0.00000000 2155.93358273 58441.14785221 
0.20000000 0.00000000 2158.26611401 58438.26783240 
0.22000000 0.00000000 2160.93641757 58435.47669802 
0.24000000 0.00000000 2163.66560959 58432.80939164 
0.26000000 0.00000000 2172.79304411 58429.19327784 
0.28000000 0.00000000 2175.54072029 58426.85367718 
0.30000000 0.00000000 2178.21974079 58424.66019678 
0.32000000 0.00000000 2180.76561146 58422.67034281 
0.34000000 0.00000000 2183.04288152 58420.96654117 
0.36000000 0.00000000 2184.77436863 58419.64784928 
0.38000000 0.00000000 2185.98490357 58418.77719012 
0.40000000 0.00000000 2420.31104268 59188.08932875 
0.42000000 0.00000000 2420.79404975 59187.18864003 
0.44000000 0.00000000 2185.23975896 58419.36758633 
0.46000000 0.00000000 2183.52994522 58420.64099306 
0.48000000 0.00000000 2181.28616255 58422.37388202 
0.50000000 0.00000000 2178.51891440 58424.49997883 
0.52000000 0.00000000 2175.45424739 58426.92091304 
0.54000000 0.00000000 2172.27566357 58429.54039065 
0.56000000 0.00000000 2169.09656123 58432.28097400 
0.58000000 0.00000000 2159.50181452 58436.43348445 
0.60000000 0.00000000 2156.41891552 58439.42790455 
0.62000000 0.00000000 2153.44388486 58442.47717169 
0.64000000 0.00000000 2150.50717960 58445.62265502 
0.66000000 0.00000000 2477.77178167 58671.27680636 
0.68000000 0.00000000 2482.51100932 58688.54997920 
0.70000000 0.00000000 2141.77458869 58455.99927788 
0.72000000 0.00000000 2138.78028904 58459.87572527 
0.74000000 0.00000000 2136.07141071 58463.82942504 
0.76000000 0.00000000 2133.02243580 58468.07129201 
0.78000000 0.00000000 2130.76350837 58472.07472749 
0.80000000 0.00000000 2127.95972761 58476.36048805 
0.82000000 0.00000000 2125.31635587 58480.56699400 
0.84000000 0.00000000 2122.97729456 58484.55686486 
0.86000000 0.00000000 2104.82906755 58497.65029947 
0.88000000 0.00000000 2102.73729339 58501.61886669 
0.90000000 0.00000000 2137.17183591 58483.96526053 
0.92000000 0.00000000 2190.22288889 58464.47396042 
0.94000000 0.00000000 2098.36011478 58511.02863734 
0.96000000 0.00000000 2097.49749790 58513.29915255 
0.98000000 0.00000000 2079.72617575 58528.14546147 

