-1.00000000 0.00000000 -1018.84111465 57784.93951374 
-0.98000000 0.00000000 -1018.09518704 57788.04727201 
-0.96000000 0.00000000 -1018.09180719 57789.76932609 
-0.94000000 0.00000000 -962.29979789 57872.70671739 
-0.92000000 0.00000000 -963.15832689 57872.75210131 
-0.90000000 0.00000000 -1072.11731195 57722.71115775 
-0.88000000 0.00000000 -1073.42685845 57721.64082924 
-0.86000000 0.00000000 -1075.08950702 57720.01660926 
-0.84000000 0.00000000 -887.55234707 58001.92342844 
-0.82000000 0.00000000 -887.36324041 58002.94913507 
-0.80000000 0.00000000 -1028.55969615 57780.92537956 
-0.78000000 0.00000000 -1105.81890579 57684.81244013 
-0.76000000 0.00000000 -1107.09509027 57683.54571017 
-0.74000000 0.00000000 -1108.07737509 57682.60492769 
-0.72000000 0.00000000 -1111.03852717 57679.41902782 
-0.70000000 0.00000000 -1026.59971832 57784.81153870 
-0.68000000 0.00000000 -1027.01761107 57784.32843627 
-0.66000000 0.00000000 -887.57221834 58006.07280541 
-0.64000000 0.00000000 -887.99563158 58005.07629743 
-0.62000000 0.00000000 -1027.84333560 57782.72483488 
-0.60000000 0.00000000 -888.51946032 58002.77803246 
-0.58000000 0.00000000 -888.58824550 58001.53540750 
-0.56000000 0.00000000 -1028.22282905 57780.41525148 
-0.54000000 0.00000000 -1113.12165725 57674.91964861 
-0.52000000 0.00000000 -1110.70094894 57676.95715502 
-0.50000000 0.00000000 -1110.33363122 57676.69658374 
-0.48000000 0.00000000 -1109.91384301 57676.51547996 
-0.46000000 0.00000000 -1109.08382573 57676.83789433 
-0.44000000 0.00000000 -892.12755682 57984.61603188 
-0.42000000 0.00000000 -892.44878971 57982.95811322 
-0.40000000 0.00000000 -1108.28892378 57676.41395894 
-0.38000000 0.00000000 -1108.05483740 57676.43189019 
-0.36000000 0.00000000 -1107.96589727 57676.37776941 
-0.34000000 0.00000000 -1107.92149481 57676.34673111 
-0.32000000 0.00000000 -1107.91578547 57676.32133298 
-0.30000000 0.00000000 -890.94639549 57983.29466923 
-0.28000000 0.00000000 -890.82198527 57983.46971622 
-0.26000000 0.00000000 -1108.10076016 57675.97497840 
-0.24000000 0.00000000 -1108.14845434 57675.71539408 
-0.22000000 0.00000000 -1108.10789113 57675.38606289 
-0.20000000 0.00000000 -1108.19680659 57674.68094527 
-0.18000000 0.00000000 -891.64761730 57977.75274967 
-0.16000000 0.00000000 -892.59799159 57973.58384611 
-0.14000000 0.00000000 -1108.35799289 57670.63544848 
-0.12000000 0.00000000 -1109.21029786 57667.51070821 
-0.10000000 0.00000000 -1109.76354498 57664.16667526 
-0.08000000 0.00000000 -1110.56829393 57659.96784870 
-0.06000000 0.00000000 -905.41089504 57924.92424060 
-0.04000000 0.00000000 -910.11607869 57908.72631125 
-0.02000000 0.00000000 -1109.76599939 57647.13756433 
0.00000000 0.00000000 -1113.21504139 57637.95324388 
0.02000000 0.00000000 -1116.62300794 57628.51429866 
0.04000000 0.00000000 -1121.27277890 57617.70913937 
0.06000000 0.00000000 -1069.46129498 57663.02179776 
0.08000000 0.00000000 -1112.42679909 57613.14947830 
0.10000000 0.00000000 -1116.13733734 57603.23874809 
0.12000000 0.00000000 -1121.44644295 57592.27614791 
0.14000000 0.00000000 -2379.94516543 58215.77194953 
0.16000000 0.00000000 -2356.94740112 58117.54605591 
0.18000000 0.00000000 -1137.43652464 57562.49046938 
0.20000000 0.00000000 -1141.47891824 57554.55200906 
0.22000000 0.00000000 -1146.53101445 57546.12852323 
0.24000000 0.00000000 -1151.75487908 57537.84106534 
0.26000000 0.00000000 -1175.91654563 57515.80249081 
0.28000000 0.00000000 -1181.29981845 57508.14251294 
0.30000000 0.00000000 -1186.54749184 57500.84416737 
0.32000000 0.00000000 -1191.57392135 57494.06448013 
0.34000000 0.00000000 -1196.11045701 57488.12041754 
0.36000000 0.00000000 -1199.46733608 57483.61299873 
0.38000000 0.00000000 -1201.86020446 57480.52855292 
0.40000000 0.00000000 -2151.53141339 59600.62874448 
0.42000000 0.00000000 -2153.10110896 59597.79741667 
0.44000000 0.00000000 -1200.29895465 57482.55555006 
0.46000000 0.00000000 -1196.86509393 57487.01036403 
0.48000000 0.00000000 -1192.43525067 57492.93076361 
0.50000000 0.00000000 -1186.89977399 57500.26163931 
0.52000000 0.00000000 -1180.78684600 57508.50125165 
0.54000000 0.00000000 -1174.49925132 57517.22461624 
0.56000000 0.00000000 -1168.25295274 57526.15558902 
0.58000000 0.00000000 -1143.25168455 57549.86305526 
0.60000000 0.00000000 -1137.29861566 57559.21720798 
0.62000000 0.00000000 -1131.58091883 57568.53996368 
0.64000000 0.00000000 -1125.92409542 57578.02662880 
0.66000000 0.00000000 -2295.86021431 57939.32561083 
0.68000000 0.00000000 -2316.19759851 57992.37547144 
0.70000000 0.00000000 -1109.28919276 57608.16291647 
0.72000000 0.00000000 -1103.64541512 57619.09700735 
0.74000000 0.00000000 -1098.84688843 57629.59795179 
0.76000000 0.00000000 -1093.15811566 57641.27342733 
0.78000000 0.00000000 -1089.57669193 57651.02022914 
0.80000000 0.00000000 -1084.47236118 57662.39052859 
0.82000000 0.00000000 -1079.69221111 57673.40639214 
0.84000000 0.00000000 -1075.56425634 57683.57822298 
0.86000000 0.00000000 -1030.96987695 57741.38981340 
0.88000000 0.00000000 -1027.42941282 57751.34186126 
0.90000000 0.00000000 -1116.57137467 57653.03284692 
0.92000000 0.00000000 -1260.41773113 57529.89806382 
0.94000000 0.00000000 -1020.24188757 57774.13535304 
0.96000000 0.00000000 -1018.91739691 57779.36051055 
0.98000000 0.00000000 -976.55828032 57841.96927534 

