-1.00000000 0.00000000 1832.44183494 59418.66937135 
-0.98000000 0.00000000 1833.78715986 59419.22538522 
-0.96000000 0.00000000 1834.69831950 59419.18856585 
-0.94000000 0.00000000 1854.43938701 59464.03956905 
-0.92000000 0.00000000 1854.85108049 59463.30638056 
-0.90000000 0.00000000 1820.15788960 59376.57087804 
-0.88000000 0.00000000 1820.06191732 59375.51562099 
-0.86000000 0.00000000 1819.79976379 59374.19034377 
-0.84000000 0.00000000 1886.26054991 59525.68367274 
-0.82000000 0.00000000 1886.69326614 59525.82579616 
-0.80000000 0.00000000 1834.19626997 59410.63993362 
-0.78000000 0.00000000 1811.96814599 59350.34570464 
-0.76000000 0.00000000 1811.72340907 59349.35027185 
-0.74000000 0.00000000 1811.55084571 59348.58413782 
-0.72000000 0.00000000 1810.85899947 59346.30281790 
-0.70000000 0.00000000 1835.41795618 59412.15271498 
-0.68000000 0.00000000 1835.32489397 59411.82080892 
-0.66000000 0.00000000 1888.36928377 59525.62389776 
-0.64000000 0.00000000 1888.06005602 59525.27353749 
-0.62000000 0.00000000 1834.80637068 59411.17617685 
-0.60000000 0.00000000 1887.12175986 59524.84512163 
-0.58000000 0.00000000 1886.50786111 59524.79234175 
-0.56000000 0.00000000 1833.76032539 59410.89677837 
-0.54000000 0.00000000 1809.20819155 59344.75651319 
-0.52000000 0.00000000 1809.48633755 59346.62762432 
-0.50000000 0.00000000 1809.23980835 59346.92515775 
-0.48000000 0.00000000 1809.01764412 59347.26314512 
-0.46000000 0.00000000 1808.92240860 59347.91577555 
-0.44000000 0.00000000 1879.50352618 59521.82586009 
-0.42000000 0.00000000 1878.80645681 59521.55856474 
-0.40000000 0.00000000 1808.46565455 59348.57522587 
-0.38000000 0.00000000 1808.40443818 59348.77288912 
-0.36000000 0.00000000 1808.35234854 59348.86066285 
-0.34000000 0.00000000 1808.32563749 59348.91619114 
-0.32000000 0.00000000 1808.31314745 59348.94443656 
-0.30000000 0.00000000 1878.22516311 59522.91593601 
-0.28000000 0.00000000 1878.24395960 59523.05293131 
-0.26000000 0.00000000 1808.18953025 59348.89250577 
-0.24000000 0.00000000 1808.06261270 59348.89264467 
-0.22000000 0.00000000 1807.86567107 59348.96350446 
-0.20000000 0.00000000 1807.50982270 59348.93704533 
-0.18000000 0.00000000 1875.52449719 59522.54694494 
-0.16000000 0.00000000 1873.76467989 59521.77499701 
-0.14000000 0.00000000 1805.35312987 59348.93308879 
-0.12000000 0.00000000 1803.95262444 59348.30765406 
-0.10000000 0.00000000 1802.32811386 59347.89753600 
-0.08000000 0.00000000 1800.33105116 59347.27491896 
-0.06000000 0.00000000 1854.25468456 59510.71196789 
-0.04000000 0.00000000 1848.00051135 59506.52950311 
-0.02000000 0.00000000 1793.11909353 59347.66790782 
0.00000000 0.00000000 1789.38550412 59344.87765685 
0.02000000 0.00000000 1785.50681395 59342.07652944 
0.04000000 0.00000000 1781.32350968 59338.29543485 
0.06000000 0.00000000 1787.13525653 59377.43284304 
0.08000000 0.00000000 1775.97653902 59344.29847619 
0.10000000 0.00000000 1772.01690950 59341.10010980 
0.12000000 0.00000000 1768.03171100 59336.69699147 
0.14000000 0.00000000 1862.80260620 58330.65658856 
0.16000000 0.00000000 1845.52555730 58372.81618850 
0.18000000 0.00000000 1757.64578764 59323.51777203 
0.20000000 0.00000000 1754.79510578 59320.09726072 
0.22000000 0.00000000 1751.99399422 59315.93340783 
0.24000000 0.00000000 1749.30422479 59311.64028778 
0.26000000 0.00000000 1744.95055675 59293.58751982 
0.28000000 0.00000000 1742.54225876 59289.21654058 
0.30000000 0.00000000 1740.27187003 59284.95377075 
0.32000000 0.00000000 1738.19579045 59280.88023907 
0.34000000 0.00000000 1736.40311710 59277.21406842 
0.36000000 0.00000000 1735.01948452 59274.47583643 
0.38000000 0.00000000 1734.09613363 59272.53588728 
0.40000000 0.00000000 2230.63819489 57906.36007185 
0.42000000 0.00000000 2229.44235433 57906.82572213 
0.44000000 0.00000000 1734.72038425 59273.76903386 
0.46000000 0.00000000 1736.06622463 59276.53288289 
0.48000000 0.00000000 1737.88155785 59280.11958170 
0.50000000 0.00000000 1740.10624399 59284.58305119 
0.52000000 0.00000000 1742.62241628 59289.51732718 
0.54000000 0.00000000 1745.32222612 59294.60598390 
0.56000000 0.00000000 1748.12560898 59299.67085536 
0.58000000 0.00000000 1752.97324896 59318.46143315 
0.60000000 0.00000000 1755.97654487 59323.33821199 
0.62000000 0.00000000 1759.02280096 59328.02553741 
0.64000000 0.00000000 1762.15908339 59332.65594742 
0.66000000 0.00000000 1816.78186035 58455.42464642 
0.68000000 0.00000000 1825.60283759 58429.55111130 
0.70000000 0.00000000 1772.45739653 59346.28464480 
0.72000000 0.00000000 1776.29141487 59350.90772045 
0.74000000 0.00000000 1780.17388685 59354.89005712 
0.76000000 0.00000000 1784.35760755 59359.53913733 
0.78000000 0.00000000 1788.25562700 59362.56436138 
0.80000000 0.00000000 1792.46927182 59366.72636210 
0.82000000 0.00000000 1796.60269891 59370.61184447 
0.84000000 0.00000000 1800.51795960 59373.96282856 
0.86000000 0.00000000 1814.09177635 59408.88181535 
0.88000000 0.00000000 1817.97998458 59411.79204509 
0.90000000 0.00000000 1798.77674528 59342.70313704 
0.92000000 0.00000000 1774.05753479 59235.75954957 
0.94000000 0.00000000 1827.24013771 59417.61578526 
0.96000000 0.00000000 1829.48972178 59418.66119276 
0.98000000 0.00000000 1844.56437816 59452.59321071 

