-1.00000000 0.00000000 -3699.77569400 57882.67016731 
-0.98000000 0.00000000 -3698.19858347 57879.53392404 
-0.96000000 0.00000000 -3697.21476301 57883.62197818 
-0.94000000 0.00000000 -3603.50311351 57198.81344481 
-0.92000000 0.00000000 -3605.65891679 57212.47627422 
-0.90000000 0.00000000 -3679.98717413 58482.12356395 
-0.88000000 0.00000000 -3678.26459806 58495.73254560 
-0.86000000 0.00000000 -3676.25057093 58512.58389356 
-0.84000000 0.00000000 -3217.81386791 56238.60212004 
-0.82000000 0.00000000 -3216.30497225 56237.03989602 
-0.80000000 0.00000000 -3697.37135872 58011.33175412 
-0.78000000 0.00000000 -3634.35095742 58810.00483464 
-0.76000000 0.00000000 -3632.11476724 58821.75963554 
-0.74000000 0.00000000 -3630.32641852 58830.85424968 
-0.72000000 0.00000000 -3625.22010199 58858.11546686 
-0.70000000 0.00000000 -3695.92587079 57990.41542112 
-0.68000000 0.00000000 -3695.93098460 57995.37095187 
-0.66000000 0.00000000 -3218.54953663 56245.94466528 
-0.64000000 0.00000000 -3221.65307753 56250.79281447 
-0.62000000 0.00000000 -3696.36942261 58003.59657129 
-0.60000000 0.00000000 -3224.95368041 56254.37896639 
-0.58000000 0.00000000 -3224.90668810 56252.68654775 
-0.56000000 0.00000000 -3697.67528366 58003.22388907 
-0.54000000 0.00000000 -3624.22883676 58871.91554558 
-0.52000000 0.00000000 -3629.14586127 58848.30676445 
-0.50000000 0.00000000 -3630.58255462 58843.44020152 
-0.48000000 0.00000000 -3632.07043524 58838.16707747 
-0.46000000 0.00000000 -3634.16505301 58829.24556950 
-0.44000000 0.00000000 -3245.60765106 56271.86578686 
-0.42000000 0.00000000 -3247.50319785 56273.50083504 
-0.40000000 0.00000000 -3636.91041730 58819.73860819 
-0.38000000 0.00000000 -3637.49017347 58817.50663211 
-0.36000000 0.00000000 -3637.69749830 58816.94429417 
-0.34000000 0.00000000 -3637.71739860 58817.07579891 
-0.32000000 0.00000000 -3637.58936173 58817.78067472 
-0.30000000 0.00000000 -3237.47208040 56253.81782080 
-0.28000000 0.00000000 -3237.14090132 56253.43147545 
-0.26000000 0.00000000 -3636.80584034 58821.99889753 
-0.24000000 0.00000000 -3636.74089818 58822.84795150 
-0.22000000 0.00000000 -3637.03201835 58822.32675013 
-0.20000000 0.00000000 -3637.41780181 58822.17479149 
-0.18000000 0.00000000 -3243.01534861 56258.48708090 
-0.16000000 0.00000000 -3248.34148056 56264.08741056 
-0.14000000 0.00000000 -3641.59535176 58812.68204348 
-0.12000000 0.00000000 -3642.98985882 58813.11089010 
-0.10000000 0.00000000 -3645.70894751 58808.20861386 
-0.08000000 0.00000000 -3648.93142487 58802.80164782 
-0.06000000 0.00000000 -3312.17941968 56336.34363694 
-0.04000000 0.00000000 -3333.66891833 56362.67210659 
-0.02000000 0.00000000 -3669.53821766 58736.32719803 
0.00000000 0.00000000 -3672.37087438 58743.22644559 
0.02000000 0.00000000 -3675.99463694 58746.96175809 
0.04000000 0.00000000 -3678.15812928 58760.49398123 
0.06000000 0.00000000 -3742.93549890 58179.63347037 
0.08000000 0.00000000 -3711.39919612 58603.14628549 
0.10000000 0.00000000 -3715.81500110 58604.53084858 
0.12000000 0.00000000 -3717.64651036 58622.97367507 
0.14000000 0.00000000 -821.42900873 61936.37980452 
0.16000000 0.00000000 -881.46046988 61934.47320408 
0.18000000 0.00000000 -3719.73023961 58686.18988877 
0.20000000 0.00000000 -3721.52542766 58696.13450838 
0.22000000 0.00000000 -3721.37165711 58716.64651050 
0.24000000 0.00000000 -3720.72465672 58738.71193822 
0.26000000 0.00000000 -3683.02733221 58944.82067709 
0.28000000 0.00000000 -3680.97760549 58966.69910974 
0.30000000 0.00000000 -3678.88683845 58987.66833598 
0.32000000 0.00000000 -3676.62091503 59008.00544010 
0.34000000 0.00000000 -3674.33191120 59026.65347941 
0.36000000 0.00000000 -3673.08057895 59038.87976733 
0.38000000 0.00000000 -3671.92790786 59048.23630695 
0.40000000 0.00000000 -268.78425381 61792.35171940 
0.42000000 0.00000000 -269.72948819 61793.01558548 
0.44000000 0.00000000 -3672.92174117 59041.30260062 
0.46000000 0.00000000 -3674.72949239 59027.22364807 
0.48000000 0.00000000 -3676.70766531 59009.82983232 
0.50000000 0.00000000 -3679.56238977 58986.44403753 
0.52000000 0.00000000 -3682.61610401 58960.21107886 
0.54000000 0.00000000 -3685.45720699 58933.33208910 
0.56000000 0.00000000 -3687.99575358 58906.63626898 
0.58000000 0.00000000 -3724.65810114 58693.03984843 
0.60000000 0.00000000 -3725.70164293 58665.51236743 
0.62000000 0.00000000 -3726.37817839 58639.10445804 
0.64000000 0.00000000 -3726.87779242 58612.37168746 
0.66000000 0.00000000 -1011.77025923 61920.72746381 
0.68000000 0.00000000 -970.54342667 61925.56947327 
0.70000000 0.00000000 -3726.28273916 58534.37559288 
0.72000000 0.00000000 -3725.46937573 58507.78927222 
0.74000000 0.00000000 -3723.33642782 58490.25920712 
0.76000000 0.00000000 -3722.02091735 58463.03019883 
0.78000000 0.00000000 -3718.37960650 58457.30349853 
0.80000000 0.00000000 -3716.45825148 58433.99319273 
0.82000000 0.00000000 -3714.37403549 58412.12845520 
0.84000000 0.00000000 -3711.97400908 58394.75297020 
0.86000000 0.00000000 -3720.29071332 57919.21222615 
0.88000000 0.00000000 -3715.88763392 57901.78239892 
0.90000000 0.00000000 -3639.80703214 58860.30002229 
0.92000000 0.00000000 -3284.21579583 59946.44889215 
0.94000000 0.00000000 -3705.30187762 57870.33141172 
0.96000000 0.00000000 -3702.75737352 57866.65713298 
0.98000000 0.00000000 -3642.37817153 57356.62404093 

