-1.00000000 0.00000000 -512.67090009 59330.82218377 
-0.98000000 0.00000000 -513.79086754 59332.59627661 
-0.96000000 0.00000000 -514.64923563 59332.95644536 
-0.94000000 0.00000000 -522.35084415 59441.05602492 
-0.92000000 0.00000000 -522.89779156 59439.68704437 
-0.90000000 0.00000000 -511.35486281 59235.71946972 
-0.88000000 0.00000000 -511.53212075 59233.60735483 
-0.86000000 0.00000000 -511.61921349 59230.85241044 
-0.84000000 0.00000000 -537.52815346 59599.34314177 
-0.82000000 0.00000000 -537.89633398 59599.97774140 
-0.80000000 0.00000000 -516.29298718 59315.16901010 
-0.78000000 0.00000000 -510.11175296 59178.13554903 
-0.76000000 0.00000000 -510.13754163 59176.04716833 
-0.74000000 0.00000000 -510.17523308 59174.44841711 
-0.72000000 0.00000000 -510.09236669 59169.47596060 
-0.70000000 0.00000000 -517.12792398 59319.20780264 
-0.68000000 0.00000000 -517.12999496 59318.46008969 
-0.66000000 0.00000000 -539.54887187 59600.46671740 
-0.64000000 0.00000000 -539.35021039 59599.47741021 
-0.62000000 0.00000000 -516.80864453 59316.84521522 
-0.60000000 0.00000000 -538.59275668 59598.02365223 
-0.58000000 0.00000000 -538.04173805 59597.63167298 
-0.56000000 0.00000000 -515.87076264 59315.79527913 
-0.54000000 0.00000000 -508.86058441 59165.56378938 
-0.52000000 0.00000000 -508.64106500 59169.53154831 
-0.50000000 0.00000000 -508.30891572 59170.01634715 
-0.48000000 0.00000000 -507.99022764 59170.59033567 
-0.46000000 0.00000000 -507.71637010 59171.86534065 
-0.44000000 0.00000000 -532.22958631 59587.59201391 
-0.42000000 0.00000000 -531.64370585 59586.63789916 
-0.40000000 0.00000000 -507.06874460 59172.86513922 
-0.38000000 0.00000000 -506.95246342 59173.16513407 
-0.36000000 0.00000000 -506.87579718 59173.22603910 
-0.34000000 0.00000000 -506.83492582 59173.21593632 
-0.32000000 0.00000000 -506.81764829 59173.14133214 
-0.30000000 0.00000000 -530.84547195 59589.06991901 
-0.28000000 0.00000000 -530.85348652 59589.23864749 
-0.26000000 0.00000000 -506.73297590 59172.54555076 
-0.24000000 0.00000000 -506.62252081 59172.35091384 
-0.22000000 0.00000000 -506.42914107 59172.29328267 
-0.20000000 0.00000000 -506.10889981 59172.00408579 
-0.18000000 0.00000000 -528.66580630 59586.24863642 
-0.16000000 0.00000000 -527.28160237 59583.71274925 
-0.14000000 0.00000000 -504.08940367 59171.27142887 
-0.12000000 0.00000000 -502.91386945 59169.67931692 
-0.10000000 0.00000000 -501.46617681 59168.61287364 
-0.08000000 0.00000000 -499.70551719 59167.15164580 
-0.06000000 0.00000000 -512.11021898 59552.64923227 
-0.04000000 0.00000000 -507.29811828 59541.91629458 
-0.02000000 0.00000000 -492.62412025 59168.48158805 
0.00000000 0.00000000 -489.64578123 59162.80922834 
0.02000000 0.00000000 -486.49780393 59157.31232586 
0.04000000 0.00000000 -483.25497429 59149.85813824 
0.06000000 0.00000000 -479.48482286 59238.19372875 
0.08000000 0.00000000 -476.38989532 59165.37393922 
0.10000000 0.00000000 -473.14756087 59159.66781711 
0.12000000 0.00000000 -470.14408677 59151.39335065 
0.14000000 0.00000000 -868.77514279 57266.10172971 
0.16000000 0.00000000 -831.59400697 57336.24580518 
0.18000000 0.00000000 -462.58621945 59127.02040630 
0.20000000 0.00000000 -460.42183727 59121.17995537 
0.22000000 0.00000000 -458.47081912 59113.79714008 
0.24000000 0.00000000 -456.64625903 59106.24869455 
0.26000000 0.00000000 -456.36981323 59068.65163767 
0.28000000 0.00000000 -454.80100665 59061.18305200 
0.30000000 0.00000000 -453.33309726 59053.98404362 
0.32000000 0.00000000 -452.01288181 59047.13361913 
0.34000000 0.00000000 -450.89255498 59040.98013366 
0.36000000 0.00000000 -449.99371006 59036.51438296 
0.38000000 0.00000000 -449.41462051 59033.32051703 
0.40000000 0.00000000 -1691.29501513 56619.52670820 
0.42000000 0.00000000 -1688.42010299 56619.78763843 
0.44000000 0.00000000 -449.80695561 59035.48122889 
0.46000000 0.00000000 -450.65027126 59040.12681285 
0.48000000 0.00000000 -451.81224343 59046.10917208 
0.50000000 0.00000000 -453.20161392 59053.68586957 
0.52000000 0.00000000 -454.77678701 59062.12184604 
0.54000000 0.00000000 -456.48897664 59070.86179213 
0.56000000 0.00000000 -458.28992061 59079.62265279 
0.58000000 0.00000000 -458.86641881 59118.71686807 
0.60000000 0.00000000 -460.84683040 59127.43666362 
0.62000000 0.00000000 -462.89002232 59135.92504194 
0.64000000 0.00000000 -465.01443352 59144.46105791 
0.66000000 0.00000000 -766.98134300 57478.54584169 
0.68000000 0.00000000 -786.33519779 57435.17421551 
0.70000000 0.00000000 -472.22235789 59170.30706670 
0.72000000 0.00000000 -474.96525453 59179.33241011 
0.74000000 0.00000000 -477.88771236 59187.05205905 
0.76000000 0.00000000 -480.92054948 59196.40235242 
0.78000000 0.00000000 -484.03824790 59202.28708695 
0.80000000 0.00000000 -487.16230187 59210.89908680 
0.82000000 0.00000000 -490.24716436 59219.09053728 
0.84000000 0.00000000 -493.22471577 59226.28182917 
0.86000000 0.00000000 -497.81529772 59305.80855405 
0.88000000 0.00000000 -500.79341778 59312.56970061 
0.90000000 0.00000000 -499.18412644 59156.57386102 
0.92000000 0.00000000 -501.52044263 58929.12893917 
0.94000000 0.00000000 -508.08127634 59326.96872454 
0.96000000 0.00000000 -509.92767199 59329.85333922 
0.98000000 0.00000000 -515.93830858 59411.07526447 

