-1.00000000 0.00000000 2094.56175597 58896.04080858 
-0.98000000 0.00000000 2094.87392753 58896.44251174 
-0.96000000 0.00000000 2095.15420244 58896.56504654 
-0.94000000 0.00000000 2093.70454189 58914.28497896 
-0.92000000 0.00000000 2093.93885275 58914.10290982 
-0.90000000 0.00000000 2097.70137827 58880.37419947 
-0.88000000 0.00000000 2097.85313612 58879.96549317 
-0.86000000 0.00000000 2097.99697446 58879.44585440 
-0.84000000 0.00000000 2092.83872315 58939.41122749 
-0.82000000 0.00000000 2092.92818246 58939.52267520 
-0.80000000 0.00000000 2096.42825816 58893.41774050 
-0.78000000 0.00000000 2099.48887429 58870.38984989 
-0.76000000 0.00000000 2099.57866369 58870.00401763 
-0.74000000 0.00000000 2099.65250150 58869.70866754 
-0.72000000 0.00000000 2099.81081981 58868.85252381 
-0.70000000 0.00000000 2096.54371116 58894.02923761 
-0.68000000 0.00000000 2096.56849389 58893.90251045 
-0.66000000 0.00000000 2093.35735716 58939.77858296 
-0.64000000 0.00000000 2093.32848073 58939.60713156 
-0.62000000 0.00000000 2096.51673466 58893.60783892 
-0.60000000 0.00000000 2093.15403609 58939.26694209 
-0.58000000 0.00000000 2093.00879999 58939.10818719 
-0.56000000 0.00000000 2096.25486502 58893.34988934 
-0.54000000 0.00000000 2099.53242972 58868.14842480 
-0.52000000 0.00000000 2099.31128209 58868.81049534 
-0.50000000 0.00000000 2099.18243987 58868.88987582 
-0.48000000 0.00000000 2099.05461528 58868.98744771 
-0.46000000 0.00000000 2098.91538306 58869.20608572 
-0.44000000 0.00000000 2091.70028205 58936.62732926 
-0.42000000 0.00000000 2091.56446510 58936.39989720 
-0.40000000 0.00000000 2098.65377152 58869.43146966 
-0.38000000 0.00000000 2098.59764303 58869.51809930 
-0.36000000 0.00000000 2098.56139690 58869.57403185 
-0.34000000 0.00000000 2098.53735115 58869.62680803 
-0.32000000 0.00000000 2098.52104998 58869.67641768 
-0.30000000 0.00000000 2091.19283841 58936.83588264 
-0.28000000 0.00000000 2091.16520879 58936.92681525 
-0.26000000 0.00000000 2098.45963541 58869.78406112 
-0.24000000 0.00000000 2098.40704942 58869.81300568 
-0.22000000 0.00000000 2098.32023896 58869.84970494 
-0.20000000 0.00000000 2098.19922572 58869.82229738 
-0.18000000 0.00000000 2090.46336072 58936.33238973 
-0.16000000 0.00000000 2090.10984419 58935.69567082 
-0.14000000 0.00000000 2097.48931629 58869.49077682 
-0.12000000 0.00000000 2097.14548777 58869.02083085 
-0.10000000 0.00000000 2096.70192258 58868.54442233 
-0.08000000 0.00000000 2096.18220743 58867.89792174 
-0.06000000 0.00000000 2086.68026642 58927.38355618 
-0.04000000 0.00000000 2085.68461797 58924.45694299 
-0.02000000 0.00000000 2093.94009624 58866.15598365 
0.00000000 0.00000000 2093.25619737 58864.36587704 
0.02000000 0.00000000 2092.53550238 58862.51422843 
0.04000000 0.00000000 2091.87554918 58860.29368392 
0.06000000 0.00000000 2087.83389291 58872.43963717 
0.08000000 0.00000000 2089.46957001 58860.30750630 
0.10000000 0.00000000 2088.81458562 58858.25151131 
0.12000000 0.00000000 2088.32853819 58855.85398284 
0.14000000 0.00000000 2246.72107473 58658.66979109 
0.16000000 0.00000000 2237.25331022 58660.28448145 
0.18000000 0.00000000 2087.33660283 58849.02664526 
0.20000000 0.00000000 2087.05815866 58847.13582430 
0.22000000 0.00000000 2086.90813177 58845.03277975 
0.24000000 0.00000000 2086.81933621 58842.89516368 
0.26000000 0.00000000 2088.16927163 58836.65755301 
0.28000000 0.00000000 2088.18768887 58834.53285159 
0.30000000 0.00000000 2088.23595208 58832.46512102 
0.32000000 0.00000000 2088.31273255 58830.50914682 
0.34000000 0.00000000 2088.40573154 58828.76789833 
0.36000000 0.00000000 2088.47107434 58827.43408259 
0.38000000 0.00000000 2088.53357715 58826.50834717 
0.40000000 0.00000000 2352.61391447 58731.36785822 
0.42000000 0.00000000 2352.45432517 58730.98546578 
0.44000000 0.00000000 2088.52788654 58827.06481558 
0.46000000 0.00000000 2088.46269370 58828.36535183 
0.48000000 0.00000000 2088.39335502 58830.08491352 
0.50000000 0.00000000 2088.30279215 58832.20094436 
0.52000000 0.00000000 2088.22142135 58834.55239140 
0.54000000 0.00000000 2088.16995362 58837.00448059 
0.56000000 0.00000000 2088.15678146 58839.46900244 
0.58000000 0.00000000 2086.82759075 58846.09335803 
0.60000000 0.00000000 2086.91493923 58848.51302345 
0.62000000 0.00000000 2087.05411730 58850.85716488 
0.64000000 0.00000000 2087.23924527 58853.17443637 
0.66000000 0.00000000 2220.33187990 58665.58408523 
0.68000000 0.00000000 2226.01723493 58663.53573051 
0.70000000 0.00000000 2088.13851347 58860.12572467 
0.72000000 0.00000000 2088.55185485 58862.53260802 
0.74000000 0.00000000 2089.07399310 58864.76431828 
0.76000000 0.00000000 2089.58825620 58867.24336637 
0.78000000 0.00000000 2090.25962433 58869.18688821 
0.80000000 0.00000000 2090.85784171 58871.50698837 
0.82000000 0.00000000 2091.47543502 58873.71006105 
0.84000000 0.00000000 2092.11168412 58875.68576278 
0.86000000 0.00000000 2090.75916860 58888.95963212 
0.88000000 0.00000000 2091.42635541 58890.78421070 
0.90000000 0.00000000 2096.41850898 58866.35641771 
0.92000000 0.00000000 2105.39956324 58829.87676063 
0.94000000 0.00000000 2093.19823071 58894.67867912 
0.96000000 0.00000000 2093.69114490 58895.47197890 
0.98000000 0.00000000 2092.70712271 58908.85441551 

