-1.00000000 0.00000000 -1501.89461368 58892.63757775 
-0.98000000 0.00000000 -1502.13571978 58892.05495982 
-0.96000000 0.00000000 -1502.20831597 58891.61523923 
-0.94000000 0.00000000 -1512.79990959 58887.52949261 
-0.92000000 0.00000000 -1512.68853201 58887.25969274 
-0.90000000 0.00000000 -1492.55827542 58893.50612782 
-0.88000000 0.00000000 -1492.31114300 58893.43396559 
-0.86000000 0.00000000 -1491.99815671 58893.40998423 
-0.84000000 0.00000000 -1527.86574623 58879.78767154 
-0.82000000 0.00000000 -1527.93016450 58879.61921230 
-0.80000000 0.00000000 -1500.30458241 58890.91280325 
-0.78000000 0.00000000 -1486.61047392 58894.33616453 
-0.76000000 0.00000000 -1486.37951029 58894.34007521 
-0.74000000 0.00000000 -1486.20269317 58894.33591228 
-0.72000000 0.00000000 -1485.69412100 58894.39734833 
-0.70000000 0.00000000 -1500.66166783 58890.54740619 
-0.68000000 0.00000000 -1500.58564860 58890.55602581 
-0.66000000 0.00000000 -1528.07697484 58878.90543610 
-0.64000000 0.00000000 -1527.97367629 58879.01032920 
-0.62000000 0.00000000 -1500.40945284 58890.73083823 
-0.60000000 0.00000000 -1527.76804835 58879.39025573 
-0.58000000 0.00000000 -1527.67163569 58879.66122113 
-0.56000000 0.00000000 -1500.25527270 58891.19146316 
-0.54000000 0.00000000 -1485.27695380 58895.01830792 
-0.52000000 0.00000000 -1485.66972049 58895.10991069 
-0.50000000 0.00000000 -1485.71753145 58895.26336372 
-0.48000000 0.00000000 -1485.77632096 58895.40920109 
-0.46000000 0.00000000 -1485.90703544 58895.53105805 
-0.44000000 0.00000000 -1526.17219151 58882.48088704 
-0.42000000 0.00000000 -1526.03570844 58882.76096184 
-0.40000000 0.00000000 -1486.04618580 58895.81706414 
-0.38000000 0.00000000 -1486.10018373 58895.86418802 
-0.36000000 0.00000000 -1486.13643097 58895.89303117 
-0.34000000 0.00000000 -1486.17122517 58895.90532963 
-0.32000000 0.00000000 -1486.20451522 58895.90737240 
-0.30000000 0.00000000 -1526.31292452 58883.12687137 
-0.28000000 0.00000000 -1526.37167827 58883.12922623 
-0.26000000 0.00000000 -1486.28104532 58895.94313552 
-0.24000000 0.00000000 -1486.30206486 58896.00267143 
-0.22000000 0.00000000 -1486.32689974 58896.10844740 
-0.20000000 0.00000000 -1486.31242110 58896.28464029 
-0.18000000 0.00000000 -1526.02208171 58884.35365418 
-0.16000000 0.00000000 -1525.63387426 58885.10282548 
-0.14000000 0.00000000 -1486.10694142 58897.39664272 
-0.12000000 0.00000000 -1485.81831413 58898.04284822 
-0.10000000 0.00000000 -1485.52089826 58898.83594811 
-0.08000000 0.00000000 -1485.11720850 58899.79667309 
-0.06000000 0.00000000 -1520.52645824 58893.16567635 
-0.04000000 0.00000000 -1518.72347774 58895.68577722 
-0.02000000 0.00000000 -1483.98480049 58903.60767772 
0.00000000 0.00000000 -1482.88084430 58905.18798566 
0.02000000 0.00000000 -1481.73622303 58906.84057460 
0.04000000 0.00000000 -1480.37129346 58908.52443776 
0.06000000 0.00000000 -1487.46576812 58910.39549459 
0.08000000 0.00000000 -1480.25502165 58912.00869808 
0.10000000 0.00000000 -1478.98321005 58913.63017392 
0.12000000 0.00000000 -1477.51364311 58915.11534679 
0.14000000 0.00000000 -1363.80037912 58755.71388506 
0.16000000 0.00000000 -1365.08792094 58767.90883139 
0.18000000 0.00000000 -1473.33961272 58918.76812017 
0.20000000 0.00000000 -1472.17797331 58919.78696898 
0.22000000 0.00000000 -1470.89358825 58920.68886219 
0.24000000 0.00000000 -1469.58942758 58921.51444765 
0.26000000 0.00000000 -1465.90722193 58921.55347517 
0.28000000 0.00000000 -1464.61437331 58922.21841814 
0.30000000 0.00000000 -1463.35685044 58922.82178134 
0.32000000 0.00000000 -1462.16867876 58923.34701047 
0.34000000 0.00000000 -1461.11224694 58923.77832397 
0.36000000 0.00000000 -1460.30178654 58924.11777576 
0.38000000 0.00000000 -1459.74036890 58924.32839467 
0.40000000 0.00000000 -1392.94529090 58589.73798594 
0.42000000 0.00000000 -1392.76690228 58590.09184330 
0.44000000 0.00000000 -1460.07719088 58924.16029841 
0.46000000 0.00000000 -1460.86570050 58923.83420713 
0.48000000 0.00000000 -1461.90997604 58923.37690623 
0.50000000 0.00000000 -1463.19433636 58922.82077530 
0.52000000 0.00000000 -1464.62270457 58922.17322776 
0.54000000 0.00000000 -1466.11406200 58921.44788876 
0.56000000 0.00000000 -1467.61464184 58920.66178069 
0.58000000 0.00000000 -1471.53524961 58920.45885607 
0.60000000 0.00000000 -1473.01203005 58919.53820307 
0.62000000 0.00000000 -1474.44357776 58918.56766736 
0.64000000 0.00000000 -1475.85861044 58917.54030517 
0.66000000 0.00000000 -1368.61609324 58789.10018790 
0.68000000 0.00000000 -1367.31842029 58782.05926961 
0.70000000 0.00000000 -1480.10618905 58913.96201061 
0.72000000 0.00000000 -1481.57760300 58912.57371392 
0.74000000 0.00000000 -1482.94745917 58911.08299517 
0.76000000 0.00000000 -1484.46365000 58909.52041805 
0.78000000 0.00000000 -1485.66388763 58907.90409200 
0.80000000 0.00000000 -1487.08467761 58906.26769166 
0.82000000 0.00000000 -1488.43392054 58904.63992265 
0.84000000 0.00000000 -1489.64516382 58903.05935557 
0.86000000 0.00000000 -1497.55761561 58900.55079677 
0.88000000 0.00000000 -1498.67601980 58898.95999695 
0.90000000 0.00000000 -1484.21529569 58899.95433622 
0.92000000 0.00000000 -1462.79582579 58898.94470677 
0.94000000 0.00000000 -1501.05970937 58895.06292905 
0.96000000 0.00000000 -1501.54396448 58894.08083437 
0.98000000 0.00000000 -1509.54306231 58890.86755736 

