-1.00000000 0.00000000 -1621.34478950 57344.25834708 
-0.98000000 0.00000000 -1618.76033122 57345.75792465 
-0.96000000 0.00000000 -1617.67166812 57347.11234383 
-0.94000000 0.00000000 -1518.70194733 57344.06904334 
-0.92000000 0.00000000 -1519.42250985 57345.16147392 
-0.90000000 0.00000000 -1705.40072646 57366.36529893 
-0.88000000 0.00000000 -1707.15047858 57367.28662130 
-0.86000000 0.00000000 -1709.54892317 57368.26908599 
-0.84000000 0.00000000 -1376.97600516 57366.45855879 
-0.82000000 0.00000000 -1376.23205281 57367.15156853 
-0.80000000 0.00000000 -1631.98616927 57353.53710458 
-0.78000000 0.00000000 -1757.40178463 57383.78232197 
-0.76000000 0.00000000 -1759.25288199 57384.58887721 
-0.74000000 0.00000000 -1760.65515584 57385.23499115 
-0.72000000 0.00000000 -1765.12277954 57386.96976414 
-0.70000000 0.00000000 -1627.88456463 57353.99869704 
-0.68000000 0.00000000 -1628.54192745 57354.15688075 
-0.66000000 0.00000000 -1374.72772509 57370.18838969 
-0.64000000 0.00000000 -1375.66998104 57369.78224283 
-0.62000000 0.00000000 -1630.25045147 57353.96718981 
-0.60000000 0.00000000 -1377.41840693 57368.31466890 
-0.58000000 0.00000000 -1378.16253368 57367.26899685 
-0.56000000 0.00000000 -1632.02294346 57352.65703357 
-0.54000000 0.00000000 -1769.78567891 57386.61516697 
-0.52000000 0.00000000 -1766.51060784 57384.78090350 
-0.50000000 0.00000000 -1766.39542588 57384.10632387 
-0.48000000 0.00000000 -1766.18594666 57383.41771592 
-0.46000000 0.00000000 -1765.31534246 57382.53058272 
-0.44000000 0.00000000 -1390.74696158 57356.16392667 
-0.42000000 0.00000000 -1391.96324783 57355.05660863 
-0.40000000 0.00000000 -1764.98302679 57381.18746014 
-0.38000000 0.00000000 -1764.79333951 57380.89722629 
-0.36000000 0.00000000 -1764.76869580 57380.75408801 
-0.34000000 0.00000000 -1764.76570357 57380.68906734 
-0.32000000 0.00000000 -1764.79127434 57380.68160558 
-0.30000000 0.00000000 -1390.43618037 57353.65365931 
-0.28000000 0.00000000 -1390.24172589 57353.68159984 
-0.26000000 0.00000000 -1765.21543533 57380.74098059 
-0.24000000 0.00000000 -1765.44217756 57380.63478992 
-0.22000000 0.00000000 -1765.64387543 57380.35327087 
-0.20000000 0.00000000 -1766.19619912 57379.97102276 
-0.18000000 0.00000000 -1394.26008029 57349.53238739 
-0.16000000 0.00000000 -1397.46387617 57346.88260837 
-0.14000000 0.00000000 -1769.02227729 57377.21504901 
-0.12000000 0.00000000 -1771.76815729 57376.07843853 
-0.10000000 0.00000000 -1774.41051181 57374.35181157 
-0.08000000 0.00000000 -1777.81151895 57372.33430548 
-0.06000000 0.00000000 -1436.55396805 57318.38204222 
-0.04000000 0.00000000 -1450.06856855 57309.64294803 
-0.02000000 0.00000000 -1785.50175030 57361.50258849 
0.00000000 0.00000000 -1794.30723095 57359.50973713 
0.02000000 0.00000000 -1803.24879276 57357.30916028 
0.04000000 0.00000000 -1814.10928862 57355.93169407 
0.06000000 0.00000000 -1741.28917204 57316.22813219 
0.08000000 0.00000000 -1809.69637905 57339.64466130 
0.10000000 0.00000000 -1819.19941404 57337.58576897 
0.12000000 0.00000000 -1830.72213785 57337.13354156 
0.14000000 0.00000000 -2129.38850771 59568.94709626 
0.16000000 0.00000000 -2174.45014242 59483.57586001 
0.18000000 0.00000000 -1863.29058001 57338.56856301 
0.20000000 0.00000000 -1871.75390983 57338.69176403 
0.22000000 0.00000000 -1881.35326036 57339.99455795 
0.24000000 0.00000000 -1890.98594146 57341.68926595 
0.26000000 0.00000000 -1925.09547428 57362.21445586 
0.28000000 0.00000000 -1934.37563356 57364.82196240 
0.30000000 0.00000000 -1943.29578798 57367.52334789 
0.32000000 0.00000000 -1951.69095623 57370.30118057 
0.34000000 0.00000000 -1959.14516438 57372.96661681 
0.36000000 0.00000000 -1964.71999546 57374.87451993 
0.38000000 0.00000000 -1968.60766458 57376.33732300 
0.40000000 0.00000000 -1413.69463991 60258.28850007 
0.42000000 0.00000000 -1415.40125697 60257.64248007 
0.44000000 0.00000000 -1966.03641483 57375.36951336 
0.46000000 0.00000000 -1960.42014659 57373.28825332 
0.48000000 0.00000000 -1953.06104711 57370.76080944 
0.50000000 0.00000000 -1943.89640695 57367.59586206 
0.52000000 0.00000000 -1933.66983497 57364.26224241 
0.54000000 0.00000000 -1922.97683988 57361.07756340 
0.56000000 0.00000000 -1912.16699932 57358.16961676 
0.58000000 0.00000000 -1876.22851258 57337.91127090 
0.60000000 0.00000000 -1865.30477987 57336.03267206 
0.62000000 0.00000000 -1854.57522568 57334.53133393 
0.64000000 0.00000000 -1843.76824128 57333.28956444 
0.66000000 0.00000000 -2252.65092171 59303.72536946 
0.68000000 0.00000000 -2229.56160566 59360.07180362 
0.70000000 0.00000000 -1810.43982935 57331.63205921 
0.72000000 0.00000000 -1798.65314012 57331.73341447 
0.74000000 0.00000000 -1787.85637840 57332.79981203 
0.76000000 0.00000000 -1775.55456719 57333.55209652 
0.78000000 0.00000000 -1766.27626197 57335.91529286 
0.80000000 0.00000000 -1754.67607450 57337.41285085 
0.82000000 0.00000000 -1743.58535887 57339.16988560 
0.84000000 0.00000000 -1733.59371490 57341.25419709 
0.86000000 0.00000000 -1658.93470012 57325.38992507 
0.88000000 0.00000000 -1649.67330389 57328.63233499 
0.90000000 0.00000000 -1787.27788548 57375.84065665 
0.92000000 0.00000000 -1980.85798801 57500.28449289 
0.94000000 0.00000000 -1629.29049668 57337.43035367 
0.96000000 0.00000000 -1624.89842353 57339.88989863 
0.98000000 0.00000000 -1549.71415425 57336.28997824 

