-1.00000000 0.00000000 481.82567258 60094.73741388 
-0.98000000 0.00000000 482.12411092 60093.25220137 
-0.96000000 0.00000000 482.35538427 60090.54639132 
-0.94000000 0.00000000 484.01140415 60252.04896265 
-0.92000000 0.00000000 484.14976126 60247.54488657 
-0.90000000 0.00000000 481.99212966 59945.96084898 
-0.88000000 0.00000000 482.05580014 59942.27198509 
-0.86000000 0.00000000 482.09874249 59937.93455690 
-0.84000000 0.00000000 488.04015694 60507.59375857 
-0.82000000 0.00000000 488.12795150 60507.66353843 
-0.80000000 0.00000000 482.89055114 60056.06196463 
-0.78000000 0.00000000 482.02521089 59864.60102179 
-0.76000000 0.00000000 482.05366582 59861.52841132 
-0.74000000 0.00000000 482.08317408 59859.10325130 
-0.72000000 0.00000000 482.10029945 59852.13910241 
-0.70000000 0.00000000 483.12563903 60059.88456283 
-0.68000000 0.00000000 483.13683100 60058.62616231 
-0.66000000 0.00000000 488.54599350 60502.33406561 
-0.64000000 0.00000000 488.49567956 60501.02108723 
-0.62000000 0.00000000 483.06861508 60057.19750158 
-0.60000000 0.00000000 488.30785771 60501.06219437 
-0.58000000 0.00000000 488.17223561 60502.54992887 
-0.56000000 0.00000000 482.80990061 60059.26714185 
-0.54000000 0.00000000 481.76811355 59851.34857147 
-0.52000000 0.00000000 481.66865909 59858.08636257 
-0.50000000 0.00000000 481.55846703 59860.13303560 
-0.48000000 0.00000000 481.45217006 59862.24844028 
-0.46000000 0.00000000 481.35579980 59865.21024104 
-0.44000000 0.00000000 486.68735177 60505.91870763 
-0.42000000 0.00000000 486.54048356 60506.33242220 
-0.40000000 0.00000000 481.14816942 59869.06108744 
-0.38000000 0.00000000 481.11359451 59869.82918956 
-0.36000000 0.00000000 481.09478659 59870.04562919 
-0.34000000 0.00000000 481.08941766 59869.97529382 
-0.32000000 0.00000000 481.09356626 59869.67897754 
-0.30000000 0.00000000 486.41993077 60513.50397355 
-0.28000000 0.00000000 486.44076462 60513.41650275 
-0.26000000 0.00000000 481.10713037 59868.22197906 
-0.24000000 0.00000000 481.08815561 59868.06505041 
-0.22000000 0.00000000 481.04293502 59868.47505961 
-0.20000000 0.00000000 480.95952501 59869.11764142 
-0.18000000 0.00000000 485.97807561 60514.56346985 
-0.16000000 0.00000000 485.63349710 60515.04785269 
-0.14000000 0.00000000 480.37122455 59876.31043770 
-0.12000000 0.00000000 480.02117149 59879.18202634 
-0.10000000 0.00000000 479.57831198 59884.26479349 
-0.08000000 0.00000000 479.03405496 59890.42679557 
-0.06000000 0.00000000 481.60505818 60520.67092770 
-0.04000000 0.00000000 480.27963967 60522.35727052 
-0.02000000 0.00000000 476.76655228 59927.73908142 
0.00000000 0.00000000 475.82702309 59934.69270819 
0.02000000 0.00000000 474.82073051 59943.16921751 
0.04000000 0.00000000 473.77839913 59949.62728797 
0.06000000 0.00000000 472.29555099 60107.53000379 
0.08000000 0.00000000 471.46395624 60011.19544093 
0.10000000 0.00000000 470.39482357 60021.26398599 
0.12000000 0.00000000 469.39627436 60026.51404447 
0.14000000 0.00000000 541.49296329 57566.91570906 
0.16000000 0.00000000 535.58256667 57658.53086194 
0.18000000 0.00000000 466.79952223 60036.95293187 
0.20000000 0.00000000 466.02493497 60042.49184826 
0.22000000 0.00000000 465.30677589 60044.94621890 
0.24000000 0.00000000 464.61657977 60046.84145269 
0.26000000 0.00000000 464.37387679 59998.04195095 
0.28000000 0.00000000 463.73504620 59999.58502807 
0.30000000 0.00000000 463.12517705 60001.12363446 
0.32000000 0.00000000 462.56598995 60002.32254579 
0.34000000 0.00000000 462.08291038 60003.13561383 
0.36000000 0.00000000 461.69392151 60004.52706351 
0.38000000 0.00000000 461.43754001 60005.13683200 
0.40000000 0.00000000 661.95181221 56267.80259666 
0.42000000 0.00000000 661.47741890 56271.36134790 
0.44000000 0.00000000 461.58969593 60005.17934719 
0.46000000 0.00000000 461.94782507 60004.62174434 
0.48000000 0.00000000 462.43754078 60003.40953028 
0.50000000 0.00000000 463.02167274 60002.66454521 
0.52000000 0.00000000 463.67602591 60001.89226946 
0.54000000 0.00000000 464.37539862 60000.84571552 
0.56000000 0.00000000 465.09682911 59999.59269930 
0.58000000 0.00000000 465.43093346 60049.11552935 
0.60000000 0.00000000 466.17136682 60048.00296458 
0.62000000 0.00000000 466.91503081 60046.69576191 
0.64000000 0.00000000 467.66753960 60045.49263007 
0.66000000 0.00000000 525.80879297 57836.44027179 
0.68000000 0.00000000 529.13097303 57780.54080605 
0.70000000 0.00000000 470.09553898 60040.25347319 
0.72000000 0.00000000 470.98352458 60038.06711316 
0.74000000 0.00000000 471.91799627 60033.28526531 
0.76000000 0.00000000 472.87015402 60030.83052304 
0.78000000 0.00000000 473.84660432 60022.92995609 
0.80000000 0.00000000 474.80391582 60019.67087511 
0.82000000 0.00000000 475.73769380 60016.38703618 
0.84000000 0.00000000 476.63026632 60012.48704694 
0.86000000 0.00000000 477.67662380 60120.58162890 
0.88000000 0.00000000 478.52467877 60117.44715082 
0.90000000 0.00000000 478.81824947 59876.07870828 
0.92000000 0.00000000 480.43287880 59562.11052790 
0.94000000 0.00000000 480.56086265 60107.92887869 
0.96000000 0.00000000 481.06788143 60104.69816496 
0.98000000 0.00000000 482.40976099 60222.80514326 

