-1.00000000 0.00000000 -1539.12596457 58543.83859298 
-0.98000000 0.00000000 -1538.61079558 58544.11036338 
-0.96000000 0.00000000 -1538.31256915 58544.46146635 
-0.94000000 0.00000000 -1527.13568829 58534.44164291 
-0.92000000 0.00000000 -1527.08609080 58534.86508359 
-0.90000000 0.00000000 -1547.47302800 58555.70266429 
-0.88000000 0.00000000 -1547.63512736 58556.11019108 
-0.86000000 0.00000000 -1547.87897583 58556.55978533 
-0.84000000 0.00000000 -1510.19835563 58522.62508639 
-0.82000000 0.00000000 -1510.05408772 58522.71418778 
-0.80000000 0.00000000 -1539.50812672 58547.72514865 
-0.78000000 0.00000000 -1552.89046590 58563.06931909 
-0.76000000 0.00000000 -1553.08273200 58563.38364227 
-0.74000000 0.00000000 -1553.22589759 58563.63151399 
-0.72000000 0.00000000 -1553.68386876 58564.27688478 
-0.70000000 0.00000000 -1538.99960120 58547.60445769 
-0.68000000 0.00000000 -1539.06792537 58547.69827288 
-0.66000000 0.00000000 -1509.55867858 58523.26381713 
-0.64000000 0.00000000 -1509.70064927 58523.28906642 
-0.62000000 0.00000000 -1539.31028989 58547.75827424 
-0.60000000 0.00000000 -1510.06863558 58523.15975528 
-0.58000000 0.00000000 -1510.28740133 58523.00159749 
-0.56000000 0.00000000 -1539.68777883 58547.49634122 
-0.54000000 0.00000000 -1554.37824960 58564.23293883 
-0.52000000 0.00000000 -1554.10099869 58563.59280374 
-0.50000000 0.00000000 -1554.14728739 58563.37241988 
-0.48000000 0.00000000 -1554.18041977 58563.14464809 
-0.46000000 0.00000000 -1554.14019630 58562.84087590 
-0.44000000 0.00000000 -1512.99797577 58522.00511465 
-0.42000000 0.00000000 -1513.25824064 58521.89121965 
-0.40000000 0.00000000 -1554.19045710 58562.36606435 
-0.38000000 0.00000000 -1554.17524402 58562.24700060 
-0.36000000 0.00000000 -1554.16543736 58562.17184736 
-0.34000000 0.00000000 -1554.14830270 58562.11607875 
-0.32000000 0.00000000 -1554.12731170 58562.07335983 
-0.30000000 0.00000000 -1513.22588257 58521.16547039 
-0.28000000 0.00000000 -1513.18238248 58521.09202631 
-0.26000000 0.00000000 -1554.10211569 58561.94964087 
-0.24000000 0.00000000 -1554.12340673 58561.86598450 
-0.22000000 0.00000000 -1554.16602772 58561.72901312 
-0.20000000 0.00000000 -1554.27879390 58561.57357428 
-0.18000000 0.00000000 -1514.12055988 58520.28947341 
-0.16000000 0.00000000 -1514.83058790 58520.01151669 
-0.14000000 0.00000000 -1555.05611234 58560.71988818 
-0.12000000 0.00000000 -1555.64294631 58560.45242508 
-0.10000000 0.00000000 -1556.31178045 58560.04043230 
-0.08000000 0.00000000 -1557.15560967 58559.59848491 
-0.06000000 0.00000000 -1523.22671639 58518.18379317 
-0.04000000 0.00000000 -1526.02699954 58517.88187193 
-0.02000000 0.00000000 -1560.08522312 58557.15631013 
0.00000000 0.00000000 -1561.83600126 58557.03338729 
0.02000000 0.00000000 -1563.65746268 58556.88984973 
0.04000000 0.00000000 -1565.68243255 58557.02604770 
0.06000000 0.00000000 -1560.53172276 58544.94392330 
0.08000000 0.00000000 -1567.55167163 58553.43242905 
0.10000000 0.00000000 -1569.46304672 58553.49317277 
0.12000000 0.00000000 -1571.47439116 58553.98527257 
0.14000000 0.00000000 -1560.85782935 58902.00357475 
0.16000000 0.00000000 -1568.06829917 58887.42761602 
0.18000000 0.00000000 -1576.88912565 58555.99682697 
0.20000000 0.00000000 -1578.38982819 58556.54747766 
0.22000000 0.00000000 -1579.93219197 58557.40035308 
0.24000000 0.00000000 -1581.44823258 58558.36212775 
0.26000000 0.00000000 -1584.59013140 58563.66631859 
0.28000000 0.00000000 -1586.00482351 58564.79209025 
0.30000000 0.00000000 -1587.35577008 58565.93427058 
0.32000000 0.00000000 -1588.60735644 58567.06357030 
0.34000000 0.00000000 -1589.70057812 58568.10801704 
0.36000000 0.00000000 -1590.54177083 58568.89879645 
0.38000000 0.00000000 -1591.11148301 58569.47390962 
0.40000000 0.00000000 -1435.07238622 59016.71643589 
0.42000000 0.00000000 -1435.39826336 59016.66548150 
0.44000000 0.00000000 -1590.74352803 58569.16574794 
0.46000000 0.00000000 -1589.92466979 58568.38628587 
0.48000000 0.00000000 -1588.82750947 58567.38529497 
0.50000000 0.00000000 -1587.47985383 58566.14892554 
0.52000000 0.00000000 -1585.96480897 58564.80884418 
0.54000000 0.00000000 -1584.35608797 58563.46674300 
0.56000000 0.00000000 -1582.70632538 58562.18003429 
0.58000000 0.00000000 -1579.27813073 58556.73088339 
0.60000000 0.00000000 -1577.56982771 58555.63392077 
0.62000000 0.00000000 -1575.87010839 58554.65408457 
0.64000000 0.00000000 -1574.15088561 58553.75689441 
0.66000000 0.00000000 -1579.64572132 58859.60047260 
0.68000000 0.00000000 -1575.90346452 58869.02318048 
0.70000000 0.00000000 -1568.71598219 58551.58818105 
0.72000000 0.00000000 -1566.75217680 58550.99646452 
0.74000000 0.00000000 -1564.82233019 58550.66067637 
0.76000000 0.00000000 -1562.72909926 58550.19511104 
0.78000000 0.00000000 -1560.87931994 58550.23568525 
0.80000000 0.00000000 -1558.82872710 58549.98576825 
0.82000000 0.00000000 -1556.84286211 58549.82791914 
0.84000000 0.00000000 -1554.99805234 58549.81320737 
0.86000000 0.00000000 -1546.91702150 58541.47374843 
0.88000000 0.00000000 -1545.14767417 58541.62034303 
0.90000000 0.00000000 -1558.01961740 58560.72863885 
0.92000000 0.00000000 -1575.42401614 58592.64109130 
0.94000000 0.00000000 -1541.10625828 58542.45562610 
0.96000000 0.00000000 -1540.18260480 58542.81994219 
0.98000000 0.00000000 -1531.66328146 58535.34048764 

