-1.00000000 0.00000000 -1962.92664905 59290.95378832 
-0.98000000 0.00000000 -1963.92472034 59287.27697614 
-0.96000000 0.00000000 -1964.16550768 59285.15248340 
-0.94000000 0.00000000 -2016.57793182 59195.20005459 
-0.92000000 0.00000000 -2015.91217255 59194.91872202 
-0.90000000 0.00000000 -1914.59452600 59355.86463033 
-0.88000000 0.00000000 -1913.45599446 59356.93929131 
-0.86000000 0.00000000 -1911.97471835 59358.61585872 
-0.84000000 0.00000000 -2086.29498778 59050.65548391 
-0.82000000 0.00000000 -2086.49430184 59049.38593549 
-0.80000000 0.00000000 -1955.04745729 59293.88810959 
-0.78000000 0.00000000 -1884.09729912 59395.49785118 
-0.76000000 0.00000000 -1882.96221663 59396.81322825 
-0.74000000 0.00000000 -1882.09428147 59397.78650086 
-0.72000000 0.00000000 -1879.44093315 59401.10552241 
-0.70000000 0.00000000 -1957.00831299 59289.59391467 
-0.68000000 0.00000000 -1956.62998467 59290.10234798 
-0.66000000 0.00000000 -2086.47297584 59045.28317983 
-0.64000000 0.00000000 -2086.07504331 59046.45831986 
-0.62000000 0.00000000 -1955.79032103 59291.89722905 
-0.60000000 0.00000000 -2085.51966496 59049.31495546 
-0.58000000 0.00000000 -2085.38982540 59050.92964791 
-0.56000000 0.00000000 -1955.17282604 59294.64077823 
-0.54000000 0.00000000 -1877.17875968 59406.05737620 
-0.52000000 0.00000000 -1879.24563509 59404.00833711 
-0.50000000 0.00000000 -1879.46200124 59404.35510561 
-0.48000000 0.00000000 -1879.73020557 59404.61572004 
-0.46000000 0.00000000 -1880.37726356 59404.34599085 
-0.44000000 0.00000000 -2081.43170585 59072.00649025 
-0.42000000 0.00000000 -2081.05965575 59074.07187525 
-0.40000000 0.00000000 -1880.89001590 59404.91475120 
-0.38000000 0.00000000 -1881.07204296 59404.91130704 
-0.36000000 0.00000000 -1881.14180935 59404.96977559 
-0.34000000 0.00000000 -1881.18700435 59404.99356052 
-0.32000000 0.00000000 -1881.20853590 59405.00415376 
-0.30000000 0.00000000 -2082.36429969 59074.05286564 
-0.28000000 0.00000000 -2082.50118100 59073.84927015 
-0.26000000 0.00000000 -1881.09405558 59405.32315197 
-0.24000000 0.00000000 -1881.04083684 59405.60434317 
-0.22000000 0.00000000 -1881.03511121 59405.98533869 
-0.20000000 0.00000000 -1880.86668174 59406.79535951 
-0.18000000 0.00000000 -2081.54386407 59081.13801575 
-0.16000000 0.00000000 -2080.47708400 59086.36150135 
-0.14000000 0.00000000 -1880.02837038 59411.58167165 
-0.12000000 0.00000000 -1878.83234767 59415.17388488 
-0.10000000 0.00000000 -1877.77726939 59419.09094716 
-0.08000000 0.00000000 -1876.35417849 59423.99366095 
-0.06000000 0.00000000 -2065.62591620 59146.65415166 
-0.04000000 0.00000000 -2060.00853459 59166.48575429 
-0.02000000 0.00000000 -1874.00430465 59439.64649827 
0.00000000 0.00000000 -1869.59330345 59450.01817930 
0.02000000 0.00000000 -1865.09710794 59460.67948228 
0.04000000 0.00000000 -1859.41574230 59472.69299086 
0.06000000 0.00000000 -1903.69426355 59429.81782933 
0.08000000 0.00000000 -1863.75460478 59480.07788397 
0.10000000 0.00000000 -1858.75798721 59491.15687068 
0.12000000 0.00000000 -1852.43602709 59503.10464298 
0.14000000 0.00000000 -996.24493929 59620.52001748 
0.16000000 0.00000000 -1020.49484995 59644.17705451 
0.18000000 0.00000000 -1834.05271464 59535.05313925 
0.20000000 0.00000000 -1829.21066168 59543.58173785 
0.22000000 0.00000000 -1823.58459054 59552.45606263 
0.24000000 0.00000000 -1817.86436250 59561.12322871 
0.26000000 0.00000000 -1796.62388175 59582.09071827 
0.28000000 0.00000000 -1790.94049493 59589.97921106 
0.30000000 0.00000000 -1785.43160313 59597.46413673 
0.32000000 0.00000000 -1780.20684907 59604.38078141 
0.34000000 0.00000000 -1775.53685526 59610.41476192 
0.36000000 0.00000000 -1772.03188181 59615.00036452 
0.38000000 0.00000000 -1769.57337833 59618.11950124 
0.40000000 0.00000000 -777.50933502 59134.64019078 
0.42000000 0.00000000 -777.77818522 59136.18148412 
0.44000000 0.00000000 -1771.16352584 59616.07058451 
0.46000000 0.00000000 -1774.68616572 59611.56029528 
0.48000000 0.00000000 -1779.28451239 59605.53520259 
0.50000000 0.00000000 -1784.99171023 59598.07243944 
0.52000000 0.00000000 -1791.32319900 59589.65102645 
0.54000000 0.00000000 -1797.89448976 59580.68534851 
0.56000000 0.00000000 -1804.48130572 59571.45401471 
0.58000000 0.00000000 -1826.71514069 59548.68611321 
0.60000000 0.00000000 -1833.17912643 59538.87305418 
0.62000000 0.00000000 -1839.45339623 59529.03131036 
0.64000000 0.00000000 -1845.69927557 59518.96674802 
0.66000000 0.00000000 -1070.88418158 59684.20357781 
0.68000000 0.00000000 -1055.07488776 59672.36510354 
0.70000000 0.00000000 -1864.46558855 59486.58333139 
0.72000000 0.00000000 -1870.94002406 59474.69332336 
0.74000000 0.00000000 -1876.72431843 59463.09836462 
0.76000000 0.00000000 -1883.32063228 59450.25453837 
0.78000000 0.00000000 -1888.04023711 59439.22504580 
0.80000000 0.00000000 -1894.07633960 59426.54653932 
0.82000000 0.00000000 -1899.75991539 59414.19234458 
0.84000000 0.00000000 -1904.76717153 59402.69096991 
0.86000000 0.00000000 -1946.74870891 59342.35763134 
0.88000000 0.00000000 -1951.10757601 59330.81605400 
0.90000000 0.00000000 -1870.91139168 59431.10205473 
0.92000000 0.00000000 -1748.66226878 59556.40623256 
0.94000000 0.00000000 -1960.20973857 59304.09930127 
0.96000000 0.00000000 -1962.01017355 59297.89451828 
0.98000000 0.00000000 -2002.09658430 59230.32791895 

