-1.00000000 0.00000000 2506.90160771 58825.34322645 
-0.98000000 0.00000000 2506.40359340 58823.79654921 
-0.96000000 0.00000000 2505.91034012 58823.06845238 
-0.94000000 0.00000000 2511.43614575 58773.70265561 
-0.92000000 0.00000000 2510.95833253 58773.91747646 
-0.90000000 0.00000000 2497.57688396 58866.36430857 
-0.88000000 0.00000000 2497.20883182 58867.26221064 
-0.86000000 0.00000000 2496.82407918 58868.49320512 
-0.84000000 0.00000000 2514.76151728 58702.19415666 
-0.82000000 0.00000000 2514.57016445 58701.75200331 
-0.80000000 0.00000000 2502.95937197 58830.04453199 
-0.78000000 0.00000000 2491.63476576 58892.40732740 
-0.76000000 0.00000000 2491.36547709 58893.35595707 
-0.74000000 0.00000000 2491.15018074 58894.07333668 
-0.72000000 0.00000000 2490.61252345 58896.30594673 
-0.70000000 0.00000000 2502.86628787 58827.99830247 
-0.68000000 0.00000000 2502.79380433 58828.32315950 
-0.66000000 0.00000000 2513.62459319 58700.53158277 
-0.64000000 0.00000000 2513.68213530 58701.04627328 
-0.62000000 0.00000000 2502.82804901 58829.23285902 
-0.60000000 0.00000000 2514.04765349 58702.16102732 
-0.58000000 0.00000000 2514.35508910 58702.73125101 
-0.56000000 0.00000000 2503.26263016 58830.31889234 
-0.54000000 0.00000000 2490.85591542 58898.77602289 
-0.52000000 0.00000000 2491.44382102 58897.18963717 
-0.50000000 0.00000000 2491.68726720 58897.16744734 
-0.48000000 0.00000000 2491.93465299 58897.09392742 
-0.46000000 0.00000000 2492.24023436 58896.68705813 
-0.44000000 0.00000000 2517.10909962 58710.92705772 
-0.42000000 0.00000000 2517.39335897 58711.71285222 
-0.40000000 0.00000000 2492.74859405 58896.52096508 
-0.38000000 0.00000000 2492.86675939 58896.39771383 
-0.36000000 0.00000000 2492.93982100 58896.34113437 
-0.34000000 0.00000000 2492.98964884 58896.28200344 
-0.32000000 0.00000000 2493.02379664 58896.22632214 
-0.30000000 0.00000000 2518.17949338 58711.05883981 
-0.28000000 0.00000000 2518.23104523 58710.89321843 
-0.26000000 0.00000000 2493.12691722 58896.21353059 
-0.24000000 0.00000000 2493.21269121 58896.27003680 
-0.22000000 0.00000000 2493.36004884 58896.34108089 
-0.20000000 0.00000000 2493.54712327 58896.62710522 
-0.18000000 0.00000000 2519.61145517 58713.42951548 
-0.16000000 0.00000000 2520.31145618 58715.52659314 
-0.14000000 0.00000000 2494.64696624 58898.48432134 
-0.12000000 0.00000000 2495.09315436 58900.19424815 
-0.10000000 0.00000000 2495.71747643 58901.99057706 
-0.08000000 0.00000000 2496.42578699 58904.31082529 
-0.06000000 0.00000000 2526.90659976 58741.34670498 
-0.04000000 0.00000000 2528.71562638 58750.24273338 
-0.02000000 0.00000000 2499.87593563 58911.11962079 
0.00000000 0.00000000 2500.50192050 58916.71164841 
0.02000000 0.00000000 2501.16190268 58922.48853395 
0.04000000 0.00000000 2501.56126619 58929.24798619 
0.06000000 0.00000000 2513.38443690 58897.67409641 
0.08000000 0.00000000 2506.04308256 58930.91794762 
0.10000000 0.00000000 2506.49799226 58937.16586653 
0.12000000 0.00000000 2506.48696916 58944.24479328 
0.14000000 0.00000000 2083.73447135 59347.04985114 
0.16000000 0.00000000 2103.26540905 59348.17102519 
0.18000000 0.00000000 2505.63776235 58963.95330765 
0.20000000 0.00000000 2505.41207538 58969.31305159 
0.22000000 0.00000000 2504.85536224 58975.12804904 
0.24000000 0.00000000 2504.17209596 58980.94112270 
0.26000000 0.00000000 2498.85080354 58997.22342791 
0.28000000 0.00000000 2497.94412878 59002.81871394 
0.30000000 0.00000000 2497.00435963 59008.20880817 
0.32000000 0.00000000 2496.05278349 59013.26504985 
0.34000000 0.00000000 2495.15485538 59017.73552982 
0.36000000 0.00000000 2494.48226811 59021.14137011 
0.38000000 0.00000000 2493.98232076 59023.48977145 
0.40000000 0.00000000 1881.33779260 59177.31475679 
0.42000000 0.00000000 1881.64657990 59178.04890635 
0.44000000 0.00000000 2494.26017493 59021.99835891 
0.46000000 0.00000000 2494.94094236 59018.64551402 
0.48000000 0.00000000 2495.79660077 59014.20733478 
0.50000000 0.00000000 2496.85244230 59008.73263208 
0.52000000 0.00000000 2497.97742751 59002.62113202 
0.54000000 0.00000000 2499.07483985 58996.20722370 
0.56000000 0.00000000 2500.09521438 58989.70743392 
0.58000000 0.00000000 2505.46760441 58972.35849768 
0.60000000 0.00000000 2506.23623695 58965.80176343 
0.62000000 0.00000000 2506.87594201 58959.35995757 
0.64000000 0.00000000 2507.41858438 58952.89965740 
0.66000000 0.00000000 2140.68780289 59345.39667368 
0.68000000 0.00000000 2128.54863119 59346.77777076 
0.70000000 0.00000000 2508.36796452 58932.96515256 
0.72000000 0.00000000 2508.47997885 58925.90891887 
0.74000000 0.00000000 2508.30432829 58919.24659188 
0.76000000 0.00000000 2508.21211449 58911.86623166 
0.78000000 0.00000000 2507.61938983 58905.87323549 
0.80000000 0.00000000 2507.27328097 58898.84360086 
0.82000000 0.00000000 2506.83082979 58892.11095778 
0.84000000 0.00000000 2506.26343615 58885.98672014 
0.86000000 0.00000000 2512.46394627 58849.17215382 
0.88000000 0.00000000 2511.63633800 58843.43091984 
0.90000000 0.00000000 2495.46304778 58908.73037360 
0.92000000 0.00000000 2464.95837305 59003.10223261 
0.94000000 0.00000000 2509.16576058 58830.71748239 
0.96000000 0.00000000 2508.40818904 58827.94578408 
0.98000000 0.00000000 2512.65441892 58790.45512485 

