-1.00000000 0.00000000 2209.65250406 59021.16895756 
-0.98000000 0.00000000 2209.96714928 59020.67121501 
-0.96000000 0.00000000 2210.10371621 59020.25523083 
-0.94000000 0.00000000 2220.53268606 59020.07634738 
-0.92000000 0.00000000 2220.47254213 59019.76345480 
-0.90000000 0.00000000 2200.88254310 59018.58683011 
-0.88000000 0.00000000 2200.66586386 59018.42339907 
-0.86000000 0.00000000 2200.38061730 59018.28416274 
-0.84000000 0.00000000 2235.65829473 59017.90722025 
-0.82000000 0.00000000 2235.74435354 59017.76207643 
-0.80000000 0.00000000 2208.45809960 59018.84572452 
-0.78000000 0.00000000 2195.24905600 59017.22861893 
-0.76000000 0.00000000 2195.03488728 59017.14765492 
-0.74000000 0.00000000 2194.87206165 59017.07847044 
-0.72000000 0.00000000 2194.39156774 59016.95283041 
-0.70000000 0.00000000 2208.84660892 59018.61124428 
-0.68000000 0.00000000 2208.77501757 59018.59181460 
-0.66000000 0.00000000 2235.99180062 59017.09918399 
-0.64000000 0.00000000 2235.88002581 59017.16617971 
-0.62000000 0.00000000 2208.58460638 59018.70269649 
-0.60000000 0.00000000 2235.63087238 59017.47204938 
-0.58000000 0.00000000 2235.49960216 59017.70905305 
-0.56000000 0.00000000 2208.36949157 59019.10968713 
-0.54000000 0.00000000 2193.90684174 59017.42464865 
-0.52000000 0.00000000 2194.25598486 59017.66185464 
-0.50000000 0.00000000 2194.27584330 59017.83401335 
-0.48000000 0.00000000 2194.30705137 59018.00251605 
-0.46000000 0.00000000 2194.40864407 59018.17337361 
-0.44000000 0.00000000 2233.67545491 59019.98913258 
-0.42000000 0.00000000 2233.50564998 59020.22011467 
-0.40000000 0.00000000 2194.49147521 59018.51202940 
-0.38000000 0.00000000 2194.53366971 59018.57901419 
-0.36000000 0.00000000 2194.56226122 59018.62095379 
-0.34000000 0.00000000 2194.59206812 59018.64561802 
-0.32000000 0.00000000 2194.62205044 59018.65933274 
-0.30000000 0.00000000 2233.70259893 59020.68999882 
-0.28000000 0.00000000 2233.75591608 59020.71370185 
-0.26000000 0.00000000 2194.68548401 59018.72155614 
-0.24000000 0.00000000 2194.69495180 59018.78868594 
-0.22000000 0.00000000 2194.70071810 59018.90394977 
-0.20000000 0.00000000 2194.65908733 59019.07587571 
-0.18000000 0.00000000 2233.23955271 59021.81482574 
-0.16000000 0.00000000 2232.76412340 59022.42496514 
-0.14000000 0.00000000 2194.29356806 59020.12207182 
-0.12000000 0.00000000 2193.92515342 59020.66835378 
-0.10000000 0.00000000 2193.52599288 59021.36021624 
-0.08000000 0.00000000 2193.00258427 59022.18265345 
-0.06000000 0.00000000 2226.79603786 59028.65392715 
-0.04000000 0.00000000 2224.74092416 59030.52598947 
-0.02000000 0.00000000 2191.36337527 59025.62089251 
0.00000000 0.00000000 2190.09617494 59026.81307546 
0.02000000 0.00000000 2188.78034835 59028.06394579 
0.04000000 0.00000000 2187.25554925 59029.26574152 
0.06000000 0.00000000 2193.54726716 59033.78006327 
0.08000000 0.00000000 2186.61356775 59032.75213982 
0.10000000 0.00000000 2185.18560607 59033.92615640 
0.12000000 0.00000000 2183.59513278 59034.88984433 
0.14000000 0.00000000 2100.39422454 58831.78956944 
0.16000000 0.00000000 2099.85154630 58844.64782807 
0.18000000 0.00000000 2179.16512919 59037.05804691 
0.20000000 0.00000000 2177.93267630 59037.66524052 
0.22000000 0.00000000 2176.60447774 59038.10957223 
0.24000000 0.00000000 2175.26996354 59038.47006850 
0.26000000 0.00000000 2171.84541879 59037.16258963 
0.28000000 0.00000000 2170.54612982 59037.36616182 
0.30000000 0.00000000 2169.28915853 59037.52067388 
0.32000000 0.00000000 2168.10841715 59037.62156126 
0.34000000 0.00000000 2167.06404715 59037.67536045 
0.36000000 0.00000000 2166.26171542 59037.72559837 
0.38000000 0.00000000 2165.70965973 59037.73561012 
0.40000000 0.00000000 2152.14921254 58673.93779068 
0.42000000 0.00000000 2151.92761290 58674.23044619 
0.44000000 0.00000000 2166.04789939 59037.68771050 
0.46000000 0.00000000 2166.82827791 59037.64328616 
0.48000000 0.00000000 2167.86547690 59037.55874725 
0.50000000 0.00000000 2169.14020820 59037.46151759 
0.52000000 0.00000000 2170.56225210 59037.32431972 
0.54000000 0.00000000 2172.05448326 59037.13162305 
0.56000000 0.00000000 2173.56459113 59036.88123666 
0.58000000 0.00000000 2177.23430947 59038.11062764 
0.60000000 0.00000000 2178.74297997 59037.71720586 
0.62000000 0.00000000 2180.21770331 59037.25749891 
0.64000000 0.00000000 2181.68621525 59036.73502549 
0.66000000 0.00000000 2100.14179151 58867.44795773 
0.68000000 0.00000000 2099.93558016 58859.82497666 
0.70000000 0.00000000 2186.17197829 59034.67080674 
0.72000000 0.00000000 2187.74915374 59033.80666841 
0.74000000 0.00000000 2189.24796298 59032.80203767 
0.76000000 0.00000000 2190.89364436 59031.77932567 
0.78000000 0.00000000 2192.25474891 59030.58615505 
0.80000000 0.00000000 2193.82360548 59029.45479203 
0.82000000 0.00000000 2195.32497567 59028.30639338 
0.84000000 0.00000000 2196.69137967 59027.15536180 
0.86000000 0.00000000 2204.40749360 59027.55131365 
0.88000000 0.00000000 2205.68905957 59026.35820337 
0.90000000 0.00000000 2192.14046682 59022.00684446 
0.92000000 0.00000000 2172.40944907 59013.09853598 
0.94000000 0.00000000 2208.50060078 59023.30619398 
0.96000000 0.00000000 2209.10193256 59022.49466526 
0.98000000 0.00000000 2216.99977920 59022.22786416 

