-1.00000000 0.00000000 1221.15679843 59181.45701851 
-0.98000000 0.00000000 1222.07691443 59183.52362007 
-0.96000000 0.00000000 1222.86733132 59184.05824409 
-0.94000000 0.00000000 1221.07381194 59298.89977453 
-0.92000000 0.00000000 1221.70921304 59297.56380756 
-0.90000000 0.00000000 1227.98720939 59081.46331959 
-0.88000000 0.00000000 1228.34017690 59079.27794500 
-0.86000000 0.00000000 1228.66142569 59076.40217010 
-0.84000000 0.00000000 1222.12510562 59467.84403804 
-0.82000000 0.00000000 1222.41878533 59468.57914964 
-0.80000000 0.00000000 1225.96117230 59165.68424338 
-0.78000000 0.00000000 1231.73457045 59020.84901952 
-0.76000000 0.00000000 1231.94007097 59018.66303752 
-0.74000000 0.00000000 1232.11480430 59016.99283688 
-0.72000000 0.00000000 1232.46313137 59011.76468800 
-0.70000000 0.00000000 1226.42045655 59170.07138296 
-0.68000000 0.00000000 1226.48625702 59169.28726580 
-0.66000000 0.00000000 1223.93244709 59469.40900983 
-0.64000000 0.00000000 1223.82889098 59468.33294242 
-0.62000000 0.00000000 1226.31608393 59167.53334328 
-0.60000000 0.00000000 1223.23988220 59466.66128767 
-0.58000000 0.00000000 1222.75566468 59466.14320223 
-0.56000000 0.00000000 1225.50709250 59166.25707065 
-0.54000000 0.00000000 1231.60787012 59007.43788172 
-0.52000000 0.00000000 1231.05386764 59011.55669738 
-0.50000000 0.00000000 1230.69045164 59012.00443646 
-0.48000000 0.00000000 1230.33232962 59012.54823941 
-0.46000000 0.00000000 1229.95730198 59013.83512341 
-0.44000000 0.00000000 1218.13679445 59454.48678999 
-0.42000000 0.00000000 1217.66546934 59453.37342695 
-0.40000000 0.00000000 1229.24257887 59014.76769392 
-0.38000000 0.00000000 1229.10328031 59015.06242037 
-0.36000000 0.00000000 1229.02269264 59015.11410717 
-0.34000000 0.00000000 1228.98270572 59015.09823878 
-0.32000000 0.00000000 1228.97098829 59015.01941043 
-0.30000000 0.00000000 1216.70647450 59455.78193157 
-0.28000000 0.00000000 1216.69855915 59455.96402219 
-0.26000000 0.00000000 1228.93610958 59014.38887714 
-0.24000000 0.00000000 1228.84501709 59014.16824261 
-0.22000000 0.00000000 1228.66245152 59014.07608774 
-0.20000000 0.00000000 1228.37782437 59013.71790003 
-0.18000000 0.00000000 1214.89184348 59452.42922381 
-0.16000000 0.00000000 1213.80504427 59449.50790427 
-0.14000000 0.00000000 1226.49565009 59012.58831215 
-0.12000000 0.00000000 1225.50120171 59010.70553121 
-0.10000000 0.00000000 1224.20056246 59009.32263220 
-0.08000000 0.00000000 1222.63313245 59007.46733251 
-0.06000000 0.00000000 1202.14915463 59414.03689332 
-0.04000000 0.00000000 1198.51494765 59401.86319078 
-0.02000000 0.00000000 1215.71751382 59007.54992429 
0.00000000 0.00000000 1213.33765615 59001.05332152 
0.02000000 0.00000000 1210.77858707 58994.70898093 
0.04000000 0.00000000 1208.29236674 58986.29660399 
0.06000000 0.00000000 1197.26542771 59078.15663165 
0.08000000 0.00000000 1200.39146119 59001.27436275 
0.10000000 0.00000000 1197.75819663 58994.69311432 
0.12000000 0.00000000 1195.56954599 58985.46632024 
0.14000000 0.00000000 1807.38722876 57136.35443571 
0.16000000 0.00000000 1758.06397834 57195.95414347 
0.18000000 0.00000000 1190.36756161 58958.53045204 
0.20000000 0.00000000 1188.78768762 58952.00943788 
0.22000000 0.00000000 1187.54424392 58943.91172185 
0.24000000 0.00000000 1186.43819194 58935.66284025 
0.26000000 0.00000000 1189.34238572 58896.23488565 
0.28000000 0.00000000 1188.47804580 58888.11556954 
0.30000000 0.00000000 1187.68769647 58880.29640705 
0.32000000 0.00000000 1187.00880143 58872.86942773 
0.34000000 0.00000000 1186.46151862 58866.20982414 
0.36000000 0.00000000 1185.98261428 58861.35972169 
0.38000000 0.00000000 1185.70131580 58857.90278104 
0.40000000 0.00000000 2789.90298341 56839.84055836 
0.42000000 0.00000000 2786.86158172 56838.62693372 
0.44000000 0.00000000 1185.89812681 58860.23868564 
0.46000000 0.00000000 1186.31202260 58865.26529746 
0.48000000 0.00000000 1186.91665998 58871.75297953 
0.50000000 0.00000000 1187.60280312 58879.95372034 
0.52000000 0.00000000 1188.39282794 58889.08943112 
0.54000000 0.00000000 1189.28724774 58898.56886482 
0.56000000 0.00000000 1190.26434581 58908.08603041 
0.58000000 0.00000000 1187.52234156 58949.14111006 
0.60000000 0.00000000 1188.67705592 58958.64739939 
0.62000000 0.00000000 1189.91311230 58967.92178146 
0.64000000 0.00000000 1191.22537549 58977.26019967 
0.66000000 0.00000000 1670.54773306 57321.59172334 
0.68000000 0.00000000 1696.67210112 57282.93725864 
0.70000000 0.00000000 1195.95666493 59005.67793046 
0.72000000 0.00000000 1197.82890926 59015.64388351 
0.74000000 0.00000000 1199.98313122 59024.27593289 
0.76000000 0.00000000 1202.10624720 59034.63776166 
0.78000000 0.00000000 1204.60072387 59041.38474308 
0.80000000 0.00000000 1206.87123203 59050.99118953 
0.82000000 0.00000000 1209.13807902 59060.15013413 
0.84000000 0.00000000 1211.38492217 59068.24119271 
0.86000000 0.00000000 1209.09107322 59152.46378976 
0.88000000 0.00000000 1211.36370827 59160.10913418 
0.90000000 0.00000000 1223.02185790 58996.29411278 
0.92000000 0.00000000 1245.00427862 58758.61316027 
0.94000000 0.00000000 1217.10187931 59176.56629610 
0.96000000 0.00000000 1218.61991228 59179.93420326 
0.98000000 0.00000000 1217.50601912 59266.25076131 

