-1.00000000 0.00000000 482.33274509 58525.49959552 
-0.98000000 0.00000000 482.67514631 58523.17268232 
-0.96000000 0.00000000 483.03821752 58519.11524363 
-0.94000000 0.00000000 474.60573368 58751.67736546 
-0.92000000 0.00000000 474.98340858 58745.07636179 
-0.90000000 0.00000000 491.86336418 58310.54599007 
-0.88000000 0.00000000 492.16342704 58305.15676285 
-0.86000000 0.00000000 492.48709562 58298.84602532 
-0.84000000 0.00000000 462.83040448 59119.65004810 
-0.82000000 0.00000000 462.88903773 59119.70173247 
-0.80000000 0.00000000 485.66476113 58468.80455840 
-0.78000000 0.00000000 497.24057284 58193.06797610 
-0.76000000 0.00000000 497.47376863 58188.59813593 
-0.74000000 0.00000000 497.66480286 58185.06209911 
-0.72000000 0.00000000 498.14625536 58174.99653522 
-0.70000000 0.00000000 485.63475797 58474.09679599 
-0.68000000 0.00000000 485.72398812 58472.26051992 
-0.66000000 0.00000000 463.48407229 59111.73558898 
-0.64000000 0.00000000 463.52357015 59109.84841739 
-0.62000000 0.00000000 485.75558689 58470.22440209 
-0.60000000 0.00000000 463.39229351 59109.97247611 
-0.58000000 0.00000000 463.21553134 59112.17592550 
-0.56000000 0.00000000 485.40267116 58473.39027638 
-0.54000000 0.00000000 497.88174995 58174.10125109 
-0.52000000 0.00000000 497.33847661 58183.89787689 
-0.50000000 0.00000000 497.09700017 58186.94440658 
-0.48000000 0.00000000 496.85487046 58190.08671947 
-0.46000000 0.00000000 496.56650170 58194.43977756 
-0.44000000 0.00000000 462.00652098 59117.62090916 
-0.42000000 0.00000000 461.88201313 59118.27678359 
-0.40000000 0.00000000 496.11147372 58200.17367319 
-0.38000000 0.00000000 496.02640858 58201.31203878 
-0.36000000 0.00000000 495.99241936 58201.64175446 
-0.34000000 0.00000000 495.98986277 58201.54631963 
-0.32000000 0.00000000 496.01106467 58201.11642151 
-0.30000000 0.00000000 461.39277394 59128.70285992 
-0.28000000 0.00000000 461.40999766 59128.56867230 
-0.26000000 0.00000000 496.11341818 58198.99726741 
-0.24000000 0.00000000 496.10436407 58198.77788334 
-0.22000000 0.00000000 496.03399956 58199.39173504 
-0.20000000 0.00000000 495.91363171 58200.36470795 
-0.18000000 0.00000000 461.03111086 59130.36804457 
-0.16000000 0.00000000 460.77400561 59131.17641597 
-0.14000000 0.00000000 494.90274938 58211.07666425 
-0.12000000 0.00000000 494.39779115 58215.42294056 
-0.10000000 0.00000000 493.66796299 58223.00723542 
-0.08000000 0.00000000 492.78139831 58232.20270522 
-0.06000000 0.00000000 457.80001219 59140.55188626 
-0.04000000 0.00000000 456.83747918 59143.39524990 
-0.02000000 0.00000000 488.40963247 58287.22021797 
0.00000000 0.00000000 487.15935798 58297.75521002 
0.02000000 0.00000000 485.76724808 58310.51018543 
0.04000000 0.00000000 484.47946033 58320.37376041 
0.06000000 0.00000000 473.93595469 58548.30240394 
0.08000000 0.00000000 478.86248861 58410.13318255 
0.10000000 0.00000000 477.40726150 58425.15929875 
0.12000000 0.00000000 476.30709153 58433.21593810 
0.14000000 0.00000000 922.74767802 54946.56302906 
0.16000000 0.00000000 881.68347064 55070.92420119 
0.18000000 0.00000000 473.72546718 58449.52369989 
0.20000000 0.00000000 472.85251924 58457.86220017 
0.22000000 0.00000000 472.21231138 58461.73775726 
0.24000000 0.00000000 471.63660710 58464.79229332 
0.26000000 0.00000000 474.26167017 58394.84313673 
0.28000000 0.00000000 473.74485494 58397.36446015 
0.30000000 0.00000000 473.25169988 58399.86271610 
0.32000000 0.00000000 472.81388936 58401.84754548 
0.34000000 0.00000000 472.44975871 58403.24171162 
0.36000000 0.00000000 472.11602107 58405.42157879 
0.38000000 0.00000000 471.91552849 58406.41767558 
0.40000000 0.00000000 2154.84801646 53535.40459209 
0.42000000 0.00000000 2148.93835116 53537.32102635 
0.44000000 0.00000000 472.03326277 58406.41604011 
0.46000000 0.00000000 472.31111051 58405.45336110 
0.48000000 0.00000000 472.71427784 58403.49042094 
0.50000000 0.00000000 473.15401291 58402.15458859 
0.52000000 0.00000000 473.64238850 58400.74686371 
0.54000000 0.00000000 474.17750179 58398.92381624 
0.56000000 0.00000000 474.74168831 58396.79277518 
0.58000000 0.00000000 472.13303363 58467.76430373 
0.60000000 0.00000000 472.70084917 58465.82781221 
0.62000000 0.00000000 473.29249182 58463.60770960 
0.64000000 0.00000000 473.89768494 58461.53022118 
0.66000000 0.00000000 814.01677604 55314.71043981 
0.68000000 0.00000000 834.88947810 55237.39363236 
0.70000000 0.00000000 476.02520920 58452.85726555 
0.72000000 0.00000000 476.84982552 58449.28976934 
0.74000000 0.00000000 477.87572673 58441.96341012 
0.76000000 0.00000000 478.79122602 58437.96982248 
0.78000000 0.00000000 480.05921781 58426.12348726 
0.80000000 0.00000000 481.04595025 58420.95652646 
0.82000000 0.00000000 482.02181233 58415.75826122 
0.84000000 0.00000000 483.00702377 58409.68527581 
0.86000000 0.00000000 477.38634790 58564.92198602 
0.88000000 0.00000000 478.25413156 58559.99849004 
0.90000000 0.00000000 493.46866055 58212.06807338 
0.92000000 0.00000000 516.56393085 57760.09470327 
0.94000000 0.00000000 480.48030523 58545.24755996 
0.96000000 0.00000000 481.09354876 58540.31299437 
0.98000000 0.00000000 475.08431457 58710.22447571 

