-1.00000000 0.00000000 2080.15966060 58706.27416230 
-0.98000000 0.00000000 2080.12490963 58707.26236251 
-0.96000000 0.00000000 2080.25081317 58707.85109176 
-0.94000000 0.00000000 2067.40191852 58728.23262675 
-0.92000000 0.00000000 2067.69826832 58728.36596013 
-0.90000000 0.00000000 2093.01713420 58691.24371598 
-0.88000000 0.00000000 2093.39882634 58690.97101206 
-0.86000000 0.00000000 2093.85026478 58690.54577013 
-0.84000000 0.00000000 2050.29881925 58759.16248576 
-0.82000000 0.00000000 2050.29589350 58759.45055136 
-0.80000000 0.00000000 2083.26999801 58705.87992947 
-0.78000000 0.00000000 2101.08785407 58681.43709413 
-0.76000000 0.00000000 2101.41358776 58681.09485128 
-0.74000000 0.00000000 2101.66659807 58680.84096758 
-0.72000000 0.00000000 2102.36588427 58680.00894021 
-0.70000000 0.00000000 2082.94005079 58706.85818613 
-0.68000000 0.00000000 2083.04302445 58706.73687664 
-0.66000000 0.00000000 2050.47442714 58760.46442761 
-0.64000000 0.00000000 2050.56297387 58760.20091152 
-0.62000000 0.00000000 2083.20157591 58706.28428403 
-0.60000000 0.00000000 2050.64362314 58759.49955921 
-0.58000000 0.00000000 2050.62938847 58759.07520199 
-0.56000000 0.00000000 2083.17851795 58705.55260047 
-0.54000000 0.00000000 2102.65200704 58678.69146186 
-0.52000000 0.00000000 2102.03951531 58679.18306987 
-0.50000000 0.00000000 2101.89396324 58679.08178019 
-0.48000000 0.00000000 2101.73682848 58679.00446791 
-0.46000000 0.00000000 2101.48843602 58679.06175556 
-0.44000000 0.00000000 2051.18095180 58753.89247570 
-0.42000000 0.00000000 2051.21988929 58753.38991842 
-0.40000000 0.00000000 2101.15367780 58678.92674552 
-0.38000000 0.00000000 2101.05754434 58678.94248025 
-0.36000000 0.00000000 2100.99744243 58678.94926516 
-0.34000000 0.00000000 2100.94893689 58678.97005351 
-0.32000000 0.00000000 2100.90882201 58678.99808201 
-0.30000000 0.00000000 2050.65772503 58753.34009607 
-0.28000000 0.00000000 2050.58308515 58753.40540371 
-0.26000000 0.00000000 2100.81053934 58679.00957375 
-0.24000000 0.00000000 2100.75946304 58678.95646096 
-0.22000000 0.00000000 2100.67763709 58678.86242133 
-0.20000000 0.00000000 2100.61367556 58678.63810915 
-0.18000000 0.00000000 2050.43928004 58751.55896426 
-0.16000000 0.00000000 2050.57238365 58750.21621089 
-0.14000000 0.00000000 2100.32446403 58677.15013224 
-0.12000000 0.00000000 2100.38834049 58676.05200638 
-0.10000000 0.00000000 2100.37768969 58674.80291877 
-0.08000000 0.00000000 2100.42142608 58673.23372077 
-0.06000000 0.00000000 2053.18487134 58734.55885315 
-0.04000000 0.00000000 2054.26924747 58729.37420898 
-0.02000000 0.00000000 2099.86324931 58667.79727909 
0.00000000 0.00000000 2100.54560610 58664.57716260 
0.02000000 0.00000000 2101.23903363 58661.23036473 
0.04000000 0.00000000 2102.23238697 58657.51649485 
0.06000000 0.00000000 2090.67360354 58666.77925697 
0.08000000 0.00000000 2100.27646963 58654.04434611 
0.10000000 0.00000000 2101.14922004 58650.54341712 
0.12000000 0.00000000 2102.39360537 58646.86730621 
0.14000000 0.00000000 2381.54215733 58677.64844335 
0.16000000 0.00000000 2372.36447842 58662.43891634 
0.18000000 0.00000000 2106.24966493 58636.99559994 
0.20000000 0.00000000 2107.30435396 58634.26659427 
0.22000000 0.00000000 2108.60669116 58631.46836808 
0.24000000 0.00000000 2109.97797957 58628.72253748 
0.26000000 0.00000000 2115.39998191 58623.04716926 
0.28000000 0.00000000 2116.84790704 58620.48975490 
0.30000000 0.00000000 2118.27924034 58618.04890741 
0.32000000 0.00000000 2119.65788399 58615.78813265 
0.34000000 0.00000000 2120.90522606 58613.81349774 
0.36000000 0.00000000 2121.85309443 58612.29409982 
0.38000000 0.00000000 2122.52505462 58611.26499208 
0.40000000 0.00000000 2414.05187186 58957.00224977 
0.42000000 0.00000000 2414.20691563 58956.26383440 
0.44000000 0.00000000 2122.13594347 58611.93035650 
0.46000000 0.00000000 2121.20361654 58613.40965346 
0.48000000 0.00000000 2119.98765711 58615.39111609 
0.50000000 0.00000000 2118.48664994 58617.82442897 
0.52000000 0.00000000 2116.83535001 58620.55953736 
0.54000000 0.00000000 2115.14153252 58623.46378859 
0.56000000 0.00000000 2113.47021861 58626.44297536 
0.58000000 0.00000000 2107.81449397 58632.63074049 
0.60000000 0.00000000 2106.25588318 58635.71972240 
0.62000000 0.00000000 2104.78650805 58638.79764776 
0.64000000 0.00000000 2103.36778624 58641.91609822 
0.66000000 0.00000000 2353.69280213 58637.81264694 
0.68000000 0.00000000 2360.01913584 58645.52558478 
0.70000000 0.00000000 2099.36930852 58651.80977157 
0.72000000 0.00000000 2098.06333385 58655.39563784 
0.74000000 0.00000000 2096.96512153 58658.92667215 
0.76000000 0.00000000 2095.69095315 58662.75863416 
0.78000000 0.00000000 2094.90863296 58666.15591198 
0.80000000 0.00000000 2093.80968516 58669.92087262 
0.82000000 0.00000000 2092.80537418 58673.57298195 
0.84000000 0.00000000 2091.96921249 58676.97321619 
0.86000000 0.00000000 2081.94137394 58691.67638363 
0.88000000 0.00000000 2081.24799367 58694.95495324 
0.90000000 0.00000000 2101.67636375 58671.62472640 
0.92000000 0.00000000 2133.92022529 58639.79190305 
0.94000000 0.00000000 2080.02875306 58702.49559779 
0.96000000 0.00000000 2079.87808523 58704.23753006 
0.98000000 0.00000000 2070.22245766 58719.77513126 

