-1.00000000 0.00000000 -2433.81628265 58683.45701147 
-0.98000000 0.00000000 -2433.15936575 58678.34642632 
-0.96000000 0.00000000 -2432.35672718 58676.09224561 
-0.94000000 0.00000000 -2448.29584674 58484.63665031 
-0.92000000 0.00000000 -2447.38427950 58485.90516291 
-0.90000000 0.00000000 -2403.71641212 58839.06451912 
-0.88000000 0.00000000 -2402.73772186 58842.16982891 
-0.86000000 0.00000000 -2401.59759406 58846.47176965 
-0.84000000 0.00000000 -2441.81977814 58198.07917268 
-0.82000000 0.00000000 -2441.28165195 58196.47274742 
-0.80000000 0.00000000 -2425.33573176 58702.31410503 
-0.78000000 0.00000000 -2381.86755310 58932.82610762 
-0.76000000 0.00000000 -2380.94891566 58936.09435728 
-0.74000000 0.00000000 -2380.22789673 58938.56081261 
-0.72000000 0.00000000 -2378.17573552 58946.51369463 
-0.70000000 0.00000000 -2425.61911829 58694.32288107 
-0.68000000 0.00000000 -2425.39622106 58695.54055393 
-0.66000000 0.00000000 -2438.88121418 58193.00984471 
-0.64000000 0.00000000 -2439.17300981 58194.96108893 
-0.62000000 0.00000000 -2425.25185597 58698.80123392 
-0.60000000 0.00000000 -2440.27265478 58198.64047356 
-0.58000000 0.00000000 -2441.06940658 58200.24089017 
-0.56000000 0.00000000 -2425.90388343 58702.36257933 
-0.54000000 0.00000000 -2377.50469317 58955.09048591 
-0.52000000 0.00000000 -2379.39230309 58949.34149573 
-0.50000000 0.00000000 -2379.87841496 58949.23504269 
-0.48000000 0.00000000 -2380.39302492 58948.95870756 
-0.46000000 0.00000000 -2381.17176004 58947.49611804 
-0.44000000 0.00000000 -2449.29932580 58226.87581264 
-0.42000000 0.00000000 -2450.11555440 58229.46265015 
-0.40000000 0.00000000 -2382.17267687 58947.11692801 
-0.38000000 0.00000000 -2382.41634887 58946.82464538 
-0.36000000 0.00000000 -2382.52881015 58946.81548644 
-0.34000000 0.00000000 -2382.58487382 58946.83535340 
-0.32000000 0.00000000 -2382.59705347 58946.89936638 
-0.30000000 0.00000000 -2451.34389508 58226.56508080 
-0.28000000 0.00000000 -2451.34761556 58226.18168243 
-0.26000000 0.00000000 -2382.51129346 58947.70553456 
-0.24000000 0.00000000 -2382.54938953 58948.13742875 
-0.22000000 0.00000000 -2382.70815759 58948.53663628 
-0.20000000 0.00000000 -2382.86124797 58949.57761467 
-0.18000000 0.00000000 -2454.44172847 58234.66974615 
-0.16000000 0.00000000 -2456.33138602 58241.35795342 
-0.14000000 0.00000000 -2384.12344659 58954.91688735 
-0.12000000 0.00000000 -2384.30440645 58959.96372668 
-0.10000000 0.00000000 -2384.88155177 58964.85470207 
-0.08000000 0.00000000 -2385.47618846 58971.12416083 
-0.06000000 0.00000000 -2475.32107066 58322.49096990 
-0.04000000 0.00000000 -2480.63930617 58350.38431514 
-0.02000000 0.00000000 -2390.79359785 58985.70043413 
0.00000000 0.00000000 -2390.12359076 59001.63474985 
0.02000000 0.00000000 -2389.51540357 59017.78330143 
0.04000000 0.00000000 -2387.90781069 59037.24215852 
0.06000000 0.00000000 -2429.57176675 58909.26699826 
0.08000000 0.00000000 -2399.16844692 59030.68082290 
0.10000000 0.00000000 -2398.21779082 59047.77890317 
0.12000000 0.00000000 -2395.74083056 59068.26767861 
0.14000000 0.00000000 -1120.56656036 60232.51466417 
0.16000000 0.00000000 -1162.88058523 60236.23925235 
0.18000000 0.00000000 -2386.83378137 59125.51280587 
0.20000000 0.00000000 -2384.61381991 59140.30153219 
0.22000000 0.00000000 -2381.36261978 59156.91442420 
0.24000000 0.00000000 -2377.84041006 59173.48907899 
0.26000000 0.00000000 -2356.67138955 59230.55746979 
0.28000000 0.00000000 -2352.65380341 59246.20644883 
0.30000000 0.00000000 -2348.66311475 59261.18413690 
0.32000000 0.00000000 -2344.75901745 59275.22035294 
0.34000000 0.00000000 -2341.16950982 59287.63550613 
0.36000000 0.00000000 -2338.52929698 59296.90641624 
0.38000000 0.00000000 -2336.60945207 59303.35257068 
0.40000000 0.00000000 -687.16849443 59944.97664575 
0.42000000 0.00000000 -687.92598541 59946.17528944 
0.44000000 0.00000000 -2337.87277969 59299.09516871 
0.46000000 0.00000000 -2340.62245974 59289.77474926 
0.48000000 0.00000000 -2344.10679630 59277.52259759 
0.50000000 0.00000000 -2348.44851459 59262.22448278 
0.52000000 0.00000000 -2353.16721684 59245.08494551 
0.54000000 0.00000000 -2357.91052461 59227.07865020 
0.56000000 0.00000000 -2362.50408302 59208.78480528 
0.58000000 0.00000000 -2383.97777066 59148.29427852 
0.60000000 0.00000000 -2387.92697904 59129.42183493 
0.62000000 0.00000000 -2391.56658543 59110.78057294 
0.64000000 0.00000000 -2395.03378558 59091.90543451 
0.66000000 0.00000000 -1250.15768472 60234.18374369 
0.68000000 0.00000000 -1223.01603431 60235.58404045 
0.70000000 0.00000000 -2404.15940480 59033.03350086 
0.72000000 0.00000000 -2406.87108253 59011.98703627 
0.74000000 0.00000000 -2408.69729297 58992.55128931 
0.76000000 0.00000000 -2411.01531858 58970.35774463 
0.78000000 0.00000000 -2411.57481053 58953.41079678 
0.80000000 0.00000000 -2413.14943869 58932.26604893 
0.82000000 0.00000000 -2414.38683141 58911.94289479 
0.84000000 0.00000000 -2415.12211053 58893.52366347 
0.86000000 0.00000000 -2440.33644387 58756.36071172 
0.88000000 0.00000000 -2439.82364743 58738.65055710 
0.90000000 0.00000000 -2381.31806336 58988.25966552 
0.92000000 0.00000000 -2260.71990914 59318.58289288 
0.94000000 0.00000000 -2437.31016480 58699.28606269 
0.96000000 0.00000000 -2436.32155182 58690.69382657 
0.98000000 0.00000000 -2450.14744323 58546.22165053 

