-1.00000000 0.00000000 -902.02098292 59503.13612630 
-0.98000000 0.00000000 -903.54744069 59504.07957623 
-0.96000000 0.00000000 -904.58290640 59504.17168087 
-0.94000000 0.00000000 -927.40849730 59568.53609486 
-0.92000000 0.00000000 -927.87359241 59567.60659342 
-0.90000000 0.00000000 -887.95636138 59444.30532221 
-0.88000000 0.00000000 -887.85893508 59442.91528690 
-0.86000000 0.00000000 -887.57288215 59441.13495478 
-0.84000000 0.00000000 -964.77538715 59659.02869726 
-0.82000000 0.00000000 -965.28304635 59659.30821988 
-0.80000000 0.00000000 -904.04992608 59492.74422304 
-0.78000000 0.00000000 -878.72888858 59408.00197434 
-0.76000000 0.00000000 -878.46184050 59406.65296131 
-0.74000000 0.00000000 -878.27541453 59405.61733573 
-0.72000000 0.00000000 -877.49974260 59402.46359229 
-0.70000000 0.00000000 -905.48483302 59495.04538506 
-0.68000000 0.00000000 -905.38200761 59494.58248545 
-0.66000000 0.00000000 -967.25270471 59659.26161694 
-0.64000000 0.00000000 -966.89321442 59658.72591543 
-0.62000000 0.00000000 -904.79368195 59493.63187138 
-0.60000000 0.00000000 -965.81035160 59658.01172001 
-0.58000000 0.00000000 -965.10499330 59657.87225740 
-0.56000000 0.00000000 -903.59358392 59493.10945488 
-0.54000000 0.00000000 -875.61388581 59400.13122988 
-0.52000000 0.00000000 -875.91824107 59402.67881311 
-0.50000000 0.00000000 -875.62782689 59403.03271053 
-0.48000000 0.00000000 -875.36470089 59403.44296963 
-0.46000000 0.00000000 -875.24549840 59404.29350529 
-0.44000000 0.00000000 -956.99557006 59652.94381418 
-0.42000000 0.00000000 -956.18729695 59652.48460493 
-0.40000000 0.00000000 -874.69660790 59405.05379254 
-0.38000000 0.00000000 -874.61798189 59405.28248257 
-0.36000000 0.00000000 -874.55028293 59405.35977664 
-0.34000000 0.00000000 -874.51188729 59405.39252491 
-0.32000000 0.00000000 -874.49011830 59405.38598661 
-0.30000000 0.00000000 -955.52642962 59654.16725171 
-0.28000000 0.00000000 -955.55012664 59654.30911571 
-0.26000000 0.00000000 -874.33117459 59405.15088159 
-0.24000000 0.00000000 -874.18344597 59405.08349878 
-0.22000000 0.00000000 -873.95859818 59405.10652139 
-0.20000000 0.00000000 -873.55693822 59404.98618371 
-0.18000000 0.00000000 -952.48197200 59653.07545730 
-0.16000000 0.00000000 -950.48528784 59651.79625149 
-0.14000000 0.00000000 -871.14950419 59404.69823485 
-0.12000000 0.00000000 -869.58922549 59403.73279716 
-0.10000000 0.00000000 -867.78475275 59403.07678372 
-0.08000000 0.00000000 -865.56803408 59402.14111307 
-0.06000000 0.00000000 -928.33779259 59634.92631901 
-0.04000000 0.00000000 -921.24124329 59628.80787700 
-0.02000000 0.00000000 -857.59780359 59402.66496279 
0.00000000 0.00000000 -853.44377466 59398.85518232 
0.02000000 0.00000000 -849.12831009 59395.08290771 
0.04000000 0.00000000 -844.46527751 59389.99859131 
0.06000000 0.00000000 -851.30092784 59445.03265534 
0.08000000 0.00000000 -838.59661698 59398.89822943 
0.10000000 0.00000000 -834.17783525 59394.76232495 
0.12000000 0.00000000 -829.71878697 59388.97137575 
0.14000000 0.00000000 -935.03082902 58026.77647082 
0.16000000 0.00000000 -915.34106925 58084.37654565 
0.18000000 0.00000000 -818.08669230 59371.76354895 
0.20000000 0.00000000 -814.89908890 59367.43474638 
0.22000000 0.00000000 -811.76283478 59362.09943394 
0.24000000 0.00000000 -808.75085118 59356.62204631 
0.26000000 0.00000000 -803.79249506 59331.96784736 
0.28000000 0.00000000 -801.09375648 59326.45523719 
0.30000000 0.00000000 -798.54775424 59321.10585791 
0.32000000 0.00000000 -796.21714195 59316.00392693 
0.34000000 0.00000000 -794.20234170 59311.41657934 
0.36000000 0.00000000 -792.64683090 59308.02840060 
0.38000000 0.00000000 -791.60730817 59305.62018885 
0.40000000 0.00000000 -1393.24317403 57377.17480966 
0.42000000 0.00000000 -1391.60905856 57378.15832708 
0.44000000 0.00000000 -792.30735805 59307.19638072 
0.46000000 0.00000000 -793.81992059 59310.65930836 
0.48000000 0.00000000 -795.85791095 59315.13878383 
0.50000000 0.00000000 -798.35397707 59320.74993948 
0.52000000 0.00000000 -801.17394687 59326.96957304 
0.54000000 0.00000000 -804.19592594 59333.39549046 
0.56000000 0.00000000 -807.33037196 59339.81030579 
0.58000000 0.00000000 -812.83593736 59365.44820891 
0.60000000 0.00000000 -816.19058815 59371.70444166 
0.62000000 0.00000000 -819.59241164 59377.75219046 
0.64000000 0.00000000 -823.09547248 59383.77320295 
0.66000000 0.00000000 -882.63483417 58197.65441098 
0.68000000 0.00000000 -892.56572689 58162.87580150 
0.70000000 0.00000000 -834.60238113 59401.71989450 
0.72000000 0.00000000 -838.88740938 59407.88361796 
0.74000000 0.00000000 -843.22134219 59413.18463190 
0.76000000 0.00000000 -847.89641906 59419.45938553 
0.78000000 0.00000000 -852.23973629 59423.50336917 
0.80000000 0.00000000 -856.94546675 59429.19038474 
0.82000000 0.00000000 -861.56168996 59434.54242244 
0.84000000 0.00000000 -865.93349238 59439.19756285 
0.86000000 0.00000000 -881.41930875 59488.41452844 
0.88000000 0.00000000 -885.77609693 59492.57860760 
0.90000000 0.00000000 -863.72144155 59395.62995585 
0.92000000 0.00000000 -835.83838740 59248.43520728 
0.94000000 0.00000000 -896.16887002 59501.17202084 
0.96000000 0.00000000 -898.69994486 59502.80811663 
0.98000000 0.00000000 -916.07864298 59551.42768375 

