-1.00000000 0.00000000 314.30368448 63800.43426627 
-0.98000000 0.00000000 314.30367708 63800.43426608 
-0.96000000 0.00000000 314.30365355 63800.43426550 
-0.94000000 0.00000000 314.30608899 63800.43432661 
-0.92000000 0.00000000 314.30602088 63800.43432490 
-0.90000000 0.00000000 314.30203231 63800.43422482 
-0.88000000 0.00000000 314.30200545 63800.43422415 
-0.86000000 0.00000000 314.30197189 63800.43422331 
-0.84000000 0.00000000 314.31181015 63800.43447016 
-0.82000000 0.00000000 314.31181813 63800.43447036 
-0.80000000 0.00000000 314.30329754 63800.43425658 
-0.78000000 0.00000000 314.30132287 63800.43420703 
-0.76000000 0.00000000 314.30130434 63800.43420657 
-0.74000000 0.00000000 314.30129119 63800.43420624 
-0.72000000 0.00000000 314.30123841 63800.43420492 
-0.70000000 0.00000000 314.30338056 63800.43425867 
-0.68000000 0.00000000 314.30337026 63800.43425841 
-0.66000000 0.00000000 314.31170652 63800.43446757 
-0.64000000 0.00000000 314.31167202 63800.43446671 
-0.62000000 0.00000000 314.30335962 63800.43425815 
-0.60000000 0.00000000 314.31167427 63800.43446677 
-0.58000000 0.00000000 314.31171480 63800.43446778 
-0.56000000 0.00000000 314.30337763 63800.43425860 
-0.54000000 0.00000000 314.30123566 63800.43420485 
-0.52000000 0.00000000 314.30128744 63800.43420615 
-0.50000000 0.00000000 314.30129860 63800.43420643 
-0.48000000 0.00000000 314.30131061 63800.43420673 
-0.46000000 0.00000000 314.30133071 63800.43420723 
-0.44000000 0.00000000 314.31179329 63800.43446974 
-0.42000000 0.00000000 314.31180347 63800.43447000 
-0.40000000 0.00000000 314.30135313 63800.43420779 
-0.38000000 0.00000000 314.30135850 63800.43420793 
-0.36000000 0.00000000 314.30136010 63800.43420797 
-0.34000000 0.00000000 314.30136012 63800.43420797 
-0.32000000 0.00000000 314.30135885 63800.43420793 
-0.30000000 0.00000000 314.31200741 63800.43447511 
-0.28000000 0.00000000 314.31200574 63800.43447507 
-0.26000000 0.00000000 314.30135119 63800.43420774 
-0.24000000 0.00000000 314.30135079 63800.43420773 
-0.22000000 0.00000000 314.30135443 63800.43420782 
-0.20000000 0.00000000 314.30135881 63800.43420793 
-0.18000000 0.00000000 314.31203487 63800.43447580 
-0.16000000 0.00000000 314.31204521 63800.43447606 
-0.14000000 0.00000000 314.30140818 63800.43420917 
-0.12000000 0.00000000 314.30142476 63800.43420958 
-0.10000000 0.00000000 314.30145922 63800.43421045 
-0.08000000 0.00000000 314.30150172 63800.43421151 
-0.06000000 0.00000000 314.31216972 63800.43447917 
-0.04000000 0.00000000 314.31220747 63800.43448011 
-0.02000000 0.00000000 314.30180315 63800.43421906 
0.00000000 0.00000000 314.30185147 63800.43422027 
0.02000000 0.00000000 314.30191541 63800.43422187 
0.04000000 0.00000000 314.30195994 63800.43422298 
0.06000000 0.00000000 314.30379331 63800.43426898 
0.08000000 0.00000000 314.30258349 63800.43423862 
0.10000000 0.00000000 314.30268080 63800.43424105 
0.12000000 0.00000000 314.30272514 63800.43424216 
0.14000000 0.00000000 314.29515125 63800.43405212 
0.16000000 0.00000000 314.29517916 63800.43405282 
0.18000000 0.00000000 314.30280770 63800.43424422 
0.20000000 0.00000000 314.30286352 63800.43424562 
0.22000000 0.00000000 314.30288393 63800.43424613 
0.24000000 0.00000000 314.30289883 63800.43424651 
0.26000000 0.00000000 314.30232446 63800.43423209 
0.28000000 0.00000000 314.30233554 63800.43423237 
0.30000000 0.00000000 314.30234744 63800.43423267 
0.32000000 0.00000000 314.30235636 63800.43423289 
0.34000000 0.00000000 314.30236179 63800.43423303 
0.36000000 0.00000000 314.30237461 63800.43423335 
0.38000000 0.00000000 314.30237957 63800.43423347 
0.40000000 0.00000000 314.29469896 63800.43404076 
0.42000000 0.00000000 314.29469958 63800.43404077 
0.44000000 0.00000000 314.30238014 63800.43423349 
0.46000000 0.00000000 314.30237572 63800.43423338 
0.48000000 0.00000000 314.30236471 63800.43423310 
0.50000000 0.00000000 314.30235958 63800.43423297 
0.52000000 0.00000000 314.30235463 63800.43423285 
0.54000000 0.00000000 314.30234696 63800.43423266 
0.56000000 0.00000000 314.30233723 63800.43423241 
0.58000000 0.00000000 314.30291955 63800.43424702 
0.60000000 0.00000000 314.30291072 63800.43424680 
0.62000000 0.00000000 314.30289972 63800.43424653 
0.64000000 0.00000000 314.30289025 63800.43424629 
0.66000000 0.00000000 314.29524978 63800.43405459 
0.68000000 0.00000000 314.29522425 63800.43405395 
0.70000000 0.00000000 314.30284477 63800.43424515 
0.72000000 0.00000000 314.30282557 63800.43424467 
0.74000000 0.00000000 314.30277635 63800.43424344 
0.76000000 0.00000000 314.30275568 63800.43424293 
0.78000000 0.00000000 314.30267230 63800.43424084 
0.80000000 0.00000000 314.30264429 63800.43424014 
0.82000000 0.00000000 314.30261690 63800.43423945 
0.84000000 0.00000000 314.30258334 63800.43423861 
0.86000000 0.00000000 314.30394749 63800.43427284 
0.88000000 0.00000000 314.30391562 63800.43427205 
0.90000000 0.00000000 314.30123746 63800.43420486 
0.92000000 0.00000000 314.29903691 63800.43414965 
0.94000000 0.00000000 314.30382227 63800.43426971 
0.96000000 0.00000000 314.30379136 63800.43426894 
0.98000000 0.00000000 314.30555319 63800.43431315 

