-1.00000000 0.00000000 2154.48781260 59360.56366196 
-0.98000000 0.00000000 2155.60115441 59359.69470267 
-0.96000000 0.00000000 2156.21275203 59358.91077620 
-0.94000000 0.00000000 2184.37341970 59363.17628047 
-0.92000000 0.00000000 2184.41016402 59362.48679229 
-0.90000000 0.00000000 2132.43307441 59351.00872741 
-0.88000000 0.00000000 2132.00046231 59350.58565943 
-0.86000000 0.00000000 2131.36795421 59350.17379170 
-0.84000000 0.00000000 2226.42206508 59364.43249558 
-0.82000000 0.00000000 2226.75820484 59364.12961077 
-0.80000000 0.00000000 2152.93843164 59355.30626668 
-0.78000000 0.00000000 2118.28691128 59345.37553666 
-0.76000000 0.00000000 2117.78602478 59345.10490757 
-0.74000000 0.00000000 2117.41074047 59344.88386437 
-0.72000000 0.00000000 2116.20061310 59344.37360586 
-0.70000000 0.00000000 2154.21935231 59354.99879190 
-0.68000000 0.00000000 2154.04458640 59354.92292894 
-0.66000000 0.00000000 2227.83666994 59362.63862680 
-0.64000000 0.00000000 2227.50511999 59362.74476014 
-0.62000000 0.00000000 2153.47631233 59355.05726236 
-0.60000000 0.00000000 2226.69906364 59363.34819595 
-0.58000000 0.00000000 2226.24280646 59363.84378399 
-0.56000000 0.00000000 2152.66743409 59355.79726477 
-0.54000000 0.00000000 2114.59628759 59345.00687455 
-0.52000000 0.00000000 2115.39163753 59345.66450496 
-0.50000000 0.00000000 2115.32868108 59346.00866886 
-0.48000000 0.00000000 2115.29619180 59346.35196480 
-0.46000000 0.00000000 2115.45124830 59346.73983721 
-0.44000000 0.00000000 2220.30073125 59368.40899215 
-0.42000000 0.00000000 2219.72417149 59368.87538010 
-0.40000000 0.00000000 2115.39348715 59347.43186142 
-0.38000000 0.00000000 2115.43221462 59347.57831720 
-0.36000000 0.00000000 2115.44390981 59347.66604713 
-0.34000000 0.00000000 2115.46440471 59347.71850900 
-0.32000000 0.00000000 2115.48758419 59347.74730834 
-0.30000000 0.00000000 2219.83134827 59370.00035439 
-0.28000000 0.00000000 2219.91162377 59370.05607946 
-0.26000000 0.00000000 2115.46047603 59347.84600909 
-0.24000000 0.00000000 2115.39712444 59347.95963236 
-0.22000000 0.00000000 2115.30496470 59348.16508429 
-0.20000000 0.00000000 2115.06705270 59348.45559735 
-0.18000000 0.00000000 2217.87153043 59372.19617385 
-0.16000000 0.00000000 2216.35035874 59373.34947344 
-0.14000000 0.00000000 2113.56312087 59350.25540474 
-0.12000000 0.00000000 2112.36216663 59351.11594716 
-0.10000000 0.00000000 2111.05132831 59352.25767859 
-0.08000000 0.00000000 2109.39046420 59353.59796282 
-0.06000000 0.00000000 2198.40124902 59384.76782819 
-0.04000000 0.00000000 2192.39690839 59388.07414882 
-0.02000000 0.00000000 2104.08768242 59359.62805195 
0.00000000 0.00000000 2100.43682646 59361.31307266 
0.02000000 0.00000000 2096.66198631 59363.09203354 
0.04000000 0.00000000 2092.36213345 59364.63458513 
0.06000000 0.00000000 2108.06586585 59378.29123097 
0.08000000 0.00000000 2089.94095482 59371.64031661 
0.10000000 0.00000000 2085.94814491 59373.22939030 
0.12000000 0.00000000 2081.58528871 59374.25608284 
0.14000000 0.00000000 1879.87382914 58822.91843725 
0.16000000 0.00000000 1878.93356039 58855.05422027 
0.18000000 0.00000000 2069.67232049 59376.02385270 
0.20000000 0.00000000 2066.42667502 59376.56314824 
0.22000000 0.00000000 2062.99624892 59376.69946108 
0.24000000 0.00000000 2059.60188847 59376.67235627 
0.26000000 0.00000000 2051.06218782 59371.42629726 
0.28000000 0.00000000 2047.85020682 59371.10719929 
0.30000000 0.00000000 2044.77231552 59370.72334104 
0.32000000 0.00000000 2041.90236930 59370.27649888 
0.34000000 0.00000000 2039.37861794 59369.81046138 
0.36000000 0.00000000 2037.45134276 59369.48576358 
0.38000000 0.00000000 2036.13188425 59369.21180810 
0.40000000 0.00000000 1993.65155480 58392.74514033 
0.42000000 0.00000000 1993.12479590 58393.67023011 
0.44000000 0.00000000 2036.98224766 59369.34249621 
0.46000000 0.00000000 2038.87519472 59369.69800061 
0.48000000 0.00000000 2041.39142223 59370.10657816 
0.50000000 0.00000000 2044.49205101 59370.62896754 
0.52000000 0.00000000 2047.96452819 59371.15240825 
0.54000000 0.00000000 2051.62835592 59371.60067905 
0.56000000 0.00000000 2055.36358748 59371.94419765 
0.58000000 0.00000000 2064.52548085 59377.14252627 
0.60000000 0.00000000 2068.34858852 59377.19437742 
0.62000000 0.00000000 2072.13592163 59377.10299790 
0.64000000 0.00000000 2075.96068859 59376.89459595 
0.66000000 0.00000000 1880.15527192 58914.39632521 
0.68000000 0.00000000 1879.61835490 58895.64559833 
0.70000000 0.00000000 2087.96417105 59375.33941806 
0.72000000 0.00000000 2092.27582509 59374.50765549 
0.74000000 0.00000000 2096.43239113 59373.32031872 
0.76000000 0.00000000 2101.00291468 59372.18699089 
0.78000000 0.00000000 2104.87701353 59370.50407388 
0.80000000 0.00000000 2109.31015969 59369.08156308 
0.82000000 0.00000000 2113.59076304 59367.57560463 
0.84000000 0.00000000 2117.53737956 59365.97866506 
0.86000000 0.00000000 2138.06008043 59371.19993780 
0.88000000 0.00000000 2141.84370228 59369.36325917 
0.90000000 0.00000000 2106.96968132 59352.69932983 
0.92000000 0.00000000 2057.19277633 59321.71088400 
0.94000000 0.00000000 2150.43982760 59364.41635338 
0.96000000 0.00000000 2152.38863041 59363.02979278 
0.98000000 0.00000000 2173.77396330 59366.19995615 

