-1.00000000 0.00000000 2428.23420216 60203.93100726 
-0.98000000 0.00000000 2430.84204713 60200.96617824 
-0.96000000 0.00000000 2431.99552805 60199.04690424 
-0.94000000 0.00000000 2529.82742416 60141.44921377 
-0.92000000 0.00000000 2529.19484459 60140.79949459 
-0.90000000 0.00000000 2349.03940285 60236.45936060 
-0.88000000 0.00000000 2347.45457930 60236.75981500 
-0.86000000 0.00000000 2345.26054862 60237.41827817 
-0.84000000 0.00000000 2678.75409931 60031.51439153 
-0.82000000 0.00000000 2679.61763172 60030.28501927 
-0.80000000 0.00000000 2418.65198234 60201.91751893 
-0.78000000 0.00000000 2301.20347226 60254.69900811 
-0.76000000 0.00000000 2299.52987320 60255.20570774 
-0.74000000 0.00000000 2298.26552452 60255.55874756 
-0.72000000 0.00000000 2294.19690426 60256.98286475 
-0.70000000 0.00000000 2422.71332983 60198.88648881 
-0.68000000 0.00000000 2422.09118358 60199.13960498 
-0.66000000 0.00000000 2681.51945354 60025.93062936 
-0.64000000 0.00000000 2680.48261748 60026.95153851 
-0.62000000 0.00000000 2420.42697134 60200.36314969 
-0.60000000 0.00000000 2678.50547597 60029.63277795 
-0.58000000 0.00000000 2677.63262201 60031.23705110 
-0.56000000 0.00000000 2418.61497244 60202.68441410 
-0.54000000 0.00000000 2289.84425283 60260.28145876 
-0.52000000 0.00000000 2292.79536433 60259.70516751 
-0.50000000 0.00000000 2292.86222564 60260.20352634 
-0.48000000 0.00000000 2293.01543537 60260.65285003 
-0.46000000 0.00000000 2293.77373943 60260.84186495 
-0.44000000 0.00000000 2663.36031275 60051.08844807 
-0.42000000 0.00000000 2661.97614432 60053.03572194 
-0.40000000 0.00000000 2293.98926722 60261.76560276 
-0.38000000 0.00000000 2294.14146499 60261.88658641 
-0.36000000 0.00000000 2294.14689218 60261.98801734 
-0.34000000 0.00000000 2294.13563300 60262.03536967 
-0.32000000 0.00000000 2294.10037033 60262.05026742 
-0.30000000 0.00000000 2663.42906506 60053.63259881 
-0.28000000 0.00000000 2663.62552791 60053.47579446 
-0.26000000 0.00000000 2293.67801670 60262.23304900 
-0.24000000 0.00000000 2293.45549379 60262.44780897 
-0.22000000 0.00000000 2293.25207724 60262.78916012 
-0.20000000 0.00000000 2292.72445033 60263.43520911 
-0.18000000 0.00000000 2659.03490774 60060.27724700 
-0.16000000 0.00000000 2655.45943800 60065.02023170 
-0.14000000 0.00000000 2290.04467754 60267.43110101 
-0.12000000 0.00000000 2287.49972611 60270.08469496 
-0.10000000 0.00000000 2285.04590060 60273.15369379 
-0.08000000 0.00000000 2281.90131046 60276.93867120 
-0.06000000 0.00000000 2612.54421838 60118.15745289 
-0.04000000 0.00000000 2597.94413207 60135.08282541 
-0.02000000 0.00000000 2274.72065235 60290.60368145 
0.00000000 0.00000000 2266.70744320 60297.75216022 
0.02000000 0.00000000 2258.60005649 60305.14951384 
0.04000000 0.00000000 2248.81417184 60313.07885832 
0.06000000 0.00000000 2314.03761468 60301.28187941 
0.08000000 0.00000000 2252.49776793 60323.57587562 
0.10000000 0.00000000 2243.94668581 60331.15946818 
0.12000000 0.00000000 2233.66039645 60338.69060981 
0.14000000 0.00000000 1358.75044685 59808.77882221 
0.16000000 0.00000000 1376.17778999 59851.10128847 
0.18000000 0.00000000 2204.88129554 60357.87958159 
0.20000000 0.00000000 2197.46171497 60363.10021012 
0.22000000 0.00000000 2189.09523303 60368.11859778 
0.24000000 0.00000000 2180.73898521 60372.88043254 
0.26000000 0.00000000 2151.41849659 60378.70921670 
0.28000000 0.00000000 2143.48534079 60382.74350687 
0.30000000 0.00000000 2135.88677496 60386.51285658 
0.32000000 0.00000000 2128.75742979 60389.91815501 
0.34000000 0.00000000 2122.44360907 60392.82212815 
0.36000000 0.00000000 2117.73357614 60395.08122705 
0.38000000 0.00000000 2114.45298924 60396.56747047 
0.40000000 0.00000000 1222.64298561 59107.60278771 
0.42000000 0.00000000 1222.73864586 59109.63482086 
0.44000000 0.00000000 2116.62255803 60395.60239354 
0.46000000 0.00000000 2121.36591632 60393.45278851 
0.48000000 0.00000000 2127.59185265 60390.50675861 
0.50000000 0.00000000 2135.36667956 60386.88999285 
0.52000000 0.00000000 2144.06929577 60382.75215008 
0.54000000 0.00000000 2153.20074532 60378.24825093 
0.56000000 0.00000000 2162.46782720 60373.50879062 
0.58000000 0.00000000 2193.46834847 60366.55954754 
0.60000000 0.00000000 2202.98193870 60361.18677629 
0.62000000 0.00000000 2212.37289438 60355.67565905 
0.64000000 0.00000000 2221.87832410 60349.94400278 
0.66000000 0.00000000 1414.60991572 59930.34143029 
0.68000000 0.00000000 1402.86721811 59906.59149979 
0.70000000 0.00000000 2251.49694996 60330.67668242 
0.72000000 0.00000000 2262.08060793 60323.34036427 
0.74000000 0.00000000 2271.84111076 60315.82539317 
0.76000000 0.00000000 2283.00537844 60307.64950135 
0.78000000 0.00000000 2291.50684987 60299.98476986 
0.80000000 0.00000000 2302.15070214 60291.61039493 
0.82000000 0.00000000 2312.38751396 60283.32321945 
0.84000000 0.00000000 2321.66943785 60275.42297368 
0.86000000 0.00000000 2391.19952158 60243.81787005 
0.88000000 0.00000000 2400.17023809 60235.32694757 
0.90000000 0.00000000 2273.18428083 60280.25581745 
0.92000000 0.00000000 2101.38172391 60315.60447376 
0.94000000 0.00000000 2420.16224402 60215.02152466 
0.96000000 0.00000000 2424.53779952 60210.10353644 
0.98000000 0.00000000 2498.17457346 60167.84118345 

