-1.00000000 0.00000000 5161.03900651 60727.58957824 
-0.98000000 0.00000000 5153.48076032 60741.02351258 
-0.96000000 0.00000000 5141.37368521 60763.13190937 
-0.94000000 0.00000000 5679.28174179 59366.60413031 
-0.92000000 0.00000000 5666.46800172 59413.60261563 
-0.90000000 0.00000000 4554.22790945 61676.76177126 
-0.88000000 0.00000000 4538.17619222 61696.90180725 
-0.86000000 0.00000000 4519.59705001 61720.11460604 
-0.84000000 0.00000000 5755.08123328 56465.14489239 
-0.82000000 0.00000000 5754.96888601 56466.21561549 
-0.80000000 0.00000000 4997.70284232 61016.44274714 
-0.78000000 0.00000000 4220.18363017 62069.91416616 
-0.76000000 0.00000000 4207.28847593 62083.49237715 
-0.74000000 0.00000000 4197.01037060 62094.19098796 
-0.72000000 0.00000000 4168.78939777 62123.93763324 
-0.70000000 0.00000000 5009.50729409 60993.67278972 
-0.68000000 0.00000000 5004.08361833 61002.67373431 
-0.66000000 0.00000000 5768.44665983 56542.21469548 
-0.64000000 0.00000000 5771.54015805 56558.12171413 
-0.62000000 0.00000000 4998.39063743 61012.14648523 
-0.60000000 0.00000000 5771.33049743 56556.15439891 
-0.58000000 0.00000000 5767.69655967 56536.69612758 
-0.56000000 0.00000000 5008.80884380 60995.19599489 
-0.54000000 0.00000000 4167.91031553 62125.06112145 
-0.52000000 0.00000000 4195.77431521 62095.76665063 
-0.50000000 0.00000000 4205.06897339 62086.17625987 
-0.48000000 0.00000000 4214.61438075 62076.25917353 
-0.46000000 0.00000000 4227.46048881 62062.66948744 
-0.44000000 0.00000000 5758.43177765 56479.18313021 
-0.42000000 0.00000000 5757.27777927 56472.53295881 
-0.40000000 0.00000000 4245.00697496 62044.19691370 
-0.38000000 0.00000000 4248.42472671 62040.53707961 
-0.36000000 0.00000000 4249.45380142 62039.43413849 
-0.34000000 0.00000000 4249.17688841 62039.71003867 
-0.32000000 0.00000000 4247.87057025 62041.07344922 
-0.30000000 0.00000000 5738.27972425 56385.30587175 
-0.28000000 0.00000000 5738.56082824 56387.00295592 
-0.26000000 0.00000000 4241.36336521 62047.89929700 
-0.24000000 0.00000000 4240.57050273 62048.69292475 
-0.22000000 0.00000000 4242.16462133 62046.91822637 
-0.20000000 0.00000000 4244.86379977 62043.99724601 
-0.18000000 0.00000000 5735.55980019 56374.04608943 
-0.16000000 0.00000000 5734.18628911 56367.13089061 
-0.14000000 0.00000000 4275.63071009 62010.65134375 
-0.12000000 0.00000000 4288.47984211 61996.75483073 
-0.10000000 0.00000000 4310.62975423 61972.36933854 
-0.08000000 0.00000000 4337.57458394 61942.33401901 
-0.06000000 0.00000000 5717.26659772 56283.92312581 
-0.04000000 0.00000000 5711.90894349 56258.52870058 
-0.02000000 0.00000000 4497.58696223 61753.44339258 
0.00000000 0.00000000 4529.36410628 61714.62059753 
0.02000000 0.00000000 4567.53683860 61666.87882181 
0.04000000 0.00000000 4597.51130528 61628.99360280 
0.06000000 0.00000000 5231.86609685 60597.00082812 
0.08000000 0.00000000 4855.66354433 61263.77787308 
0.10000000 0.00000000 4899.41906502 61196.80311137 
0.12000000 0.00000000 4923.23770011 61160.06622832 
0.14000000 0.00000000 749.96329229 63799.54465962 
0.16000000 0.00000000 781.32011801 63797.53064371 
0.18000000 0.00000000 4970.67307485 61085.59607510 
0.20000000 0.00000000 4993.88077082 61047.48806611 
0.22000000 0.00000000 5004.41354999 61030.27567743 
0.24000000 0.00000000 5012.45265236 61017.09645954 
0.26000000 0.00000000 4816.03325266 61331.66390242 
0.28000000 0.00000000 4822.49128873 61322.29647700 
0.30000000 0.00000000 4828.84633276 61312.99624268 
0.32000000 0.00000000 4833.77233555 61305.78037021 
0.34000000 0.00000000 4837.10360709 61300.92011458 
0.36000000 0.00000000 4842.76903981 61292.44991162 
0.38000000 0.00000000 4845.24750667 61288.76709654 
0.40000000 0.00000000 505.46967245 63811.97615543 
0.42000000 0.00000000 505.84117459 63811.96914462 
0.44000000 0.00000000 4845.36653552 61288.55323071 
0.46000000 0.00000000 4843.07304619 61291.93897971 
0.48000000 0.00000000 4838.12313131 61299.31825673 
0.50000000 0.00000000 4835.08041285 61303.75393582 
0.52000000 0.00000000 4831.93466062 61308.31455003 
0.54000000 0.00000000 4827.67061583 61314.53823705 
0.56000000 0.00000000 4822.54008420 61322.03523132 
0.58000000 0.00000000 5021.95266466 61001.10641584 
0.60000000 0.00000000 5017.34832085 61008.70558746 
0.62000000 0.00000000 5011.81377855 61017.83352823 
0.64000000 0.00000000 5006.48657803 61026.52243466 
0.66000000 0.00000000 851.57058449 63792.32554674 
0.68000000 0.00000000 828.26911747 63794.28666511 
0.70000000 0.00000000 4982.35357129 61065.66110271 
0.72000000 0.00000000 4971.92916512 61082.35616067 
0.74000000 0.00000000 4950.77373677 61116.50769659 
0.76000000 0.00000000 4938.67599125 61135.40327854 
0.78000000 0.00000000 4904.35106588 61189.68778163 
0.80000000 0.00000000 4888.54851112 61213.71778571 
0.82000000 0.00000000 4872.50661359 61237.82894487 
0.84000000 0.00000000 4853.87465698 61265.65182967 
0.86000000 0.00000000 5275.26222371 60505.54300445 
0.88000000 0.00000000 5261.03277188 60534.18680988 
0.90000000 0.00000000 4289.11875383 62003.41406735 
0.92000000 0.00000000 3153.10219689 62981.65748039 
0.94000000 0.00000000 5217.85072967 60619.01634560 
0.96000000 0.00000000 5203.30958844 60646.94609566 
0.98000000 0.00000000 5604.67306463 59639.00265757 

