-1.00000000 0.00000000 2803.77265775 59828.09752155 
-0.98000000 0.00000000 2805.73176994 59823.69173338 
-0.96000000 0.00000000 2806.37471707 59821.23852601 
-0.94000000 0.00000000 2898.18208527 59698.82457993 
-0.92000000 0.00000000 2897.21617750 59698.78436302 
-0.90000000 0.00000000 2723.13699465 59913.44808747 
-0.88000000 0.00000000 2721.37509507 59914.83774559 
-0.86000000 0.00000000 2719.02806825 59916.96491567 
-0.84000000 0.00000000 3025.96014508 59489.47069908 
-0.82000000 0.00000000 3026.46259558 59487.75880216 
-0.80000000 0.00000000 2791.84054325 59833.55983446 
-0.78000000 0.00000000 2673.47050934 59962.87280259 
-0.76000000 0.00000000 2671.67587215 59964.47550535 
-0.74000000 0.00000000 2670.30901401 59965.66024637 
-0.72000000 0.00000000 2666.02776129 59969.72121229 
-0.70000000 0.00000000 2795.44276904 59827.99821236 
-0.68000000 0.00000000 2794.81058958 59828.67071516 
-0.66000000 0.00000000 3026.97060675 59482.65066947 
-0.64000000 0.00000000 3026.19310662 59484.33237559 
-0.62000000 0.00000000 2793.31677986 59830.92333831 
-0.60000000 0.00000000 3024.97444321 59488.13034148 
-0.58000000 0.00000000 3024.58739754 59490.14554732 
-0.56000000 0.00000000 2792.04333118 59834.19689917 
-0.54000000 0.00000000 2662.07766773 59975.54615462 
-0.52000000 0.00000000 2665.34478318 59972.98612708 
-0.50000000 0.00000000 2665.60243383 59973.35843981 
-0.48000000 0.00000000 2665.94474441 59973.62905228 
-0.46000000 0.00000000 2666.90657338 59973.25501008 
-0.44000000 0.00000000 3015.92238946 59517.95357292 
-0.42000000 0.00000000 3015.08941074 59520.66801177 
-0.40000000 0.00000000 2667.50383917 59973.88572860 
-0.38000000 0.00000000 2667.73359107 59973.88333111 
-0.36000000 0.00000000 2667.78532725 59973.96848187 
-0.34000000 0.00000000 2667.79970575 59974.02046592 
-0.32000000 0.00000000 2667.77572390 59974.06251941 
-0.30000000 0.00000000 3016.96897749 59519.96899681 
-0.28000000 0.00000000 3017.14486168 59519.68481769 
-0.26000000 0.00000000 2667.38615998 59974.52821963 
-0.24000000 0.00000000 2667.21475474 59974.86918298 
-0.22000000 0.00000000 2667.10911136 59975.30150833 
-0.20000000 0.00000000 2666.72726309 59976.21576809 
-0.18000000 0.00000000 3014.56103465 59528.96730410 
-0.16000000 0.00000000 3012.29705135 59535.73522934 
-0.14000000 0.00000000 2664.98396377 59981.43456551 
-0.12000000 0.00000000 2662.90855726 59985.43414666 
-0.10000000 0.00000000 2661.07205850 59989.70943579 
-0.08000000 0.00000000 2658.65849998 59995.06133740 
-0.06000000 0.00000000 2983.27402097 59613.68588722 
-0.04000000 0.00000000 2972.83419920 59639.18971860 
-0.02000000 0.00000000 2654.75625421 60011.41252672 
0.00000000 0.00000000 2647.70901985 60022.95393046 
0.02000000 0.00000000 2640.61116625 60034.74865281 
0.04000000 0.00000000 2631.69748530 60048.13573437 
0.06000000 0.00000000 2704.05076038 59992.15928592 
0.08000000 0.00000000 2639.34452475 60054.22667760 
0.10000000 0.00000000 2631.72741621 60066.45644495 
0.12000000 0.00000000 2622.03883207 60079.82655737 
0.14000000 0.00000000 1495.91258812 60083.90653615 
0.16000000 0.00000000 1522.32220642 60114.51172223 
0.18000000 0.00000000 2594.21476168 60115.50624144 
0.20000000 0.00000000 2587.08969737 60124.88637473 
0.22000000 0.00000000 2578.76960748 60134.72312733 
0.24000000 0.00000000 2570.36246337 60144.31623135 
0.26000000 0.00000000 2537.52956572 60168.80405202 
0.28000000 0.00000000 2529.34306116 60177.40587852 
0.30000000 0.00000000 2521.45680645 60185.54574406 
0.32000000 0.00000000 2514.00503705 60193.05619193 
0.34000000 0.00000000 2507.36246698 60199.60042511 
0.36000000 0.00000000 2502.42627951 60204.54986125 
0.38000000 0.00000000 2498.95957469 60207.92036158 
0.40000000 0.00000000 1254.76601714 59515.59317873 
0.42000000 0.00000000 1255.10010488 59517.34315426 
0.44000000 0.00000000 2501.25046925 60205.70340922 
0.46000000 0.00000000 2506.25602811 60200.82306405 
0.48000000 0.00000000 2512.78431029 60194.30338617 
0.50000000 0.00000000 2520.94275057 60186.19515533 
0.52000000 0.00000000 2530.03310892 60177.02157624 
0.54000000 0.00000000 2539.50525300 60167.23480937 
0.56000000 0.00000000 2549.04726234 60157.13467642 
0.58000000 0.00000000 2583.48337503 60130.47235794 
0.60000000 0.00000000 2593.05270142 60119.55391646 
0.62000000 0.00000000 2602.41046460 60108.57475311 
0.64000000 0.00000000 2611.81017915 60097.30469140 
0.66000000 0.00000000 1578.73267938 60169.24862294 
0.68000000 0.00000000 1561.30891161 60153.01623782 
0.70000000 0.00000000 2640.51383646 60060.83592311 
0.72000000 0.00000000 2650.57838822 60047.36543058 
0.74000000 0.00000000 2659.59905255 60034.29566993 
0.76000000 0.00000000 2670.02241469 60019.65767847 
0.78000000 0.00000000 2677.47629477 60007.30253570 
0.80000000 0.00000000 2687.17377132 59992.81031048 
0.82000000 0.00000000 2696.39605027 59978.64979150 
0.84000000 0.00000000 2704.60561962 59965.46643804 
0.86000000 0.00000000 2774.70546543 59888.54833440 
0.88000000 0.00000000 2782.20467309 59874.90498085 
0.90000000 0.00000000 2649.62048453 60003.99830770 
0.92000000 0.00000000 2459.11075943 60149.06071709 
0.94000000 0.00000000 2798.33553511 59843.28226837 
0.96000000 0.00000000 2801.67635759 59835.95497147 
0.98000000 0.00000000 2871.46504275 59745.07502805 

