-1.00000000 0.00000000 2333.38958955 58742.43552220 
-0.98000000 0.00000000 2332.89646165 58742.15820986 
-0.96000000 0.00000000 2332.52827101 58742.17272371 
-0.94000000 0.00000000 2328.52837009 58721.72295654 
-0.92000000 0.00000000 2328.31176157 58722.05520078 
-0.90000000 0.00000000 2334.50300609 58761.65703691 
-0.88000000 0.00000000 2334.44710693 58762.18913912 
-0.86000000 0.00000000 2334.43347027 58762.84228206 
-0.84000000 0.00000000 2320.98247146 58693.75997297 
-0.82000000 0.00000000 2320.83681996 58693.69256841 
-0.80000000 0.00000000 2332.01194676 58746.33395907 
-0.78000000 0.00000000 2335.35134180 58773.81540775 
-0.76000000 0.00000000 2335.35805462 58774.29403127 
-0.74000000 0.00000000 2335.35713277 58774.66286471 
-0.72000000 0.00000000 2335.41945030 58775.71088129 
-0.70000000 0.00000000 2331.68434078 58745.70381695 
-0.68000000 0.00000000 2331.69462359 58745.85791070 
-0.66000000 0.00000000 2320.23572911 58693.68112549 
-0.64000000 0.00000000 2320.33011932 58693.84831917 
-0.62000000 0.00000000 2331.84717396 58746.15820291 
-0.60000000 0.00000000 2320.65613079 58694.10523992 
-0.58000000 0.00000000 2320.88385967 58694.18433045 
-0.56000000 0.00000000 2332.23543530 58746.30486307 
-0.54000000 0.00000000 2335.94779186 58776.37448911 
-0.52000000 0.00000000 2336.01555131 58775.51423540 
-0.50000000 0.00000000 2336.14337093 58775.36203867 
-0.48000000 0.00000000 2336.26477951 58775.18990702 
-0.46000000 0.00000000 2336.36459840 58774.87469315 
-0.44000000 0.00000000 2323.30376527 58696.04178677 
-0.42000000 0.00000000 2323.54436335 58696.20425409 
-0.40000000 0.00000000 2336.60597616 58774.49807812 
-0.38000000 0.00000000 2336.64680009 58774.37582283 
-0.36000000 0.00000000 2336.67324635 58774.29889218 
-0.34000000 0.00000000 2336.68633263 58774.23216432 
-0.32000000 0.00000000 2336.69126398 58774.17340558 
-0.30000000 0.00000000 2323.83412551 58695.51969708 
-0.28000000 0.00000000 2323.83518269 58695.40998390 
-0.26000000 0.00000000 2336.73242139 58774.03942209 
-0.24000000 0.00000000 2336.78561081 58773.98620706 
-0.22000000 0.00000000 2336.87652132 58773.90603538 
-0.20000000 0.00000000 2337.02591163 58773.87976992 
-0.18000000 0.00000000 2324.87176846 58695.63850343 
-0.16000000 0.00000000 2325.51116322 58696.10759602 
-0.14000000 0.00000000 2337.95147765 58773.89076267 
-0.12000000 0.00000000 2338.48899757 58774.24003708 
-0.10000000 0.00000000 2339.14489512 58774.54038605 
-0.08000000 0.00000000 2339.93864790 58774.98978182 
-0.06000000 0.00000000 2332.42917564 58702.97884684 
-0.04000000 0.00000000 2334.60149759 58705.55206238 
-0.02000000 0.00000000 2343.06281621 58775.72596536 
0.00000000 0.00000000 2344.37366179 58777.38024261 
0.02000000 0.00000000 2345.74238964 58779.08734977 
0.04000000 0.00000000 2347.14022788 58781.25355888 
0.06000000 0.00000000 2348.43170010 58765.10789956 
0.08000000 0.00000000 2349.96524407 58779.88771942 
0.10000000 0.00000000 2351.30954669 58781.87392675 
0.12000000 0.00000000 2352.54566814 58784.35112876 
0.14000000 0.00000000 2207.40346265 59091.05614419 
0.16000000 0.00000000 2217.92917024 59084.43864994 
0.18000000 0.00000000 2355.57845435 58791.63834148 
0.20000000 0.00000000 2356.41724816 58793.65116692 
0.22000000 0.00000000 2357.15854166 58795.97806458 
0.24000000 0.00000000 2357.83361295 58798.37594981 
0.26000000 0.00000000 2357.87080595 58806.32410810 
0.28000000 0.00000000 2358.40109728 58808.76473053 
0.30000000 0.00000000 2358.87800852 58811.15536325 
0.32000000 0.00000000 2359.28919070 58813.43378272 
0.34000000 0.00000000 2359.62346954 58815.47581730 
0.36000000 0.00000000 2359.88511610 58817.03534192 
0.38000000 0.00000000 2360.04567561 58818.12707316 
0.40000000 0.00000000 2076.82917095 59082.00697603 
0.42000000 0.00000000 2077.07937705 59082.25510284 
0.44000000 0.00000000 2359.91394043 58817.47957994 
0.46000000 0.00000000 2359.66233348 58815.95318820 
0.48000000 0.00000000 2359.30714676 58813.94671888 
0.50000000 0.00000000 2358.87276531 58811.47555334 
0.52000000 0.00000000 2358.36271637 58808.74175562 
0.54000000 0.00000000 2357.78632439 58805.91108166 
0.56000000 0.00000000 2357.15640717 58803.08827778 
0.58000000 0.00000000 2356.97522801 58794.71816132 
0.60000000 0.00000000 2356.21967000 58792.00412684 
0.62000000 0.00000000 2355.41904696 58789.40370499 
0.64000000 0.00000000 2354.56752941 58786.85747056 
0.66000000 0.00000000 2236.57739895 59069.96597974 
0.68000000 0.00000000 2230.37509328 59075.05298519 
0.70000000 0.00000000 2351.58321808 58779.40693606 
0.72000000 0.00000000 2350.42073624 58776.88711979 
0.74000000 0.00000000 2349.17491418 58774.63274692 
0.76000000 0.00000000 2347.86349906 58772.09557044 
0.78000000 0.00000000 2346.51609269 58770.26262927 
0.80000000 0.00000000 2345.14248267 58767.96354397 
0.82000000 0.00000000 2343.77550277 58765.81311772 
0.84000000 0.00000000 2342.44914258 58763.93487465 
0.86000000 0.00000000 2340.05503995 58748.18837275 
0.88000000 0.00000000 2338.70952788 58746.52878658 
0.90000000 0.00000000 2340.10344474 58776.89331565 
0.92000000 0.00000000 2339.42226870 58823.34674205 
0.94000000 0.00000000 2335.41858414 58743.19060838 
0.96000000 0.00000000 2334.59129512 58742.58428313 
0.98000000 0.00000000 2331.48275984 58727.14457489 

