-1.00000000 0.00000000 -4223.44777609 54420.20100525 
-0.98000000 0.00000000 -4233.40202829 54435.47781705 
-0.96000000 0.00000000 -4249.88577456 54460.00733278 
-0.94000000 0.00000000 -3231.52069082 53465.14461881 
-0.92000000 0.00000000 -3263.81817636 53486.60664717 
-0.90000000 0.00000000 -4881.57958634 55759.86353113 
-0.88000000 0.00000000 -4893.20546505 55797.85257329 
-0.86000000 0.00000000 -4906.42788653 55841.99660675 
-0.84000000 0.00000000 -1631.85164892 53067.43185695 
-0.82000000 0.00000000 -1632.48753376 53067.66076031 
-0.80000000 0.00000000 -4437.95559009 54757.98065626 
-0.78000000 0.00000000 -5072.50713695 56575.71309036 
-0.76000000 0.00000000 -5077.35851180 56607.88006944 
-0.74000000 0.00000000 -5081.06268893 56633.52315271 
-0.72000000 0.00000000 -5091.00834091 56704.46630244 
-0.70000000 0.00000000 -4421.70935023 54732.26391291 
-0.68000000 0.00000000 -4428.37076662 54743.66527707 
-0.66000000 0.00000000 -1667.02980279 53065.18349725 
-0.64000000 0.00000000 -1674.17721971 53064.36369933 
-0.62000000 0.00000000 -4435.60886090 54755.50643892 
-0.60000000 0.00000000 -1673.48316969 53064.21444308 
-0.58000000 0.00000000 -1664.94674501 53064.98053738 
-0.56000000 0.00000000 -4423.72020026 54733.20521018 
-0.54000000 0.00000000 -5092.81301797 56706.02281548 
-0.52000000 0.00000000 -5083.38713332 56635.80997113 
-0.50000000 0.00000000 -5080.43130987 56612.46762016 
-0.48000000 0.00000000 -5077.26880799 56588.52133487 
-0.46000000 0.00000000 -5072.63399222 56556.32155203 
-0.44000000 0.00000000 -1640.08587106 53065.46029903 
-0.42000000 0.00000000 -1637.22263673 53065.58651821 
-0.40000000 0.00000000 -5066.39440946 56512.40910654 
-0.38000000 0.00000000 -5065.11316422 56503.84641235 
-0.36000000 0.00000000 -5064.76360669 56501.24706566 
-0.34000000 0.00000000 -5064.89959379 56501.90447535 
-0.32000000 0.00000000 -5065.41599161 56505.13068406 
-0.30000000 0.00000000 -1599.41812896 53071.00533599 
-0.28000000 0.00000000 -1600.16447886 53070.98735230 
-0.26000000 0.00000000 -5067.87125363 56521.29706275 
-0.24000000 0.00000000 -5068.11599285 56523.26025441 
-0.22000000 0.00000000 -5067.40194951 56519.26392549 
-0.20000000 0.00000000 -5066.28620461 56512.51984285 
-0.18000000 0.00000000 -1594.53093668 53071.87204489 
-0.16000000 0.00000000 -1591.53411870 53072.11003577 
-0.14000000 0.00000000 -5053.44756683 56435.85145969 
-0.12000000 0.00000000 -5048.01182967 56403.94614262 
-0.10000000 0.00000000 -5038.01928914 56349.04089022 
-0.08000000 0.00000000 -5025.18882382 56282.47504912 
-0.06000000 0.00000000 -1555.93219778 53075.03296332 
-0.04000000 0.00000000 -1545.19220977 53075.98695619 
-0.02000000 0.00000000 -4931.60358583 55892.79230751 
0.00000000 0.00000000 -4910.54915853 55816.68706313 
0.02000000 0.00000000 -4883.62168564 55725.85289269 
0.04000000 0.00000000 -4861.76335147 55654.98873294 
0.06000000 0.00000000 -4131.40613532 54274.84823292 
0.08000000 0.00000000 -4622.77952357 55064.06319220 
0.10000000 0.00000000 -4575.98109756 54967.53740013 
0.12000000 0.00000000 -4550.15965794 54915.43452573 
0.14000000 0.00000000 -685.37575770 63644.58267144 
0.16000000 0.00000000 -762.29590193 63625.81309482 
0.18000000 0.00000000 -4497.24804519 54812.68322288 
0.20000000 0.00000000 -4469.62535680 54762.97209229 
0.22000000 0.00000000 -4457.16298983 54740.50645143 
0.24000000 0.00000000 -4447.61048286 54723.40046358 
0.26000000 0.00000000 -4672.72671936 55152.01502620 
0.28000000 0.00000000 -4666.39109802 55137.52608613 
0.30000000 0.00000000 -4660.07554900 55123.28461884 
0.32000000 0.00000000 -4655.18247566 55112.24990812 
0.34000000 0.00000000 -4651.90517122 55104.78342172 
0.36000000 0.00000000 -4646.08602107 55092.13175921 
0.38000000 0.00000000 -4643.56990239 55086.59544758 
0.40000000 0.00000000 -83.05657595 63756.39044423 
0.42000000 0.00000000 -83.95521764 63756.27644228 
0.44000000 0.00000000 -4643.36453790 55086.36617666 
0.46000000 0.00000000 -4645.63489139 55091.51647341 
0.48000000 0.00000000 -4650.65492708 55102.60164008 
0.50000000 0.00000000 -4653.59620276 55109.45667847 
0.52000000 0.00000000 -4656.60488494 55116.55361142 
0.54000000 0.00000000 -4660.75154711 55126.15871697 
0.56000000 0.00000000 -4665.76137437 55137.71603379 
0.58000000 0.00000000 -4435.46949891 54703.60293263 
0.60000000 0.00000000 -4440.87868667 54713.45617278 
0.62000000 0.00000000 -4447.37918299 54725.31065306 
0.64000000 0.00000000 -4453.51112231 54736.76432555 
0.66000000 0.00000000 -931.92479094 63579.19989191 
0.68000000 0.00000000 -874.92838557 63595.45177778 
0.70000000 0.00000000 -4481.08758617 54788.82712233 
0.72000000 0.00000000 -4492.77367925 54811.43097097 
0.74000000 0.00000000 -4517.01272500 54857.26912994 
0.76000000 0.00000000 -4530.06481594 54883.74545340 
0.78000000 0.00000000 -4568.34477936 54958.80457761 
0.80000000 0.00000000 -4584.76334272 54993.76353894 
0.82000000 0.00000000 -4601.12989647 55029.38625590 
0.84000000 0.00000000 -4619.99353012 55070.87992046 
0.86000000 0.00000000 -4058.68662781 54192.76682500 
0.88000000 0.00000000 -4079.80517339 54220.75279493 
0.90000000 0.00000000 -5051.55455935 56406.19380433 
0.92000000 0.00000000 -4896.02429215 59342.31005344 
0.94000000 0.00000000 -4142.56206495 54306.28717823 
0.96000000 0.00000000 -4163.29758884 54335.29002559 
0.98000000 0.00000000 -3420.63470655 53591.76368226 

