-1.00000000 0.00000000 2153.03804434 58700.81941768 
-0.98000000 0.00000000 2152.86852403 58701.52993829 
-0.96000000 0.00000000 2152.87019433 58702.01753724 
-0.94000000 0.00000000 2141.07211136 58711.10781426 
-0.92000000 0.00000000 2141.25786234 58711.33519889 
-0.90000000 0.00000000 2164.04364940 58695.67517562 
-0.88000000 0.00000000 2164.35194989 58695.64270443 
-0.86000000 0.00000000 2164.72978246 58695.53053187 
-0.84000000 0.00000000 2124.77980278 58726.04815950 
-0.82000000 0.00000000 2124.73661103 58726.25256173 
-0.80000000 0.00000000 2155.27021416 58701.89944110 
-0.78000000 0.00000000 2171.01666149 58692.15996818 
-0.76000000 0.00000000 2171.29258660 58692.05485504 
-0.74000000 0.00000000 2171.50525441 58691.98189236 
-0.72000000 0.00000000 2172.10506907 58691.69194543 
-0.70000000 0.00000000 2154.91238532 58702.44845165 
-0.68000000 0.00000000 2155.00130775 58702.40537047 
-0.66000000 0.00000000 2124.70594699 58727.05675112 
-0.64000000 0.00000000 2124.80662443 58726.90232111 
-0.62000000 0.00000000 2155.17655096 58702.14498049 
-0.60000000 0.00000000 2124.97154762 58726.42160392 
-0.58000000 0.00000000 2125.02954416 58726.10226414 
-0.56000000 0.00000000 2155.26775786 58701.59906727 
-0.54000000 0.00000000 2172.48469066 58690.85864232 
-0.52000000 0.00000000 2171.99331390 58690.93807279 
-0.50000000 0.00000000 2171.90565224 58690.79875752 
-0.48000000 0.00000000 2171.80638485 58690.67207653 
-0.46000000 0.00000000 2171.62529489 58690.60234585 
-0.44000000 0.00000000 2126.21945357 58722.54012836 
-0.42000000 0.00000000 2126.32341065 58722.19061164 
-0.40000000 0.00000000 2171.40425951 58690.36079325 
-0.38000000 0.00000000 2171.33156942 58690.33312169 
-0.36000000 0.00000000 2171.28424354 58690.31612649 
-0.34000000 0.00000000 2171.24228108 58690.31532172 
-0.32000000 0.00000000 2171.20446627 58690.32418355 
-0.30000000 0.00000000 2125.92943115 58721.93170105 
-0.28000000 0.00000000 2125.86223454 58721.95287865 
-0.26000000 0.00000000 2171.11425599 58690.30855311 
-0.24000000 0.00000000 2171.07995488 58690.25213347 
-0.22000000 0.00000000 2171.03135554 58690.15000125 
-0.20000000 0.00000000 2171.01524424 58689.95813123 
-0.18000000 0.00000000 2126.03195450 58720.53925804 
-0.16000000 0.00000000 2126.33471122 58719.60156732 
-0.14000000 0.00000000 2171.03603763 58688.71493601 
-0.12000000 0.00000000 2171.24832645 58687.92085569 
-0.10000000 0.00000000 2171.43819807 58686.97378177 
-0.08000000 0.00000000 2171.71858916 58685.80853484 
-0.06000000 0.00000000 2130.65057492 58709.09425644 
-0.04000000 0.00000000 2132.23620539 58705.71086804 
-0.02000000 0.00000000 2172.24728568 58681.40689167 
0.00000000 0.00000000 2173.23026005 58679.29438796 
0.02000000 0.00000000 2174.24431485 58677.08947422 
0.04000000 0.00000000 2175.51707834 58674.75198593 
0.06000000 0.00000000 2166.47146483 58676.10530957 
0.08000000 0.00000000 2174.85007760 58671.14496387 
0.10000000 0.00000000 2176.01652804 58668.90982215 
0.12000000 0.00000000 2177.45445167 58666.72290676 
0.14000000 0.00000000 2344.89161694 58813.91447930 
0.16000000 0.00000000 2342.09259691 58799.14467204 
0.18000000 0.00000000 2181.66533710 58661.09020152 
0.20000000 0.00000000 2182.83264504 58659.52152355 
0.22000000 0.00000000 2184.17610658 58658.01823452 
0.24000000 0.00000000 2185.56032821 58656.58555518 
0.26000000 0.00000000 2190.04768774 58654.89890438 
0.28000000 0.00000000 2191.45666906 58653.64197120 
0.30000000 0.00000000 2192.83702712 58652.46509175 
0.32000000 0.00000000 2194.15202947 58651.40015723 
0.34000000 0.00000000 2195.32997909 58650.49073806 
0.36000000 0.00000000 2196.23100158 58649.78467414 
0.38000000 0.00000000 2196.86115820 58649.32106159 
0.40000000 0.00000000 2314.95399081 59021.97053113 
0.42000000 0.00000000 2315.17322461 59021.52651580 
0.44000000 0.00000000 2196.49022595 58649.64208836 
0.46000000 0.00000000 2195.61075245 58650.32444669 
0.48000000 0.00000000 2194.45307849 58651.25476048 
0.50000000 0.00000000 2193.02785850 58652.39315644 
0.52000000 0.00000000 2191.45036427 58653.69000982 
0.54000000 0.00000000 2189.81564004 58655.09569780 
0.56000000 0.00000000 2188.18440310 58656.56900696 
0.58000000 0.00000000 2183.45111876 58658.53450583 
0.60000000 0.00000000 2181.88182259 58660.14130930 
0.62000000 0.00000000 2180.37791331 58661.78013393 
0.64000000 0.00000000 2178.90576638 58663.47101273 
0.66000000 0.00000000 2335.28354282 58773.77421454 
0.68000000 0.00000000 2337.73599182 58782.07975843 
0.70000000 0.00000000 2174.59353996 58669.05851738 
0.72000000 0.00000000 2173.13176917 58671.14725462 
0.74000000 0.00000000 2171.81617580 58673.29394984 
0.76000000 0.00000000 2170.33826388 58675.58088103 
0.78000000 0.00000000 2169.25478651 58677.77717602 
0.80000000 0.00000000 2167.90676795 58680.09510492 
0.82000000 0.00000000 2166.64192444 58682.37141860 
0.84000000 0.00000000 2165.53168248 58684.53652008 
0.86000000 0.00000000 2156.54273112 58690.75138426 
0.88000000 0.00000000 2155.54875267 58692.88514601 
0.90000000 0.00000000 2172.78307195 58685.23118528 
0.92000000 0.00000000 2199.07131259 58676.89452050 
0.94000000 0.00000000 2153.53019948 58697.95338308 
0.96000000 0.00000000 2153.15762043 58699.17955348 
0.98000000 0.00000000 2144.26550304 58706.17843634 

