-1.00000000 0.00000000 314.45407080 63784.49402665 
-0.98000000 0.00000000 314.45407064 63784.49402664 
-0.96000000 0.00000000 314.45406972 63784.49402662 
-0.94000000 0.00000000 314.45418583 63784.49402954 
-0.92000000 0.00000000 314.45418276 63784.49402946 
-0.90000000 0.00000000 314.45399305 63784.49402470 
-0.88000000 0.00000000 314.45399192 63784.49402467 
-0.86000000 0.00000000 314.45399046 63784.49402463 
-0.84000000 0.00000000 314.45445892 63784.49403640 
-0.82000000 0.00000000 314.45445943 63784.49403641 
-0.80000000 0.00000000 314.45405395 63784.49402623 
-0.78000000 0.00000000 314.45396007 63784.49402387 
-0.76000000 0.00000000 314.45395930 63784.49402385 
-0.74000000 0.00000000 314.45395878 63784.49402384 
-0.72000000 0.00000000 314.45395637 63784.49402378 
-0.70000000 0.00000000 314.45405843 63784.49402634 
-0.68000000 0.00000000 314.45405801 63784.49402633 
-0.66000000 0.00000000 314.45445489 63784.49403630 
-0.64000000 0.00000000 314.45445328 63784.49403626 
-0.62000000 0.00000000 314.45405759 63784.49402632 
-0.60000000 0.00000000 314.45445336 63784.49403626 
-0.58000000 0.00000000 314.45445524 63784.49403631 
-0.56000000 0.00000000 314.45405830 63784.49402634 
-0.54000000 0.00000000 314.45395625 63784.49402377 
-0.52000000 0.00000000 314.45395862 63784.49402383 
-0.50000000 0.00000000 314.45395906 63784.49402384 
-0.48000000 0.00000000 314.45395953 63784.49402385 
-0.46000000 0.00000000 314.45396040 63784.49402388 
-0.44000000 0.00000000 314.45445837 63784.49403638 
-0.42000000 0.00000000 314.45445879 63784.49403639 
-0.40000000 0.00000000 314.45396128 63784.49402390 
-0.38000000 0.00000000 314.45396151 63784.49402390 
-0.36000000 0.00000000 314.45396158 63784.49402391 
-0.34000000 0.00000000 314.45396158 63784.49402391 
-0.32000000 0.00000000 314.45396154 63784.49402390 
-0.30000000 0.00000000 314.45446846 63784.49403664 
-0.28000000 0.00000000 314.45446840 63784.49403664 
-0.26000000 0.00000000 314.45396123 63784.49402390 
-0.24000000 0.00000000 314.45396122 63784.49402390 
-0.22000000 0.00000000 314.45396139 63784.49402390 
-0.20000000 0.00000000 314.45396157 63784.49402391 
-0.18000000 0.00000000 314.45446973 63784.49403667 
-0.16000000 0.00000000 314.45447014 63784.49403668 
-0.14000000 0.00000000 314.45396369 63784.49402396 
-0.12000000 0.00000000 314.45396433 63784.49402397 
-0.10000000 0.00000000 314.45396579 63784.49402401 
-0.08000000 0.00000000 314.45396760 63784.49402406 
-0.06000000 0.00000000 314.45447518 63784.49403681 
-0.04000000 0.00000000 314.45447669 63784.49403684 
-0.02000000 0.00000000 314.45398112 63784.49402440 
0.00000000 0.00000000 314.45398310 63784.49402444 
0.02000000 0.00000000 314.45398581 63784.49402451 
0.04000000 0.00000000 314.45398759 63784.49402456 
0.06000000 0.00000000 314.45407453 63784.49402674 
0.08000000 0.00000000 314.45401663 63784.49402529 
0.10000000 0.00000000 314.45402096 63784.49402539 
0.12000000 0.00000000 314.45402280 63784.49402544 
0.14000000 0.00000000 314.45366202 63784.49401639 
0.16000000 0.00000000 314.45366314 63784.49401641 
0.18000000 0.00000000 314.45402609 63784.49402552 
0.20000000 0.00000000 314.45402859 63784.49402559 
0.22000000 0.00000000 314.45402944 63784.49402561 
0.24000000 0.00000000 314.45403003 63784.49402562 
0.26000000 0.00000000 314.45400260 63784.49402493 
0.28000000 0.00000000 314.45400305 63784.49402494 
0.30000000 0.00000000 314.45400355 63784.49402496 
0.32000000 0.00000000 314.45400392 63784.49402497 
0.34000000 0.00000000 314.45400413 63784.49402497 
0.36000000 0.00000000 314.45400471 63784.49402499 
0.38000000 0.00000000 314.45400492 63784.49402499 
0.40000000 0.00000000 314.45363929 63784.49401581 
0.42000000 0.00000000 314.45363932 63784.49401582 
0.44000000 0.00000000 314.45400495 63784.49402499 
0.46000000 0.00000000 314.45400476 63784.49402499 
0.48000000 0.00000000 314.45400426 63784.49402497 
0.50000000 0.00000000 314.45400405 63784.49402497 
0.52000000 0.00000000 314.45400386 63784.49402496 
0.54000000 0.00000000 314.45400354 63784.49402496 
0.56000000 0.00000000 314.45400313 63784.49402495 
0.58000000 0.00000000 314.45403090 63784.49402564 
0.60000000 0.00000000 314.45403054 63784.49402563 
0.62000000 0.00000000 314.45403008 63784.49402562 
0.64000000 0.00000000 314.45402971 63784.49402561 
0.66000000 0.00000000 314.45366609 63784.49401649 
0.68000000 0.00000000 314.45366498 63784.49401646 
0.70000000 0.00000000 314.45402785 63784.49402557 
0.72000000 0.00000000 314.45402707 63784.49402555 
0.74000000 0.00000000 314.45402487 63784.49402549 
0.76000000 0.00000000 314.45402405 63784.49402547 
0.78000000 0.00000000 314.45402026 63784.49402538 
0.80000000 0.00000000 314.45401912 63784.49402535 
0.82000000 0.00000000 314.45401801 63784.49402532 
0.84000000 0.00000000 314.45401662 63784.49402529 
0.86000000 0.00000000 314.45408178 63784.49402692 
0.88000000 0.00000000 314.45408048 63784.49402689 
0.90000000 0.00000000 314.45395321 63784.49402370 
0.92000000 0.00000000 314.45384869 63784.49402107 
0.94000000 0.00000000 314.45407671 63784.49402680 
0.96000000 0.00000000 314.45407546 63784.49402676 
0.98000000 0.00000000 314.45415954 63784.49402888 

