-1.00000000 0.00000000 1563.75061763 58431.86009234 
-0.98000000 0.00000000 1563.87576116 58434.71647820 
-0.96000000 0.00000000 1564.29863230 58436.09875390 
-0.94000000 0.00000000 1535.74547839 58529.83708097 
-0.92000000 0.00000000 1536.51000589 58529.46583172 
-0.90000000 0.00000000 1593.51006750 58355.19724137 
-0.88000000 0.00000000 1594.34535971 58353.67951199 
-0.86000000 0.00000000 1595.33501615 58351.53706161 
-0.84000000 0.00000000 1498.61117795 58668.81361429 
-0.82000000 0.00000000 1498.66402370 58669.73039176 
-0.80000000 0.00000000 1571.12790483 58423.86385760 
-0.78000000 0.00000000 1611.96998935 58307.50965029 
-0.76000000 0.00000000 1612.70236957 58305.83611921 
-0.74000000 0.00000000 1613.27425946 58304.57535366 
-0.72000000 0.00000000 1614.90141771 58300.48252964 
-0.70000000 0.00000000 1570.40348007 58427.97430950 
-0.68000000 0.00000000 1570.64165001 58427.38036152 
-0.66000000 0.00000000 1499.51139185 58672.15844754 
-0.64000000 0.00000000 1499.67422936 58671.16253169 
-0.62000000 0.00000000 1570.95369728 58425.68439898 
-0.60000000 0.00000000 1499.64762721 58669.07560390 
-0.58000000 0.00000000 1499.44292761 58668.04688998 
-0.56000000 0.00000000 1570.71551392 58423.64160097 
-0.54000000 0.00000000 1615.44948010 58295.78986443 
-0.52000000 0.00000000 1613.97563100 58298.68367219 
-0.50000000 0.00000000 1613.60286949 58298.66383263 
-0.48000000 0.00000000 1613.20724053 58298.73460716 
-0.46000000 0.00000000 1612.60266030 58299.42228476 
-0.44000000 0.00000000 1498.96962094 58652.82712299 
-0.42000000 0.00000000 1498.89865433 58651.34530305 
-0.40000000 0.00000000 1611.82860010 58299.48399143 
-0.38000000 0.00000000 1611.63644486 58299.61497100 
-0.36000000 0.00000000 1611.54505200 58299.61207086 
-0.34000000 0.00000000 1611.49573719 58299.60398670 
-0.32000000 0.00000000 1611.47903637 58299.57991587 
-0.30000000 0.00000000 1497.61681295 58652.28071569 
-0.28000000 0.00000000 1497.53578364 58652.47173756 
-0.26000000 0.00000000 1611.51977405 58299.18694929 
-0.24000000 0.00000000 1611.48192027 58298.94998422 
-0.22000000 0.00000000 1611.35154680 58298.70574470 
-0.20000000 0.00000000 1611.22942196 58298.09708414 
-0.18000000 0.00000000 1496.97368178 58647.49442151 
-0.16000000 0.00000000 1496.90068058 58643.72135177 
-0.14000000 0.00000000 1610.26701966 58294.82011262 
-0.12000000 0.00000000 1610.14296544 58291.90823625 
-0.10000000 0.00000000 1609.71418581 58288.98936849 
-0.08000000 0.00000000 1609.27074343 58285.26883323 
-0.06000000 0.00000000 1497.57088817 58598.94765377 
-0.04000000 0.00000000 1498.15012900 58583.84366471 
-0.02000000 0.00000000 1605.24771578 58275.68969572 
0.00000000 0.00000000 1605.68961944 58266.65555897 
0.02000000 0.00000000 1606.02548730 58257.44769766 
0.04000000 0.00000000 1607.00988970 58246.50047270 
0.06000000 0.00000000 1576.16814555 58309.72951191 
0.08000000 0.00000000 1598.68315285 58247.77865994 
0.10000000 0.00000000 1599.16375438 58238.05499049 
0.12000000 0.00000000 1600.65446528 58226.64559703 
0.14000000 0.00000000 2720.37544762 57631.94618115 
0.16000000 0.00000000 2663.72527211 57596.65595135 
0.18000000 0.00000000 1605.89096891 58194.80883308 
0.20000000 0.00000000 1607.10616115 58186.45749935 
0.22000000 0.00000000 1608.99136100 58177.17976245 
0.24000000 0.00000000 1611.03920525 58167.91688680 
0.26000000 0.00000000 1624.32062195 58137.45498452 
0.28000000 0.00000000 1626.58490920 58128.57065537 
0.30000000 0.00000000 1628.82447629 58120.03901828 
0.32000000 0.00000000 1631.01171292 58112.02623274 
0.34000000 0.00000000 1633.02025225 58104.92538407 
0.36000000 0.00000000 1634.47628164 58099.58836939 
0.38000000 0.00000000 1635.54407173 58095.88087749 
0.40000000 0.00000000 3170.62953433 58733.45442313 
0.42000000 0.00000000 3170.69625741 58729.80961479 
0.44000000 0.00000000 1634.87150193 58098.31782317 
0.46000000 0.00000000 1633.35612856 58103.66298454 
0.48000000 0.00000000 1631.43373248 58110.68645628 
0.50000000 0.00000000 1629.00182917 58119.40869279 
0.52000000 0.00000000 1626.33509367 58129.14578741 
0.54000000 0.00000000 1623.63570042 58139.34585668 
0.56000000 0.00000000 1621.00276640 58149.67818144 
0.58000000 0.00000000 1607.39005689 58181.84688948 
0.60000000 0.00000000 1605.00850820 58192.32011586 
0.62000000 0.00000000 1602.79396693 58202.64329186 
0.64000000 0.00000000 1600.65921037 58213.06509749 
0.66000000 0.00000000 2551.49375268 57549.13168674 
0.68000000 0.00000000 2586.07138650 57561.55715533 
0.70000000 0.00000000 1594.88152378 58245.47820927 
0.72000000 0.00000000 1593.07387386 58257.03467674 
0.74000000 0.00000000 1591.82728254 58267.79990109 
0.76000000 0.00000000 1590.13806563 58279.96271841 
0.78000000 0.00000000 1589.66976047 58289.49099588 
0.80000000 0.00000000 1588.35140206 58301.10648548 
0.82000000 0.00000000 1587.19369473 58312.27376554 
0.84000000 0.00000000 1586.34789547 58322.43599067 
0.86000000 0.00000000 1563.38475805 58391.20181008 
0.88000000 0.00000000 1562.82571035 58400.86780931 
0.90000000 0.00000000 1612.41235236 58276.51455281 
0.92000000 0.00000000 1694.06168483 58099.30202492 
0.94000000 0.00000000 1562.29368618 58422.56076245 
0.96000000 0.00000000 1562.44266158 58427.37880217 
0.98000000 0.00000000 1540.95822243 58498.31749004 

