-1.00000000 0.00000000 -200.92194728 59934.91445656 
-0.98000000 0.00000000 -201.91091101 59935.62903371 
-0.96000000 0.00000000 -202.56961761 59935.01247084 
-0.94000000 0.00000000 -219.37798590 60058.33011225 
-0.92000000 0.00000000 -219.62045347 60055.99163038 
-0.90000000 0.00000000 -190.87529561 59823.99371450 
-0.88000000 0.00000000 -190.81407414 59821.41756690 
-0.86000000 0.00000000 -190.62854927 59818.20463083 
-0.84000000 0.00000000 -249.06404137 60243.85162635 
-0.82000000 0.00000000 -249.41135541 60244.28937723 
-0.80000000 0.00000000 -202.03467906 59912.22684304 
-0.78000000 0.00000000 -184.77269730 59759.56998272 
-0.76000000 0.00000000 -184.61406440 59757.20533387 
-0.74000000 0.00000000 -184.50825978 59755.37441035 
-0.72000000 0.00000000 -184.01368145 59749.83285907 
-0.70000000 0.00000000 -203.07393473 59916.18512488 
-0.68000000 0.00000000 -203.00892068 59915.29246985 
-0.66000000 0.00000000 -250.70894171 60242.95699587 
-0.64000000 0.00000000 -250.44201952 60241.89369624 
-0.62000000 0.00000000 -202.62623304 59913.76942582 
-0.60000000 0.00000000 -249.71069553 60240.94608577 
-0.58000000 0.00000000 -249.26085068 60241.15139692 
-0.56000000 0.00000000 -201.82922660 59913.71759540 
-0.54000000 0.00000000 -182.75173554 59746.94967746 
-0.52000000 0.00000000 -182.93110823 59751.74480211 
-0.50000000 0.00000000 -182.71751416 59752.70731772 
-0.48000000 0.00000000 -182.52209805 59753.75139691 
-0.46000000 0.00000000 -182.42325660 59755.53607331 
-0.44000000 0.00000000 -243.74329603 60235.54296518 
-0.42000000 0.00000000 -243.19721034 60235.04073826 
-0.40000000 0.00000000 -182.01429005 59757.39683788 
-0.38000000 0.00000000 -181.95310849 59757.83338488 
-0.36000000 0.00000000 -181.90218338 59757.93506182 
-0.34000000 0.00000000 -181.87356506 59757.89889472 
-0.32000000 0.00000000 -181.85859464 59757.74837938 
-0.30000000 0.00000000 -242.97696825 60238.92817987 
-0.28000000 0.00000000 -243.02145255 60239.02374451 
-0.26000000 0.00000000 -181.76508336 59756.86971402 
-0.24000000 0.00000000 -181.67536186 59756.68510984 
-0.22000000 0.00000000 -181.53696005 59756.77376097 
-0.20000000 0.00000000 -181.28398623 59756.78195800 
-0.18000000 0.00000000 -241.16800122 60237.46231899 
-0.16000000 0.00000000 -239.86748892 60235.94211534 
-0.14000000 0.00000000 -179.75003327 59758.58642090 
-0.12000000 0.00000000 -178.74307249 59758.44000427 
-0.10000000 0.00000000 -177.57908062 59759.35572775 
-0.08000000 0.00000000 -176.14433288 59760.35534791 
-0.06000000 0.00000000 -225.06919103 60217.11083725 
-0.04000000 0.00000000 -220.26229930 60210.51833285 
-0.02000000 0.00000000 -170.99226432 59773.22159436 
0.00000000 0.00000000 -168.25053663 59771.66721915 
0.02000000 0.00000000 -165.39020995 59770.71960601 
0.04000000 0.00000000 -162.27350249 59767.81756113 
0.06000000 0.00000000 -167.60962787 59877.30108921 
0.08000000 0.00000000 -158.49685953 59797.92295821 
0.10000000 0.00000000 -155.51351561 59797.34217082 
0.12000000 0.00000000 -152.46664894 59793.50129842 
0.14000000 0.00000000 -226.34621010 57648.72939945 
0.16000000 0.00000000 -213.07524013 57735.74519464 
0.18000000 0.00000000 -144.41689089 59780.55550002 
0.20000000 0.00000000 -142.19444563 59778.41704754 
0.22000000 0.00000000 -139.98413476 59774.25588992 
0.24000000 0.00000000 -137.84632556 59769.80169310 
0.26000000 0.00000000 -134.14576437 59728.98504467 
0.28000000 0.00000000 -132.19781273 59724.46307533 
0.30000000 0.00000000 -130.34899245 59720.12183353 
0.32000000 0.00000000 -128.64629645 59715.90756642 
0.34000000 0.00000000 -127.16598496 59712.03894547 
0.36000000 0.00000000 -126.01936807 59709.48865807 
0.38000000 0.00000000 -125.24840441 59707.54073902 
0.40000000 0.00000000 -568.90158431 56413.81402369 
0.42000000 0.00000000 -567.43443384 56416.96701635 
0.44000000 0.00000000 -125.75016886 59708.99010049 
0.46000000 0.00000000 -126.85845795 59711.91997162 
0.48000000 0.00000000 -128.34708021 59715.53724019 
0.50000000 0.00000000 -130.16492282 59720.37546950 
0.52000000 0.00000000 -132.20843113 59725.78409714 
0.54000000 0.00000000 -134.38501445 59731.31171860 
0.56000000 0.00000000 -136.62780241 59736.78947467 
0.58000000 0.00000000 -140.69813830 59778.83308846 
0.60000000 0.00000000 -143.05968274 59784.32045628 
0.62000000 0.00000000 -145.43727727 59789.58700389 
0.64000000 0.00000000 -147.86991507 59794.91347574 
0.66000000 0.00000000 -191.59557238 57906.75316146 
0.68000000 0.00000000 -198.44382398 57854.95289676 
0.70000000 0.00000000 -155.75888884 59810.49416047 
0.72000000 0.00000000 -158.66468708 59815.81040747 
0.74000000 0.00000000 -161.57705447 59819.42105409 
0.76000000 0.00000000 -164.71560728 59824.86339892 
0.78000000 0.00000000 -167.59012822 59826.24894142 
0.80000000 0.00000000 -170.71577868 59830.94145290 
0.82000000 0.00000000 -173.76812484 59835.34705704 
0.84000000 0.00000000 -176.64324585 59838.89028172 
0.86000000 0.00000000 -187.62092011 59926.46633938 
0.88000000 0.00000000 -190.46613263 59929.97198012 
0.90000000 0.00000000 -174.69385939 59748.57007163 
0.92000000 0.00000000 -156.85324188 59494.92996030 
0.94000000 0.00000000 -197.20492631 59936.53917687 
0.96000000 0.00000000 -198.83369235 59937.43536131 
0.98000000 0.00000000 -211.53108982 60029.11062324 

