-1.00000000 0.00000000 1847.25129198 59847.95978062 
-0.98000000 0.00000000 1849.18453840 59847.79553687 
-0.96000000 0.00000000 1850.35111559 59847.26576747 
-0.94000000 0.00000000 1892.61321168 59882.83887454 
-0.92000000 0.00000000 1892.88230160 59881.85078497 
-0.90000000 0.00000000 1816.72639816 59810.97781481 
-0.88000000 0.00000000 1816.25738868 59809.97256038 
-0.86000000 0.00000000 1815.48390528 59808.77398771 
-0.84000000 0.00000000 1959.23864050 59928.36097672 
-0.82000000 0.00000000 1959.88879060 59928.24782835 
-0.80000000 0.00000000 1846.74390012 59838.86885160 
-0.78000000 0.00000000 1797.48968112 59788.30620924 
-0.76000000 0.00000000 1796.85702555 59787.42055770 
-0.74000000 0.00000000 1796.39149287 59786.73027378 
-0.72000000 0.00000000 1794.75980149 59784.73804318 
-0.70000000 0.00000000 1848.90446494 59839.79852101 
-0.68000000 0.00000000 1848.67013808 59839.50455681 
-0.66000000 0.00000000 1962.11018977 59926.93843046 
-0.64000000 0.00000000 1961.55239069 59926.76353432 
-0.62000000 0.00000000 1847.77360366 59839.12049016 
-0.60000000 0.00000000 1960.11766634 59926.92172675 
-0.58000000 0.00000000 1959.27175084 59927.27275806 
-0.56000000 0.00000000 1846.31280592 59839.42093288 
-0.54000000 0.00000000 1792.13582409 59783.98497825 
-0.52000000 0.00000000 1793.10207698 59785.77411562 
-0.50000000 0.00000000 1792.87789619 59786.20521909 
-0.48000000 0.00000000 1792.69772407 59786.66441962 
-0.46000000 0.00000000 1792.78357005 59787.38250686 
-0.44000000 0.00000000 1948.65137529 59928.75207333 
-0.42000000 0.00000000 1947.60489066 59928.92020933 
-0.40000000 0.00000000 1792.39174644 59788.26346203 
-0.38000000 0.00000000 1792.36972166 59788.47973977 
-0.36000000 0.00000000 1792.32278287 59788.57308857 
-0.34000000 0.00000000 1792.29743879 59788.61548359 
-0.32000000 0.00000000 1792.28119415 59788.61792481 
-0.30000000 0.00000000 1947.34497740 59930.60743256 
-0.28000000 0.00000000 1947.42104810 59930.69401874 
-0.26000000 0.00000000 1792.08040941 59788.50766466 
-0.24000000 0.00000000 1791.91317233 59788.53056183 
-0.22000000 0.00000000 1791.68352961 59788.66515503 
-0.20000000 0.00000000 1791.22415671 59788.78681070 
-0.18000000 0.00000000 1943.61633437 59931.67690289 
-0.16000000 0.00000000 1940.98488856 59931.96749398 
-0.14000000 0.00000000 1788.53387798 59789.87130676 
-0.12000000 0.00000000 1786.58648113 59789.98107459 
-0.10000000 0.00000000 1784.44194189 59790.46309424 
-0.08000000 0.00000000 1781.77129506 59790.95532743 
-0.06000000 0.00000000 1911.02873449 59933.01248989 
-0.04000000 0.00000000 1901.25369448 59932.73184221 
-0.02000000 0.00000000 1773.07399073 59795.71968263 
0.00000000 0.00000000 1767.55790039 59795.03846329 
0.02000000 0.00000000 1761.87379877 59794.46204445 
0.04000000 0.00000000 1755.49853862 59793.04274382 
0.06000000 0.00000000 1776.10981973 59831.99149592 
0.08000000 0.00000000 1751.04467402 59803.11924638 
0.10000000 0.00000000 1745.15393372 59802.28101838 
0.12000000 0.00000000 1738.83937500 59800.16053658 
0.14000000 0.00000000 1546.00954851 58673.50146169 
0.16000000 0.00000000 1540.80819796 58728.67181209 
0.18000000 0.00000000 1721.90638675 59792.90532927 
0.20000000 0.00000000 1717.35332682 59791.19825818 
0.22000000 0.00000000 1712.62851304 59788.67009120 
0.24000000 0.00000000 1708.00978993 59785.95871639 
0.26000000 0.00000000 1696.95002564 59769.23015544 
0.28000000 0.00000000 1692.69040954 59766.30453317 
0.30000000 0.00000000 1688.64000685 59763.42347776 
0.32000000 0.00000000 1684.88891201 59760.62140494 
0.34000000 0.00000000 1681.60915996 59758.05720733 
0.36000000 0.00000000 1679.11127580 59756.19618992 
0.38000000 0.00000000 1677.41043850 59754.83873672 
0.40000000 0.00000000 1755.11015408 57909.74823691 
0.42000000 0.00000000 1754.19869758 57911.52829685 
0.44000000 0.00000000 1678.53471838 59755.72021685 
0.46000000 0.00000000 1680.99469604 59757.66343695 
0.48000000 0.00000000 1684.27253386 59760.13175867 
0.50000000 0.00000000 1688.31916830 59763.24776483 
0.52000000 0.00000000 1692.87014400 59766.66772270 
0.54000000 0.00000000 1697.69974457 59770.13777361 
0.56000000 0.00000000 1702.65803876 59773.53331565 
0.58000000 0.00000000 1714.58617587 59790.71529625 
0.60000000 0.00000000 1719.77960662 59793.84062019 
0.62000000 0.00000000 1724.97960299 59796.76921187 
0.64000000 0.00000000 1730.28724884 59799.61352789 
0.66000000 0.00000000 1535.01273535 58834.45077546 
0.68000000 0.00000000 1536.78995143 58802.16445686 
0.70000000 0.00000000 1747.30872894 59807.45060350 
0.72000000 0.00000000 1753.53446069 59809.93289018 
0.74000000 0.00000000 1759.61885584 59811.70140274 
0.76000000 0.00000000 1766.31894204 59814.02267715 
0.78000000 0.00000000 1772.12739995 59814.77811091 
0.80000000 0.00000000 1778.73474433 59816.59157218 
0.82000000 0.00000000 1785.16836766 59818.17742412 
0.84000000 0.00000000 1791.16637547 59819.34432702 
0.86000000 0.00000000 1820.51564986 59848.55166233 
0.88000000 0.00000000 1826.43953423 59849.25478261 
0.90000000 0.00000000 1778.19447605 59786.94168607 
0.92000000 0.00000000 1713.22140446 59687.76475390 
0.94000000 0.00000000 1840.23419833 59849.85109765 
0.96000000 0.00000000 1843.47407990 59849.63655292 
0.98000000 0.00000000 1875.41946823 59876.59865551 

