-1.00000000 0.00000000 2473.69063193 59024.85771885 
-0.98000000 0.00000000 2473.72219753 59023.02418086 
-0.96000000 0.00000000 2473.52508853 59021.99097052 
-0.94000000 0.00000000 2492.08269536 58977.65339384 
-0.92000000 0.00000000 2491.62765569 58977.54272015 
-0.90000000 0.00000000 2454.50334017 59058.65246491 
-0.88000000 0.00000000 2453.94999700 59059.29009482 
-0.86000000 0.00000000 2453.28939239 59060.24090509 
-0.84000000 0.00000000 2515.31035488 58910.37841665 
-0.82000000 0.00000000 2515.27745633 58909.81777157 
-0.80000000 0.00000000 2469.13019195 59026.85086821 
-0.78000000 0.00000000 2442.35282933 59080.15698169 
-0.76000000 0.00000000 2441.86743821 59080.90804802 
-0.74000000 0.00000000 2441.49083772 59081.46859413 
-0.72000000 0.00000000 2440.42830044 59083.29525478 
-0.70000000 0.00000000 2469.62815253 59024.80215490 
-0.68000000 0.00000000 2469.47655730 59025.07061613 
-0.66000000 0.00000000 2514.83640369 58907.97805053 
-0.64000000 0.00000000 2514.73576439 58908.51809880 
-0.62000000 0.00000000 2469.24681308 59025.97847319 
-0.60000000 0.00000000 2514.71831058 58909.85506449 
-0.58000000 0.00000000 2514.80958576 58910.62263219 
-0.56000000 0.00000000 2469.29572929 59027.32222360 
-0.54000000 0.00000000 2439.93368400 59085.85267714 
-0.52000000 0.00000000 2440.85562043 59084.68727764 
-0.50000000 0.00000000 2441.05998726 59084.82146461 
-0.48000000 0.00000000 2441.28198223 59084.90816770 
-0.46000000 0.00000000 2441.64464646 59084.70810820 
-0.44000000 0.00000000 2514.73912232 58920.49890009 
-0.42000000 0.00000000 2514.74934454 58921.45878549 
-0.40000000 0.00000000 2442.10586402 59084.86920169 
-0.38000000 0.00000000 2442.23702888 59084.82333537 
-0.36000000 0.00000000 2442.31290455 59084.81291906 
-0.34000000 0.00000000 2442.37063379 59084.78472478 
-0.32000000 0.00000000 2442.41465082 59084.74945820 
-0.30000000 0.00000000 2515.59369557 58921.35415241 
-0.28000000 0.00000000 2515.68461113 58921.22501214 
-0.26000000 0.00000000 2442.50357427 59084.79264625 
-0.24000000 0.00000000 2442.55755469 59084.89918533 
-0.22000000 0.00000000 2442.65711412 59085.05988009 
-0.20000000 0.00000000 2442.72816776 59085.45587356 
-0.18000000 0.00000000 2516.09481153 58924.62577700 
-0.16000000 0.00000000 2516.06769724 58927.14572187 
-0.14000000 0.00000000 2443.09380247 59087.97064013 
-0.12000000 0.00000000 2442.97225024 59089.92472090 
-0.10000000 0.00000000 2442.96959031 59092.08054518 
-0.08000000 0.00000000 2442.88660634 59094.80282055 
-0.06000000 0.00000000 2514.04970459 58956.79902667 
-0.04000000 0.00000000 2512.97007580 58966.69431359 
-0.02000000 0.00000000 2443.74453870 59103.69981830 
0.00000000 0.00000000 2442.67119561 59109.55828534 
0.02000000 0.00000000 2441.57295368 59115.61939664 
0.04000000 0.00000000 2439.98837021 59122.46562418 
0.06000000 0.00000000 2458.42048294 59099.57991074 
0.08000000 0.00000000 2443.11724156 59127.05375751 
0.10000000 0.00000000 2441.72007128 59133.43872205 
0.12000000 0.00000000 2439.71501879 59140.32459826 
0.14000000 0.00000000 1987.03193625 59286.05199066 
0.16000000 0.00000000 2003.21231978 59297.90611225 
0.18000000 0.00000000 2433.48127199 59158.96215885 
0.20000000 0.00000000 2431.79167378 59164.03924745 
0.22000000 0.00000000 2429.70981100 59169.34446735 
0.24000000 0.00000000 2427.52846900 59174.56823883 
0.26000000 0.00000000 2418.70181430 59186.94860182 
0.28000000 0.00000000 2416.40921669 59191.82510130 
0.30000000 0.00000000 2414.14926214 59196.48282049 
0.32000000 0.00000000 2411.97481520 59200.80894802 
0.34000000 0.00000000 2410.00829144 59204.59896868 
0.36000000 0.00000000 2408.52012094 59207.49605461 
0.38000000 0.00000000 2407.46554372 59209.47073222 
0.40000000 0.00000000 1847.88250270 59001.25820156 
0.42000000 0.00000000 1848.00709322 59002.19094077 
0.44000000 0.00000000 2408.10429072 59208.19473504 
0.46000000 0.00000000 2409.58434929 59205.35681809 
0.48000000 0.00000000 2411.50804103 59201.57104114 
0.50000000 0.00000000 2413.88272482 59196.90368990 
0.52000000 0.00000000 2416.49261667 59191.66099823 
0.54000000 0.00000000 2419.16722566 59186.10741969 
0.56000000 0.00000000 2421.80645612 59180.42286821 
0.58000000 0.00000000 2430.98058354 59167.04201655 
0.60000000 0.00000000 2433.44213927 59161.14950266 
0.62000000 0.00000000 2435.76974968 59155.28813834 
0.64000000 0.00000000 2438.02622621 59149.34863988 
0.66000000 0.00000000 2035.28634116 59315.91489112 
0.68000000 0.00000000 2024.83691995 59310.58520950 
0.70000000 0.00000000 2444.41435189 59130.55994928 
0.72000000 0.00000000 2446.49757968 59123.76481084 
0.74000000 0.00000000 2448.23904102 59117.16298944 
0.76000000 0.00000000 2450.25104991 59109.91822708 
0.78000000 0.00000000 2451.46848852 59103.69159528 
0.80000000 0.00000000 2453.17762251 59096.62003429 
0.82000000 0.00000000 2454.72528049 59089.77374088 
0.84000000 0.00000000 2455.99998089 59083.43691326 
0.86000000 0.00000000 2471.44818246 59051.75097874 
0.88000000 0.00000000 2472.40790651 59045.61089270 
0.90000000 0.00000000 2440.87421197 59098.46744007 
0.92000000 0.00000000 2389.99843782 59170.79574332 
0.94000000 0.00000000 2474.01096534 59031.59070544 
0.96000000 0.00000000 2474.18083356 59028.38960154 
0.98000000 0.00000000 2488.30806084 58994.76473711 

