-1.00000000 0.00000000 -1447.06488644 60879.44084406 
-0.98000000 0.00000000 -1449.86805957 60877.25503608 
-0.96000000 0.00000000 -1450.85667261 60875.79473665 
-0.94000000 0.00000000 -1588.21637662 60834.15631263 
-0.92000000 0.00000000 -1586.81883840 60833.69914976 
-0.90000000 0.00000000 -1339.89283131 60896.03198818 
-0.88000000 0.00000000 -1337.76282283 60896.02916214 
-0.86000000 0.00000000 -1334.88975922 60896.22833361 
-0.84000000 0.00000000 -1815.59171936 60733.96490209 
-0.82000000 0.00000000 -1816.75695354 60732.90451878 
-0.80000000 0.00000000 -1431.43542575 60876.82714429 
-0.78000000 0.00000000 -1278.88034278 60903.02445750 
-0.76000000 0.00000000 -1276.77917362 60903.12881759 
-0.74000000 0.00000000 -1275.18706493 60903.17672842 
-0.72000000 0.00000000 -1270.09029291 60903.59180659 
-0.70000000 0.00000000 -1436.67877718 60874.72938980 
-0.68000000 0.00000000 -1435.82367617 60874.86058942 
-0.66000000 0.00000000 -1818.51545555 60729.40757360 
-0.64000000 0.00000000 -1816.93945649 60730.37616515 
-0.62000000 0.00000000 -1433.75518016 60875.68023909 
-0.60000000 0.00000000 -1814.34250046 60732.70200523 
-0.58000000 0.00000000 -1813.43227070 60734.00411850 
-0.56000000 0.00000000 -1431.91142632 60877.43860784 
-0.54000000 0.00000000 -1265.27892664 60905.69534964 
-0.52000000 0.00000000 -1269.13309475 60905.83035912 
-0.50000000 0.00000000 -1269.38685301 60906.32003861 
-0.48000000 0.00000000 -1269.74062536 60906.78231526 
-0.46000000 0.00000000 -1270.83776486 60907.13461880 
-0.44000000 0.00000000 -1795.20345993 60751.14543731 
-0.42000000 0.00000000 -1793.45584985 60752.81126534 
-0.40000000 0.00000000 -1271.38660834 60908.04387059 
-0.38000000 0.00000000 -1271.60602369 60908.18114616 
-0.36000000 0.00000000 -1271.61037522 60908.26247814 
-0.34000000 0.00000000 -1271.56786225 60908.28453161 
-0.32000000 0.00000000 -1271.47672559 60908.26605977 
-0.30000000 0.00000000 -1796.51042254 60752.70091502 
-0.28000000 0.00000000 -1796.75915725 60752.50586788 
-0.26000000 0.00000000 -1270.80913860 60908.24479737 
-0.24000000 0.00000000 -1270.53801154 60908.35796396 
-0.22000000 0.00000000 -1270.35259517 60908.59332363 
-0.20000000 0.00000000 -1269.84979538 60909.04351883 
-0.18000000 0.00000000 -1791.10470560 60757.94983060 
-0.16000000 0.00000000 -1786.60124669 60761.96339470 
-0.14000000 0.00000000 -1267.80120810 60912.11854375 
-0.12000000 0.00000000 -1265.43010777 60914.04500943 
-0.10000000 0.00000000 -1263.42367707 60916.40786220 
-0.08000000 0.00000000 -1260.82285051 60919.32472018 
-0.06000000 0.00000000 -1733.13859081 60807.45651615 
-0.04000000 0.00000000 -1715.18611644 60821.97632704 
-0.02000000 0.00000000 -1257.71560584 60931.03708395 
0.00000000 0.00000000 -1250.10946871 60936.28944455 
0.02000000 0.00000000 -1242.60775981 60941.83634069 
0.04000000 0.00000000 -1233.11903946 60947.59967236 
0.06000000 0.00000000 -1322.64539957 60949.92677231 
0.08000000 0.00000000 -1244.52754165 60959.29536110 
0.10000000 0.00000000 -1236.77073123 60965.21012061 
0.12000000 0.00000000 -1226.61143436 60970.74387977 
0.14000000 0.00000000 -304.06963127 60207.12491723 
0.16000000 0.00000000 -319.84937366 60252.02432011 
0.18000000 0.00000000 -1197.80899276 60984.63309939 
0.20000000 0.00000000 -1190.76725762 60988.63744472 
0.22000000 0.00000000 -1182.38472602 60992.25663271 
0.24000000 0.00000000 -1173.96645968 60995.65736485 
0.26000000 0.00000000 -1138.04321122 60995.22520925 
0.28000000 0.00000000 -1130.13077993 60998.04077665 
0.30000000 0.00000000 -1122.57568423 61000.68156077 
0.32000000 0.00000000 -1115.47271538 61003.04949830 
0.34000000 0.00000000 -1109.16443844 61005.04839544 
0.36000000 0.00000000 -1104.55464308 61006.67815874 
0.38000000 0.00000000 -1101.30496290 61007.72117910 
0.40000000 0.00000000 -157.36696410 59497.42145540 
0.42000000 0.00000000 -157.58522484 59499.46926978 
0.44000000 0.00000000 -1103.49475534 61007.09571744 
0.46000000 0.00000000 -1108.22654013 61005.62366654 
0.48000000 0.00000000 -1114.39059395 61003.56036153 
0.50000000 0.00000000 -1122.19054132 61001.09708914 
0.52000000 0.00000000 -1130.94683626 60998.28325538 
0.54000000 0.00000000 -1140.12824466 60995.19820779 
0.56000000 0.00000000 -1149.44631218 60991.93605056 
0.58000000 0.00000000 -1187.32701399 60991.55307502 
0.60000000 0.00000000 -1197.05651900 60987.79206598 
0.62000000 0.00000000 -1206.66118949 60983.92163642 
0.64000000 0.00000000 -1216.42528253 60979.90889385 
0.66000000 0.00000000 -355.12111011 60338.33893073 
0.68000000 0.00000000 -344.59763458 60312.36540757 
0.70000000 0.00000000 -1246.84332982 60966.31831794 
0.72000000 0.00000000 -1257.73919967 60961.12314656 
0.74000000 0.00000000 -1267.46656866 60955.62462614 
0.76000000 0.00000000 -1279.01380735 60949.83112304 
0.78000000 0.00000000 -1287.06176773 60944.03659115 
0.80000000 0.00000000 -1298.02229972 60938.06186172 
0.82000000 0.00000000 -1308.58537420 60932.14639941 
0.84000000 0.00000000 -1318.08222310 60926.46342832 
0.86000000 0.00000000 -1408.81180688 60909.22608476 
0.88000000 0.00000000 -1418.40711058 60902.93966509 
0.90000000 0.00000000 -1249.64920512 60920.54386500 
0.92000000 0.00000000 -1042.77005046 60910.00291238 
0.94000000 0.00000000 -1439.62899929 60887.86750115 
0.96000000 0.00000000 -1444.16428886 60884.19936262 
0.98000000 0.00000000 -1546.12042191 60854.55359758 

