-1.00000000 0.00000000 -688.15017116 60829.13261841 
-0.98000000 0.00000000 -690.05822887 60828.80472774 
-0.96000000 0.00000000 -690.95981762 60827.95403123 
-0.94000000 0.00000000 -761.84684427 60885.82589441 
-0.92000000 0.00000000 -761.44048516 60884.29136380 
-0.90000000 0.00000000 -635.67750643 60771.31936023 
-0.88000000 0.00000000 -634.74015102 60769.85874404 
-0.86000000 0.00000000 -633.40152220 60768.10666264 
-0.84000000 0.00000000 -883.30680592 60963.61912227 
-0.82000000 0.00000000 -884.10505337 60963.52918419 
-0.80000000 0.00000000 -682.38687241 60815.17745809 
-0.78000000 0.00000000 -605.68167019 60737.34545657 
-0.76000000 0.00000000 -604.68870068 60736.05361537 
-0.74000000 0.00000000 -603.94677698 60735.04245610 
-0.72000000 0.00000000 -601.45571759 60732.07428673 
-0.70000000 0.00000000 -685.37830839 60816.74104460 
-0.68000000 0.00000000 -684.97081949 60816.27177794 
-0.66000000 0.00000000 -885.96451136 60961.52452170 
-0.64000000 0.00000000 -885.05817971 60961.19839612 
-0.62000000 0.00000000 -683.81988872 60815.67490784 
-0.60000000 0.00000000 -883.32371903 60961.40114713 
-0.58000000 0.00000000 -882.55583470 60961.96606075 
-0.56000000 0.00000000 -682.46021171 60816.24596927 
-0.54000000 0.00000000 -598.56161825 60731.18107944 
-0.52000000 0.00000000 -600.31160510 60733.91837312 
-0.50000000 0.00000000 -600.27036674 60734.62673015 
-0.48000000 0.00000000 -600.28367856 60735.37148761 
-0.46000000 0.00000000 -600.67717808 60736.49447649 
-0.44000000 0.00000000 -870.08986017 60964.30326649 
-0.42000000 0.00000000 -868.88307090 60964.55647544 
-0.40000000 0.00000000 -600.62169310 60737.85083536 
-0.38000000 0.00000000 -600.67011032 60738.14276265 
-0.36000000 0.00000000 -600.63469232 60738.22726377 
-0.34000000 0.00000000 -600.59471557 60738.21386132 
-0.32000000 0.00000000 -600.54347510 60738.12216069 
-0.30000000 0.00000000 -870.01512979 60966.90082867 
-0.28000000 0.00000000 -870.15745574 60966.89373200 
-0.26000000 0.00000000 -600.18966678 60737.61755861 
-0.24000000 0.00000000 -600.01133350 60737.55089156 
-0.22000000 0.00000000 -599.83634254 60737.67929424 
-0.20000000 0.00000000 -599.44972761 60737.83577398 
-0.18000000 0.00000000 -866.18274879 60967.74969472 
-0.16000000 0.00000000 -863.17138152 60968.15701527 
-0.14000000 0.00000000 -597.54147801 60739.89339356 
-0.12000000 0.00000000 -595.85942935 60740.46675865 
-0.10000000 0.00000000 -594.22813558 60741.78542449 
-0.08000000 0.00000000 -592.16610325 60743.33982134 
-0.06000000 0.00000000 -828.21567357 60971.78483963 
-0.04000000 0.00000000 -816.70927259 60972.58530274 
-0.02000000 0.00000000 -587.40662130 60754.55257365 
0.00000000 0.00000000 -582.37141289 60755.46125167 
0.02000000 0.00000000 -577.30911064 60756.80936194 
0.04000000 0.00000000 -571.24995459 60757.13127784 
0.06000000 0.00000000 -612.35879635 60819.82324288 
0.08000000 0.00000000 -573.51264998 60778.00829347 
0.10000000 0.00000000 -568.27509993 60779.66876675 
0.12000000 0.00000000 -562.00031075 60779.36238469 
0.14000000 0.00000000 -159.18031792 59373.11098876 
0.16000000 0.00000000 -163.98539129 59434.93280407 
0.18000000 0.00000000 -544.65246116 60776.72101349 
0.20000000 0.00000000 -540.25379451 60776.84892256 
0.22000000 0.00000000 -535.31207720 60775.71197244 
0.24000000 0.00000000 -530.41004381 60774.33811036 
0.26000000 0.00000000 -513.07793347 60751.37729180 
0.28000000 0.00000000 -508.53206336 60749.79002397 
0.30000000 0.00000000 -504.20433036 60748.24786174 
0.32000000 0.00000000 -500.16322581 60746.68827891 
0.34000000 0.00000000 -496.59838958 60745.20059865 
0.36000000 0.00000000 -493.95422316 60744.32464027 
0.38000000 0.00000000 -492.11506882 60743.58884714 
0.40000000 0.00000000 -142.64133404 58436.60559912 
0.42000000 0.00000000 -142.53888497 58439.22953199 
0.44000000 0.00000000 -493.34185292 60744.18249055 
0.46000000 0.00000000 -496.01073680 60745.31924164 
0.48000000 0.00000000 -499.51873219 60746.64252363 
0.50000000 0.00000000 -503.92010743 60748.51412393 
0.52000000 0.00000000 -508.86871493 60750.58992378 
0.54000000 0.00000000 -514.08613799 60752.64556479 
0.56000000 0.00000000 -519.41044919 60754.61814380 
0.58000000 0.00000000 -537.81253361 60778.02141695 
0.60000000 0.00000000 -543.41244729 60779.85823134 
0.62000000 0.00000000 -548.97935846 60781.53605833 
0.64000000 0.00000000 -554.65716341 60783.20058251 
0.66000000 0.00000000 -176.53130916 59555.47264183 
0.68000000 0.00000000 -173.09615817 59519.10538372 
0.70000000 0.00000000 -572.60331454 60787.44759961 
0.72000000 0.00000000 -579.10430180 60788.70796900 
0.74000000 0.00000000 -585.13151049 60788.90208424 
0.76000000 0.00000000 -592.08361585 60790.03119937 
0.78000000 0.00000000 -597.40219195 60788.86373833 
0.80000000 0.00000000 -604.12328412 60789.50595364 
0.82000000 0.00000000 -610.64064878 60790.00587239 
0.84000000 0.00000000 -616.60104791 60790.09530123 
0.86000000 0.00000000 -662.45513222 60834.31567872 
0.88000000 0.00000000 -668.52258282 60834.21745797 
0.90000000 0.00000000 -586.42112606 60737.12737159 
0.92000000 0.00000000 -487.08552227 60593.40698458 
0.94000000 0.00000000 -682.31248867 60832.91954234 
0.96000000 0.00000000 -685.40690229 60832.19721316 
0.98000000 0.00000000 -737.97930712 60875.51707933 

