-1.00000000 0.00000000 -304.69340674 60304.87153381 
-0.98000000 0.00000000 -305.90323718 60305.33995402 
-0.96000000 0.00000000 -306.62035298 60304.69917749 
-0.94000000 0.00000000 -336.38382857 60409.61125443 
-0.92000000 0.00000000 -336.47497428 60407.52936366 
-0.90000000 0.00000000 -284.34338630 60209.51233705 
-0.88000000 0.00000000 -284.06796663 60207.27661174 
-0.86000000 0.00000000 -283.60065635 60204.50249855 
-0.84000000 0.00000000 -387.77101269 60566.12269354 
-0.82000000 0.00000000 -388.22841253 60566.43779831 
-0.80000000 0.00000000 -304.14953922 60284.91756550 
-0.78000000 0.00000000 -272.37407587 60154.12433476 
-0.76000000 0.00000000 -272.00979154 60152.08365528 
-0.74000000 0.00000000 -271.74710689 60150.50138945 
-0.72000000 0.00000000 -270.75946151 60145.72981742 
-0.70000000 0.00000000 -305.66341255 60288.22113084 
-0.68000000 0.00000000 -305.51591078 60287.45265775 
-0.66000000 0.00000000 -389.68057577 60565.01602744 
-0.64000000 0.00000000 -389.26250591 60564.14123275 
-0.62000000 0.00000000 -304.94840978 60286.18463359 
-0.60000000 0.00000000 -388.28876609 60563.46330760 
-0.58000000 0.00000000 -387.75842805 60563.73564842 
-0.56000000 0.00000000 -304.01669360 60286.26691650 
-0.54000000 0.00000000 -269.10325798 60143.38688310 
-0.52000000 0.00000000 -269.67297420 60147.55199728 
-0.50000000 0.00000000 -269.50413996 60148.42158726 
-0.48000000 0.00000000 -269.36233829 60149.35982274 
-0.46000000 0.00000000 -269.38692005 60150.93193456 
-0.44000000 0.00000000 -380.55515106 60559.95881425 
-0.42000000 0.00000000 -379.84853159 60559.62947326 
-0.40000000 0.00000000 -269.06867264 60152.60915438 
-0.38000000 0.00000000 -269.03488025 60152.99666466 
-0.36000000 0.00000000 -268.98773104 60153.08966346 
-0.34000000 0.00000000 -268.95592311 60153.05868322 
-0.32000000 0.00000000 -268.93136406 60152.92544604 
-0.30000000 0.00000000 -379.93327993 60563.05866229 
-0.28000000 0.00000000 -380.00042366 60563.12814212 
-0.26000000 0.00000000 -268.77150627 60152.15690397 
-0.24000000 0.00000000 -268.65976859 60152.00307055 
-0.22000000 0.00000000 -268.51288058 60152.09495640 
-0.20000000 0.00000000 -268.22848710 60152.13280515 
-0.18000000 0.00000000 -377.62871694 60562.10683196 
-0.16000000 0.00000000 -375.91530144 60561.03343342 
-0.14000000 0.00000000 -266.61657094 60153.91640453 
-0.12000000 0.00000000 -265.45241908 60153.92928652 
-0.10000000 0.00000000 -264.18547616 60154.89541622 
-0.08000000 0.00000000 -262.61160571 60155.97545490 
-0.06000000 0.00000000 -356.28313553 60547.47793019 
-0.04000000 0.00000000 -349.87849084 60542.64327253 
-0.02000000 0.00000000 -257.62345369 60167.99094007 
0.00000000 0.00000000 -254.34610919 60167.02926898 
0.02000000 0.00000000 -250.97550789 60166.61551872 
0.04000000 0.00000000 -247.16831100 60164.52342065 
0.06000000 0.00000000 -261.26996554 60259.75184248 
0.08000000 0.00000000 -244.94498177 60191.48412356 
0.10000000 0.00000000 -241.44223142 60191.41027844 
0.12000000 0.00000000 -237.63578000 60188.48009776 
0.14000000 0.00000000 -158.27769113 58286.24758421 
0.16000000 0.00000000 -152.90238611 58365.10604212 
0.18000000 0.00000000 -227.38765837 60178.25459246 
0.20000000 0.00000000 -224.65484250 60176.68604676 
0.22000000 0.00000000 -221.79596690 60173.33673728 
0.24000000 0.00000000 -219.00040764 60169.71841702 
0.26000000 0.00000000 -211.95085399 60134.34947835 
0.28000000 0.00000000 -209.38251545 60130.63932457 
0.30000000 0.00000000 -206.94190304 60127.07457929 
0.32000000 0.00000000 -204.68058041 60123.60151842 
0.34000000 0.00000000 -202.70186807 60120.40190272 
0.36000000 0.00000000 -201.19879088 60118.31601633 
0.38000000 0.00000000 -200.17272260 60116.70837708 
0.40000000 0.00000000 -320.94139472 57126.89248599 
0.42000000 0.00000000 -320.20677027 57130.02767300 
0.44000000 0.00000000 -200.84688103 60117.91383836 
0.46000000 0.00000000 -202.32741605 60120.33802228 
0.48000000 0.00000000 -204.29695153 60123.31388731 
0.50000000 0.00000000 -206.73194316 60127.31747135 
0.52000000 0.00000000 -209.46975926 60131.79064584 
0.54000000 0.00000000 -212.37282825 60136.34921058 
0.56000000 0.00000000 -215.35160510 60140.85400745 
0.58000000 0.00000000 -222.93574105 60177.23660177 
0.60000000 0.00000000 -226.06905212 60181.72514098 
0.62000000 0.00000000 -229.20608277 60186.01562599 
0.64000000 0.00000000 -232.41115170 60190.34848183 
0.66000000 0.00000000 -145.77710007 58519.54628585 
0.68000000 0.00000000 -148.33686470 58472.84338385 
0.70000000 0.00000000 -242.68778432 60202.88945139 
0.72000000 0.00000000 -246.44562592 60207.12774250 
0.74000000 0.00000000 -250.09145085 60209.86335694 
0.76000000 0.00000000 -254.13359002 60214.16768601 
0.78000000 0.00000000 -257.57750403 60214.94917091 
0.80000000 0.00000000 -261.55448580 60218.58970036 
0.82000000 0.00000000 -265.42772144 60221.98619181 
0.84000000 0.00000000 -269.03304980 60224.65118076 
0.86000000 0.00000000 -288.44285600 60299.63472005 
0.88000000 0.00000000 -292.05407674 60302.24053404 
0.90000000 0.00000000 -260.09603711 60145.83481927 
0.92000000 0.00000000 -221.65956496 59925.99634978 
0.94000000 0.00000000 -300.47232800 60306.88932611 
0.96000000 0.00000000 -302.45089647 60307.40927818 
0.98000000 0.00000000 -324.70494317 60385.43642351 

