-1.00000000 0.00000000 1056.18065367 54398.32578824 
-0.98000000 0.00000000 1058.67171423 54394.31399865 
-0.96000000 0.00000000 1062.53784518 54387.49154741 
-0.94000000 0.00000000 897.85616471 54777.71712855 
-0.92000000 0.00000000 902.22688876 54766.20959601 
-0.90000000 0.00000000 1262.18218815 54058.08818570 
-0.88000000 0.00000000 1268.42341021 54049.87704135 
-0.86000000 0.00000000 1275.68060111 54040.31335283 
-0.84000000 0.00000000 720.08410496 55421.98806795 
-0.82000000 0.00000000 720.21711247 55421.95576781 
-0.80000000 0.00000000 1107.94812584 54304.97019537 
-0.78000000 0.00000000 1402.52748665 53886.05249542 
-0.76000000 0.00000000 1408.51116639 53879.72516362 
-0.74000000 0.00000000 1413.32103845 53874.72731728 
-0.72000000 0.00000000 1426.62624595 53860.65981532 
-0.70000000 0.00000000 1104.32161728 54313.10695287 
-0.68000000 0.00000000 1106.05206994 54310.10415103 
-0.66000000 0.00000000 724.29332789 55407.00058163 
-0.64000000 0.00000000 725.00409498 55403.65584596 
-0.62000000 0.00000000 1107.70641638 54306.84508316 
-0.60000000 0.00000000 724.70369087 55404.05250370 
-0.58000000 0.00000000 723.61984134 55408.13530111 
-0.56000000 0.00000000 1103.90858266 54312.23094613 
-0.54000000 0.00000000 1426.06429256 53859.47827139 
-0.52000000 0.00000000 1412.69238749 53873.18954357 
-0.50000000 0.00000000 1408.10557699 53877.51812855 
-0.48000000 0.00000000 1403.43685646 53881.99187381 
-0.46000000 0.00000000 1397.30113095 53888.18062860 
-0.44000000 0.00000000 719.24988476 55419.44812658 
-0.42000000 0.00000000 718.77319902 55420.77768937 
-0.40000000 0.00000000 1388.81086465 53896.41094724 
-0.38000000 0.00000000 1387.17567705 53898.04344187 
-0.36000000 0.00000000 1386.66076714 53898.51788770 
-0.34000000 0.00000000 1386.77125711 53898.37830993 
-0.32000000 0.00000000 1387.37728808 53897.75480664 
-0.30000000 0.00000000 714.58785845 55439.51516277 
-0.28000000 0.00000000 714.73847725 55439.20999734 
-0.26000000 0.00000000 1390.48838803 53894.66916092 
-0.24000000 0.00000000 1390.91723051 53894.32168938 
-0.22000000 0.00000000 1390.25718319 53895.15069483 
-0.20000000 0.00000000 1389.08454188 53896.48490704 
-0.18000000 0.00000000 714.52704740 55442.17882338 
-0.16000000 0.00000000 714.24722906 55443.64648047 
-0.14000000 0.00000000 1375.28516603 53911.56728381 
-0.12000000 0.00000000 1369.52956233 53917.72129458 
-0.10000000 0.00000000 1359.71313895 53928.54809328 
-0.08000000 0.00000000 1347.92043117 53941.76168460 
-0.06000000 0.00000000 710.26269826 55461.14650216 
-0.04000000 0.00000000 709.00279249 55466.50039143 
-0.02000000 0.00000000 1281.57793669 54022.67068081 
0.00000000 0.00000000 1268.93673702 54038.43878661 
0.02000000 0.00000000 1254.05826042 54057.66290164 
0.04000000 0.00000000 1242.52070174 54072.59430241 
0.06000000 0.00000000 1033.02549557 54436.09967399 
0.08000000 0.00000000 1151.06469950 54212.14950411 
0.10000000 0.00000000 1136.43729762 54235.91995303 
0.12000000 0.00000000 1128.54005336 54248.61061170 
0.14000000 0.00000000 4182.85306310 61967.88399059 
0.16000000 0.00000000 4407.02626634 61707.36488868 
0.18000000 0.00000000 1113.10542069 54273.80277747 
0.20000000 0.00000000 1105.73765129 54286.75139493 
0.22000000 0.00000000 1102.44905706 54292.44749604 
0.24000000 0.00000000 1099.97826037 54296.76129706 
0.26000000 0.00000000 1164.06228937 54184.31915615 
0.28000000 0.00000000 1161.95918990 54187.62683191 
0.30000000 0.00000000 1159.89810376 54190.91552006 
0.32000000 0.00000000 1158.31709233 54193.44175816 
0.34000000 0.00000000 1157.26356687 54195.11476711 
0.36000000 0.00000000 1155.41628194 54198.14438029 
0.38000000 0.00000000 1154.61894526 54199.43853125 
0.40000000 0.00000000 1951.49043902 63452.79796541 
0.42000000 0.00000000 1955.29328831 63451.49040945 
0.44000000 0.00000000 1154.54455237 54199.56435064 
0.46000000 0.00000000 1155.25636352 54198.41063918 
0.48000000 0.00000000 1156.83934683 54195.81437320 
0.50000000 0.00000000 1157.76976157 54194.32676238 
0.52000000 0.00000000 1158.72426989 54192.80935866 
0.54000000 0.00000000 1160.04982724 54190.68561670 
0.56000000 0.00000000 1161.66975369 54188.09280878 
0.58000000 0.00000000 1096.74761976 54302.37573364 
0.60000000 0.00000000 1098.09369904 54299.96900624 
0.62000000 0.00000000 1099.75371971 54297.04157545 
0.64000000 0.00000000 1101.37566751 54294.26821217 
0.66000000 0.00000000 4839.74003493 61095.19669176 
0.68000000 0.00000000 4702.19434967 61306.15059268 
0.70000000 0.00000000 1109.03535126 54281.50427599 
0.72000000 0.00000000 1112.43095660 54276.00311961 
0.74000000 0.00000000 1119.32451300 54264.40531726 
0.76000000 0.00000000 1123.36654325 54258.11156590 
0.78000000 0.00000000 1134.71610698 54239.23984433 
0.80000000 0.00000000 1140.10831594 54231.02454732 
0.82000000 0.00000000 1145.63711593 54222.74109244 
0.84000000 0.00000000 1152.08790721 54213.06109159 
0.86000000 0.00000000 1020.20363543 54464.80566047 
0.88000000 0.00000000 1024.65757738 54456.45534190 
0.90000000 0.00000000 1368.93387314 53913.79686696 
0.92000000 0.00000000 2125.66985956 53407.83805963 
0.94000000 0.00000000 1038.29461615 54431.43505738 
0.96000000 0.00000000 1042.91248841 54423.08187407 
0.98000000 0.00000000 921.83979470 54707.78520402 

