-1.00000000 0.00000000 340.61815109 61338.64422664 
-0.98000000 0.00000000 340.61815109 61338.64422664 
-0.96000000 0.00000000 340.61815109 61338.64422664 
-0.94000000 0.00000000 340.61815109 61338.64422664 
-0.92000000 0.00000000 340.61815109 61338.64422664 
-0.90000000 0.00000000 340.61815109 61338.64422664 
-0.88000000 0.00000000 340.61815109 61338.64422664 
-0.86000000 0.00000000 340.61815109 61338.64422664 
-0.84000000 0.00000000 340.61815109 61338.64422664 
-0.82000000 0.00000000 340.61815109 61338.64422664 
-0.80000000 0.00000000 340.61815109 61338.64422664 
-0.78000000 0.00000000 340.61815109 61338.64422664 
-0.76000000 0.00000000 340.61815109 61338.64422664 
-0.74000000 0.00000000 340.61815109 61338.64422664 
-0.72000000 0.00000000 340.61815109 61338.64422664 
-0.70000000 0.00000000 340.61815109 61338.64422664 
-0.68000000 0.00000000 340.61815109 61338.64422664 
-0.66000000 0.00000000 340.61815109 61338.64422664 
-0.64000000 0.00000000 340.61815109 61338.64422664 
-0.62000000 0.00000000 340.61815109 61338.64422664 
-0.60000000 0.00000000 340.61815109 61338.64422664 
-0.58000000 0.00000000 340.61815109 61338.64422664 
-0.56000000 0.00000000 340.61815109 61338.64422664 
-0.54000000 0.00000000 340.61815109 61338.64422664 
-0.52000000 0.00000000 340.61815109 61338.64422664 
-0.50000000 0.00000000 340.61815109 61338.64422664 
-0.48000000 0.00000000 340.61815109 61338.64422664 
-0.46000000 0.00000000 340.61815109 61338.64422664 
-0.44000000 0.00000000 340.61815109 61338.64422664 
-0.42000000 0.00000000 340.61815109 61338.64422664 
-0.40000000 0.00000000 340.61815109 61338.64422664 
-0.38000000 0.00000000 340.61815109 61338.64422664 
-0.36000000 0.00000000 340.61815109 61338.64422664 
-0.34000000 0.00000000 340.61815109 61338.64422664 
-0.32000000 0.00000000 340.61815109 61338.64422664 
-0.30000000 0.00000000 340.61815109 61338.64422664 
-0.28000000 0.00000000 340.61815109 61338.64422664 
-0.26000000 0.00000000 340.61815109 61338.64422664 
-0.24000000 0.00000000 340.61815109 61338.64422664 
-0.22000000 0.00000000 340.61815109 61338.64422664 
-0.20000000 0.00000000 340.61815109 61338.64422664 
-0.18000000 0.00000000 340.61815109 61338.64422664 
-0.16000000 0.00000000 340.61815109 61338.64422664 
-0.14000000 0.00000000 340.61815109 61338.64422664 
-0.12000000 0.00000000 340.61815109 61338.64422664 
-0.10000000 0.00000000 340.61815109 61338.64422664 
-0.08000000 0.00000000 340.61815109 61338.64422664 
-0.06000000 0.00000000 340.61815109 61338.64422664 
-0.04000000 0.00000000 340.61815109 61338.64422664 
-0.02000000 0.00000000 340.61815109 61338.64422664 
0.00000000 0.00000000 340.61815109 61338.64422664 
0.02000000 0.00000000 340.61815109 61338.64422664 
0.04000000 0.00000000 340.61815109 61338.64422664 
0.06000000 0.00000000 340.61815109 61338.64422664 
0.08000000 0.00000000 340.61815109 61338.64422664 
0.10000000 0.00000000 340.61815109 61338.64422664 
0.12000000 0.00000000 340.61815109 61338.64422664 
0.14000000 0.00000000 340.61815109 61338.64422664 
0.16000000 0.00000000 340.61815109 61338.64422664 
0.18000000 0.00000000 340.61815109 61338.64422664 
0.20000000 0.00000000 340.61815109 61338.64422664 
0.22000000 0.00000000 340.61815109 61338.64422664 
0.24000000 0.00000000 340.61815109 61338.64422664 
0.26000000 0.00000000 340.61815109 61338.64422664 
0.28000000 0.00000000 340.61815109 61338.64422664 
0.30000000 0.00000000 340.61815109 61338.64422664 
0.32000000 0.00000000 340.61815109 61338.64422664 
0.34000000 0.00000000 340.61815109 61338.64422664 
0.36000000 0.00000000 340.61815109 61338.64422664 
0.38000000 0.00000000 340.61815109 61338.64422664 
0.40000000 0.00000000 340.61815109 61338.64422664 
0.42000000 0.00000000 340.61815109 61338.64422664 
0.44000000 0.00000000 340.61815109 61338.64422664 
0.46000000 0.00000000 340.61815109 61338.64422664 
0.48000000 0.00000000 340.61815109 61338.64422664 
0.50000000 0.00000000 340.61815109 61338.64422664 
0.52000000 0.00000000 340.61815109 61338.64422664 
0.54000000 0.00000000 340.61815109 61338.64422664 
0.56000000 0.00000000 340.61815109 61338.64422664 
0.58000000 0.00000000 340.61815109 61338.64422664 
0.60000000 0.00000000 340.61815109 61338.64422664 
0.62000000 0.00000000 340.61815109 61338.64422664 
0.64000000 0.00000000 340.61815109 61338.64422664 
0.66000000 0.00000000 340.61815109 61338.64422664 
0.68000000 0.00000000 340.61815109 61338.64422664 
0.70000000 0.00000000 340.61815109 61338.64422664 
0.72000000 0.00000000 340.61815109 61338.64422664 
0.74000000 0.00000000 340.61815109 61338.64422664 
0.76000000 0.00000000 340.61815109 61338.64422664 
0.78000000 0.00000000 340.61815109 61338.64422664 
0.80000000 0.00000000 340.61815109 61338.64422664 
0.82000000 0.00000000 340.61815109 61338.64422664 
0.84000000 0.00000000 340.61815109 61338.64422664 
0.86000000 0.00000000 340.61815109 61338.64422664 
0.88000000 0.00000000 340.61815109 61338.64422664 
0.90000000 0.00000000 340.61815109 61338.64422664 
0.92000000 0.00000000 340.61815109 61338.64422664 
0.94000000 0.00000000 340.61815109 61338.64422664 
0.96000000 0.00000000 340.61815109 61338.64422664 
0.98000000 0.00000000 340.61815109 61338.64422664 

