-1.00000000 0.00000000 -161.64146115 57835.07873383 
-0.98000000 0.00000000 -162.19504477 57836.58228044 
-0.96000000 0.00000000 -162.96300736 57835.89551239 
-0.94000000 0.00000000 -133.32379840 58032.81322118 
-0.92000000 0.00000000 -134.30254228 58029.29322318 
-0.90000000 0.00000000 -194.46960517 57661.08393353 
-0.88000000 0.00000000 -195.42878202 57657.09221288 
-0.86000000 0.00000000 -196.52615780 57652.08046997 
-0.84000000 0.00000000 -95.24587288 58332.71397325 
-0.82000000 0.00000000 -95.35388711 58333.53935640 
-0.80000000 0.00000000 -170.91290270 57800.48601987 
-0.78000000 0.00000000 -214.46045499 57560.36203171 
-0.76000000 0.00000000 -215.27821285 57556.68501026 
-0.74000000 0.00000000 -215.92902672 57553.84378531 
-0.72000000 0.00000000 -217.72040663 57545.21898020 
-0.70000000 0.00000000 -170.36903185 57806.92287483 
-0.68000000 0.00000000 -170.64535760 57805.52066928 
-0.66000000 0.00000000 -96.66194018 58332.06745328 
-0.64000000 0.00000000 -96.80791204 58330.29440911 
-0.62000000 0.00000000 -170.88349230 57803.01321023 
-0.60000000 0.00000000 -96.60691087 58328.46596775 
-0.58000000 0.00000000 -96.24254263 58328.55543773 
-0.56000000 0.00000000 -170.21998745 57802.58957694 
-0.54000000 0.00000000 -217.68601763 57540.31681302 
-0.52000000 0.00000000 -215.89884764 57547.66975517 
-0.50000000 0.00000000 -215.29812084 57549.05147507 
-0.48000000 0.00000000 -214.68164216 57550.56537627 
-0.46000000 0.00000000 -213.85736925 57553.24298280 
-0.44000000 0.00000000 -94.22476757 58317.15379374 
-0.42000000 0.00000000 -94.00465333 58316.11402232 
-0.40000000 0.00000000 -212.69297516 57555.93773053 
-0.38000000 0.00000000 -212.45016709 57556.59080010 
-0.36000000 0.00000000 -212.35216928 57556.74179114 
-0.34000000 0.00000000 -212.33093519 57556.69471799 
-0.32000000 0.00000000 -212.36903278 57556.48181332 
-0.30000000 0.00000000 -92.64547446 58322.09732518 
-0.28000000 0.00000000 -92.64225224 58322.29709813 
-0.26000000 0.00000000 -212.61718895 57555.18632777 
-0.24000000 0.00000000 -212.60678720 57554.89659313 
-0.22000000 0.00000000 -212.44578314 57555.00035567 
-0.20000000 0.00000000 -212.21747366 57554.93179066 
-0.18000000 0.00000000 -91.91768632 58319.14909366 
-0.16000000 0.00000000 -91.54003318 58316.19394108 
-0.14000000 0.00000000 -210.16277817 57557.06249471 
-0.12000000 0.00000000 -209.34761528 57556.40910051 
-0.10000000 0.00000000 -207.98209905 57557.28334630 
-0.08000000 0.00000000 -206.35448730 57558.15188929 
-0.06000000 0.00000000 -87.62925000 58279.92484427 
-0.04000000 0.00000000 -86.46216901 58267.38849264 
-0.02000000 0.00000000 -196.96219301 57575.22692392 
0.00000000 0.00000000 -195.22651770 57571.58452258 
0.02000000 0.00000000 -193.15674607 57568.79413189 
0.04000000 0.00000000 -191.61435659 57562.92013926 
0.06000000 0.00000000 -155.88603669 57731.44444022 
0.08000000 0.00000000 -177.14681007 57606.61338477 
0.10000000 0.00000000 -174.90057089 57604.28267075 
0.12000000 0.00000000 -173.82048918 57596.97976591 
0.14000000 0.00000000 -2195.70721411 55570.90183938 
0.16000000 0.00000000 -2046.05641224 55532.53690116 
0.18000000 0.00000000 -172.15923126 57573.38037447 
0.20000000 0.00000000 -171.25190936 57568.99612070 
0.22000000 0.00000000 -171.12940596 57561.53984747 
0.24000000 0.00000000 -171.20121299 57553.65537636 
0.26000000 0.00000000 -183.52445866 57490.12245483 
0.28000000 0.00000000 -183.81638576 57482.20300791 
0.30000000 0.00000000 -184.11990379 57474.59690269 
0.32000000 0.00000000 -184.48277379 57467.25596398 
0.34000000 0.00000000 -184.87561300 57460.55823285 
0.36000000 0.00000000 -185.01442473 57456.03450780 
0.38000000 0.00000000 -185.19834165 57452.63765542 
0.40000000 0.00000000 -3664.28570490 58047.03921537 
0.42000000 0.00000000 -3663.98757822 58037.67877842 
0.44000000 0.00000000 -185.06144447 57455.08474770 
0.46000000 0.00000000 -184.78105457 57460.13908392 
0.48000000 0.00000000 -184.51511826 57466.45198991 
0.50000000 0.00000000 -184.02545556 57474.79202130 
0.52000000 0.00000000 -183.48035176 57484.11740175 
0.54000000 0.00000000 -182.98344376 57493.69142883 
0.56000000 0.00000000 -182.55436174 57503.21680602 
0.58000000 0.00000000 -170.09118561 57568.82801280 
0.60000000 0.00000000 -169.79440567 57578.40491034 
0.62000000 0.00000000 -169.61755624 57587.63519940 
0.64000000 0.00000000 -169.49626520 57596.96239431 
0.66000000 0.00000000 -1765.06460798 55512.77673503 
0.68000000 0.00000000 -1849.32628157 55513.20596958 
0.70000000 0.00000000 -169.96957923 57624.52652416 
0.72000000 0.00000000 -170.36807914 57634.01006315 
0.74000000 0.00000000 -171.41474815 57640.90485320 
0.76000000 0.00000000 -171.99187310 57650.67669080 
0.78000000 0.00000000 -173.84580717 57654.16535364 
0.80000000 0.00000000 -174.69974409 57662.77991729 
0.82000000 0.00000000 -175.59993805 57670.91715868 
0.84000000 0.00000000 -176.67177187 57677.65320815 
0.86000000 0.00000000 -154.05253090 57816.13975047 
0.88000000 0.00000000 -155.05991850 57822.82641665 
0.90000000 0.00000000 -209.51509203 57539.92495527 
0.92000000 0.00000000 -301.98555606 57153.10280692 
0.94000000 0.00000000 -158.07195354 57835.95359651 
0.96000000 0.00000000 -159.05441539 57838.04767470 
0.98000000 0.00000000 -137.20217700 57984.38804046 

