-1.00000000 0.00000000 -1270.45844823 57482.05568841 
-0.98000000 0.00000000 -1268.83087345 57484.77962097 
-0.96000000 0.00000000 -1268.34625857 57486.52213993 
-0.94000000 0.00000000 -1188.95405003 57539.76865908 
-0.92000000 0.00000000 -1189.81837619 57540.28117207 
-0.90000000 0.00000000 -1342.54910682 57450.65901066 
-0.88000000 0.00000000 -1344.18949307 57450.36251741 
-0.86000000 0.00000000 -1346.35241511 57449.72478921 
-0.84000000 0.00000000 -1080.10459511 57633.70536665 
-0.82000000 0.00000000 -1079.66634141 57634.67172096 
-0.80000000 0.00000000 -1281.46532709 57483.54391894 
-0.78000000 0.00000000 -1388.06109390 57433.25852922 
-0.76000000 0.00000000 -1389.73785623 57432.77847141 
-0.74000000 0.00000000 -1391.01861927 57432.44333010 
-0.72000000 0.00000000 -1394.98986717 57431.10138904 
-0.70000000 0.00000000 -1278.37882128 57486.32147305 
-0.68000000 0.00000000 -1278.94113720 57486.07261263 
-0.66000000 0.00000000 -1079.15621449 57638.01865672 
-0.64000000 0.00000000 -1079.82806335 57637.19710990 
-0.62000000 0.00000000 -1280.23349865 57484.92730358 
-0.60000000 0.00000000 -1080.90902350 57635.06993599 
-0.58000000 0.00000000 -1081.27145451 57633.80941082 
-0.56000000 0.00000000 -1281.26397294 57482.81469842 
-0.54000000 0.00000000 -1398.47479863 57427.93088590 
-0.52000000 0.00000000 -1395.39707392 57428.46083327 
-0.50000000 0.00000000 -1395.10309266 57427.98013854 
-0.48000000 0.00000000 -1394.73184813 57427.54623324 
-0.46000000 0.00000000 -1393.79120128 57427.35911571 
-0.44000000 0.00000000 -1088.90607324 57618.00548823 
-0.42000000 0.00000000 -1089.63092024 57616.44727928 
-0.40000000 0.00000000 -1393.11747334 57426.46485763 
-0.38000000 0.00000000 -1392.87757195 57426.34454757 
-0.36000000 0.00000000 -1392.80799158 57426.24261259 
-0.34000000 0.00000000 -1392.77761544 57426.19141639 
-0.32000000 0.00000000 -1392.78575672 57426.16996759 
-0.30000000 0.00000000 -1088.02368546 57616.05038652 
-0.28000000 0.00000000 -1087.86210614 57616.17528931 
-0.26000000 0.00000000 -1393.10172771 57425.96135755 
-0.24000000 0.00000000 -1393.23717132 57425.73819999 
-0.22000000 0.00000000 -1393.30369170 57425.38896579 
-0.20000000 0.00000000 -1393.61484621 57424.74279520 
-0.18000000 0.00000000 -1090.11852525 57610.65179449 
-0.16000000 0.00000000 -1092.09939484 57606.78911913 
-0.14000000 0.00000000 -1395.01363168 57420.78508063 
-0.12000000 0.00000000 -1396.82524995 57418.17843965 
-0.10000000 0.00000000 -1398.39463154 57415.15769578 
-0.08000000 0.00000000 -1400.47525008 57411.43223019 
-0.06000000 0.00000000 -1117.06286696 57562.67499296 
-0.04000000 0.00000000 -1125.88309660 57548.27715493 
-0.02000000 0.00000000 -1403.46234821 57397.93638137 
0.00000000 0.00000000 -1409.74566856 57390.86859270 
0.02000000 0.00000000 -1416.07026736 57383.52915259 
0.04000000 0.00000000 -1424.09730230 57375.63355184 
0.06000000 0.00000000 -1356.98319512 57388.31365117 
0.08000000 0.00000000 -1416.23679085 57365.22846407 
0.10000000 0.00000000 -1423.01727363 57357.61588762 
0.12000000 0.00000000 -1431.78627179 57350.00705404 
0.14000000 0.00000000 -2367.71166977 58930.24329403 
0.16000000 0.00000000 -2384.32521436 58823.24148283 
0.18000000 0.00000000 -1457.29119273 57330.49294028 
0.20000000 0.00000000 -1463.85714883 57325.16754751 
0.22000000 0.00000000 -1471.62641314 57320.04187415 
0.24000000 0.00000000 -1479.53563376 57315.18293165 
0.26000000 0.00000000 -1511.48405300 57309.49734025 
0.28000000 0.00000000 -1519.39308703 57305.47659655 
0.30000000 0.00000000 -1527.05505507 57301.74352891 
0.32000000 0.00000000 -1534.33509100 57298.39722680 
0.34000000 0.00000000 -1540.85705774 57295.56774507 
0.36000000 0.00000000 -1545.71473715 57293.37064461 
0.38000000 0.00000000 -1549.13996895 57291.93889095 
0.40000000 0.00000000 -1782.98557234 60045.47834562 
0.42000000 0.00000000 -1784.83637940 60043.79590029 
0.44000000 0.00000000 -1546.88451901 57292.87950317 
0.46000000 0.00000000 -1541.95170173 57294.96324837 
0.48000000 0.00000000 -1535.54263830 57297.84042163 
0.50000000 0.00000000 -1527.55878702 57301.38619895 
0.52000000 0.00000000 -1518.70679411 57305.47208785 
0.54000000 0.00000000 -1509.53658796 57309.95285771 
0.56000000 0.00000000 -1500.35554030 57314.69833888 
0.58000000 0.00000000 -1467.06987890 57321.63770246 
0.60000000 0.00000000 -1458.10038457 57327.13173642 
0.62000000 0.00000000 -1449.38945883 57332.77100783 
0.64000000 0.00000000 -1440.69540534 57338.63437882 
0.66000000 0.00000000 -2399.67408444 58612.06552247 
0.68000000 0.00000000 -2396.68610616 58676.86588870 
0.70000000 0.00000000 -1414.49175056 57358.25740352 
0.72000000 0.00000000 -1405.40779586 57365.67856025 
0.74000000 0.00000000 -1397.34332537 57373.23211744 
0.76000000 0.00000000 -1388.02101971 57381.42678486 
0.78000000 0.00000000 -1381.46550072 57389.03690367 
0.80000000 0.00000000 -1372.86754307 57397.34124522 
0.82000000 0.00000000 -1364.72408668 57405.51410477 
0.84000000 0.00000000 -1357.51368642 57413.25897541 
0.86000000 0.00000000 -1295.01786042 57444.76891499 
0.88000000 0.00000000 -1288.60011563 57452.82737578 
0.90000000 0.00000000 -1408.72678839 57408.36409126 
0.92000000 0.00000000 -1594.34118503 57382.73484966 
0.94000000 0.00000000 -1274.88979926 57471.86356916 
0.96000000 0.00000000 -1272.08452372 57476.41862912 
0.98000000 0.00000000 -1211.65902636 57516.14825400 

