-1.00000000 0.00000000 -769.83088205 58912.20575039 
-0.98000000 0.00000000 -770.67521119 58914.39008290 
-0.96000000 0.00000000 -771.42845058 58915.25286143 
-0.94000000 0.00000000 -767.58412419 59004.65002633 
-0.92000000 0.00000000 -768.23007723 59003.94636057 
-0.90000000 0.00000000 -778.35083170 58835.52215795 
-0.88000000 0.00000000 -778.74166761 58833.87701585 
-0.86000000 0.00000000 -779.11540290 58831.65398859 
-0.84000000 0.00000000 -765.55690464 59134.25242977 
-0.82000000 0.00000000 -765.83111206 59134.94765990 
-0.80000000 0.00000000 -774.80472997 58901.94255560 
-0.78000000 0.00000000 -783.21454853 58787.81098303 
-0.76000000 0.00000000 -783.45743923 58786.09243258 
-0.74000000 0.00000000 -783.65859036 58784.78683047 
-0.72000000 0.00000000 -784.09980384 58780.66404796 
-0.70000000 0.00000000 -775.15356130 58905.59173885 
-0.68000000 0.00000000 -775.22794160 58904.99434031 
-0.66000000 0.00000000 -767.24751751 59136.39424777 
-0.64000000 0.00000000 -767.16479036 59135.52274919 
-0.62000000 0.00000000 -775.09398187 58903.48763870 
-0.60000000 0.00000000 -766.62991190 59133.90102125 
-0.58000000 0.00000000 -766.17805845 59133.20817788 
-0.56000000 0.00000000 -774.35552286 58902.00731305 
-0.54000000 0.00000000 -783.39156037 58776.65299326 
-0.52000000 0.00000000 -782.78359309 58779.74555312 
-0.50000000 0.00000000 -782.43604615 58779.93169450 
-0.48000000 0.00000000 -782.09089347 58780.20159847 
-0.46000000 0.00000000 -781.71255310 58781.07316616 
-0.44000000 0.00000000 -762.01677884 59121.53414290 
-0.42000000 0.00000000 -761.58798698 59120.40870600 
-0.40000000 0.00000000 -781.01774152 58781.53346251 
-0.38000000 0.00000000 -780.87499373 58781.73683592 
-0.36000000 0.00000000 -780.79026795 58781.77851743 
-0.34000000 0.00000000 -780.74264849 58781.79236274 
-0.32000000 0.00000000 -780.72052795 58781.77505808 
-0.30000000 0.00000000 -760.55651572 59121.81642590 
-0.28000000 0.00000000 -760.52097085 59122.00203196 
-0.26000000 0.00000000 -780.65085402 58781.41756294 
-0.24000000 0.00000000 -780.55062227 58781.24316469 
-0.22000000 0.00000000 -780.36153968 58781.11482209 
-0.20000000 0.00000000 -780.08374141 58780.69604816 
-0.18000000 0.00000000 -758.71953352 59118.36989749 
-0.16000000 0.00000000 -757.71410852 59115.44879820 
-0.14000000 0.00000000 -778.30868868 58778.64227919 
-0.12000000 0.00000000 -777.42126719 58776.42336130 
-0.10000000 0.00000000 -776.24746451 58774.37364454 
-0.08000000 0.00000000 -774.84959171 58771.70692476 
-0.06000000 0.00000000 -747.35429016 59080.01293772 
-0.04000000 0.00000000 -744.21773105 59067.86927543 
-0.02000000 0.00000000 -768.57350011 58766.48915277 
0.00000000 0.00000000 -766.61444257 58759.17194108 
0.02000000 0.00000000 -764.51277834 58751.78151971 
0.04000000 0.00000000 -762.55675289 58742.66416910 
0.06000000 0.00000000 -750.28263873 58809.60836075 
0.08000000 0.00000000 -755.20453613 58748.41316447 
0.10000000 0.00000000 -753.12331940 58740.54835001 
0.12000000 0.00000000 -751.53166969 58730.79578291 
0.14000000 0.00000000 -1404.68317680 57429.80884178 
0.16000000 0.00000000 -1356.33792528 57459.64099426 
0.18000000 0.00000000 -748.04148299 58703.01040725 
0.20000000 0.00000000 -746.97084594 58695.83432879 
0.22000000 0.00000000 -746.26330208 58687.56208303 
0.24000000 0.00000000 -745.70118390 58679.21781106 
0.26000000 0.00000000 -749.71071744 58647.90009766 
0.28000000 0.00000000 -749.40613120 58639.73869925 
0.30000000 0.00000000 -749.16731821 58631.86858611 
0.32000000 0.00000000 -749.01390652 58624.43095472 
0.34000000 0.00000000 -748.93719469 58617.80039344 
0.36000000 0.00000000 -748.82973032 58612.85186030 
0.38000000 0.00000000 -748.80448267 58609.38196548 
0.40000000 0.00000000 -2169.78500785 57590.63058338 
0.42000000 0.00000000 -2168.02598236 57588.58645917 
0.44000000 0.00000000 -748.85109596 58611.66069181 
0.46000000 0.00000000 -748.91010436 58616.65906547 
0.48000000 0.00000000 -749.04559768 58623.18444915 
0.50000000 0.00000000 -749.16897576 58631.31573458 
0.52000000 0.00000000 -749.34331930 58640.36605951 
0.54000000 0.00000000 -749.60346368 58649.79349347 
0.56000000 0.00000000 -749.95124275 58659.28759232 
0.58000000 0.00000000 -746.04332647 58692.11480886 
0.60000000 0.00000000 -746.61120179 58701.58640874 
0.62000000 0.00000000 -747.28446628 58710.85541454 
0.64000000 0.00000000 -748.04820103 58720.16654788 
0.66000000 0.00000000 -1268.78800657 57529.11509095 
0.68000000 0.00000000 -1295.22607952 57506.83862692 
0.70000000 0.00000000 -751.16180614 58748.69883881 
0.72000000 0.00000000 -752.48739911 58758.74610173 
0.74000000 0.00000000 -754.12061194 58767.86203380 
0.76000000 0.00000000 -755.70017189 58778.32675938 
0.78000000 0.00000000 -757.72897472 58786.04282132 
0.80000000 0.00000000 -759.50442904 58795.87677787 
0.82000000 0.00000000 -761.31034321 58805.27226236 
0.84000000 0.00000000 -763.14564676 58813.70789804 
0.86000000 0.00000000 -759.12869340 58880.48313134 
0.88000000 0.00000000 -761.05984964 58888.37194081 
0.90000000 0.00000000 -775.50514498 58763.02712237 
0.92000000 0.00000000 -802.14870933 58577.39302633 
0.94000000 0.00000000 -766.07678342 58905.69120164 
0.96000000 0.00000000 -767.44444395 58909.39593192 
0.98000000 0.00000000 -764.74024775 58976.99388803 

