-1.00000000 0.00000000 403.45165224 63818.33582550 
-0.98000000 0.00000000 403.26631167 63818.33437622 
-0.96000000 0.00000000 402.93281948 63818.33190450 
-0.94000000 0.00000000 426.08328091 63818.43735515 
-0.92000000 0.00000000 425.33722536 63818.43545965 
-0.90000000 0.00000000 387.16526168 63818.19721003 
-0.88000000 0.00000000 386.82540032 63818.19363444 
-0.86000000 0.00000000 386.42656395 63818.18943733 
-0.84000000 0.00000000 480.27654559 63818.25770148 
-0.82000000 0.00000000 480.28128182 63818.25745929 
-0.80000000 0.00000000 398.86920120 63818.30101750 
-0.78000000 0.00000000 379.94657575 63818.11826643 
-0.76000000 0.00000000 379.70413085 63818.11535821 
-0.74000000 0.00000000 379.51609194 63818.11307782 
-0.72000000 0.00000000 378.95444410 63818.10641344 
-0.70000000 0.00000000 399.35798825 63818.30424440 
-0.68000000 0.00000000 399.21837664 63818.30310426 
-0.66000000 0.00000000 478.77203254 63818.26927275 
-0.64000000 0.00000000 478.42699864 63818.27214612 
-0.62000000 0.00000000 399.07059960 63818.30187411 
-0.60000000 0.00000000 478.46194314 63818.27187163 
-0.58000000 0.00000000 478.87743437 63818.26841418 
-0.56000000 0.00000000 399.32652319 63818.30394178 
-0.54000000 0.00000000 378.92450102 63818.10598085 
-0.52000000 0.00000000 379.47554049 63818.11250533 
-0.50000000 0.00000000 379.64090330 63818.11450004 
-0.48000000 0.00000000 379.81283514 63818.11656381 
-0.46000000 0.00000000 380.05711999 63818.11945201 
-0.44000000 0.00000000 479.98780279 63818.25972818 
-0.42000000 0.00000000 480.12021872 63818.25865445 
-0.40000000 0.00000000 380.37621997 63818.12324357 
-0.38000000 0.00000000 380.44167910 63818.12400751 
-0.36000000 0.00000000 380.46144676 63818.12423437 
-0.34000000 0.00000000 380.45770855 63818.12418119 
-0.32000000 0.00000000 380.43535522 63818.12390679 
-0.30000000 0.00000000 482.08222187 63818.24104832 
-0.28000000 0.00000000 482.05126936 63818.24128628 
-0.26000000 0.00000000 380.32034339 63818.12252055 
-0.24000000 0.00000000 380.30869700 63818.12237403 
-0.22000000 0.00000000 380.34383231 63818.12277658 
-0.20000000 0.00000000 380.39728463 63818.12340424 
-0.18000000 0.00000000 482.34613298 63818.23859600 
-0.16000000 0.00000000 482.48688427 63818.23740424 
-0.14000000 0.00000000 380.99715561 63818.13042035 
-0.12000000 0.00000000 381.23629589 63818.13323627 
-0.10000000 0.00000000 381.66701999 63818.13822298 
-0.08000000 0.00000000 382.19532534 63818.14428628 
-0.06000000 0.00000000 484.18296378 63818.22276336 
-0.04000000 0.00000000 484.70317083 63818.21817189 
-0.02000000 0.00000000 385.55034245 63818.18110017 
0.00000000 0.00000000 386.19720417 63818.18806460 
0.02000000 0.00000000 386.99963041 63818.19653805 
0.04000000 0.00000000 387.61811862 63818.20304367 
0.06000000 0.00000000 405.31359399 63818.34914443 
0.08000000 0.00000000 393.94401073 63818.26300069 
0.10000000 0.00000000 395.04324183 63818.27274897 
0.12000000 0.00000000 395.62179518 63818.27787832 
0.14000000 0.00000000 323.43731710 63817.14109428 
0.16000000 0.00000000 323.82467117 63817.15007889 
0.18000000 0.00000000 396.77289268 63818.28796716 
0.20000000 0.00000000 397.39346133 63818.29313960 
0.22000000 0.00000000 397.66172264 63818.29540335 
0.24000000 0.00000000 397.86522748 63818.29711873 
0.26000000 0.00000000 392.43228882 63818.25087857 
0.28000000 0.00000000 392.58121193 63818.25228585 
0.30000000 0.00000000 392.73105990 63818.25368701 
0.32000000 0.00000000 392.84645673 63818.25476534 
0.34000000 0.00000000 392.92272417 63818.25548181 
0.36000000 0.00000000 393.06371850 63818.25676902 
0.38000000 0.00000000 393.12355904 63818.25731978 
0.40000000 0.00000000 319.78734032 63817.05577960 
0.42000000 0.00000000 319.79294033 63817.05591371 
0.44000000 0.00000000 393.12834659 63818.25736305 
0.46000000 0.00000000 393.07412069 63818.25686428 
0.48000000 0.00000000 392.95213891 63818.25575185 
0.50000000 0.00000000 392.88260878 63818.25510370 
0.52000000 0.00000000 392.81184743 63818.25444018 
0.54000000 0.00000000 392.71281238 63818.25351814 
0.56000000 0.00000000 392.59215670 63818.25239637 
0.58000000 0.00000000 398.12235577 63818.29927068 
0.60000000 0.00000000 398.00503825 63818.29829983 
0.62000000 0.00000000 397.86306705 63818.29712503 
0.64000000 0.00000000 397.73040759 63818.29601439 
0.66000000 0.00000000 324.72313637 63817.17084370 
0.68000000 0.00000000 324.42264888 63817.16396214 
0.70000000 0.00000000 397.12533946 63818.29093076 
0.72000000 0.00000000 396.86745087 63818.28873952 
0.74000000 0.00000000 396.31367808 63818.28408170 
0.76000000 0.00000000 396.02359839 63818.28155748 
0.78000000 0.00000000 395.12675010 63818.27387319 
0.80000000 0.00000000 394.75144459 63818.27052838 
0.82000000 0.00000000 394.37592646 63818.26714497 
0.84000000 0.00000000 393.93668161 63818.26316821 
0.86000000 0.00000000 406.83917965 63818.35908545 
0.88000000 0.00000000 406.40948665 63818.35624713 
0.90000000 0.00000000 380.71045817 63818.12915244 
0.92000000 0.00000000 359.56985368 63817.84183858 
0.94000000 0.00000000 405.13596634 63818.34758949 
0.96000000 0.00000000 404.71492866 63818.34465181 
0.98000000 0.00000000 421.41311555 63818.42563799 

