-1.00000000 0.00000000 -1424.32761042 58478.39734737 
-0.98000000 0.00000000 -1423.93614418 58479.33550509 
-0.96000000 0.00000000 -1423.82215951 58480.01497418 
-0.94000000 0.00000000 -1405.91099963 58489.39336878 
-0.92000000 0.00000000 -1406.10498549 58489.76693151 
-0.90000000 0.00000000 -1440.34507403 58474.46013688 
-0.88000000 0.00000000 -1440.75542048 58474.51064664 
-0.86000000 0.00000000 -1441.27931528 58474.47160211 
-0.84000000 0.00000000 -1380.83800749 58505.98134053 
-0.82000000 0.00000000 -1380.73418484 58506.26381240 
-0.80000000 0.00000000 -1427.00004359 58480.57273292 
-0.78000000 0.00000000 -1450.55502698 58471.70405345 
-0.76000000 0.00000000 -1450.94707232 58471.64480821 
-0.74000000 0.00000000 -1451.24712329 58471.61037855 
-0.72000000 0.00000000 -1452.12632363 58471.39313563 
-0.70000000 0.00000000 -1426.37148963 58481.24792346 
-0.68000000 0.00000000 -1426.49999562 58481.21460460 
-0.66000000 0.00000000 -1380.52741245 58507.41559318 
-0.64000000 0.00000000 -1380.69328096 58507.22554889 
-0.62000000 0.00000000 -1426.79564266 58480.90401943 
-0.60000000 0.00000000 -1381.00635019 58506.59239238 
-0.58000000 0.00000000 -1381.14357018 58506.15745934 
-0.56000000 0.00000000 -1427.04567660 58480.17031908 
-0.54000000 0.00000000 -1452.85532361 58470.36272828 
-0.52000000 0.00000000 -1452.17426595 58470.32320497 
-0.50000000 0.00000000 -1452.09480334 58470.10408936 
-0.48000000 0.00000000 -1451.99693790 58469.89854718 
-0.46000000 0.00000000 -1451.77443317 58469.74639428 
-0.44000000 0.00000000 -1383.41989202 58501.44465356 
-0.42000000 0.00000000 -1383.62896790 58500.97690947 
-0.40000000 0.00000000 -1451.55539956 58469.34017236 
-0.38000000 0.00000000 -1451.47220588 58469.27700215 
-0.36000000 0.00000000 -1451.42170510 58469.23581556 
-0.34000000 0.00000000 -1451.37545831 58469.21822889 
-0.32000000 0.00000000 -1451.33342175 58469.21498721 
-0.30000000 0.00000000 -1383.18525757 58500.47985311 
-0.28000000 0.00000000 -1383.10193334 58500.48734678 
-0.26000000 0.00000000 -1451.25327634 58469.15455423 
-0.24000000 0.00000000 -1451.23330497 58469.06366590 
-0.22000000 0.00000000 -1451.20378646 58468.90669555 
-0.20000000 0.00000000 -1451.23766655 58468.63771134 
-0.18000000 0.00000000 -1383.64272617 58498.54274206 
-0.16000000 0.00000000 -1384.22807647 58497.31339789 
-0.14000000 0.00000000 -1451.56520020 58466.94881675 
-0.12000000 0.00000000 -1452.03013292 58465.93287803 
-0.10000000 0.00000000 -1452.49068879 58464.70424659 
-0.08000000 0.00000000 -1453.11524886 58463.20781894 
-0.06000000 0.00000000 -1391.93404157 58483.83612597 
-0.04000000 0.00000000 -1394.67367635 58479.56047311 
-0.02000000 0.00000000 -1454.69646060 58457.40271378 
0.00000000 0.00000000 -1456.46132494 58454.83578005 
0.02000000 0.00000000 -1458.28404363 58452.15532636 
0.04000000 0.00000000 -1460.49219820 58449.37699199 
0.06000000 0.00000000 -1447.51905278 58448.45678599 
0.08000000 0.00000000 -1460.18306271 58444.26892095 
0.10000000 0.00000000 -1462.21283958 58441.59339502 
0.12000000 0.00000000 -1464.61651712 58439.07233053 
0.14000000 0.00000000 -1676.11197775 58727.72803860 
0.16000000 0.00000000 -1675.05057701 58704.59452778 
0.18000000 0.00000000 -1471.50271591 58432.76109086 
0.20000000 0.00000000 -1473.39672692 58431.00537649 
0.22000000 0.00000000 -1475.52141920 58429.39900149 
0.24000000 0.00000000 -1477.68304607 58427.90415538 
0.26000000 0.00000000 -1484.30844919 58427.13156409 
0.28000000 0.00000000 -1486.46396871 58425.89552311 
0.30000000 0.00000000 -1488.56198122 58424.76020324 
0.32000000 0.00000000 -1490.54914128 58423.75672844 
0.34000000 0.00000000 -1492.32072832 58422.91979455 
0.36000000 0.00000000 -1493.67372542 58422.26530648 
0.38000000 0.00000000 -1494.61482938 58421.84893088 
0.40000000 0.00000000 -1595.71706442 59023.20538476 
0.42000000 0.00000000 -1596.09580952 59022.64145459 
0.44000000 0.00000000 -1494.04020179 58422.15367896 
0.46000000 0.00000000 -1492.71305512 58422.77967417 
0.48000000 0.00000000 -1490.96357950 58423.64962938 
0.50000000 0.00000000 -1488.80938415 58424.71308331 
0.52000000 0.00000000 -1486.41861569 58425.94304279 
0.54000000 0.00000000 -1483.93023765 58427.30473135 
0.56000000 0.00000000 -1481.43310377 58428.76244665 
0.58000000 0.00000000 -1474.42686568 58429.84696685 
0.60000000 0.00000000 -1471.98442806 58431.52123546 
0.62000000 0.00000000 -1469.61986102 58433.26314629 
0.64000000 0.00000000 -1467.28182474 58435.08900094 
0.66000000 0.00000000 -1670.25429810 58663.38951055 
0.68000000 0.00000000 -1672.09392023 58676.74052257 
0.70000000 0.00000000 -1460.28090274 58441.32167544 
0.72000000 0.00000000 -1457.86374924 58443.70772132 
0.74000000 0.00000000 -1455.64013635 58446.22255373 
0.76000000 0.00000000 -1453.16107067 58448.88247477 
0.78000000 0.00000000 -1451.25106051 58451.54343691 
0.80000000 0.00000000 -1448.94533558 58454.29362816 
0.82000000 0.00000000 -1446.76157226 58457.01672574 
0.84000000 0.00000000 -1444.81139361 58459.63851773 
0.86000000 0.00000000 -1431.14751787 58465.53968769 
0.88000000 0.00000000 -1429.37409291 58468.18298177 
0.90000000 0.00000000 -1454.74491285 58462.72772552 
0.92000000 0.00000000 -1493.08582930 58459.81882317 
0.94000000 0.00000000 -1425.60779938 58474.57836209 
0.96000000 0.00000000 -1424.84551280 58476.16400392 
0.98000000 0.00000000 -1411.28002155 58483.39380146 

