-1.00000000 0.00000000 4325.12051430 59198.19238072 
-0.98000000 0.00000000 4324.68193524 59194.50352321 
-0.96000000 0.00000000 4322.86861783 59197.60897171 
-0.94000000 0.00000000 4425.75042791 58530.65496612 
-0.92000000 0.00000000 4423.86678318 58544.17002262 
-0.90000000 0.00000000 4160.89982062 59724.10243703 
-0.88000000 0.00000000 4156.25890214 59735.40582743 
-0.86000000 0.00000000 4150.61197536 59749.46460882 
-0.84000000 0.00000000 4360.15110863 57425.77145111 
-0.82000000 0.00000000 4359.23958973 57423.37916367 
-0.80000000 0.00000000 4290.59530074 59311.94251020 
-0.78000000 0.00000000 4047.37030921 59994.85571254 
-0.76000000 0.00000000 4042.87498325 60004.29273084 
-0.74000000 0.00000000 4039.35198431 60011.56702250 
-0.72000000 0.00000000 4029.03026986 60033.49936435 
-0.70000000 0.00000000 4294.65102329 59292.44038906 
-0.68000000 0.00000000 4293.39441140 59296.87449152 
-0.66000000 0.00000000 4358.61781172 57432.85070775 
-0.64000000 0.00000000 4359.98849402 57439.24084185 
-0.62000000 0.00000000 4291.63675301 59304.46374181 
-0.60000000 0.00000000 4361.87079142 57444.61763990 
-0.58000000 0.00000000 4362.28872796 57443.05863374 
-0.56000000 0.00000000 4292.73251427 59304.83145890 
-0.54000000 0.00000000 4024.95872372 60045.34671959 
-0.52000000 0.00000000 4034.25083077 60026.58469168 
-0.50000000 0.00000000 4036.48879826 60022.91891238 
-0.48000000 0.00000000 4038.86252040 60018.91472292 
-0.46000000 0.00000000 4042.55947298 60011.94080273 
-0.44000000 0.00000000 4375.05725514 57473.81053581 
-0.42000000 0.00000000 4376.25678279 57476.51392864 
-0.40000000 0.00000000 4046.88938836 60004.74886519 
-0.38000000 0.00000000 4047.85632168 60003.02712541 
-0.36000000 0.00000000 4048.14535742 60002.61815984 
-0.34000000 0.00000000 4048.12781664 60002.73876523 
-0.32000000 0.00000000 4047.86230532 60003.30049522 
-0.30000000 0.00000000 4372.91835939 57452.21484232 
-0.28000000 0.00000000 4372.73427147 57451.64328044 
-0.26000000 0.00000000 4046.26598667 60006.67763706 
-0.24000000 0.00000000 4046.01497482 60007.40381223 
-0.22000000 0.00000000 4046.35825531 60007.08043437 
-0.20000000 0.00000000 4046.68575818 60007.13880484 
-0.18000000 0.00000000 4376.45368115 57460.03563774 
-0.16000000 0.00000000 4379.54619418 57468.57344654 
-0.14000000 0.00000000 4052.09301065 60000.75009091 
-0.12000000 0.00000000 4053.04278174 60001.86201072 
-0.10000000 0.00000000 4056.25754923 59998.86821401 
-0.08000000 0.00000000 4059.97133608 59995.68994928 
-0.06000000 0.00000000 4414.86850503 57575.43851447 
-0.04000000 0.00000000 4426.07346801 57613.15390642 
-0.02000000 0.00000000 4091.36707283 59946.77239589 
0.00000000 0.00000000 4091.84472344 59954.50643398 
0.02000000 0.00000000 4093.67499227 59959.82141995 
0.04000000 0.00000000 4092.05806573 59973.17548595 
0.06000000 0.00000000 4283.27724681 59488.29359671 
0.08000000 0.00000000 4155.03528005 59849.80839928 
0.10000000 0.00000000 4158.03158482 59853.50017632 
0.12000000 0.00000000 4154.94011700 59871.08565249 
0.14000000 0.00000000 1288.62271639 61973.25759099 
0.16000000 0.00000000 1336.82007828 61983.12103249 
0.18000000 0.00000000 4141.22387932 59929.07777512 
0.20000000 0.00000000 4140.18113101 59939.03216240 
0.22000000 0.00000000 4135.12566518 59957.41887326 
0.24000000 0.00000000 4129.33328991 59976.94377676 
0.26000000 0.00000000 4051.85809914 60142.18416287 
0.28000000 0.00000000 4045.15969993 60160.89022512 
0.30000000 0.00000000 4038.65413429 60178.76526855 
0.32000000 0.00000000 4032.17432396 60195.98342712 
0.34000000 0.00000000 4026.08154988 60211.66610351 
0.36000000 0.00000000 4022.27847287 60222.09448881 
0.38000000 0.00000000 4019.22387535 60229.97002727 
0.40000000 0.00000000 848.46238174 61729.94496819 
0.42000000 0.00000000 849.20924177 61730.77530672 
0.44000000 0.00000000 4021.59619779 60224.21831041 
0.46000000 0.00000000 4026.25319331 60212.41647111 
0.48000000 0.00000000 4031.82060041 60197.70056763 
0.50000000 0.00000000 4039.46220613 60178.03791275 
0.52000000 0.00000000 4047.93630416 60155.91739765 
0.54000000 0.00000000 4056.41801557 60133.11232159 
0.56000000 0.00000000 4064.64446212 60110.32608743 
0.58000000 0.00000000 4143.32126589 59937.96428776 
0.60000000 0.00000000 4150.75839117 59913.75461726 
0.62000000 0.00000000 4157.66346932 59890.36547903 
0.64000000 0.00000000 4164.52907275 59866.60342996 
0.66000000 0.00000000 1442.23823405 61996.25112171 
0.68000000 0.00000000 1408.99472325 61992.50256248 
0.70000000 0.00000000 4183.09855817 59796.21333117 
0.72000000 0.00000000 4188.99440907 59771.90152121 
0.74000000 0.00000000 4191.68754620 59754.98018403 
0.76000000 0.00000000 4197.38055152 59729.82519982 
0.78000000 0.00000000 4196.04808454 59722.65155318 
0.80000000 0.00000000 4200.33033758 59700.68051683 
0.82000000 0.00000000 4204.13887440 59679.92046010 
0.84000000 0.00000000 4206.60669853 59663.01354831 
0.86000000 0.00000000 4331.70448341 59242.62039531 
0.88000000 0.00000000 4332.73760432 59224.50890517 
0.90000000 0.00000000 4039.71985934 60042.65184613 
0.92000000 0.00000000 3529.17941086 60859.14604078 
0.94000000 0.00000000 4332.54864850 59190.31913999 
0.96000000 0.00000000 4331.50856130 59185.58045866 
0.98000000 0.00000000 4415.46793123 58694.93224980 

