-1.00000000 0.00000000 3755.81740006 53577.23320693 
-0.98000000 0.00000000 3767.11088236 53584.54324149 
-0.96000000 0.00000000 3785.59096081 53595.97394235 
-0.94000000 0.00000000 2851.92909892 53271.83184185 
-0.92000000 0.00000000 2877.61967104 53275.54696496 
-0.90000000 0.00000000 4643.31900643 54321.95266780 
-0.88000000 0.00000000 4664.65683346 54347.26390542 
-0.86000000 0.00000000 4689.28483811 54376.86615437 
-0.84000000 0.00000000 1757.78327701 53497.17035428 
-0.82000000 0.00000000 1758.28368697 53497.25399589 
-0.80000000 0.00000000 4004.85564810 53739.85447495 
-0.78000000 0.00000000 5064.35295446 54906.58262899 
-0.76000000 0.00000000 5079.20785313 54931.64605305 
-0.74000000 0.00000000 5090.94332134 54951.75639271 
-0.72000000 0.00000000 5123.09410971 55007.58611551 
-0.70000000 0.00000000 3986.05036531 53727.82034122 
-0.68000000 0.00000000 3994.19809807 53733.60234562 
-0.66000000 0.00000000 1780.50366271 53486.41630405 
-0.64000000 0.00000000 1784.97627747 53483.86823616 
-0.62000000 0.00000000 4002.90448577 53739.47424107 
-0.60000000 0.00000000 1784.49116600 53484.02400173 
-0.58000000 0.00000000 1779.10230552 53486.99244630 
-0.56000000 0.00000000 3987.76387189 53727.65786040 
-0.54000000 0.00000000 5125.12278966 55007.98668936 
-0.52000000 0.00000000 5093.63352051 54952.50932105 
-0.50000000 0.00000000 5083.27928105 54933.97997809 
-0.48000000 0.00000000 5072.56276447 54915.06876840 
-0.46000000 0.00000000 5057.88555916 54889.90717678 
-0.44000000 0.00000000 1762.78755358 53494.36981972 
-0.42000000 0.00000000 1760.92421848 53495.27154417 
-0.40000000 0.00000000 5037.92211434 54855.59190381 
-0.38000000 0.00000000 5033.98834810 54848.95167026 
-0.36000000 0.00000000 5032.82641222 54846.91649582 
-0.34000000 0.00000000 5033.16312527 54847.41031044 
-0.32000000 0.00000000 5034.68027634 54849.89991469 
-0.30000000 0.00000000 1737.41913070 53509.79651129 
-0.28000000 0.00000000 1737.92161114 53509.58214346 
-0.26000000 0.00000000 5042.18021925 54862.43662751 
-0.24000000 0.00000000 5043.06729510 54863.98771601 
-0.22000000 0.00000000 5041.17193840 54860.94790441 
-0.20000000 0.00000000 5038.02606759 54855.76221586 
-0.18000000 0.00000000 1734.56667371 53511.70726907 
-0.16000000 0.00000000 1732.69920239 53512.66558740 
-0.14000000 0.00000000 5001.97777595 54797.08032360 
-0.12000000 0.00000000 4986.93175532 54772.74952143 
-0.10000000 0.00000000 4960.56331039 54731.36794640 
-0.08000000 0.00000000 4928.11289254 54681.74547120 
-0.06000000 0.00000000 1710.36500578 53524.25719337 
-0.04000000 0.00000000 1703.62984949 53527.81588969 
-0.02000000 0.00000000 4725.88073225 54404.77861842 
0.00000000 0.00000000 4684.79860262 54352.67563267 
0.02000000 0.00000000 4634.63860049 54291.72289569 
0.04000000 0.00000000 4595.08275830 54244.74609513 
0.06000000 0.00000000 3652.96174501 53506.63352317 
0.08000000 0.00000000 4230.87852453 53888.99992542 
0.10000000 0.00000000 4167.43057100 53835.37916725 
0.12000000 0.00000000 4133.02028371 53806.69845488 
0.14000000 0.00000000 1643.13827680 63603.03112879 
0.16000000 0.00000000 1745.50818030 63575.31723767 
0.18000000 0.00000000 4064.19751063 53751.15987300 
0.20000000 0.00000000 4029.66369785 53725.42613050 
0.22000000 0.00000000 4014.12728955 53713.75206289 
0.24000000 0.00000000 4002.27527739 53704.88900293 
0.26000000 0.00000000 4294.79356003 53932.95323721 
0.28000000 0.00000000 4285.66226134 53924.50713965 
0.30000000 0.00000000 4276.63684685 53916.26055343 
0.32000000 0.00000000 4269.65723883 53909.86960589 
0.34000000 0.00000000 4264.96900170 53905.52374719 
0.36000000 0.00000000 4256.82357701 53898.32760022 
0.38000000 0.00000000 4253.28848832 53895.15853389 
0.40000000 0.00000000 833.97786765 63750.97223632 
0.42000000 0.00000000 835.19005582 63750.84610218 
0.44000000 0.00000000 4253.05637299 53895.08531573 
0.46000000 0.00000000 4256.28405668 53898.07344219 
0.48000000 0.00000000 4263.35040594 53904.42332588 
0.50000000 0.00000000 4267.59023720 53908.44988767 
0.52000000 0.00000000 4271.95440210 53912.64101489 
0.54000000 0.00000000 4277.92998314 53918.26704705 
0.56000000 0.00000000 4285.14704683 53925.02292157 
0.58000000 0.00000000 3987.67590822 53695.21311739 
0.60000000 0.00000000 3994.38266971 53700.36702758 
0.62000000 0.00000000 4002.45512687 53706.56721520 
0.64000000 0.00000000 4010.14444655 53712.63906337 
0.66000000 0.00000000 1969.84747024 63505.12139894 
0.68000000 0.00000000 1894.45866687 63529.67675099 
0.70000000 0.00000000 4044.99114928 53740.36382214 
0.72000000 0.00000000 4059.96449415 53752.54884640 
0.74000000 0.00000000 4090.92887490 53776.92399039 
0.76000000 0.00000000 4108.12803379 53791.53690971 
0.78000000 0.00000000 4158.29644821 53832.17850478 
0.80000000 0.00000000 4180.68589633 53851.90981004 
0.82000000 0.00000000 4203.32151043 53872.22138030 
0.84000000 0.00000000 4229.66831294 53895.98988742 
0.86000000 0.00000000 3579.48127004 53476.57650442 
0.88000000 0.00000000 3601.45535717 53488.63482047 
0.90000000 0.00000000 4989.57952964 54771.40583960 
0.92000000 0.00000000 5814.45767851 57555.50808467 
0.94000000 0.00000000 3667.96352226 53526.22004133 
0.96000000 0.00000000 3690.32503287 53539.18657572 
0.98000000 0.00000000 3002.90665879 53292.34739038 

