-1.00000000 0.00000000 2300.66699170 58889.16238877 
-0.98000000 0.00000000 2300.51769771 58888.62952584 
-0.96000000 0.00000000 2300.32703748 58888.36750887 
-0.94000000 0.00000000 2305.55980285 58873.16813004 
-0.92000000 0.00000000 2305.33353706 58873.20809130 
-0.90000000 0.00000000 2294.51865220 58901.48032690 
-0.88000000 0.00000000 2294.30102129 58901.76799972 
-0.86000000 0.00000000 2294.06320398 58902.15859173 
-0.84000000 0.00000000 2311.87472619 58850.76909533 
-0.82000000 0.00000000 2311.82807470 58850.62103229 
-0.80000000 0.00000000 2298.58198950 58890.53626250 
-0.78000000 0.00000000 2290.73311340 58909.41009001 
-0.76000000 0.00000000 2290.56956238 58909.70631041 
-0.74000000 0.00000000 2290.44035301 58909.93028075 
-0.72000000 0.00000000 2290.11121511 58910.60401397 
-0.70000000 0.00000000 2298.63195035 58889.93435076 
-0.68000000 0.00000000 2298.58273124 58890.03511221 
-0.66000000 0.00000000 2311.54617201 58850.15730396 
-0.64000000 0.00000000 2311.53118854 58850.33040143 
-0.62000000 0.00000000 2298.55393037 58890.32831287 
-0.60000000 0.00000000 2311.59296605 58850.73965370 
-0.58000000 0.00000000 2311.67161373 58850.96660638 
-0.56000000 0.00000000 2298.69770732 58890.70319014 
-0.54000000 0.00000000 2290.15920921 58911.37739958 
-0.52000000 0.00000000 2290.49049216 58910.91075012 
-0.50000000 0.00000000 2290.61027765 58910.90920562 
-0.48000000 0.00000000 2290.73372737 58910.89073818 
-0.46000000 0.00000000 2290.89516601 58910.77106231 
-0.44000000 0.00000000 2312.14640655 58853.97187697 
-0.42000000 0.00000000 2312.20253961 58854.25473662 
-0.40000000 0.00000000 2291.15577877 58910.70544689 
-0.38000000 0.00000000 2291.22162200 58910.65541236 
-0.36000000 0.00000000 2291.26486465 58910.62113068 
-0.34000000 0.00000000 2291.29808472 58910.58241544 
-0.32000000 0.00000000 2291.32473281 58910.54174586 
-0.30000000 0.00000000 2312.59717891 58854.03996020 
-0.28000000 0.00000000 2312.64106870 58853.96599072 
-0.26000000 0.00000000 2291.40528175 58910.46118123 
-0.24000000 0.00000000 2291.45532548 58910.45829202 
-0.22000000 0.00000000 2291.53347087 58910.46812696 
-0.20000000 0.00000000 2291.62216833 58910.55505238 
-0.18000000 0.00000000 2313.06690294 58854.88233874 
-0.16000000 0.00000000 2313.20170865 58855.66592110 
-0.14000000 0.00000000 2292.09050697 58911.24438492 
-0.12000000 0.00000000 2292.23969677 58911.86030777 
-0.10000000 0.00000000 2292.46193198 58912.54294919 
-0.08000000 0.00000000 2292.69911927 58913.42498888 
-0.06000000 0.00000000 2313.98345827 58865.29402278 
-0.04000000 0.00000000 2314.07961984 58868.57049444 
-0.02000000 0.00000000 2293.96470602 58916.32098299 
0.00000000 0.00000000 2294.03764203 58918.33398927 
0.02000000 0.00000000 2294.11989120 58920.42631260 
0.04000000 0.00000000 2294.06204339 58922.81238489 
0.06000000 0.00000000 2300.08550000 58914.42605638 
0.08000000 0.00000000 2295.85668280 58924.28373498 
0.10000000 0.00000000 2295.82822633 58926.52766334 
0.12000000 0.00000000 2295.58541360 58928.97264792 
0.14000000 0.00000000 2134.60540785 59001.68409665 
0.16000000 0.00000000 2141.38235254 59005.57413932 
0.18000000 0.00000000 2294.58274445 58935.69852631 
0.20000000 0.00000000 2294.30031373 58937.56990329 
0.22000000 0.00000000 2293.86558749 58939.55274044 
0.24000000 0.00000000 2293.37311733 58941.53092395 
0.26000000 0.00000000 2290.76984716 58946.23824448 
0.28000000 0.00000000 2290.19372861 58948.13745524 
0.30000000 0.00000000 2289.60809251 58949.96753860 
0.32000000 0.00000000 2289.02933041 58951.67898931 
0.34000000 0.00000000 2288.49464769 58953.18658146 
0.36000000 0.00000000 2288.08776300 58954.34614781 
0.38000000 0.00000000 2287.79244603 58955.13986045 
0.40000000 0.00000000 2078.36720534 58893.38585303 
0.42000000 0.00000000 2078.40295118 58893.75004485 
0.44000000 0.00000000 2287.94407792 58954.64767197 
0.46000000 0.00000000 2288.34045712 58953.52117336 
0.48000000 0.00000000 2288.85188854 58952.01921403 
0.50000000 0.00000000 2289.48316497 58950.17383636 
0.52000000 0.00000000 2290.16850405 58948.10975616 
0.54000000 0.00000000 2290.85627928 58945.93508421 
0.56000000 0.00000000 2291.51630452 58943.72468257 
0.58000000 0.00000000 2294.20135433 58938.64801551 
0.60000000 0.00000000 2294.76618816 58936.41295803 
0.62000000 0.00000000 2295.26908832 58934.21576694 
0.64000000 0.00000000 2295.72677547 58932.01713083 
0.66000000 0.00000000 2154.07193811 59010.79833255 
0.68000000 0.00000000 2149.70804439 59009.24645514 
0.70000000 0.00000000 2296.82024252 58925.22415886 
0.72000000 0.00000000 2297.11520288 58922.81293411 
0.74000000 0.00000000 2297.28193047 58920.49240013 
0.76000000 0.00000000 2297.51218097 58917.95657457 
0.78000000 0.00000000 2297.48912358 58915.80511011 
0.80000000 0.00000000 2297.60997260 58913.36282886 
0.82000000 0.00000000 2297.68383900 58911.01516770 
0.84000000 0.00000000 2297.68460947 58908.86204589 
0.86000000 0.00000000 2301.90927974 58897.74217341 
0.88000000 0.00000000 2301.83663303 58895.70185431 
0.90000000 0.00000000 2292.15151275 58914.64340932 
0.92000000 0.00000000 2276.36621816 58941.53631987 
0.94000000 0.00000000 2301.40187086 58891.15907197 
0.96000000 0.00000000 2301.20840776 58890.16308251 
0.98000000 0.00000000 2305.09079803 58878.63759334 

