-1.00000000 0.00000000 -1361.10753025 58751.38643398 
-0.98000000 0.00000000 -1361.37358449 58751.87553835 
-0.96000000 0.00000000 -1361.63550406 58752.06645066 
-0.94000000 0.00000000 -1358.52227673 58770.20428338 
-0.92000000 0.00000000 -1358.76856869 58770.06744280 
-0.90000000 0.00000000 -1365.68256326 58735.77856392 
-0.88000000 0.00000000 -1365.87068313 58735.38681780 
-0.86000000 0.00000000 -1366.06178342 58734.87781292 
-0.84000000 0.00000000 -1355.28079300 58796.20630798 
-0.82000000 0.00000000 -1355.35769891 58796.34284327 
-0.80000000 0.00000000 -1363.18480848 58749.07312606 
-0.78000000 0.00000000 -1368.39611018 58725.78664918 
-0.76000000 0.00000000 -1368.52143106 58725.40511741 
-0.74000000 0.00000000 -1368.62235817 58725.11420957 
-0.72000000 0.00000000 -1368.86009236 58724.25884789 
-0.70000000 0.00000000 -1363.23964846 58749.73567299 
-0.68000000 0.00000000 -1363.27609097 58749.60923647 
-0.66000000 0.00000000 -1355.75274738 58796.70797360 
-0.64000000 0.00000000 -1355.74098803 58796.52255547 
-0.62000000 0.00000000 -1363.25395303 58749.29054135 
-0.60000000 0.00000000 -1355.60351787 58796.12773271 
-0.58000000 0.00000000 -1355.47718156 58795.92881248 
-0.56000000 0.00000000 -1363.02307047 58748.96254732 
-0.54000000 0.00000000 -1368.65627675 58723.46361877 
-0.52000000 0.00000000 -1368.37599659 58724.10279397 
-0.50000000 0.00000000 -1368.24232220 58724.15648734 
-0.48000000 0.00000000 -1368.10785664 58724.22935875 
-0.46000000 0.00000000 -1367.95049952 58724.42565005 
-0.44000000 0.00000000 -1354.43845416 58793.04104216 
-0.42000000 0.00000000 -1354.32760870 58792.77278990 
-0.40000000 0.00000000 -1367.67241395 58724.60190050 
-0.38000000 0.00000000 -1367.60889200 58724.67969560 
-0.36000000 0.00000000 -1367.56772906 58724.73007366 
-0.34000000 0.00000000 -1367.53875615 58724.77996162 
-0.32000000 0.00000000 -1367.51762645 58724.82834375 
-0.30000000 0.00000000 -1353.92197021 58793.14402305 
-0.28000000 0.00000000 -1353.88597331 58793.23303165 
-0.26000000 0.00000000 -1367.44594870 58724.92799297 
-0.24000000 0.00000000 -1367.39141022 58724.94674698 
-0.22000000 0.00000000 -1367.30277187 58724.96579531 
-0.20000000 0.00000000 -1367.18706429 58724.91031003 
-0.18000000 0.00000000 -1353.25801577 58792.45481118 
-0.16000000 0.00000000 -1352.97469650 58791.71005062 
-0.14000000 0.00000000 -1366.52659193 58724.40492188 
-0.12000000 0.00000000 -1366.23715951 58723.83761933 
-0.10000000 0.00000000 -1365.85132722 58723.24064928 
-0.08000000 0.00000000 -1365.40799316 58722.44903854 
-0.06000000 0.00000000 -1350.43242483 58782.25444024 
-0.04000000 0.00000000 -1349.74344493 58778.97361783 
-0.02000000 0.00000000 -1363.39407981 58720.12240862 
0.00000000 0.00000000 -1362.90237482 58718.10213184 
0.02000000 0.00000000 -1362.38083390 58716.00931401 
0.04000000 0.00000000 -1361.95440634 58713.54647746 
0.06000000 0.00000000 -1356.83653131 58725.26223376 
0.08000000 0.00000000 -1359.60883195 58713.00757412 
0.10000000 0.00000000 -1359.17079116 58710.71673971 
0.12000000 0.00000000 -1358.93073087 58708.10926687 
0.14000000 0.00000000 -1534.82027840 58543.43136979 
0.16000000 0.00000000 -1525.31927994 58542.55136578 
0.18000000 0.00000000 -1358.63041456 58700.77345968 
0.20000000 0.00000000 -1358.54402770 58698.74014019 
0.22000000 0.00000000 -1358.60388450 58696.51516840 
0.24000000 0.00000000 -1358.72711739 58694.26789719 
0.26000000 0.00000000 -1360.65666507 58688.08777953 
0.28000000 0.00000000 -1360.88416267 58685.87836762 
0.30000000 0.00000000 -1361.13535311 58683.73499851 
0.32000000 0.00000000 -1361.40348931 58681.71458911 
0.34000000 0.00000000 -1361.66635789 58679.92165237 
0.36000000 0.00000000 -1361.86205459 58678.54669275 
0.38000000 0.00000000 -1362.01464733 58677.59635771 
0.40000000 0.00000000 -1630.56404757 58648.34379525 
0.42000000 0.00000000 -1630.45174945 58647.90203679 
0.44000000 0.00000000 -1361.95404201 58678.17414020 
0.46000000 0.00000000 -1361.76177162 58679.51394760 
0.48000000 0.00000000 -1361.52407521 58681.28953003 
0.50000000 0.00000000 -1361.22660857 58683.47326895 
0.52000000 0.00000000 -1360.91502238 58685.90446472 
0.54000000 0.00000000 -1360.62286841 58688.44746504 
0.56000000 0.00000000 -1360.36706314 58691.01220102 
0.58000000 0.00000000 -1358.42045199 58697.60064488 
0.60000000 0.00000000 -1358.26816064 58700.14169007 
0.62000000 0.00000000 -1358.17410596 58702.61563735 
0.64000000 0.00000000 -1358.12779465 58705.07174241 
0.66000000 0.00000000 -1508.05387557 58543.50277080 
0.68000000 0.00000000 -1513.87503838 58542.88920235 
0.70000000 0.00000000 -1358.32589234 58712.51649505 
0.72000000 0.00000000 -1358.49436268 58715.11723106 
0.74000000 0.00000000 -1358.78605763 58717.56055384 
0.76000000 0.00000000 -1359.04615670 58720.25949853 
0.78000000 0.00000000 -1359.51143632 58722.43700292 
0.80000000 0.00000000 -1359.86895595 58724.98973330 
0.82000000 0.00000000 -1360.25681203 58727.42506866 
0.84000000 0.00000000 -1360.68499832 58729.62791084 
0.86000000 0.00000000 -1358.08456138 58743.14275067 
0.88000000 0.00000000 -1358.55834932 58745.19608804 
0.90000000 0.00000000 -1365.78692346 58720.90012021 
0.92000000 0.00000000 -1378.12222058 58685.01861317 
0.94000000 0.00000000 -1359.90917122 58749.65763965 
0.96000000 0.00000000 -1360.31323324 58750.59626032 
0.98000000 0.00000000 -1358.06928697 58764.31751525 

