-1.00000000 0.00000000 -2903.45162373 58746.49287476 
-0.98000000 0.00000000 -2903.01377165 58740.18629422 
-0.96000000 0.00000000 -2902.12765782 58738.32720405 
-0.94000000 0.00000000 -2935.25845345 58398.73870057 
-0.92000000 0.00000000 -2934.16123753 58402.68768210 
-0.90000000 0.00000000 -2843.05419079 59021.36213979 
-0.88000000 0.00000000 -2841.26009607 59027.00142393 
-0.86000000 0.00000000 -2839.07591126 59034.49879644 
-0.84000000 0.00000000 -2911.28770396 57873.62217658 
-0.82000000 0.00000000 -2910.53455807 57871.37862275 
-0.80000000 0.00000000 -2890.01570218 58789.37679907 
-0.78000000 0.00000000 -2798.50889822 59178.25326448 
-0.76000000 0.00000000 -2796.69982253 59183.70577347 
-0.74000000 0.00000000 -2795.28746334 59187.84904125 
-0.72000000 0.00000000 -2791.12111939 59200.95858429 
-0.70000000 0.00000000 -2891.22171814 58776.63512607 
-0.68000000 0.00000000 -2890.77955498 58778.82950166 
-0.66000000 0.00000000 -2907.77725521 57869.18378589 
-0.64000000 0.00000000 -2908.36516160 57872.53511677 
-0.62000000 0.00000000 -2890.23740099 58783.88444191 
-0.60000000 0.00000000 -2909.93650415 57877.61270868 
-0.58000000 0.00000000 -2910.89058653 57879.09492255 
-0.56000000 0.00000000 -2890.82261527 58787.88655888 
-0.54000000 0.00000000 -2789.08015667 59212.62395180 
-0.52000000 0.00000000 -2792.74923786 59202.53760414 
-0.50000000 0.00000000 -2793.54121262 59201.67290776 
-0.48000000 0.00000000 -2794.39520974 59200.55731647 
-0.46000000 0.00000000 -2795.80000513 59197.54881109 
-0.44000000 0.00000000 -2922.46387012 57914.45125334 
-0.42000000 0.00000000 -2923.59114627 57917.83473842 
-0.40000000 0.00000000 -2797.39177408 59195.70666519 
-0.38000000 0.00000000 -2797.77972804 59195.05785584 
-0.36000000 0.00000000 -2797.91694709 59194.98806547 
-0.34000000 0.00000000 -2797.95137861 59195.06051303 
-0.32000000 0.00000000 -2797.90197836 59195.27237820 
-0.30000000 0.00000000 -2924.15360287 57910.04020371 
-0.28000000 0.00000000 -2924.07408610 57909.49055351 
-0.26000000 0.00000000 -2797.45366501 59196.90622909 
-0.24000000 0.00000000 -2797.39060049 59197.52895723 
-0.22000000 0.00000000 -2797.53113260 59197.88345606 
-0.20000000 0.00000000 -2797.60652275 59198.98660715 
-0.18000000 0.00000000 -2927.91562094 57920.24130304 
-0.16000000 0.00000000 -2930.54354313 57929.16333112 
-0.14000000 0.00000000 -2799.06299421 59203.11202489 
-0.12000000 0.00000000 -2798.91722591 59208.57991155 
-0.10000000 0.00000000 -2799.50960455 59212.96498177 
-0.08000000 0.00000000 -2800.08877943 59218.72738288 
-0.06000000 0.00000000 -2958.21007921 58038.31353912 
-0.04000000 0.00000000 -2966.25501296 58076.07508145 
-0.02000000 0.00000000 -2808.77906464 59222.94887863 
0.00000000 0.00000000 -2806.96091646 59241.10194159 
0.02000000 0.00000000 -2805.41923162 59258.93445907 
0.04000000 0.00000000 -2802.12996952 59281.92506688 
0.06000000 0.00000000 -2881.68605508 59046.06162690 
0.08000000 0.00000000 -2823.78139768 59248.61663817 
0.10000000 0.00000000 -2822.21790260 59267.17288083 
0.12000000 0.00000000 -2817.94215139 59292.17481707 
0.14000000 0.00000000 -928.44339366 60898.86568990 
0.16000000 0.00000000 -976.95993261 60905.31537780 
0.18000000 0.00000000 -2803.21108392 59363.73407391 
0.20000000 0.00000000 -2799.93848942 59381.11842772 
0.22000000 0.00000000 -2794.84791069 59402.13419926 
0.24000000 0.00000000 -2789.37081731 59423.32321365 
0.26000000 0.00000000 -2751.15460059 59516.83630940 
0.28000000 0.00000000 -2745.02842366 59536.78918939 
0.30000000 0.00000000 -2739.00963541 59555.86277590 
0.32000000 0.00000000 -2733.14022732 59573.82326882 
0.34000000 0.00000000 -2727.74936170 59589.79555280 
0.36000000 0.00000000 -2723.90286543 59601.44363205 
0.38000000 0.00000000 -2721.07122957 59609.67348605 
0.40000000 0.00000000 -449.52697692 60607.20786790 
0.42000000 0.00000000 -450.37170675 60608.34802625 
0.44000000 0.00000000 -2723.01801887 59604.13082739 
0.46000000 0.00000000 -2727.13972750 59592.14672521 
0.48000000 0.00000000 -2732.32455909 59576.55477266 
0.50000000 0.00000000 -2738.91398249 59556.79863634 
0.52000000 0.00000000 -2746.13409547 59534.62746201 
0.54000000 0.00000000 -2753.42994751 59511.40762017 
0.56000000 0.00000000 -2760.54981136 59487.87678879 
0.58000000 0.00000000 -2799.37223118 59389.26777166 
0.60000000 0.00000000 -2805.67337290 59364.71817729 
0.62000000 0.00000000 -2811.56565244 59340.55151895 
0.64000000 0.00000000 -2817.29914518 59316.03421100 
0.66000000 0.00000000 -1080.08867055 60908.82046235 
0.68000000 0.00000000 -1048.09578168 60908.40120421 
0.70000000 0.00000000 -2833.04331178 59240.14100748 
0.72000000 0.00000000 -2838.00094612 59213.11672895 
0.74000000 0.00000000 -2841.46143556 59189.29343920 
0.76000000 0.00000000 -2846.06350091 59160.82726420 
0.78000000 0.00000000 -2847.49194019 59141.60377691 
0.80000000 0.00000000 -2851.07614897 59114.84127859 
0.82000000 0.00000000 -2854.19978988 59089.15900250 
0.84000000 0.00000000 -2856.50432531 59066.25319054 
0.86000000 0.00000000 -2907.22909624 58833.94148863 
0.88000000 0.00000000 -2907.69416303 58811.30617331 
0.90000000 0.00000000 -2791.56590205 59247.19568945 
0.92000000 0.00000000 -2559.52918137 59772.68065454 
0.94000000 0.00000000 -2907.04443792 58762.07474041 
0.96000000 0.00000000 -2906.34980904 58751.83530343 
0.98000000 0.00000000 -2935.12064735 58498.05410668 

