-1.00000000 0.00000000 1522.73071716 60969.04871703 
-0.98000000 0.00000000 1524.86870920 60968.52283451 
-0.96000000 0.00000000 1525.83384639 60967.62473289 
-0.94000000 0.00000000 1609.92242312 61012.98447251 
-0.92000000 0.00000000 1609.35576621 61011.60368837 
-0.90000000 0.00000000 1460.07206773 60920.84864358 
-0.88000000 0.00000000 1458.92552133 60919.58427745 
-0.86000000 0.00000000 1457.31114625 60918.08948744 
-0.84000000 0.00000000 1753.98649322 61068.56444522 
-0.82000000 0.00000000 1754.89142432 61068.35838978 
-0.80000000 0.00000000 1515.31365632 60956.68396910 
-0.78000000 0.00000000 1424.40480562 60892.19611308 
-0.76000000 0.00000000 1423.21439030 60891.08885582 
-0.74000000 0.00000000 1422.32205235 60890.21856827 
-0.72000000 0.00000000 1419.36073000 60887.69327748 
-0.70000000 0.00000000 1518.77391647 60957.80203817 
-0.68000000 0.00000000 1518.28319836 60957.41053035 
-0.66000000 0.00000000 1756.86640385 61066.19690267 
-0.64000000 0.00000000 1755.80285917 61066.03046135 
-0.62000000 0.00000000 1516.94357802 60956.98491990 
-0.60000000 0.00000000 1753.82571367 61066.48529811 
-0.58000000 0.00000000 1752.98354811 61067.13114568 
-0.56000000 0.00000000 1515.44090842 60957.67382309 
-0.54000000 0.00000000 1416.06530141 60887.14164308 
-0.52000000 0.00000000 1418.18047020 60889.52542573 
-0.50000000 0.00000000 1418.17567257 60890.19033408 
-0.48000000 0.00000000 1418.23423909 60890.88388781 
-0.46000000 0.00000000 1418.74017217 60891.89329595 
-0.44000000 0.00000000 1738.83967633 61071.20798715 
-0.42000000 0.00000000 1737.47352087 61071.62633707 
-0.40000000 0.00000000 1418.76189950 60893.16380210 
-0.38000000 0.00000000 1418.83581826 60893.43117205 
-0.36000000 0.00000000 1418.80457252 60893.51308068 
-0.34000000 0.00000000 1418.76315662 60893.50398854 
-0.32000000 0.00000000 1418.70515359 60893.42283960 
-0.30000000 0.00000000 1738.95406078 61073.64823846 
-0.28000000 0.00000000 1739.12220334 61073.61943390 
-0.26000000 0.00000000 1418.29589212 60892.98417749 
-0.24000000 0.00000000 1418.09748580 60892.93840906 
-0.22000000 0.00000000 1417.91319875 60893.07427360 
-0.20000000 0.00000000 1417.49223013 60893.25689169 
-0.18000000 0.00000000 1734.64130589 61075.00988093 
-0.16000000 0.00000000 1731.21325986 61075.83873419 
-0.14000000 0.00000000 1415.46589103 60895.35950743 
-0.12000000 0.00000000 1413.60479323 60896.05675007 
-0.10000000 0.00000000 1411.83673130 60897.44448054 
-0.08000000 0.00000000 1409.59287525 60899.09357701 
-0.06000000 0.00000000 1691.28476565 61084.32053494 
-0.04000000 0.00000000 1678.10740671 61086.69724458 
-0.02000000 0.00000000 1404.77461534 60910.01938739 
0.00000000 0.00000000 1399.13301319 60911.34746873 
0.02000000 0.00000000 1393.47950187 60913.08444462 
0.04000000 0.00000000 1386.65038180 60913.95092968 
0.06000000 0.00000000 1436.17149242 60968.55741726 
0.08000000 0.00000000 1390.16773081 60933.25231381 
0.10000000 0.00000000 1384.31553530 60935.29233912 
0.12000000 0.00000000 1377.19983609 60935.58325026 
0.14000000 0.00000000 902.71927587 59639.05975658 
0.16000000 0.00000000 908.46114163 59697.00215592 
0.18000000 0.00000000 1357.44968330 60934.66817379 
0.20000000 0.00000000 1352.47487692 60935.17189109 
0.22000000 0.00000000 1346.83018310 60934.53570120 
0.24000000 0.00000000 1341.21924207 60933.66983055 
0.26000000 0.00000000 1320.67230363 60913.64381400 
0.28000000 0.00000000 1315.46323931 60912.52846479 
0.30000000 0.00000000 1310.50205362 60911.43430846 
0.32000000 0.00000000 1305.86441031 60910.29795299 
0.34000000 0.00000000 1301.76895012 60909.18856097 
0.36000000 0.00000000 1298.73934913 60908.57709496 
0.38000000 0.00000000 1296.62726944 60908.03269547 
0.40000000 0.00000000 876.69035546 58758.84401385 
0.42000000 0.00000000 876.61358245 58761.31503552 
0.44000000 0.00000000 1298.03802270 60908.49129390 
0.46000000 0.00000000 1301.10470730 60909.34446995 
0.48000000 0.00000000 1305.12985668 60910.30422074 
0.50000000 0.00000000 1310.18851438 60911.70309909 
0.52000000 0.00000000 1315.87570830 60913.24524707 
0.54000000 0.00000000 1321.86720251 60914.74226085 
0.56000000 0.00000000 1327.97661551 60916.14800439 
0.58000000 0.00000000 1349.77338767 60936.47267103 
0.60000000 0.00000000 1356.19993400 60937.70305289 
0.62000000 0.00000000 1362.58172590 60938.78174765 
0.64000000 0.00000000 1369.08806009 60939.83193402 
0.66000000 0.00000000 923.04004821 59809.97721006 
0.68000000 0.00000000 918.94988452 59775.93025009 
0.70000000 0.00000000 1389.60890822 60942.15973994 
0.72000000 0.00000000 1397.03153261 60942.72673851 
0.74000000 0.00000000 1403.86908718 60942.33399013 
0.76000000 0.00000000 1411.79825235 60942.71846783 
0.78000000 0.00000000 1417.76831191 60941.10776484 
0.80000000 0.00000000 1425.41227293 60941.04414864 
0.82000000 0.00000000 1432.81823211 60940.85972951 
0.84000000 0.00000000 1439.57216522 60940.34070054 
0.86000000 0.00000000 1493.86491444 60976.79199020 
0.88000000 0.00000000 1500.75354522 60976.02513192 
0.90000000 0.00000000 1402.85218461 60893.84063239 
0.92000000 0.00000000 1285.01670634 60768.12096779 
0.94000000 0.00000000 1516.33756760 60973.25433842 
0.96000000 0.00000000 1519.80512052 60972.22556354 
0.98000000 0.00000000 1582.11553977 61006.38964098 

