-1.00000000 0.00000000 955.39379425 60164.20807981 
-0.98000000 0.00000000 956.46506635 60164.87059292 
-0.96000000 0.00000000 957.16143277 60164.28942017 
-0.94000000 0.00000000 977.19136041 60279.60909619 
-0.92000000 0.00000000 977.41427923 60277.41661372 
-0.90000000 0.00000000 943.04326429 60060.37623956 
-0.88000000 0.00000000 942.93921296 60057.96668754 
-0.86000000 0.00000000 942.69400736 60054.96090054 
-0.84000000 0.00000000 1012.70782842 60452.83852082 
-0.82000000 0.00000000 1013.09516847 60453.24094966 
-0.80000000 0.00000000 956.23073895 60142.97145674 
-0.78000000 0.00000000 935.65422913 60000.05806459 
-0.76000000 0.00000000 935.45249284 59997.84501381 
-0.74000000 0.00000000 935.31432017 59996.13158841 
-0.72000000 0.00000000 934.71417460 59990.94203766 
-0.70000000 0.00000000 957.39872339 60146.67623603 
-0.68000000 0.00000000 957.31532823 60145.84117229 
-0.66000000 0.00000000 1014.48962322 60451.96017669 
-0.64000000 0.00000000 1014.17733324 60450.97089862 
-0.62000000 0.00000000 956.88207307 60144.41846709 
-0.60000000 0.00000000 1013.35743947 60450.10329564 
-0.58000000 0.00000000 1012.86733783 60450.30862450 
-0.56000000 0.00000000 956.02733718 60144.37651642 
-0.54000000 0.00000000 933.33860200 59988.24096826 
-0.52000000 0.00000000 933.59374453 59992.73203546 
-0.50000000 0.00000000 933.38104456 59993.63265985 
-0.48000000 0.00000000 933.18876015 59994.60964398 
-0.46000000 0.00000000 933.10881243 59996.28042221 
-0.44000000 0.00000000 1006.71353854 60445.20336474 
-0.42000000 0.00000000 1006.10623904 60444.74682281 
-0.40000000 0.00000000 932.70350725 59998.01989583 
-0.38000000 0.00000000 932.64585026 59998.42746738 
-0.36000000 0.00000000 932.59474248 59998.52119741 
-0.34000000 0.00000000 932.56560374 59998.48564505 
-0.32000000 0.00000000 932.54956961 59998.34279809 
-0.30000000 0.00000000 1005.94152203 60448.38987813 
-0.28000000 0.00000000 1005.99422973 60448.47577332 
-0.26000000 0.00000000 932.44499575 59997.51300170 
-0.24000000 0.00000000 932.34956964 59997.33753456 
-0.22000000 0.00000000 932.20602961 59997.41800667 
-0.20000000 0.00000000 931.93960441 59997.42315316 
-0.18000000 0.00000000 1003.94231062 60447.04588713 
-0.16000000 0.00000000 1002.48914372 60445.65179001 
-0.14000000 0.00000000 930.33791998 59999.10801147 
-0.12000000 0.00000000 929.26628779 59998.97006115 
-0.10000000 0.00000000 928.04040230 59999.82827857 
-0.08000000 0.00000000 926.52648874 60000.76620652 
-0.06000000 0.00000000 985.92577977 60428.35474251 
-0.04000000 0.00000000 980.54361957 60422.28420747 
-0.02000000 0.00000000 921.19520167 60012.83714492 
0.00000000 0.00000000 918.25254352 60011.38583241 
0.02000000 0.00000000 915.19038162 60010.50331679 
0.04000000 0.00000000 911.83224718 60007.78734330 
0.06000000 0.00000000 918.80913715 60110.47225550 
0.08000000 0.00000000 908.13566996 60036.03849276 
0.10000000 0.00000000 904.93850371 60035.50025525 
0.12000000 0.00000000 901.63809686 60031.90109273 
0.14000000 0.00000000 948.02303713 58013.45929219 
0.16000000 0.00000000 936.95788533 58095.67190805 
0.18000000 0.00000000 892.89037248 60019.75311670 
0.20000000 0.00000000 890.48822536 60017.74357136 
0.22000000 0.00000000 888.07828978 60013.83438558 
0.24000000 0.00000000 885.74257376 60009.64954789 
0.26000000 0.00000000 881.40045796 59971.32179741 
0.28000000 0.00000000 879.27243969 59967.07133363 
0.30000000 0.00000000 877.25239764 59962.99093257 
0.32000000 0.00000000 875.39043918 59959.03019826 
0.34000000 0.00000000 873.77025219 59955.39454155 
0.36000000 0.00000000 872.51922439 59952.99754751 
0.38000000 0.00000000 871.67599248 59951.16689592 
0.40000000 0.00000000 1219.29502339 56830.10135216 
0.42000000 0.00000000 1218.17052782 56833.20221333 
0.44000000 0.00000000 872.22343474 59952.52839753 
0.46000000 0.00000000 873.43512114 59955.28124534 
0.48000000 0.00000000 875.06080184 59958.67998225 
0.50000000 0.00000000 877.05069356 59963.22550964 
0.52000000 0.00000000 879.28857107 59968.30671143 
0.54000000 0.00000000 881.67128351 59973.49960561 
0.56000000 0.00000000 884.12542278 59978.64558594 
0.58000000 0.00000000 888.88510426 60018.11988510 
0.60000000 0.00000000 891.47377903 60023.27188217 
0.62000000 0.00000000 894.07746468 60028.21584189 
0.64000000 0.00000000 896.74052995 60033.21491666 
0.66000000 0.00000000 919.11870159 58257.18474023 
0.68000000 0.00000000 924.89701152 58208.32931536 
0.70000000 0.00000000 905.35861063 60047.82666000 
0.72000000 0.00000000 908.52928235 60052.80733511 
0.74000000 0.00000000 911.68882560 60056.18533096 
0.76000000 0.00000000 915.11219666 60061.27890352 
0.78000000 0.00000000 918.20669494 60062.56591961 
0.80000000 0.00000000 921.60942947 60066.95250906 
0.82000000 0.00000000 924.93140922 60071.06878179 
0.84000000 0.00000000 928.05387597 60074.37606974 
0.86000000 0.00000000 940.97033059 60156.41146642 
0.88000000 0.00000000 944.08091487 60159.67060763 
0.90000000 0.00000000 924.84636756 59989.70524872 
0.92000000 0.00000000 903.05236665 59751.84276143 
0.94000000 0.00000000 951.42401880 60165.76156129 
0.96000000 0.00000000 953.18802849 60166.58663838 
0.98000000 0.00000000 968.24491868 60252.34230433 

