-1.00000000 0.00000000 316.08578225 63622.79719695 
-0.98000000 0.00000000 316.08578225 63622.79719695 
-0.96000000 0.00000000 316.08578225 63622.79719695 
-0.94000000 0.00000000 316.08578223 63622.79719695 
-0.92000000 0.00000000 316.08578223 63622.79719695 
-0.90000000 0.00000000 316.08578227 63622.79719695 
-0.88000000 0.00000000 316.08578227 63622.79719695 
-0.86000000 0.00000000 316.08578227 63622.79719695 
-0.84000000 0.00000000 316.08578219 63622.79719695 
-0.82000000 0.00000000 316.08578219 63622.79719695 
-0.80000000 0.00000000 316.08578226 63622.79719695 
-0.78000000 0.00000000 316.08578227 63622.79719695 
-0.76000000 0.00000000 316.08578227 63622.79719695 
-0.74000000 0.00000000 316.08578227 63622.79719695 
-0.72000000 0.00000000 316.08578227 63622.79719695 
-0.70000000 0.00000000 316.08578225 63622.79719695 
-0.68000000 0.00000000 316.08578225 63622.79719695 
-0.66000000 0.00000000 316.08578219 63622.79719695 
-0.64000000 0.00000000 316.08578219 63622.79719695 
-0.62000000 0.00000000 316.08578225 63622.79719695 
-0.60000000 0.00000000 316.08578219 63622.79719695 
-0.58000000 0.00000000 316.08578219 63622.79719695 
-0.56000000 0.00000000 316.08578225 63622.79719695 
-0.54000000 0.00000000 316.08578227 63622.79719695 
-0.52000000 0.00000000 316.08578227 63622.79719695 
-0.50000000 0.00000000 316.08578227 63622.79719695 
-0.48000000 0.00000000 316.08578227 63622.79719695 
-0.46000000 0.00000000 316.08578227 63622.79719695 
-0.44000000 0.00000000 316.08578219 63622.79719695 
-0.42000000 0.00000000 316.08578219 63622.79719695 
-0.40000000 0.00000000 316.08578227 63622.79719695 
-0.38000000 0.00000000 316.08578227 63622.79719695 
-0.36000000 0.00000000 316.08578227 63622.79719695 
-0.34000000 0.00000000 316.08578227 63622.79719695 
-0.32000000 0.00000000 316.08578227 63622.79719695 
-0.30000000 0.00000000 316.08578219 63622.79719695 
-0.28000000 0.00000000 316.08578219 63622.79719695 
-0.26000000 0.00000000 316.08578227 63622.79719695 
-0.24000000 0.00000000 316.08578227 63622.79719695 
-0.22000000 0.00000000 316.08578227 63622.79719695 
-0.20000000 0.00000000 316.08578227 63622.79719695 
-0.18000000 0.00000000 316.08578219 63622.79719695 
-0.16000000 0.00000000 316.08578219 63622.79719695 
-0.14000000 0.00000000 316.08578227 63622.79719695 
-0.12000000 0.00000000 316.08578227 63622.79719695 
-0.10000000 0.00000000 316.08578227 63622.79719695 
-0.08000000 0.00000000 316.08578227 63622.79719695 
-0.06000000 0.00000000 316.08578219 63622.79719695 
-0.04000000 0.00000000 316.08578219 63622.79719695 
-0.02000000 0.00000000 316.08578227 63622.79719695 
0.00000000 0.00000000 316.08578227 63622.79719695 
0.02000000 0.00000000 316.08578227 63622.79719695 
0.04000000 0.00000000 316.08578227 63622.79719695 
0.06000000 0.00000000 316.08578225 63622.79719695 
0.08000000 0.00000000 316.08578226 63622.79719695 
0.10000000 0.00000000 316.08578226 63622.79719695 
0.12000000 0.00000000 316.08578226 63622.79719695 
0.14000000 0.00000000 316.08578232 63622.79719696 
0.16000000 0.00000000 316.08578232 63622.79719696 
0.18000000 0.00000000 316.08578226 63622.79719695 
0.20000000 0.00000000 316.08578226 63622.79719695 
0.22000000 0.00000000 316.08578226 63622.79719695 
0.24000000 0.00000000 316.08578226 63622.79719695 
0.26000000 0.00000000 316.08578227 63622.79719695 
0.28000000 0.00000000 316.08578227 63622.79719695 
0.30000000 0.00000000 316.08578227 63622.79719695 
0.32000000 0.00000000 316.08578227 63622.79719695 
0.34000000 0.00000000 316.08578227 63622.79719695 
0.36000000 0.00000000 316.08578227 63622.79719695 
0.38000000 0.00000000 316.08578227 63622.79719695 
0.40000000 0.00000000 316.08578233 63622.79719696 
0.42000000 0.00000000 316.08578233 63622.79719696 
0.44000000 0.00000000 316.08578227 63622.79719695 
0.46000000 0.00000000 316.08578227 63622.79719695 
0.48000000 0.00000000 316.08578227 63622.79719695 
0.50000000 0.00000000 316.08578227 63622.79719695 
0.52000000 0.00000000 316.08578227 63622.79719695 
0.54000000 0.00000000 316.08578227 63622.79719695 
0.56000000 0.00000000 316.08578227 63622.79719695 
0.58000000 0.00000000 316.08578226 63622.79719695 
0.60000000 0.00000000 316.08578226 63622.79719695 
0.62000000 0.00000000 316.08578226 63622.79719695 
0.64000000 0.00000000 316.08578226 63622.79719695 
0.66000000 0.00000000 316.08578232 63622.79719696 
0.68000000 0.00000000 316.08578232 63622.79719696 
0.70000000 0.00000000 316.08578226 63622.79719695 
0.72000000 0.00000000 316.08578226 63622.79719695 
0.74000000 0.00000000 316.08578226 63622.79719695 
0.76000000 0.00000000 316.08578226 63622.79719695 
0.78000000 0.00000000 316.08578226 63622.79719695 
0.80000000 0.00000000 316.08578226 63622.79719695 
0.82000000 0.00000000 316.08578226 63622.79719695 
0.84000000 0.00000000 316.08578226 63622.79719695 
0.86000000 0.00000000 316.08578225 63622.79719695 
0.88000000 0.00000000 316.08578225 63622.79719695 
0.90000000 0.00000000 316.08578227 63622.79719696 
0.92000000 0.00000000 316.08578229 63622.79719696 
0.94000000 0.00000000 316.08578225 63622.79719695 
0.96000000 0.00000000 316.08578225 63622.79719695 
0.98000000 0.00000000 316.08578224 63622.79719695 

