-1.00000000 0.00000000 -1507.04248048 58306.23610650 
-0.98000000 0.00000000 -1506.13978365 58307.12056020 
-0.96000000 0.00000000 -1505.70118143 58307.89526950 
-0.94000000 0.00000000 -1478.35652532 58305.89377248 
-0.92000000 0.00000000 -1478.45072101 58306.52667043 
-0.90000000 0.00000000 -1529.64565889 58314.24851411 
-0.88000000 0.00000000 -1530.13896975 58314.64359644 
-0.86000000 0.00000000 -1530.81997857 58315.02036649 
-0.84000000 0.00000000 -1438.79629471 58308.64296282 
-0.82000000 0.00000000 -1438.54304644 58308.94178556 
-0.80000000 0.00000000 -1509.49719874 58311.12030604 
-0.78000000 0.00000000 -1544.09200934 58319.26749186 
-0.76000000 0.00000000 -1544.61917985 58319.52033854 
-0.74000000 0.00000000 -1545.01752462 58319.72771305 
-0.72000000 0.00000000 -1546.25646424 58320.19714019 
-0.70000000 0.00000000 -1508.35658367 58311.47697805 
-0.68000000 0.00000000 -1508.53662767 58311.53803276 
-0.66000000 0.00000000 -1437.81939371 58310.33986512 
-0.64000000 0.00000000 -1438.10937893 58310.21203440 
-0.62000000 0.00000000 -1509.05253418 58311.37969000 
-0.60000000 0.00000000 -1438.75449003 58309.60288866 
-0.58000000 0.00000000 -1439.09304779 58309.12487812 
-0.56000000 0.00000000 -1509.68879811 58310.64169083 
-0.54000000 0.00000000 -1547.67447997 58319.53402401 
-0.52000000 0.00000000 -1546.80609213 58318.90921283 
-0.50000000 0.00000000 -1546.80545662 58318.57025020 
-0.48000000 0.00000000 -1546.77554481 58318.23278533 
-0.46000000 0.00000000 -1546.55946902 58317.85646265 
-0.44000000 0.00000000 -1443.82805245 58304.53755864 
-0.42000000 0.00000000 -1444.28113174 58304.07080313 
-0.40000000 0.00000000 -1546.48381707 58317.17289363 
-0.38000000 0.00000000 -1546.41625872 58317.02786534 
-0.36000000 0.00000000 -1546.38351600 58316.93884190 
-0.34000000 0.00000000 -1546.34760092 58316.88380119 
-0.32000000 0.00000000 -1546.31244153 58316.85119004 
-0.30000000 0.00000000 -1443.94582387 58303.08784760 
-0.28000000 0.00000000 -1443.85191183 58303.04236891 
-0.26000000 0.00000000 -1546.29490990 58316.73402571 
-0.24000000 0.00000000 -1546.32798095 58316.61323333 
-0.22000000 0.00000000 -1546.37464520 58316.40147509 
-0.20000000 0.00000000 -1546.54840353 58316.10240558 
-0.18000000 0.00000000 -1445.34717527 58300.91644932 
-0.16000000 0.00000000 -1446.56729404 58299.73595595 
-0.14000000 0.00000000 -1547.69505876 58314.27818174 
-0.12000000 0.00000000 -1548.71405060 58313.39745097 
-0.10000000 0.00000000 -1549.80058041 58312.24031165 
-0.08000000 0.00000000 -1551.19828532 58310.88078540 
-0.06000000 0.00000000 -1461.48508214 58287.75151686 
-0.04000000 0.00000000 -1466.59605058 58284.19309944 
-0.02000000 0.00000000 -1555.43174041 58304.84073695 
0.00000000 0.00000000 -1558.71647228 58303.09257488 
0.02000000 0.00000000 -1562.11449086 58301.25198879 
0.04000000 0.00000000 -1566.06215027 58299.63203076 
0.06000000 0.00000000 -1548.83524612 58286.95334374 
0.08000000 0.00000000 -1567.40917615 58292.72518254 
0.10000000 0.00000000 -1571.06607125 58291.06581135 
0.12000000 0.00000000 -1575.17165978 58289.95182704 
0.14000000 0.00000000 -1730.38667977 58914.74691025 
0.16000000 0.00000000 -1738.82036132 58881.23538832 
0.18000000 0.00000000 -1586.57614164 58287.97890127 
0.20000000 0.00000000 -1589.69177321 58287.40475747 
0.22000000 0.00000000 -1593.05412466 58287.23734222 
0.24000000 0.00000000 -1596.41304482 58287.24649551 
0.26000000 0.00000000 -1605.55165274 58292.44690777 
0.28000000 0.00000000 -1608.78688847 58292.80327141 
0.30000000 0.00000000 -1611.90370157 58293.23781701 
0.32000000 0.00000000 -1614.82612462 58293.74499482 
0.34000000 0.00000000 -1617.40861476 58294.27474050 
0.36000000 0.00000000 -1619.37972391 58294.65606386 
0.38000000 0.00000000 -1620.73675848 58294.97285261 
0.40000000 0.00000000 -1518.52728554 59252.95603834 
0.42000000 0.00000000 -1519.17453498 59252.50617790 
0.44000000 0.00000000 -1619.87342697 58294.82519457 
0.46000000 0.00000000 -1617.93516304 58294.41781431 
0.48000000 0.00000000 -1615.36745744 58293.94640130 
0.50000000 0.00000000 -1612.20416751 58293.35842731 
0.52000000 0.00000000 -1608.67345553 58292.77670957 
0.54000000 0.00000000 -1604.96695730 58292.28400966 
0.56000000 0.00000000 -1601.20989403 58291.91313718 
0.58000000 0.00000000 -1591.46287581 58286.81210820 
0.60000000 0.00000000 -1587.67776856 58286.79721195 
0.62000000 0.00000000 -1583.95830686 58286.94015622 
0.64000000 0.00000000 -1580.22924057 58287.21466910 
0.66000000 0.00000000 -1750.44780900 58817.55779351 
0.68000000 0.00000000 -1747.05583022 58838.13538643 
0.70000000 0.00000000 -1568.71706333 58289.03947975 
0.72000000 0.00000000 -1564.64045977 58289.98318475 
0.74000000 0.00000000 -1560.77497221 58291.27495147 
0.76000000 0.00000000 -1556.50827108 58292.53545130 
0.78000000 0.00000000 -1553.00574576 58294.30743750 
0.80000000 0.00000000 -1548.93215970 58295.85306340 
0.82000000 0.00000000 -1545.02748470 58297.47784257 
0.84000000 0.00000000 -1541.46738001 58299.17999956 
0.86000000 0.00000000 -1520.96372800 58295.24798236 
0.88000000 0.00000000 -1517.63519413 58297.20149432 
0.90000000 0.00000000 -1553.61957879 58311.70208580 
0.92000000 0.00000000 -1605.72203821 58342.78672919 
0.94000000 0.00000000 -1510.23776398 58302.37028354 
0.96000000 0.00000000 -1508.61537561 58303.79124139 
0.98000000 0.00000000 -1487.81518594 58302.30363480 

