-1.00000000 0.00000000 315.33528833 63696.98458140 
-0.98000000 0.00000000 315.33528833 63696.98458140 
-0.96000000 0.00000000 315.33528833 63696.98458140 
-0.94000000 0.00000000 315.33528812 63696.98458140 
-0.92000000 0.00000000 315.33528813 63696.98458140 
-0.90000000 0.00000000 315.33528846 63696.98458140 
-0.88000000 0.00000000 315.33528846 63696.98458140 
-0.86000000 0.00000000 315.33528846 63696.98458140 
-0.84000000 0.00000000 315.33528764 63696.98458138 
-0.82000000 0.00000000 315.33528764 63696.98458138 
-0.80000000 0.00000000 315.33528835 63696.98458140 
-0.78000000 0.00000000 315.33528852 63696.98458140 
-0.76000000 0.00000000 315.33528852 63696.98458140 
-0.74000000 0.00000000 315.33528852 63696.98458140 
-0.72000000 0.00000000 315.33528852 63696.98458140 
-0.70000000 0.00000000 315.33528834 63696.98458140 
-0.68000000 0.00000000 315.33528834 63696.98458140 
-0.66000000 0.00000000 315.33528764 63696.98458138 
-0.64000000 0.00000000 315.33528765 63696.98458138 
-0.62000000 0.00000000 315.33528834 63696.98458140 
-0.60000000 0.00000000 315.33528765 63696.98458138 
-0.58000000 0.00000000 315.33528764 63696.98458138 
-0.56000000 0.00000000 315.33528834 63696.98458140 
-0.54000000 0.00000000 315.33528852 63696.98458140 
-0.52000000 0.00000000 315.33528852 63696.98458140 
-0.50000000 0.00000000 315.33528852 63696.98458140 
-0.48000000 0.00000000 315.33528852 63696.98458140 
-0.46000000 0.00000000 315.33528852 63696.98458140 
-0.44000000 0.00000000 315.33528764 63696.98458138 
-0.42000000 0.00000000 315.33528764 63696.98458138 
-0.40000000 0.00000000 315.33528852 63696.98458140 
-0.38000000 0.00000000 315.33528851 63696.98458140 
-0.36000000 0.00000000 315.33528851 63696.98458140 
-0.34000000 0.00000000 315.33528851 63696.98458140 
-0.32000000 0.00000000 315.33528851 63696.98458140 
-0.30000000 0.00000000 315.33528762 63696.98458138 
-0.28000000 0.00000000 315.33528762 63696.98458138 
-0.26000000 0.00000000 315.33528852 63696.98458140 
-0.24000000 0.00000000 315.33528852 63696.98458140 
-0.22000000 0.00000000 315.33528851 63696.98458140 
-0.20000000 0.00000000 315.33528851 63696.98458140 
-0.18000000 0.00000000 315.33528762 63696.98458138 
-0.16000000 0.00000000 315.33528762 63696.98458138 
-0.14000000 0.00000000 315.33528851 63696.98458140 
-0.12000000 0.00000000 315.33528851 63696.98458140 
-0.10000000 0.00000000 315.33528851 63696.98458140 
-0.08000000 0.00000000 315.33528851 63696.98458140 
-0.06000000 0.00000000 315.33528762 63696.98458138 
-0.04000000 0.00000000 315.33528761 63696.98458138 
-0.02000000 0.00000000 315.33528849 63696.98458140 
0.00000000 0.00000000 315.33528848 63696.98458140 
0.02000000 0.00000000 315.33528848 63696.98458140 
0.04000000 0.00000000 315.33528848 63696.98458140 
0.06000000 0.00000000 315.33528833 63696.98458140 
0.08000000 0.00000000 315.33528843 63696.98458140 
0.10000000 0.00000000 315.33528842 63696.98458140 
0.12000000 0.00000000 315.33528842 63696.98458140 
0.14000000 0.00000000 315.33528906 63696.98458142 
0.16000000 0.00000000 315.33528906 63696.98458142 
0.18000000 0.00000000 315.33528842 63696.98458140 
0.20000000 0.00000000 315.33528841 63696.98458140 
0.22000000 0.00000000 315.33528841 63696.98458140 
0.24000000 0.00000000 315.33528841 63696.98458140 
0.26000000 0.00000000 315.33528846 63696.98458140 
0.28000000 0.00000000 315.33528846 63696.98458140 
0.30000000 0.00000000 315.33528846 63696.98458140 
0.32000000 0.00000000 315.33528846 63696.98458140 
0.34000000 0.00000000 315.33528846 63696.98458140 
0.36000000 0.00000000 315.33528846 63696.98458140 
0.38000000 0.00000000 315.33528846 63696.98458140 
0.40000000 0.00000000 315.33528910 63696.98458142 
0.42000000 0.00000000 315.33528910 63696.98458142 
0.44000000 0.00000000 315.33528846 63696.98458140 
0.46000000 0.00000000 315.33528846 63696.98458140 
0.48000000 0.00000000 315.33528846 63696.98458140 
0.50000000 0.00000000 315.33528846 63696.98458140 
0.52000000 0.00000000 315.33528846 63696.98458140 
0.54000000 0.00000000 315.33528846 63696.98458140 
0.56000000 0.00000000 315.33528846 63696.98458140 
0.58000000 0.00000000 315.33528841 63696.98458140 
0.60000000 0.00000000 315.33528841 63696.98458140 
0.62000000 0.00000000 315.33528841 63696.98458140 
0.64000000 0.00000000 315.33528841 63696.98458140 
0.66000000 0.00000000 315.33528905 63696.98458142 
0.68000000 0.00000000 315.33528905 63696.98458142 
0.70000000 0.00000000 315.33528842 63696.98458140 
0.72000000 0.00000000 315.33528842 63696.98458140 
0.74000000 0.00000000 315.33528842 63696.98458140 
0.76000000 0.00000000 315.33528842 63696.98458140 
0.78000000 0.00000000 315.33528843 63696.98458140 
0.80000000 0.00000000 315.33528843 63696.98458140 
0.82000000 0.00000000 315.33528843 63696.98458140 
0.84000000 0.00000000 315.33528843 63696.98458140 
0.86000000 0.00000000 315.33528831 63696.98458140 
0.88000000 0.00000000 315.33528832 63696.98458140 
0.90000000 0.00000000 315.33528854 63696.98458141 
0.92000000 0.00000000 315.33528872 63696.98458141 
0.94000000 0.00000000 315.33528832 63696.98458140 
0.96000000 0.00000000 315.33528832 63696.98458140 
0.98000000 0.00000000 315.33528817 63696.98458139 

