-1.00000000 0.00000000 0.11191665 0.10000000 
-0.99000000 0.00000000 0.11156311 0.10000000 
-0.98000000 0.00000000 0.11127202 0.10000000 
-0.97000000 0.00000000 0.11104484 0.10000000 
-0.96000000 0.00000000 0.11088344 0.10000000 
-0.95000000 0.00000000 0.11078999 0.10000000 
-0.94000000 0.00000000 0.11076701 0.10000000 
-0.93000000 0.00000000 0.11081738 0.10000000 
-0.92000000 0.00000000 0.11092173 0.10000000 
-0.91000000 0.00000000 0.11112594 0.10000000 
-0.90000000 0.00000000 0.11141408 0.10000000 
-0.89000000 0.00000000 0.11179046 0.10000000 
-0.88000000 0.00000000 0.11225973 0.10000000 
-0.87000000 0.00000000 0.11282687 0.10000000 
-0.86000000 0.00000000 0.11349725 0.10000000 
-0.85000000 0.00000000 0.11427652 0.10000000 
-0.84000000 0.00000000 0.11521904 0.10000000 
-0.83000000 0.00000000 0.11623848 0.10000000 
-0.82000000 0.00000000 0.11732912 0.10000000 
-0.81000000 0.00000000 0.11860634 0.10000000 
-0.80000000 0.00000000 0.12002505 0.10000000 
-0.79000000 0.00000000 0.12159251 0.10000000 
-0.78000000 0.00000000 0.12339120 0.10000000 
-0.77000000 0.00000000 0.12528374 0.10000000 
-0.76000000 0.00000000 0.12734774 0.10000000 
-0.75000000 0.00000000 0.12959092 0.10000000 
-0.74000000 0.00000000 0.13202107 0.10000000 
-0.73000000 0.00000000 0.13464594 0.10000000 
-0.72000000 0.00000000 0.13749280 0.10000000 
-0.71000000 0.00000000 0.14053299 0.10000000 
-0.70000000 0.00000000 0.14379084 0.10000000 
-0.69000000 0.00000000 0.14727383 0.10000000 
-0.68000000 0.00000000 0.15098884 0.10000000 
-0.67000000 0.00000000 0.15494254 0.10000000 
-0.66000000 0.00000000 0.15914126 0.10000000 
-0.65000000 0.00000000 0.16359084 0.10000000 
-0.64000000 0.00000000 0.16809735 0.10000000 
-0.63000000 0.00000000 0.17305426 0.10000000 
-0.62000000 0.00000000 0.17849453 0.10000000 
-0.61000000 0.00000000 0.18399460 0.10000000 
-0.60000000 0.00000000 0.18976549 0.10000000 
-0.59000000 0.00000000 0.19580877 0.10000000 
-0.58000000 0.00000000 0.20186853 0.10000000 
-0.57000000 0.00000000 0.20844798 0.10000000 
-0.56000000 0.00000000 0.21529863 0.10000000 
-0.55000000 0.00000000 0.22241801 0.10000000 
-0.54000000 0.00000000 0.22980185 0.10000000 
-0.53000000 0.00000000 0.23744481 0.10000000 
-0.52000000 0.00000000 0.24534021 0.10000000 
-0.51000000 0.00000000 0.25348002 0.10000000 
-0.50000000 0.00000000 0.26185488 0.10000000 
-0.49000000 0.00000000 0.27066977 0.10000000 
-0.48000000 0.00000000 0.27948085 0.10000000 
-0.47000000 0.00000000 0.28849024 0.10000000 
-0.46000000 0.00000000 0.29768338 0.10000000 
-0.45000000 0.00000000 0.30704452 0.10000000 
-0.44000000 0.00000000 0.31670120 0.10000000 
-0.43000000 0.00000000 0.32635232 0.10000000 
-0.42000000 0.00000000 0.33575031 0.10000000 
-0.41000000 0.00000000 0.34560804 0.10000000 
-0.40000000 0.00000000 0.35553947 0.10000000 
-0.39000000 0.00000000 0.36552275 0.10000000 
-0.38000000 0.00000000 0.37571045 0.10000000 
-0.37000000 0.00000000 0.38573354 0.10000000 
-0.36000000 0.00000000 0.39592560 0.10000000 
-0.35000000 0.00000000 0.40588093 0.10000000 
-0.34000000 0.00000000 0.41576930 0.10000000 
-0.33000000 0.00000000 0.42556628 0.10000000 
-0.32000000 0.00000000 0.43524741 0.10000000 
-0.31000000 0.00000000 0.44478833 0.10000000 
-0.30000000 0.00000000 0.45416489 0.10000000 
-0.29000000 0.00000000 0.46301347 0.10000000 
-0.28000000 0.00000000 0.47199983 0.10000000 
-0.27000000 0.00000000 0.48075234 0.10000000 
-0.26000000 0.00000000 0.48924850 0.10000000 
-0.25000000 0.00000000 0.49746648 0.10000000 
-0.24000000 0.00000000 0.50547334 0.10000000 
-0.23000000 0.00000000 0.51306117 0.10000000 
-0.22000000 0.00000000 0.52051362 0.10000000 
-0.21000000 0.00000000 0.52740266 0.10000000 
-0.20000000 0.00000000 0.53391709 0.10000000 
-0.19000000 0.00000000 0.54004120 0.10000000 
-0.18000000 0.00000000 0.54576038 0.10000000 
-0.17000000 0.00000000 0.55106184 0.10000000 
-0.16000000 0.00000000 0.55574550 0.10000000 
-0.15000000 0.00000000 0.56019470 0.10000000 
-0.14000000 0.00000000 0.56419588 0.10000000 
-0.13000000 0.00000000 0.56774175 0.10000000 
-0.12000000 0.00000000 0.57082652 0.10000000 
-0.11000000 0.00000000 0.57344591 0.10000000 
-0.10000000 0.00000000 0.57559718 0.10000000 
-0.09000000 0.00000000 0.57741897 0.10000000 
-0.08000000 0.00000000 0.57862298 0.10000000 
-0.07000000 0.00000000 0.57935920 0.10000000 
-0.06000000 0.00000000 0.57963081 0.10000000 
-0.05000000 0.00000000 0.57944241 0.10000000 
-0.04000000 0.00000000 0.57859792 0.10000000 
-0.03000000 0.00000000 0.57751235 0.10000000 
-0.02000000 0.00000000 0.57598891 0.10000000 
-0.01000000 0.00000000 0.57403695 0.10000000 
0.00000000 0.00000000 0.57166725 0.10000000 
0.01000000 0.00000000 0.56889113 0.10000000 
0.02000000 0.00000000 0.56572113 0.10000000 
0.03000000 0.00000000 0.56217047 0.10000000 
0.04000000 0.00000000 0.55827528 0.10000000 
0.05000000 0.00000000 0.55399602 0.10000000 
0.06000000 0.00000000 0.54937984 0.10000000 
0.07000000 0.00000000 0.54444240 0.10000000 
0.08000000 0.00000000 0.53919973 0.10000000 
0.09000000 0.00000000 0.53366818 0.10000000 
0.10000000 0.00000000 0.52786433 0.10000000 
0.11000000 0.00000000 0.52180478 0.10000000 
0.12000000 0.00000000 0.51550658 0.10000000 
0.13000000 0.00000000 0.50898662 0.10000000 
0.14000000 0.00000000 0.50226180 0.10000000 
0.15000000 0.00000000 0.49534897 0.10000000 
0.16000000 0.00000000 0.48852128 0.10000000 
0.17000000 0.00000000 0.48128807 0.10000000 
0.18000000 0.00000000 0.47391610 0.10000000 
0.19000000 0.00000000 0.46642175 0.10000000 
0.20000000 0.00000000 0.45882112 0.10000000 
0.21000000 0.00000000 0.45096030 0.10000000 
0.22000000 0.00000000 0.44319709 0.10000000 
0.23000000 0.00000000 0.43537453 0.10000000 
0.24000000 0.00000000 0.42750742 0.10000000 
0.25000000 0.00000000 0.41961014 0.10000000 
0.26000000 0.00000000 0.41169664 0.10000000 
0.27000000 0.00000000 0.40378024 0.10000000 
0.28000000 0.00000000 0.39587389 0.10000000 
0.29000000 0.00000000 0.38798993 0.10000000 
0.30000000 0.00000000 0.38014010 0.10000000 
0.31000000 0.00000000 0.37233558 0.10000000 
0.32000000 0.00000000 0.36458692 0.10000000 
0.33000000 0.00000000 0.35690404 0.10000000 
0.34000000 0.00000000 0.34929622 0.10000000 
0.35000000 0.00000000 0.34177211 0.10000000 
0.36000000 0.00000000 0.33417711 0.10000000 
0.37000000 0.00000000 0.32684380 0.10000000 
0.38000000 0.00000000 0.31961646 0.10000000 
0.39000000 0.00000000 0.31250111 0.10000000 
0.40000000 0.00000000 0.30550312 0.10000000 
0.41000000 0.00000000 0.29890477 0.10000000 
0.42000000 0.00000000 0.29215047 0.10000000 
0.43000000 0.00000000 0.28552614 0.10000000 
0.44000000 0.00000000 0.27903512 0.10000000 
0.45000000 0.00000000 0.27268029 0.10000000 
0.46000000 0.00000000 0.26646413 0.10000000 
0.47000000 0.00000000 0.26029370 0.10000000 
0.48000000 0.00000000 0.25436418 0.10000000 
0.49000000 0.00000000 0.24857862 0.10000000 
0.50000000 0.00000000 0.24293813 0.10000000 
0.51000000 0.00000000 0.23744352 0.10000000 
0.52000000 0.00000000 0.23209528 0.10000000 
0.53000000 0.00000000 0.22689367 0.10000000 
0.54000000 0.00000000 0.22183864 0.10000000 
0.55000000 0.00000000 0.21692988 0.10000000 
0.56000000 0.00000000 0.21216684 0.10000000 
0.57000000 0.00000000 0.20754883 0.10000000 
0.58000000 0.00000000 0.20307464 0.10000000 
0.59000000 0.00000000 0.19874303 0.10000000 
0.60000000 0.00000000 0.19455251 0.10000000 
0.61000000 0.00000000 0.19038204 0.10000000 
0.62000000 0.00000000 0.18647138 0.10000000 
0.63000000 0.00000000 0.18269619 0.10000000 
0.64000000 0.00000000 0.17905414 0.10000000 
0.65000000 0.00000000 0.17554276 0.10000000 
0.66000000 0.00000000 0.17215946 0.10000000 
0.67000000 0.00000000 0.16904516 0.10000000 
0.68000000 0.00000000 0.16590490 0.10000000 
0.69000000 0.00000000 0.16288433 0.10000000 
0.70000000 0.00000000 0.15998053 0.10000000 
0.71000000 0.00000000 0.15719055 0.10000000 
0.72000000 0.00000000 0.15447820 0.10000000 
0.73000000 0.00000000 0.15190866 0.10000000 
0.74000000 0.00000000 0.14944420 0.10000000 
0.75000000 0.00000000 0.14708201 0.10000000 
0.76000000 0.00000000 0.14481935 0.10000000 
0.77000000 0.00000000 0.14265356 0.10000000 
0.78000000 0.00000000 0.14058204 0.10000000 
0.79000000 0.00000000 0.13860230 0.10000000 
0.80000000 0.00000000 0.13671191 0.10000000 
0.81000000 0.00000000 0.13490856 0.10000000 
0.82000000 0.00000000 0.13319012 0.10000000 
0.83000000 0.00000000 0.13155437 0.10000000 
0.84000000 0.00000000 0.12999930 0.10000000 
0.85000000 0.00000000 0.12852307 0.10000000 
0.86000000 0.00000000 0.12712391 0.10000000 
0.87000000 0.00000000 0.12575141 0.10000000 
0.88000000 0.00000000 0.12450347 0.10000000 
0.89000000 0.00000000 0.12332816 0.10000000 
0.90000000 0.00000000 0.12222425 0.10000000 
0.91000000 0.00000000 0.12119074 0.10000000 
0.92000000 0.00000000 0.12027061 0.10000000 
0.93000000 0.00000000 0.11937239 0.10000000 
0.94000000 0.00000000 0.11854254 0.10000000 
0.95000000 0.00000000 0.11778081 0.10000000 
0.96000000 0.00000000 0.11708716 0.10000000 
0.97000000 0.00000000 0.11646188 0.10000000 
0.98000000 0.00000000 0.11591009 0.10000000 
0.99000000 0.00000000 0.11542501 0.10000000 
