-1.00000000 0.00000000 0.19973861 0.10000000 
-0.95000000 0.00000000 0.20158803 0.10000000 
-0.90000000 0.00000000 0.20516821 0.10000000 
-0.85000000 0.00000000 0.21113217 0.10000000 
-0.80000000 0.00000000 0.21916465 0.10000000 
-0.75000000 0.00000000 0.22914035 0.10000000 
-0.70000000 0.00000000 0.24088137 0.10000000 
-0.65000000 0.00000000 0.25450848 0.10000000 
-0.60000000 0.00000000 0.26888434 0.10000000 
-0.55000000 0.00000000 0.28416985 0.10000000 
-0.50000000 0.00000000 0.30046435 0.10000000 
-0.45000000 0.00000000 0.31667924 0.10000000 
-0.40000000 0.00000000 0.33281072 0.10000000 
-0.35000000 0.00000000 0.34779643 0.10000000 
-0.30000000 0.00000000 0.36181783 0.10000000 
-0.25000000 0.00000000 0.37390594 0.10000000 
-0.20000000 0.00000000 0.38472003 0.10000000 
-0.15000000 0.00000000 0.39281530 0.10000000 
-0.10000000 0.00000000 0.39853765 0.10000000 
-0.05000000 0.00000000 0.40146158 0.10000000 
0.00000000 0.00000000 0.40138540 0.10000000 
0.05000000 0.00000000 0.39895123 0.10000000 
0.10000000 0.00000000 0.39334390 0.10000000 
0.15000000 0.00000000 0.38555596 0.10000000 
0.20000000 0.00000000 0.37557318 0.10000000 
0.25000000 0.00000000 0.36413359 0.10000000 
0.30000000 0.00000000 0.35068766 0.10000000 
0.35000000 0.00000000 0.33588050 0.10000000 
0.40000000 0.00000000 0.32069522 0.10000000 
0.45000000 0.00000000 0.30519593 0.10000000 
0.50000000 0.00000000 0.29030036 0.10000000 
0.55000000 0.00000000 0.27527762 0.10000000 
0.60000000 0.00000000 0.26083244 0.10000000 
0.65000000 0.00000000 0.24730898 0.10000000 
0.70000000 0.00000000 0.23543578 0.10000000 
0.75000000 0.00000000 0.22542481 0.10000000 
0.80000000 0.00000000 0.21681469 0.10000000 
0.85000000 0.00000000 0.21008380 0.10000000 
0.90000000 0.00000000 0.20510842 0.10000000 
0.95000000 0.00000000 0.20249266 0.10000000 
