-1.00000000 0.00000000 0.27243967 0.10000000 
-0.90000000 0.00000000 0.27773667 0.10000000 
-0.80000000 0.00000000 0.28494194 0.10000000 
-0.70000000 0.00000000 0.29334476 0.10000000 
-0.60000000 0.00000000 0.30210865 0.10000000 
-0.50000000 0.00000000 0.31035056 0.10000000 
-0.40000000 0.00000000 0.31723461 0.10000000 
-0.30000000 0.00000000 0.32193087 0.10000000 
-0.20000000 0.00000000 0.32456337 0.10000000 
-0.10000000 0.00000000 0.32411729 0.10000000 
0.00000000 0.00000000 0.32104441 0.10000000 
0.10000000 0.00000000 0.31577704 0.10000000 
0.20000000 0.00000000 0.30885195 0.10000000 
0.30000000 0.00000000 0.30134712 0.10000000 
0.40000000 0.00000000 0.29382337 0.10000000 
0.50000000 0.00000000 0.28706618 0.10000000 
0.60000000 0.00000000 0.28139748 0.10000000 
0.70000000 0.00000000 0.27758971 0.10000000 
0.80000000 0.00000000 0.27570468 0.10000000 
0.90000000 0.00000000 0.27630704 0.10000000 
