-1.00000000 0.00000000 0.18466722 0.10000000 
-0.90000000 0.00000000 0.18890566 0.10000000 
-0.80000000 0.00000000 0.20120632 0.10000000 
-0.70000000 0.00000000 0.22143835 0.10000000 
-0.60000000 0.00000000 0.24899956 0.10000000 
-0.50000000 0.00000000 0.28267547 0.10000000 
-0.40000000 0.00000000 0.32088783 0.10000000 
-0.30000000 0.00000000 0.36205561 0.10000000 
-0.20000000 0.00000000 0.40553016 0.10000000 
-0.10000000 0.00000000 0.44117018 0.10000000 
0.00000000 0.00000000 0.45483627 0.10000000 
0.10000000 0.00000000 0.43840695 0.10000000 
0.20000000 0.00000000 0.40030957 0.10000000 
0.30000000 0.00000000 0.35733580 0.10000000 
0.40000000 0.00000000 0.31639043 0.10000000 
0.50000000 0.00000000 0.27959802 0.10000000 
0.60000000 0.00000000 0.24668072 0.10000000 
0.70000000 0.00000000 0.22030429 0.10000000 
0.80000000 0.00000000 0.20084259 0.10000000 
0.90000000 0.00000000 0.18986662 0.10000000 
