-1.00000000 0.00000000 0.10000000 0.10000000 
-0.99900000 0.00000000 0.10000000 0.10000000 
-0.99800000 0.00000000 0.10000000 0.10000000 
-0.99700000 0.00000000 0.10000000 0.10000000 
-0.99600000 0.00000000 0.10000000 0.10000000 
-0.99500000 0.00000000 0.10000000 0.10000000 
-0.99400000 0.00000000 0.10000000 0.10000000 
-0.99300000 0.00000000 0.10000000 0.10000000 
-0.99200000 0.00000000 0.10000000 0.10000000 
-0.99100000 0.00000000 0.10000000 0.10000000 
-0.99000000 0.00000000 0.10000000 0.10000000 
-0.98900000 0.00000000 0.10000000 0.10000000 
-0.98800000 0.00000000 0.10000000 0.10000000 
-0.98700000 0.00000000 0.10000000 0.10000000 
-0.98600000 0.00000000 0.10000000 0.10000000 
-0.98500000 0.00000000 0.10000000 0.10000000 
-0.98400000 0.00000000 0.10000000 0.10000000 
-0.98300000 0.00000000 0.10000000 0.10000000 
-0.98200000 0.00000000 0.10000000 0.10000000 
-0.98100000 0.00000000 0.10000000 0.10000000 
-0.98000000 0.00000000 0.10000000 0.10000000 
-0.97900000 0.00000000 0.10000000 0.10000000 
-0.97800000 0.00000000 0.10000000 0.10000000 
-0.97700000 0.00000000 0.10000001 0.10000000 
-0.97600000 0.00000000 0.10000001 0.10000000 
-0.97500000 0.00000000 0.10000001 0.10000000 
-0.97400000 0.00000000 0.10000001 0.10000000 
-0.97300000 0.00000000 0.10000001 0.10000000 
-0.97200000 0.00000000 0.10000001 0.10000000 
-0.97100000 0.00000000 0.10000001 0.10000000 
-0.97000000 0.00000000 0.10000001 0.10000000 
-0.96900000 0.00000000 0.10000001 0.10000000 
-0.96800000 0.00000000 0.10000001 0.10000000 
-0.96700000 0.00000000 0.10000001 0.10000000 
-0.96600000 0.00000000 0.10000001 0.10000000 
-0.96500000 0.00000000 0.10000001 0.10000000 
-0.96400000 0.00000000 0.10000001 0.10000000 
-0.96300000 0.00000000 0.10000001 0.10000000 
-0.96200000 0.00000000 0.10000001 0.10000000 
-0.96100000 0.00000000 0.10000001 0.10000000 
-0.96000000 0.00000000 0.10000001 0.10000000 
-0.95900000 0.00000000 0.10000001 0.10000000 
-0.95800000 0.00000000 0.10000001 0.10000000 
-0.95700000 0.00000000 0.10000001 0.10000000 
-0.95600000 0.00000000 0.10000001 0.10000000 
-0.95500000 0.00000000 0.10000001 0.10000000 
-0.95400000 0.00000000 0.10000001 0.10000000 
-0.95300000 0.00000000 0.10000001 0.10000000 
-0.95200000 0.00000000 0.10000001 0.10000000 
-0.95100000 0.00000000 0.10000001 0.10000000 
-0.95000000 0.00000000 0.10000001 0.10000000 
-0.94900000 0.00000000 0.10000002 0.10000000 
-0.94800000 0.00000000 0.10000002 0.10000000 
-0.94700000 0.00000000 0.10000002 0.10000000 
-0.94600000 0.00000000 0.10000002 0.10000000 
-0.94500000 0.00000000 0.10000002 0.10000000 
-0.94400000 0.00000000 0.10000002 0.10000000 
-0.94300000 0.00000000 0.10000002 0.10000000 
-0.94200000 0.00000000 0.10000002 0.10000000 
-0.94100000 0.00000000 0.10000002 0.10000000 
-0.94000000 0.00000000 0.10000002 0.10000000 
-0.93900000 0.00000000 0.10000002 0.10000000 
-0.93800000 0.00000000 0.10000002 0.10000000 
-0.93700000 0.00000000 0.10000002 0.10000000 
-0.93600000 0.00000000 0.10000002 0.10000000 
-0.93500000 0.00000000 0.10000003 0.10000000 
-0.93400000 0.00000000 0.10000003 0.10000000 
-0.93300000 0.00000000 0.10000003 0.10000000 
-0.93200000 0.00000000 0.10000003 0.10000000 
-0.93100000 0.00000000 0.10000003 0.10000000 
-0.93000000 0.00000000 0.10000003 0.10000000 
-0.92900000 0.00000000 0.10000003 0.10000000 
-0.92800000 0.00000000 0.10000003 0.10000000 
-0.92700000 0.00000000 0.10000003 0.10000000 
-0.92600000 0.00000000 0.10000004 0.10000000 
-0.92500000 0.00000000 0.10000004 0.10000000 
-0.92400000 0.00000000 0.10000004 0.10000000 
-0.92300000 0.00000000 0.10000004 0.10000000 
-0.92200000 0.00000000 0.10000004 0.10000000 
-0.92100000 0.00000000 0.10000004 0.10000000 
-0.92000000 0.00000000 0.10000004 0.10000000 
-0.91900000 0.00000000 0.10000005 0.10000000 
-0.91800000 0.00000000 0.10000005 0.10000000 
-0.91700000 0.00000000 0.10000005 0.10000000 
-0.91600000 0.00000000 0.10000005 0.10000000 
-0.91500000 0.00000000 0.10000005 0.10000000 
-0.91400000 0.00000000 0.10000006 0.10000000 
-0.91300000 0.00000000 0.10000006 0.10000000 
-0.91200000 0.00000000 0.10000006 0.10000000 
-0.91100000 0.00000000 0.10000006 0.10000000 
-0.91000000 0.00000000 0.10000006 0.10000000 
-0.90900000 0.00000000 0.10000007 0.10000000 
-0.90800000 0.00000000 0.10000007 0.10000000 
-0.90700000 0.00000000 0.10000007 0.10000000 
-0.90600000 0.00000000 0.10000007 0.10000000 
-0.90500000 0.00000000 0.10000008 0.10000000 
-0.90400000 0.00000000 0.10000008 0.10000000 
-0.90300000 0.00000000 0.10000008 0.10000000 
-0.90200000 0.00000000 0.10000009 0.10000000 
-0.90100000 0.00000000 0.10000009 0.10000000 
-0.90000000 0.00000000 0.10000009 0.10000000 
-0.89900000 0.00000000 0.10000010 0.10000000 
-0.89800000 0.00000000 0.10000010 0.10000000 
-0.89700000 0.00000000 0.10000010 0.10000000 
-0.89600000 0.00000000 0.10000011 0.10000000 
-0.89500000 0.00000000 0.10000011 0.10000000 
-0.89400000 0.00000000 0.10000011 0.10000000 
-0.89300000 0.00000000 0.10000012 0.10000000 
-0.89200000 0.00000000 0.10000012 0.10000000 
-0.89100000 0.00000000 0.10000013 0.10000000 
-0.89000000 0.00000000 0.10000013 0.10000000 
-0.88900000 0.00000000 0.10000014 0.10000000 
-0.88800000 0.00000000 0.10000014 0.10000000 
-0.88700000 0.00000000 0.10000015 0.10000000 
-0.88600000 0.00000000 0.10000015 0.10000000 
-0.88500000 0.00000000 0.10000016 0.10000000 
-0.88400000 0.00000000 0.10000016 0.10000000 
-0.88300000 0.00000000 0.10000017 0.10000000 
-0.88200000 0.00000000 0.10000017 0.10000000 
-0.88100000 0.00000000 0.10000018 0.10000000 
-0.88000000 0.00000000 0.10000019 0.10000000 
-0.87900000 0.00000000 0.10000019 0.10000000 
-0.87800000 0.00000000 0.10000020 0.10000000 
-0.87700000 0.00000000 0.10000021 0.10000000 
-0.87600000 0.00000000 0.10000022 0.10000000 
-0.87500000 0.00000000 0.10000022 0.10000000 
-0.87400000 0.00000000 0.10000023 0.10000000 
-0.87300000 0.00000000 0.10000024 0.10000000 
-0.87200000 0.00000000 0.10000025 0.10000000 
-0.87100000 0.00000000 0.10000026 0.10000000 
-0.87000000 0.00000000 0.10000027 0.10000000 
-0.86900000 0.00000000 0.10000028 0.10000000 
-0.86800000 0.00000000 0.10000029 0.10000000 
-0.86700000 0.00000000 0.10000030 0.10000000 
-0.86600000 0.00000000 0.10000031 0.10000000 
-0.86500000 0.00000000 0.10000032 0.10000000 
-0.86400000 0.00000000 0.10000033 0.10000000 
-0.86300000 0.00000000 0.10000034 0.10000000 
-0.86200000 0.00000000 0.10000035 0.10000000 
-0.86100000 0.00000000 0.10000036 0.10000000 
-0.86000000 0.00000000 0.10000038 0.10000000 
-0.85900000 0.00000000 0.10000039 0.10000000 
-0.85800000 0.00000000 0.10000040 0.10000000 
-0.85700000 0.00000000 0.10000042 0.10000000 
-0.85600000 0.00000000 0.10000043 0.10000000 
-0.85500000 0.00000000 0.10000045 0.10000000 
-0.85400000 0.00000000 0.10000046 0.10000000 
-0.85300000 0.00000000 0.10000048 0.10000000 
-0.85200000 0.00000000 0.10000050 0.10000000 
-0.85100000 0.00000000 0.10000051 0.10000000 
-0.85000000 0.00000000 0.10000053 0.10000000 
-0.84900000 0.00000000 0.10000055 0.10000000 
-0.84800000 0.00000000 0.10000057 0.10000000 
-0.84700000 0.00000000 0.10000059 0.10000000 
-0.84600000 0.00000000 0.10000061 0.10000000 
-0.84500000 0.00000000 0.10000063 0.10000000 
-0.84400000 0.00000000 0.10000065 0.10000000 
-0.84300000 0.00000000 0.10000067 0.10000000 
-0.84200000 0.00000000 0.10000070 0.10000000 
-0.84100000 0.00000000 0.10000072 0.10000000 
-0.84000000 0.00000000 0.10000074 0.10000000 
-0.83900000 0.00000000 0.10000077 0.10000000 
-0.83800000 0.00000000 0.10000080 0.10000000 
-0.83700000 0.00000000 0.10000082 0.10000000 
-0.83600000 0.00000000 0.10000085 0.10000000 
-0.83500000 0.00000000 0.10000088 0.10000000 
-0.83400000 0.00000000 0.10000091 0.10000000 
-0.83300000 0.00000000 0.10000094 0.10000000 
-0.83200000 0.00000000 0.10000097 0.10000000 
-0.83100000 0.00000000 0.10000100 0.10000000 
-0.83000000 0.00000000 0.10000104 0.10000000 
-0.82900000 0.00000000 0.10000107 0.10000000 
-0.82800000 0.00000000 0.10000111 0.10000000 
-0.82700000 0.00000000 0.10000115 0.10000000 
-0.82600000 0.00000000 0.10000119 0.10000000 
-0.82500000 0.00000000 0.10000123 0.10000000 
-0.82400000 0.00000000 0.10000127 0.10000000 
-0.82300000 0.00000000 0.10000131 0.10000000 
-0.82200000 0.00000000 0.10000135 0.10000000 
-0.82100000 0.00000000 0.10000140 0.10000000 
-0.82000000 0.00000000 0.10000144 0.10000000 
-0.81900000 0.00000000 0.10000149 0.10000000 
-0.81800000 0.00000000 0.10000154 0.10000000 
-0.81700000 0.00000000 0.10000159 0.10000000 
-0.81600000 0.00000000 0.10000165 0.10000000 
-0.81500000 0.00000000 0.10000170 0.10000000 
-0.81400000 0.00000000 0.10000176 0.10000000 
-0.81300000 0.00000000 0.10000182 0.10000000 
-0.81200000 0.00000000 0.10000188 0.10000000 
-0.81100000 0.00000000 0.10000194 0.10000000 
-0.81000000 0.00000000 0.10000200 0.10000000 
-0.80900000 0.00000000 0.10000207 0.10000000 
-0.80800000 0.00000000 0.10000213 0.10000000 
-0.80700000 0.00000000 0.10000220 0.10000000 
-0.80600000 0.00000000 0.10000228 0.10000000 
-0.80500000 0.00000000 0.10000235 0.10000000 
-0.80400000 0.00000000 0.10000243 0.10000000 
-0.80300000 0.00000000 0.10000251 0.10000000 
-0.80200000 0.00000000 0.10000259 0.10000000 
-0.80100000 0.00000000 0.10000267 0.10000000 
-0.80000000 0.00000000 0.10000276 0.10000000 
-0.79900000 0.00000000 0.10000285 0.10000000 
-0.79800000 0.00000000 0.10000294 0.10000000 
-0.79700000 0.00000000 0.10000304 0.10000000 
-0.79600000 0.00000000 0.10000314 0.10000000 
-0.79500000 0.00000000 0.10000324 0.10000000 
-0.79400000 0.00000000 0.10000334 0.10000000 
-0.79300000 0.00000000 0.10000345 0.10000000 
-0.79200000 0.00000000 0.10000356 0.10000000 
-0.79100000 0.00000000 0.10000368 0.10000000 
-0.79000000 0.00000000 0.10000379 0.10000000 
-0.78900000 0.00000000 0.10000392 0.10000000 
-0.78800000 0.00000000 0.10000404 0.10000000 
-0.78700000 0.00000000 0.10000417 0.10000000 
-0.78600000 0.00000000 0.10000430 0.10000000 
-0.78500000 0.00000000 0.10000444 0.10000000 
-0.78400000 0.00000000 0.10000458 0.10000000 
-0.78300000 0.00000000 0.10000473 0.10000000 
-0.78200000 0.00000000 0.10000488 0.10000000 
-0.78100000 0.00000000 0.10000503 0.10000000 
-0.78000000 0.00000000 0.10000519 0.10000000 
-0.77900000 0.00000000 0.10000536 0.10000000 
-0.77800000 0.00000000 0.10000553 0.10000000 
-0.77700000 0.00000000 0.10000570 0.10000000 
-0.77600000 0.00000000 0.10000588 0.10000000 
-0.77500000 0.00000000 0.10000607 0.10000000 
-0.77400000 0.00000000 0.10000626 0.10000000 
-0.77300000 0.00000000 0.10000646 0.10000000 
-0.77200000 0.00000000 0.10000666 0.10000000 
-0.77100000 0.00000000 0.10000687 0.10000000 
-0.77000000 0.00000000 0.10000708 0.10000000 
-0.76900000 0.00000000 0.10000730 0.10000000 
-0.76800000 0.00000000 0.10000753 0.10000000 
-0.76700000 0.00000000 0.10000777 0.10000000 
-0.76600000 0.00000000 0.10000801 0.10000000 
-0.76500000 0.00000000 0.10000826 0.10000000 
-0.76400000 0.00000000 0.10000851 0.10000000 
-0.76300000 0.00000000 0.10000878 0.10000000 
-0.76200000 0.00000000 0.10000905 0.10000000 
-0.76100000 0.00000000 0.10000933 0.10000000 
-0.76000000 0.00000000 0.10000962 0.10000000 
-0.75900000 0.00000000 0.10000991 0.10000000 
-0.75800000 0.00000000 0.10001022 0.10000000 
-0.75700000 0.00000000 0.10001053 0.10000000 
-0.75600000 0.00000000 0.10001086 0.10000000 
-0.75500000 0.00000000 0.10001119 0.10000000 
-0.75400000 0.00000000 0.10001153 0.10000000 
-0.75300000 0.00000000 0.10001189 0.10000000 
-0.75200000 0.00000000 0.10001225 0.10000000 
-0.75100000 0.00000000 0.10001262 0.10000000 
-0.75000000 0.00000000 0.10001301 0.10000000 
-0.74900000 0.00000000 0.10001340 0.10000000 
-0.74800000 0.00000000 0.10001381 0.10000000 
-0.74700000 0.00000000 0.10001423 0.10000000 
-0.74600000 0.00000000 0.10001466 0.10000000 
-0.74500000 0.00000000 0.10001510 0.10000000 
-0.74400000 0.00000000 0.10001556 0.10000000 
-0.74300000 0.00000000 0.10001603 0.10000000 
-0.74200000 0.00000000 0.10001651 0.10000000 
-0.74100000 0.00000000 0.10001701 0.10000000 
-0.74000000 0.00000000 0.10001752 0.10000000 
-0.73900000 0.00000000 0.10001805 0.10000000 
-0.73800000 0.00000000 0.10001859 0.10000000 
-0.73700000 0.00000000 0.10001915 0.10000000 
-0.73600000 0.00000000 0.10001972 0.10000000 
-0.73500000 0.00000000 0.10002031 0.10000000 
-0.73400000 0.00000000 0.10002091 0.10000000 
-0.73300000 0.00000000 0.10002154 0.10000000 
-0.73200000 0.00000000 0.10002218 0.10000000 
-0.73100000 0.00000000 0.10002283 0.10000000 
-0.73000000 0.00000000 0.10002351 0.10000000 
-0.72900000 0.00000000 0.10002421 0.10000000 
-0.72800000 0.00000000 0.10002492 0.10000000 
-0.72700000 0.00000000 0.10002566 0.10000000 
-0.72600000 0.00000000 0.10002642 0.10000000 
-0.72500000 0.00000000 0.10002719 0.10000000 
-0.72400000 0.00000000 0.10002799 0.10000000 
-0.72300000 0.00000000 0.10002882 0.10000000 
-0.72200000 0.00000000 0.10002966 0.10000000 
-0.72100000 0.00000000 0.10003053 0.10000000 
-0.72000000 0.00000000 0.10003142 0.10000000 
-0.71900000 0.00000000 0.10003234 0.10000000 
-0.71800000 0.00000000 0.10003328 0.10000000 
-0.71700000 0.00000000 0.10003425 0.10000000 
-0.71600000 0.00000000 0.10003525 0.10000000 
-0.71500000 0.00000000 0.10003627 0.10000000 
-0.71400000 0.00000000 0.10003732 0.10000000 
-0.71300000 0.00000000 0.10003840 0.10000000 
-0.71200000 0.00000000 0.10003951 0.10000000 
-0.71100000 0.00000000 0.10004065 0.10000000 
-0.71000000 0.00000000 0.10004183 0.10000000 
-0.70900000 0.00000000 0.10004303 0.10000000 
-0.70800000 0.00000000 0.10004427 0.10000000 
-0.70700000 0.00000000 0.10004554 0.10000000 
-0.70600000 0.00000000 0.10004684 0.10000000 
-0.70500000 0.00000000 0.10004818 0.10000000 
-0.70400000 0.00000000 0.10004956 0.10000000 
-0.70300000 0.00000000 0.10005097 0.10000000 
-0.70200000 0.00000000 0.10005243 0.10000000 
-0.70100000 0.00000000 0.10005392 0.10000000 
-0.70000000 0.00000000 0.10005545 0.10000000 
-0.69900000 0.00000000 0.10005703 0.10000000 
-0.69800000 0.00000000 0.10005864 0.10000000 
-0.69700000 0.00000000 0.10006030 0.10000000 
-0.69600000 0.00000000 0.10006200 0.10000000 
-0.69500000 0.00000000 0.10006375 0.10000000 
-0.69400000 0.00000000 0.10006555 0.10000000 
-0.69300000 0.00000000 0.10006739 0.10000000 
-0.69200000 0.00000000 0.10006929 0.10000000 
-0.69100000 0.00000000 0.10007123 0.10000000 
-0.69000000 0.00000000 0.10007322 0.10000000 
-0.68900000 0.00000000 0.10007527 0.10000000 
-0.68800000 0.00000000 0.10007737 0.10000000 
-0.68700000 0.00000000 0.10007953 0.10000000 
-0.68600000 0.00000000 0.10008174 0.10000000 
-0.68500000 0.00000000 0.10008402 0.10000000 
-0.68400000 0.00000000 0.10008635 0.10000000 
-0.68300000 0.00000000 0.10008874 0.10000000 
-0.68200000 0.00000000 0.10009120 0.10000000 
-0.68100000 0.00000000 0.10009372 0.10000000 
-0.68000000 0.00000000 0.10009630 0.10000000 
-0.67900000 0.00000000 0.10009896 0.10000000 
-0.67800000 0.00000000 0.10010168 0.10000000 
-0.67700000 0.00000000 0.10010447 0.10000000 
-0.67600000 0.00000000 0.10010734 0.10000000 
-0.67500000 0.00000000 0.10011028 0.10000000 
-0.67400000 0.00000000 0.10011329 0.10000000 
-0.67300000 0.00000000 0.10011639 0.10000000 
-0.67200000 0.00000000 0.10011956 0.10000000 
-0.67100000 0.00000000 0.10012282 0.10000000 
-0.67000000 0.00000000 0.10012615 0.10000000 
-0.66900000 0.00000000 0.10012958 0.10000000 
-0.66800000 0.00000000 0.10013309 0.10000000 
-0.66700000 0.00000000 0.10013669 0.10000000 
-0.66600000 0.00000000 0.10014039 0.10000000 
-0.66500000 0.00000000 0.10014417 0.10000000 
-0.66400000 0.00000000 0.10014806 0.10000000 
-0.66300000 0.00000000 0.10015204 0.10000000 
-0.66200000 0.00000000 0.10015612 0.10000000 
-0.66100000 0.00000000 0.10016031 0.10000000 
-0.66000000 0.00000000 0.10016460 0.10000000 
-0.65900000 0.00000000 0.10016900 0.10000000 
-0.65800000 0.00000000 0.10017351 0.10000000 
-0.65700000 0.00000000 0.10017813 0.10000000 
-0.65600000 0.00000000 0.10018287 0.10000000 
-0.65500000 0.00000000 0.10018773 0.10000000 
-0.65400000 0.00000000 0.10019271 0.10000000 
-0.65300000 0.00000000 0.10019781 0.10000000 
-0.65200000 0.00000000 0.10020305 0.10000000 
-0.65100000 0.00000000 0.10020841 0.10000000 
-0.65000000 0.00000000 0.10021390 0.10000000 
-0.64900000 0.00000000 0.10021953 0.10000000 
-0.64800000 0.00000000 0.10022530 0.10000000 
-0.64700000 0.00000000 0.10023121 0.10000000 
-0.64600000 0.00000000 0.10023727 0.10000000 
-0.64500000 0.00000000 0.10024347 0.10000000 
-0.64400000 0.00000000 0.10024983 0.10000000 
-0.64300000 0.00000000 0.10025635 0.10000000 
-0.64200000 0.00000000 0.10026302 0.10000000 
-0.64100000 0.00000000 0.10026986 0.10000000 
-0.64000000 0.00000000 0.10027686 0.10000000 
-0.63900000 0.00000000 0.10028403 0.10000000 
-0.63800000 0.00000000 0.10029138 0.10000000 
-0.63700000 0.00000000 0.10029891 0.10000000 
-0.63600000 0.00000000 0.10030661 0.10000000 
-0.63500000 0.00000000 0.10031451 0.10000000 
-0.63400000 0.00000000 0.10032259 0.10000000 
-0.63300000 0.00000000 0.10033087 0.10000000 
-0.63200000 0.00000000 0.10033935 0.10000000 
-0.63100000 0.00000000 0.10034803 0.10000000 
-0.63000000 0.00000000 0.10035692 0.10000000 
-0.62900000 0.00000000 0.10036602 0.10000000 
-0.62800000 0.00000000 0.10037534 0.10000000 
-0.62700000 0.00000000 0.10038488 0.10000000 
-0.62600000 0.00000000 0.10039465 0.10000000 
-0.62500000 0.00000000 0.10040465 0.10000000 
-0.62400000 0.00000000 0.10041488 0.10000000 
-0.62300000 0.00000000 0.10042536 0.10000000 
-0.62200000 0.00000000 0.10043608 0.10000000 
-0.62100000 0.00000000 0.10044706 0.10000000 
-0.62000000 0.00000000 0.10045829 0.10000000 
-0.61900000 0.00000000 0.10046979 0.10000000 
-0.61800000 0.00000000 0.10048156 0.10000000 
-0.61700000 0.00000000 0.10049360 0.10000000 
-0.61600000 0.00000000 0.10050593 0.10000000 
-0.61500000 0.00000000 0.10051854 0.10000000 
-0.61400000 0.00000000 0.10053144 0.10000000 
-0.61300000 0.00000000 0.10054464 0.10000000 
-0.61200000 0.00000000 0.10055815 0.10000000 
-0.61100000 0.00000000 0.10057197 0.10000000 
-0.61000000 0.00000000 0.10058611 0.10000000 
-0.60900000 0.00000000 0.10060058 0.10000000 
-0.60800000 0.00000000 0.10061537 0.10000000 
-0.60700000 0.00000000 0.10063051 0.10000000 
-0.60600000 0.00000000 0.10064599 0.10000000 
-0.60500000 0.00000000 0.10066183 0.10000000 
-0.60400000 0.00000000 0.10067803 0.10000000 
-0.60300000 0.00000000 0.10069460 0.10000000 
-0.60200000 0.00000000 0.10071154 0.10000000 
-0.60100000 0.00000000 0.10072887 0.10000000 
-0.60000000 0.00000000 0.10074659 0.10000000 
-0.59900000 0.00000000 0.10076471 0.10000000 
-0.59800000 0.00000000 0.10078323 0.10000000 
-0.59700000 0.00000000 0.10080218 0.10000000 
-0.59600000 0.00000000 0.10082155 0.10000000 
-0.59500000 0.00000000 0.10084135 0.10000000 
-0.59400000 0.00000000 0.10086160 0.10000000 
-0.59300000 0.00000000 0.10088230 0.10000000 
-0.59200000 0.00000000 0.10090346 0.10000000 
-0.59100000 0.00000000 0.10092509 0.10000000 
-0.59000000 0.00000000 0.10094720 0.10000000 
-0.58900000 0.00000000 0.10096980 0.10000000 
-0.58800000 0.00000000 0.10099290 0.10000000 
-0.58700000 0.00000000 0.10101651 0.10000000 
-0.58600000 0.00000000 0.10104064 0.10000000 
-0.58500000 0.00000000 0.10106530 0.10000000 
-0.58400000 0.00000000 0.10109050 0.10000000 
-0.58300000 0.00000000 0.10111625 0.10000000 
-0.58200000 0.00000000 0.10114256 0.10000000 
-0.58100000 0.00000000 0.10116945 0.10000000 
-0.58000000 0.00000000 0.10119692 0.10000000 
-0.57900000 0.00000000 0.10122499 0.10000000 
-0.57800000 0.00000000 0.10125367 0.10000000 
-0.57700000 0.00000000 0.10128297 0.10000000 
-0.57600000 0.00000000 0.10131290 0.10000000 
-0.57500000 0.00000000 0.10134347 0.10000000 
-0.57400000 0.00000000 0.10137470 0.10000000 
-0.57300000 0.00000000 0.10140660 0.10000000 
-0.57200000 0.00000000 0.10143918 0.10000000 
-0.57100000 0.00000000 0.10147246 0.10000000 
-0.57000000 0.00000000 0.10150645 0.10000000 
-0.56900000 0.00000000 0.10154116 0.10000000 
-0.56800000 0.00000000 0.10157661 0.10000000 
-0.56700000 0.00000000 0.10161281 0.10000000 
-0.56600000 0.00000000 0.10164977 0.10000000 
-0.56500000 0.00000000 0.10168751 0.10000000 
-0.56400000 0.00000000 0.10172605 0.10000000 
-0.56300000 0.00000000 0.10176540 0.10000000 
-0.56200000 0.00000000 0.10180557 0.10000000 
-0.56100000 0.00000000 0.10184658 0.10000000 
-0.56000000 0.00000000 0.10188845 0.10000000 
-0.55900000 0.00000000 0.10193119 0.10000000 
-0.55800000 0.00000000 0.10197482 0.10000000 
-0.55700000 0.00000000 0.10201935 0.10000000 
-0.55600000 0.00000000 0.10206480 0.10000000 
-0.55500000 0.00000000 0.10211120 0.10000000 
-0.55400000 0.00000000 0.10215855 0.10000000 
-0.55300000 0.00000000 0.10220687 0.10000000 
-0.55200000 0.00000000 0.10225618 0.10000000 
-0.55100000 0.00000000 0.10230651 0.10000000 
-0.55000000 0.00000000 0.10235786 0.10000000 
-0.54900000 0.00000000 0.10241026 0.10000000 
-0.54800000 0.00000000 0.10246373 0.10000000 
-0.54700000 0.00000000 0.10251828 0.10000000 
-0.54600000 0.00000000 0.10257393 0.10000000 
-0.54500000 0.00000000 0.10263071 0.10000000 
-0.54400000 0.00000000 0.10268864 0.10000000 
-0.54300000 0.00000000 0.10274773 0.10000000 
-0.54200000 0.00000000 0.10280801 0.10000000 
-0.54100000 0.00000000 0.10286949 0.10000000 
-0.54000000 0.00000000 0.10293221 0.10000000 
-0.53900000 0.00000000 0.10299617 0.10000000 
-0.53800000 0.00000000 0.10306141 0.10000000 
-0.53700000 0.00000000 0.10312794 0.10000000 
-0.53600000 0.00000000 0.10319579 0.10000000 
-0.53500000 0.00000000 0.10326499 0.10000000 
-0.53400000 0.00000000 0.10333554 0.10000000 
-0.53300000 0.00000000 0.10340749 0.10000000 
-0.53200000 0.00000000 0.10348085 0.10000000 
-0.53100000 0.00000000 0.10355564 0.10000000 
-0.53000000 0.00000000 0.10363190 0.10000000 
-0.52900000 0.00000000 0.10370964 0.10000000 
-0.52800000 0.00000000 0.10378890 0.10000000 
-0.52700000 0.00000000 0.10386969 0.10000000 
-0.52600000 0.00000000 0.10395205 0.10000000 
-0.52500000 0.00000000 0.10403600 0.10000000 
-0.52400000 0.00000000 0.10412157 0.10000000 
-0.52300000 0.00000000 0.10420879 0.10000000 
-0.52200000 0.00000000 0.10429768 0.10000000 
-0.52100000 0.00000000 0.10438827 0.10000000 
-0.52000000 0.00000000 0.10448059 0.10000000 
-0.51900000 0.00000000 0.10457467 0.10000000 
-0.51800000 0.00000000 0.10467054 0.10000000 
-0.51700000 0.00000000 0.10476823 0.10000000 
-0.51600000 0.00000000 0.10486777 0.10000000 
-0.51500000 0.00000000 0.10496918 0.10000000 
-0.51400000 0.00000000 0.10507251 0.10000000 
-0.51300000 0.00000000 0.10517777 0.10000000 
-0.51200000 0.00000000 0.10528501 0.10000000 
-0.51100000 0.00000000 0.10539426 0.10000000 
-0.51000000 0.00000000 0.10550554 0.10000000 
-0.50900000 0.00000000 0.10561890 0.10000000 
-0.50800000 0.00000000 0.10573436 0.10000000 
-0.50700000 0.00000000 0.10585195 0.10000000 
-0.50600000 0.00000000 0.10597172 0.10000000 
-0.50500000 0.00000000 0.10609370 0.10000000 
-0.50400000 0.00000000 0.10621792 0.10000000 
-0.50300000 0.00000000 0.10634442 0.10000000 
-0.50200000 0.00000000 0.10647323 0.10000000 
-0.50100000 0.00000000 0.10660439 0.10000000 
-0.50000000 0.00000000 0.10673795 0.10000000 
-0.49900000 0.00000000 0.10687393 0.10000000 
-0.49800000 0.00000000 0.10701237 0.10000000 
-0.49700000 0.00000000 0.10715331 0.10000000 
-0.49600000 0.00000000 0.10729680 0.10000000 
-0.49500000 0.00000000 0.10744286 0.10000000 
-0.49400000 0.00000000 0.10759155 0.10000000 
-0.49300000 0.00000000 0.10774289 0.10000000 
-0.49200000 0.00000000 0.10789694 0.10000000 
-0.49100000 0.00000000 0.10805373 0.10000000 
-0.49000000 0.00000000 0.10821330 0.10000000 
-0.48900000 0.00000000 0.10837571 0.10000000 
-0.48800000 0.00000000 0.10854098 0.10000000 
-0.48700000 0.00000000 0.10870916 0.10000000 
-0.48600000 0.00000000 0.10888030 0.10000000 
-0.48500000 0.00000000 0.10905444 0.10000000 
-0.48400000 0.00000000 0.10923163 0.10000000 
-0.48300000 0.00000000 0.10941190 0.10000000 
-0.48200000 0.00000000 0.10959532 0.10000000 
-0.48100000 0.00000000 0.10978192 0.10000000 
-0.48000000 0.00000000 0.10997174 0.10000000 
-0.47900000 0.00000000 0.11016485 0.10000000 
-0.47800000 0.00000000 0.11036127 0.10000000 
-0.47700000 0.00000000 0.11056108 0.10000000 
-0.47600000 0.00000000 0.11076430 0.10000000 
-0.47500000 0.00000000 0.11097100 0.10000000 
-0.47400000 0.00000000 0.11118122 0.10000000 
-0.47300000 0.00000000 0.11139501 0.10000000 
-0.47200000 0.00000000 0.11161242 0.10000000 
-0.47100000 0.00000000 0.11183351 0.10000000 
-0.47000000 0.00000000 0.11205832 0.10000000 
-0.46900000 0.00000000 0.11228692 0.10000000 
-0.46800000 0.00000000 0.11251935 0.10000000 
-0.46700000 0.00000000 0.11275566 0.10000000 
-0.46600000 0.00000000 0.11299592 0.10000000 
-0.46500000 0.00000000 0.11324017 0.10000000 
-0.46400000 0.00000000 0.11348847 0.10000000 
-0.46300000 0.00000000 0.11374088 0.10000000 
-0.46200000 0.00000000 0.11399745 0.10000000 
-0.46100000 0.00000000 0.11425824 0.10000000 
-0.46000000 0.00000000 0.11452331 0.10000000 
-0.45900000 0.00000000 0.11479272 0.10000000 
-0.45800000 0.00000000 0.11506652 0.10000000 
-0.45700000 0.00000000 0.11534478 0.10000000 
-0.45600000 0.00000000 0.11562755 0.10000000 
-0.45500000 0.00000000 0.11591489 0.10000000 
-0.45400000 0.00000000 0.11620687 0.10000000 
-0.45300000 0.00000000 0.11650355 0.10000000 
-0.45200000 0.00000000 0.11680498 0.10000000 
-0.45100000 0.00000000 0.11711124 0.10000000 
-0.45000000 0.00000000 0.11742237 0.10000000 
-0.44900000 0.00000000 0.11773846 0.10000000 
-0.44800000 0.00000000 0.11805956 0.10000000 
-0.44700000 0.00000000 0.11838574 0.10000000 
-0.44600000 0.00000000 0.11871706 0.10000000 
-0.44500000 0.00000000 0.11905359 0.10000000 
-0.44400000 0.00000000 0.11939539 0.10000000 
-0.44300000 0.00000000 0.11974253 0.10000000 
-0.44200000 0.00000000 0.12009509 0.10000000 
-0.44100000 0.00000000 0.12045312 0.10000000 
-0.44000000 0.00000000 0.12081669 0.10000000 
-0.43900000 0.00000000 0.12118589 0.10000000 
-0.43800000 0.00000000 0.12156077 0.10000000 
-0.43700000 0.00000000 0.12194140 0.10000000 
-0.43600000 0.00000000 0.12232786 0.10000000 
-0.43500000 0.00000000 0.12272022 0.10000000 
-0.43400000 0.00000000 0.12311855 0.10000000 
-0.43300000 0.00000000 0.12352292 0.10000000 
-0.43200000 0.00000000 0.12393341 0.10000000 
-0.43100000 0.00000000 0.12435008 0.10000000 
-0.43000000 0.00000000 0.12477302 0.10000000 
-0.42900000 0.00000000 0.12520230 0.10000000 
-0.42800000 0.00000000 0.12563799 0.10000000 
-0.42700000 0.00000000 0.12608017 0.10000000 
-0.42600000 0.00000000 0.12652892 0.10000000 
-0.42500000 0.00000000 0.12698430 0.10000000 
-0.42400000 0.00000000 0.12744641 0.10000000 
-0.42300000 0.00000000 0.12791531 0.10000000 
-0.42200000 0.00000000 0.12839109 0.10000000 
-0.42100000 0.00000000 0.12887382 0.10000000 
-0.42000000 0.00000000 0.12936358 0.10000000 
-0.41900000 0.00000000 0.12986046 0.10000000 
-0.41800000 0.00000000 0.13036453 0.10000000 
-0.41700000 0.00000000 0.13087588 0.10000000 
-0.41600000 0.00000000 0.13139458 0.10000000 
-0.41500000 0.00000000 0.13192072 0.10000000 
-0.41400000 0.00000000 0.13245438 0.10000000 
-0.41300000 0.00000000 0.13299563 0.10000000 
-0.41200000 0.00000000 0.13354458 0.10000000 
-0.41100000 0.00000000 0.13410129 0.10000000 
-0.41000000 0.00000000 0.13466586 0.10000000 
-0.40900000 0.00000000 0.13523836 0.10000000 
-0.40800000 0.00000000 0.13581889 0.10000000 
-0.40700000 0.00000000 0.13640752 0.10000000 
-0.40600000 0.00000000 0.13700434 0.10000000 
-0.40500000 0.00000000 0.13760945 0.10000000 
-0.40400000 0.00000000 0.13822292 0.10000000 
-0.40300000 0.00000000 0.13884484 0.10000000 
-0.40200000 0.00000000 0.13947530 0.10000000 
-0.40100000 0.00000000 0.14011440 0.10000000 
-0.40000000 0.00000000 0.14076220 0.10000000 
-0.39900000 0.00000000 0.14141882 0.10000000 
-0.39800000 0.00000000 0.14208432 0.10000000 
-0.39700000 0.00000000 0.14275881 0.10000000 
-0.39600000 0.00000000 0.14344237 0.10000000 
-0.39500000 0.00000000 0.14413510 0.10000000 
-0.39400000 0.00000000 0.14483707 0.10000000 
-0.39300000 0.00000000 0.14554839 0.10000000 
-0.39200000 0.00000000 0.14626914 0.10000000 
-0.39100000 0.00000000 0.14699942 0.10000000 
-0.39000000 0.00000000 0.14773932 0.10000000 
-0.38900000 0.00000000 0.14848892 0.10000000 
-0.38800000 0.00000000 0.14924832 0.10000000 
-0.38700000 0.00000000 0.15001762 0.10000000 
-0.38600000 0.00000000 0.15079690 0.10000000 
-0.38500000 0.00000000 0.15158626 0.10000000 
-0.38400000 0.00000000 0.15238579 0.10000000 
-0.38300000 0.00000000 0.15319558 0.10000000 
-0.38200000 0.00000000 0.15401573 0.10000000 
-0.38100000 0.00000000 0.15484633 0.10000000 
-0.38000000 0.00000000 0.15568748 0.10000000 
-0.37900000 0.00000000 0.15653926 0.10000000 
-0.37800000 0.00000000 0.15740178 0.10000000 
-0.37700000 0.00000000 0.15827512 0.10000000 
-0.37600000 0.00000000 0.15915939 0.10000000 
-0.37500000 0.00000000 0.16005467 0.10000000 
-0.37400000 0.00000000 0.16096106 0.10000000 
-0.37300000 0.00000000 0.16187865 0.10000000 
-0.37200000 0.00000000 0.16280755 0.10000000 
-0.37100000 0.00000000 0.16374784 0.10000000 
-0.37000000 0.00000000 0.16469962 0.10000000 
-0.36900000 0.00000000 0.16566298 0.10000000 
-0.36800000 0.00000000 0.16663802 0.10000000 
-0.36700000 0.00000000 0.16762483 0.10000000 
-0.36600000 0.00000000 0.16862352 0.10000000 
-0.36500000 0.00000000 0.16963416 0.10000000 
-0.36400000 0.00000000 0.17065687 0.10000000 
-0.36300000 0.00000000 0.17169172 0.10000000 
-0.36200000 0.00000000 0.17273882 0.10000000 
-0.36100000 0.00000000 0.17379827 0.10000000 
-0.36000000 0.00000000 0.17487015 0.10000000 
-0.35900000 0.00000000 0.17595456 0.10000000 
-0.35800000 0.00000000 0.17705160 0.10000000 
-0.35700000 0.00000000 0.17816135 0.10000000 
-0.35600000 0.00000000 0.17928392 0.10000000 
-0.35500000 0.00000000 0.18041939 0.10000000 
-0.35400000 0.00000000 0.18156786 0.10000000 
-0.35300000 0.00000000 0.18272942 0.10000000 
-0.35200000 0.00000000 0.18390417 0.10000000 
-0.35100000 0.00000000 0.18509219 0.10000000 
-0.35000000 0.00000000 0.18629359 0.10000000 
-0.34900000 0.00000000 0.18750844 0.10000000 
-0.34800000 0.00000000 0.18873685 0.10000000 
-0.34700000 0.00000000 0.18997891 0.10000000 
-0.34600000 0.00000000 0.19123470 0.10000000 
-0.34500000 0.00000000 0.19250431 0.10000000 
-0.34400000 0.00000000 0.19378785 0.10000000 
-0.34300000 0.00000000 0.19508539 0.10000000 
-0.34200000 0.00000000 0.19639702 0.10000000 
-0.34100000 0.00000000 0.19772284 0.10000000 
-0.34000000 0.00000000 0.19906293 0.10000000 
-0.33900000 0.00000000 0.20041738 0.10000000 
-0.33800000 0.00000000 0.20178628 0.10000000 
-0.33700000 0.00000000 0.20316971 0.10000000 
-0.33600000 0.00000000 0.20456776 0.10000000 
-0.33500000 0.00000000 0.20598052 0.10000000 
-0.33400000 0.00000000 0.20740807 0.10000000 
-0.33300000 0.00000000 0.20885049 0.10000000 
-0.33200000 0.00000000 0.21030787 0.10000000 
-0.33100000 0.00000000 0.21178029 0.10000000 
-0.33000000 0.00000000 0.21326784 0.10000000 
-0.32900000 0.00000000 0.21477059 0.10000000 
-0.32800000 0.00000000 0.21628863 0.10000000 
-0.32700000 0.00000000 0.21782203 0.10000000 
-0.32600000 0.00000000 0.21937088 0.10000000 
-0.32500000 0.00000000 0.22093525 0.10000000 
-0.32400000 0.00000000 0.22251522 0.10000000 
-0.32300000 0.00000000 0.22411087 0.10000000 
-0.32200000 0.00000000 0.22572227 0.10000000 
-0.32100000 0.00000000 0.22734950 0.10000000 
-0.32000000 0.00000000 0.22899263 0.10000000 
-0.31900000 0.00000000 0.23065174 0.10000000 
-0.31800000 0.00000000 0.23232689 0.10000000 
-0.31700000 0.00000000 0.23401816 0.10000000 
-0.31600000 0.00000000 0.23572561 0.10000000 
-0.31500000 0.00000000 0.23744932 0.10000000 
-0.31400000 0.00000000 0.23918936 0.10000000 
-0.31300000 0.00000000 0.24094578 0.10000000 
-0.31200000 0.00000000 0.24271866 0.10000000 
-0.31100000 0.00000000 0.24450806 0.10000000 
-0.31000000 0.00000000 0.24631404 0.10000000 
-0.30900000 0.00000000 0.24813667 0.10000000 
-0.30800000 0.00000000 0.24997600 0.10000000 
-0.30700000 0.00000000 0.25183210 0.10000000 
-0.30600000 0.00000000 0.25370502 0.10000000 
-0.30500000 0.00000000 0.25559481 0.10000000 
-0.30400000 0.00000000 0.25750155 0.10000000 
-0.30300000 0.00000000 0.25942527 0.10000000 
-0.30200000 0.00000000 0.26136603 0.10000000 
-0.30100000 0.00000000 0.26332389 0.10000000 
-0.30000000 0.00000000 0.26529889 0.10000000 
-0.29900000 0.00000000 0.26729108 0.10000000 
-0.29800000 0.00000000 0.26930051 0.10000000 
-0.29700000 0.00000000 0.27132722 0.10000000 
-0.29600000 0.00000000 0.27337126 0.10000000 
-0.29500000 0.00000000 0.27543266 0.10000000 
-0.29400000 0.00000000 0.27751148 0.10000000 
-0.29300000 0.00000000 0.27960775 0.10000000 
-0.29200000 0.00000000 0.28172150 0.10000000 
-0.29100000 0.00000000 0.28385277 0.10000000 
-0.29000000 0.00000000 0.28600160 0.10000000 
-0.28900000 0.00000000 0.28816802 0.10000000 
-0.28800000 0.00000000 0.29035206 0.10000000 
-0.28700000 0.00000000 0.29255374 0.10000000 
-0.28600000 0.00000000 0.29477310 0.10000000 
-0.28500000 0.00000000 0.29701016 0.10000000 
-0.28400000 0.00000000 0.29926494 0.10000000 
-0.28300000 0.00000000 0.30153746 0.10000000 
-0.28200000 0.00000000 0.30382775 0.10000000 
-0.28100000 0.00000000 0.30613582 0.10000000 
-0.28000000 0.00000000 0.30846169 0.10000000 
-0.27900000 0.00000000 0.31080537 0.10000000 
-0.27800000 0.00000000 0.31316687 0.10000000 
-0.27700000 0.00000000 0.31554620 0.10000000 
-0.27600000 0.00000000 0.31794337 0.10000000 
-0.27500000 0.00000000 0.32035839 0.10000000 
-0.27400000 0.00000000 0.32279126 0.10000000 
-0.27300000 0.00000000 0.32524198 0.10000000 
-0.27200000 0.00000000 0.32771054 0.10000000 
-0.27100000 0.00000000 0.33019696 0.10000000 
-0.27000000 0.00000000 0.33270121 0.10000000 
-0.26900000 0.00000000 0.33522330 0.10000000 
-0.26800000 0.00000000 0.33776321 0.10000000 
-0.26700000 0.00000000 0.34032094 0.10000000 
-0.26600000 0.00000000 0.34289646 0.10000000 
-0.26500000 0.00000000 0.34548977 0.10000000 
-0.26400000 0.00000000 0.34810084 0.10000000 
-0.26300000 0.00000000 0.35072965 0.10000000 
-0.26200000 0.00000000 0.35337618 0.10000000 
-0.26100000 0.00000000 0.35604041 0.10000000 
-0.26000000 0.00000000 0.35872230 0.10000000 
-0.25900000 0.00000000 0.36142182 0.10000000 
-0.25800000 0.00000000 0.36413895 0.10000000 
-0.25700000 0.00000000 0.36687364 0.10000000 
-0.25600000 0.00000000 0.36962586 0.10000000 
-0.25500000 0.00000000 0.37239556 0.10000000 
-0.25400000 0.00000000 0.37518271 0.10000000 
-0.25300000 0.00000000 0.37798726 0.10000000 
-0.25200000 0.00000000 0.38080916 0.10000000 
-0.25100000 0.00000000 0.38364835 0.10000000 
-0.25000000 0.00000000 0.38650480 0.10000000 
-0.24900000 0.00000000 0.38937843 0.10000000 
-0.24800000 0.00000000 0.39226920 0.10000000 
-0.24700000 0.00000000 0.39517703 0.10000000 
-0.24600000 0.00000000 0.39810187 0.10000000 
-0.24500000 0.00000000 0.40104365 0.10000000 
-0.24400000 0.00000000 0.40400230 0.10000000 
-0.24300000 0.00000000 0.40697775 0.10000000 
-0.24200000 0.00000000 0.40996993 0.10000000 
-0.24100000 0.00000000 0.41297874 0.10000000 
-0.24000000 0.00000000 0.41600413 0.10000000 
-0.23900000 0.00000000 0.41904600 0.10000000 
-0.23800000 0.00000000 0.42210426 0.10000000 
-0.23700000 0.00000000 0.42517883 0.10000000 
-0.23600000 0.00000000 0.42826962 0.10000000 
-0.23500000 0.00000000 0.43137653 0.10000000 
-0.23400000 0.00000000 0.43449946 0.10000000 
-0.23300000 0.00000000 0.43763833 0.10000000 
-0.23200000 0.00000000 0.44079301 0.10000000 
-0.23100000 0.00000000 0.44396341 0.10000000 
-0.23000000 0.00000000 0.44714942 0.10000000 
-0.22900000 0.00000000 0.45035092 0.10000000 
-0.22800000 0.00000000 0.45356781 0.10000000 
-0.22700000 0.00000000 0.45679996 0.10000000 
-0.22600000 0.00000000 0.46004725 0.10000000 
-0.22500000 0.00000000 0.46330957 0.10000000 
-0.22400000 0.00000000 0.46658678 0.10000000 
-0.22300000 0.00000000 0.46987876 0.10000000 
-0.22200000 0.00000000 0.47318537 0.10000000 
-0.22100000 0.00000000 0.47650649 0.10000000 
-0.22000000 0.00000000 0.47984196 0.10000000 
-0.21900000 0.00000000 0.48319166 0.10000000 
-0.21800000 0.00000000 0.48655543 0.10000000 
-0.21700000 0.00000000 0.48993314 0.10000000 
-0.21600000 0.00000000 0.49332462 0.10000000 
-0.21500000 0.00000000 0.49672973 0.10000000 
-0.21400000 0.00000000 0.50014832 0.10000000 
-0.21300000 0.00000000 0.50358022 0.10000000 
-0.21200000 0.00000000 0.50702527 0.10000000 
-0.21100000 0.00000000 0.51048331 0.10000000 
-0.21000000 0.00000000 0.51395417 0.10000000 
-0.20900000 0.00000000 0.51743769 0.10000000 
-0.20800000 0.00000000 0.52093367 0.10000000 
-0.20700000 0.00000000 0.52444196 0.10000000 
-0.20600000 0.00000000 0.52796237 0.10000000 
-0.20500000 0.00000000 0.53149472 0.10000000 
-0.20400000 0.00000000 0.53503882 0.10000000 
-0.20300000 0.00000000 0.53859449 0.10000000 
-0.20200000 0.00000000 0.54216153 0.10000000 
-0.20100000 0.00000000 0.54573976 0.10000000 
-0.20000000 0.00000000 0.54932896 0.10000000 
-0.19900000 0.00000000 0.55292895 0.10000000 
-0.19800000 0.00000000 0.55653953 0.10000000 
-0.19700000 0.00000000 0.56016047 0.10000000 
-0.19600000 0.00000000 0.56379158 0.10000000 
-0.19500000 0.00000000 0.56743265 0.10000000 
-0.19400000 0.00000000 0.57108346 0.10000000 
-0.19300000 0.00000000 0.57474379 0.10000000 
-0.19200000 0.00000000 0.57841343 0.10000000 
-0.19100000 0.00000000 0.58209215 0.10000000 
-0.19000000 0.00000000 0.58577972 0.10000000 
-0.18900000 0.00000000 0.58947593 0.10000000 
-0.18800000 0.00000000 0.59318052 0.10000000 
-0.18700000 0.00000000 0.59689328 0.10000000 
-0.18600000 0.00000000 0.60061397 0.10000000 
-0.18500000 0.00000000 0.60434234 0.10000000 
-0.18400000 0.00000000 0.60807815 0.10000000 
-0.18300000 0.00000000 0.61182117 0.10000000 
-0.18200000 0.00000000 0.61557113 0.10000000 
-0.18100000 0.00000000 0.61932780 0.10000000 
-0.18000000 0.00000000 0.62309091 0.10000000 
-0.17900000 0.00000000 0.62686022 0.10000000 
-0.17800000 0.00000000 0.63063547 0.10000000 
-0.17700000 0.00000000 0.63441638 0.10000000 
-0.17600000 0.00000000 0.63820271 0.10000000 
-0.17500000 0.00000000 0.64199419 0.10000000 
-0.17400000 0.00000000 0.64579054 0.10000000 
-0.17300000 0.00000000 0.64959150 0.10000000 
-0.17200000 0.00000000 0.65339680 0.10000000 
-0.17100000 0.00000000 0.65720615 0.10000000 
-0.17000000 0.00000000 0.66101928 0.10000000 
-0.16900000 0.00000000 0.66483592 0.10000000 
-0.16800000 0.00000000 0.66865577 0.10000000 
-0.16700000 0.00000000 0.67247856 0.10000000 
-0.16600000 0.00000000 0.67630399 0.10000000 
-0.16500000 0.00000000 0.68013178 0.10000000 
-0.16400000 0.00000000 0.68396163 0.10000000 
-0.16300000 0.00000000 0.68779326 0.10000000 
-0.16200000 0.00000000 0.69162636 0.10000000 
-0.16100000 0.00000000 0.69546063 0.10000000 
-0.16000000 0.00000000 0.69929579 0.10000000 
-0.15900000 0.00000000 0.70313152 0.10000000 
-0.15800000 0.00000000 0.70696752 0.10000000 
-0.15700000 0.00000000 0.71080349 0.10000000 
-0.15600000 0.00000000 0.71463911 0.10000000 
-0.15500000 0.00000000 0.71847408 0.10000000 
-0.15400000 0.00000000 0.72230808 0.10000000 
-0.15300000 0.00000000 0.72614081 0.10000000 
-0.15200000 0.00000000 0.72997194 0.10000000 
-0.15100000 0.00000000 0.73380116 0.10000000 
-0.15000000 0.00000000 0.73762815 0.10000000 
-0.14900000 0.00000000 0.74145259 0.10000000 
-0.14800000 0.00000000 0.74527416 0.10000000 
-0.14700000 0.00000000 0.74909253 0.10000000 
-0.14600000 0.00000000 0.75290738 0.10000000 
-0.14500000 0.00000000 0.75671838 0.10000000 
-0.14400000 0.00000000 0.76052520 0.10000000 
-0.14300000 0.00000000 0.76432752 0.10000000 
-0.14200000 0.00000000 0.76812500 0.10000000 
-0.14100000 0.00000000 0.77191731 0.10000000 
-0.14000000 0.00000000 0.77570411 0.10000000 
-0.13900000 0.00000000 0.77948508 0.10000000 
-0.13800000 0.00000000 0.78325988 0.10000000 
-0.13700000 0.00000000 0.78702816 0.10000000 
-0.13600000 0.00000000 0.79078959 0.10000000 
-0.13500000 0.00000000 0.79454384 0.10000000 
-0.13400000 0.00000000 0.79829055 0.10000000 
-0.13300000 0.00000000 0.80202940 0.10000000 
-0.13200000 0.00000000 0.80576003 0.10000000 
-0.13100000 0.00000000 0.80948211 0.10000000 
-0.13000000 0.00000000 0.81319529 0.10000000 
-0.12900000 0.00000000 0.81689922 0.10000000 
-0.12800000 0.00000000 0.82059357 0.10000000 
-0.12700000 0.00000000 0.82427799 0.10000000 
-0.12600000 0.00000000 0.82795212 0.10000000 
-0.12500000 0.00000000 0.83161563 0.10000000 
-0.12400000 0.00000000 0.83526816 0.10000000 
-0.12300000 0.00000000 0.83890937 0.10000000 
-0.12200000 0.00000000 0.84253891 0.10000000 
-0.12100000 0.00000000 0.84615644 0.10000000 
-0.12000000 0.00000000 0.84976159 0.10000000 
-0.11900000 0.00000000 0.85335403 0.10000000 
-0.11800000 0.00000000 0.85693341 0.10000000 
-0.11700000 0.00000000 0.86049937 0.10000000 
-0.11600000 0.00000000 0.86405156 0.10000000 
-0.11500000 0.00000000 0.86758965 0.10000000 
-0.11400000 0.00000000 0.87111327 0.10000000 
-0.11300000 0.00000000 0.87462209 0.10000000 
-0.11200000 0.00000000 0.87811574 0.10000000 
-0.11100000 0.00000000 0.88159389 0.10000000 
-0.11000000 0.00000000 0.88505618 0.10000000 
-0.10900000 0.00000000 0.88850227 0.10000000 
-0.10800000 0.00000000 0.89193180 0.10000000 
-0.10700000 0.00000000 0.89534444 0.10000000 
-0.10600000 0.00000000 0.89873983 0.10000000 
-0.10500000 0.00000000 0.90211764 0.10000000 
-0.10400000 0.00000000 0.90547751 0.10000000 
-0.10300000 0.00000000 0.90881910 0.10000000 
-0.10200000 0.00000000 0.91214206 0.10000000 
-0.10100000 0.00000000 0.91544606 0.10000000 
-0.10000000 0.00000000 0.91873075 0.10000000 
-0.09900000 0.00000000 0.92199579 0.10000000 
-0.09800000 0.00000000 0.92524085 0.10000000 
-0.09700000 0.00000000 0.92846557 0.10000000 
-0.09600000 0.00000000 0.93166963 0.10000000 
-0.09500000 0.00000000 0.93485268 0.10000000 
-0.09400000 0.00000000 0.93801440 0.10000000 
-0.09300000 0.00000000 0.94115444 0.10000000 
-0.09200000 0.00000000 0.94427247 0.10000000 
-0.09100000 0.00000000 0.94736817 0.10000000 
-0.09000000 0.00000000 0.95044120 0.10000000 
-0.08900000 0.00000000 0.95349124 0.10000000 
-0.08800000 0.00000000 0.95651795 0.10000000 
-0.08700000 0.00000000 0.95952102 0.10000000 
-0.08600000 0.00000000 0.96250011 0.10000000 
-0.08500000 0.00000000 0.96545491 0.10000000 
-0.08400000 0.00000000 0.96838510 0.10000000 
-0.08300000 0.00000000 0.97129035 0.10000000 
-0.08200000 0.00000000 0.97417036 0.10000000 
-0.08100000 0.00000000 0.97702481 0.10000000 
-0.08000000 0.00000000 0.97985338 0.10000000 
-0.07900000 0.00000000 0.98265577 0.10000000 
-0.07800000 0.00000000 0.98543166 0.10000000 
-0.07700000 0.00000000 0.98818076 0.10000000 
-0.07600000 0.00000000 0.99090275 0.10000000 
-0.07500000 0.00000000 0.99359735 0.10000000 
-0.07400000 0.00000000 0.99626424 0.10000000 
-0.07300000 0.00000000 0.99890313 0.10000000 
-0.07200000 0.00000000 1.00151374 0.10000000 
-0.07100000 0.00000000 1.00409576 0.10000000 
-0.07000000 0.00000000 1.00664890 0.10000000 
-0.06900000 0.00000000 1.00917289 0.10000000 
-0.06800000 0.00000000 1.01166744 0.10000000 
-0.06700000 0.00000000 1.01413227 0.10000000 
-0.06600000 0.00000000 1.01656710 0.10000000 
-0.06500000 0.00000000 1.01897166 0.10000000 
-0.06400000 0.00000000 1.02134566 0.10000000 
-0.06300000 0.00000000 1.02368886 0.10000000 
-0.06200000 0.00000000 1.02600097 0.10000000 
-0.06100000 0.00000000 1.02828173 0.10000000 
-0.06000000 0.00000000 1.03053090 0.10000000 
-0.05900000 0.00000000 1.03274820 0.10000000 
-0.05800000 0.00000000 1.03493338 0.10000000 
-0.05700000 0.00000000 1.03708620 0.10000000 
-0.05600000 0.00000000 1.03920641 0.10000000 
-0.05500000 0.00000000 1.04129377 0.10000000 
-0.05400000 0.00000000 1.04334803 0.10000000 
-0.05300000 0.00000000 1.04536895 0.10000000 
-0.05200000 0.00000000 1.04735631 0.10000000 
-0.05100000 0.00000000 1.04930988 0.10000000 
-0.05000000 0.00000000 1.05122942 0.10000000 
-0.04900000 0.00000000 1.05311472 0.10000000 
-0.04800000 0.00000000 1.05496556 0.10000000 
-0.04700000 0.00000000 1.05678172 0.10000000 
-0.04600000 0.00000000 1.05856299 0.10000000 
-0.04500000 0.00000000 1.06030916 0.10000000 
-0.04400000 0.00000000 1.06202004 0.10000000 
-0.04300000 0.00000000 1.06369541 0.10000000 
-0.04200000 0.00000000 1.06533508 0.10000000 
-0.04100000 0.00000000 1.06693887 0.10000000 
-0.04000000 0.00000000 1.06850658 0.10000000 
-0.03900000 0.00000000 1.07003803 0.10000000 
-0.03800000 0.00000000 1.07153304 0.10000000 
-0.03700000 0.00000000 1.07299143 0.10000000 
-0.03600000 0.00000000 1.07441304 0.10000000 
-0.03500000 0.00000000 1.07579769 0.10000000 
-0.03400000 0.00000000 1.07714522 0.10000000 
-0.03300000 0.00000000 1.07845547 0.10000000 
-0.03200000 0.00000000 1.07972829 0.10000000 
-0.03100000 0.00000000 1.08096353 0.10000000 
-0.03000000 0.00000000 1.08216103 0.10000000 
-0.02900000 0.00000000 1.08332067 0.10000000 
-0.02800000 0.00000000 1.08444229 0.10000000 
-0.02700000 0.00000000 1.08552577 0.10000000 
-0.02600000 0.00000000 1.08657098 0.10000000 
-0.02500000 0.00000000 1.08757780 0.10000000 
-0.02400000 0.00000000 1.08854610 0.10000000 
-0.02300000 0.00000000 1.08947577 0.10000000 
-0.02200000 0.00000000 1.09036670 0.10000000 
-0.02100000 0.00000000 1.09121878 0.10000000 
-0.02000000 0.00000000 1.09203191 0.10000000 
-0.01900000 0.00000000 1.09280600 0.10000000 
-0.01800000 0.00000000 1.09354095 0.10000000 
-0.01700000 0.00000000 1.09423667 0.10000000 
-0.01600000 0.00000000 1.09489308 0.10000000 
-0.01500000 0.00000000 1.09551011 0.10000000 
-0.01400000 0.00000000 1.09608767 0.10000000 
-0.01300000 0.00000000 1.09662571 0.10000000 
-0.01200000 0.00000000 1.09712414 0.10000000 
-0.01100000 0.00000000 1.09758293 0.10000000 
-0.01000000 0.00000000 1.09800200 0.10000000 
-0.00900000 0.00000000 1.09838131 0.10000000 
-0.00800000 0.00000000 1.09872082 0.10000000 
-0.00700000 0.00000000 1.09902048 0.10000000 
-0.00600000 0.00000000 1.09928026 0.10000000 
-0.00500000 0.00000000 1.09950012 0.10000000 
-0.00400000 0.00000000 1.09968005 0.10000000 
-0.00300000 0.00000000 1.09982002 0.10000000 
-0.00200000 0.00000000 1.09992000 0.10000000 
-0.00100000 0.00000000 1.09998000 0.10000000 
0.00000000 0.00000000 1.10000000 0.10000000 
0.00100000 0.00000000 1.09998000 0.10000000 
0.00200000 0.00000000 1.09992000 0.10000000 
0.00300000 0.00000000 1.09982002 0.10000000 
0.00400000 0.00000000 1.09968005 0.10000000 
0.00500000 0.00000000 1.09950012 0.10000000 
0.00600000 0.00000000 1.09928026 0.10000000 
0.00700000 0.00000000 1.09902048 0.10000000 
0.00800000 0.00000000 1.09872082 0.10000000 
0.00900000 0.00000000 1.09838131 0.10000000 
0.01000000 0.00000000 1.09800200 0.10000000 
0.01100000 0.00000000 1.09758293 0.10000000 
0.01200000 0.00000000 1.09712414 0.10000000 
0.01300000 0.00000000 1.09662571 0.10000000 
0.01400000 0.00000000 1.09608767 0.10000000 
0.01500000 0.00000000 1.09551011 0.10000000 
0.01600000 0.00000000 1.09489308 0.10000000 
0.01700000 0.00000000 1.09423667 0.10000000 
0.01800000 0.00000000 1.09354095 0.10000000 
0.01900000 0.00000000 1.09280600 0.10000000 
0.02000000 0.00000000 1.09203191 0.10000000 
0.02100000 0.00000000 1.09121878 0.10000000 
0.02200000 0.00000000 1.09036670 0.10000000 
0.02300000 0.00000000 1.08947577 0.10000000 
0.02400000 0.00000000 1.08854610 0.10000000 
0.02500000 0.00000000 1.08757780 0.10000000 
0.02600000 0.00000000 1.08657098 0.10000000 
0.02700000 0.00000000 1.08552577 0.10000000 
0.02800000 0.00000000 1.08444229 0.10000000 
0.02900000 0.00000000 1.08332067 0.10000000 
0.03000000 0.00000000 1.08216103 0.10000000 
0.03100000 0.00000000 1.08096353 0.10000000 
0.03200000 0.00000000 1.07972829 0.10000000 
0.03300000 0.00000000 1.07845547 0.10000000 
0.03400000 0.00000000 1.07714522 0.10000000 
0.03500000 0.00000000 1.07579769 0.10000000 
0.03600000 0.00000000 1.07441304 0.10000000 
0.03700000 0.00000000 1.07299143 0.10000000 
0.03800000 0.00000000 1.07153304 0.10000000 
0.03900000 0.00000000 1.07003803 0.10000000 
0.04000000 0.00000000 1.06850658 0.10000000 
0.04100000 0.00000000 1.06693887 0.10000000 
0.04200000 0.00000000 1.06533508 0.10000000 
0.04300000 0.00000000 1.06369541 0.10000000 
0.04400000 0.00000000 1.06202004 0.10000000 
0.04500000 0.00000000 1.06030916 0.10000000 
0.04600000 0.00000000 1.05856299 0.10000000 
0.04700000 0.00000000 1.05678172 0.10000000 
0.04800000 0.00000000 1.05496556 0.10000000 
0.04900000 0.00000000 1.05311472 0.10000000 
0.05000000 0.00000000 1.05122942 0.10000000 
0.05100000 0.00000000 1.04930988 0.10000000 
0.05200000 0.00000000 1.04735631 0.10000000 
0.05300000 0.00000000 1.04536895 0.10000000 
0.05400000 0.00000000 1.04334803 0.10000000 
0.05500000 0.00000000 1.04129377 0.10000000 
0.05600000 0.00000000 1.03920641 0.10000000 
0.05700000 0.00000000 1.03708620 0.10000000 
0.05800000 0.00000000 1.03493338 0.10000000 
0.05900000 0.00000000 1.03274820 0.10000000 
0.06000000 0.00000000 1.03053090 0.10000000 
0.06100000 0.00000000 1.02828173 0.10000000 
0.06200000 0.00000000 1.02600097 0.10000000 
0.06300000 0.00000000 1.02368886 0.10000000 
0.06400000 0.00000000 1.02134566 0.10000000 
0.06500000 0.00000000 1.01897166 0.10000000 
0.06600000 0.00000000 1.01656710 0.10000000 
0.06700000 0.00000000 1.01413227 0.10000000 
0.06800000 0.00000000 1.01166744 0.10000000 
0.06900000 0.00000000 1.00917289 0.10000000 
0.07000000 0.00000000 1.00664890 0.10000000 
0.07100000 0.00000000 1.00409576 0.10000000 
0.07200000 0.00000000 1.00151374 0.10000000 
0.07300000 0.00000000 0.99890313 0.10000000 
0.07400000 0.00000000 0.99626424 0.10000000 
0.07500000 0.00000000 0.99359735 0.10000000 
0.07600000 0.00000000 0.99090275 0.10000000 
0.07700000 0.00000000 0.98818076 0.10000000 
0.07800000 0.00000000 0.98543166 0.10000000 
0.07900000 0.00000000 0.98265577 0.10000000 
0.08000000 0.00000000 0.97985338 0.10000000 
0.08100000 0.00000000 0.97702481 0.10000000 
0.08200000 0.00000000 0.97417036 0.10000000 
0.08300000 0.00000000 0.97129035 0.10000000 
0.08400000 0.00000000 0.96838510 0.10000000 
0.08500000 0.00000000 0.96545491 0.10000000 
0.08600000 0.00000000 0.96250011 0.10000000 
0.08700000 0.00000000 0.95952102 0.10000000 
0.08800000 0.00000000 0.95651795 0.10000000 
0.08900000 0.00000000 0.95349124 0.10000000 
0.09000000 0.00000000 0.95044120 0.10000000 
0.09100000 0.00000000 0.94736817 0.10000000 
0.09200000 0.00000000 0.94427247 0.10000000 
0.09300000 0.00000000 0.94115444 0.10000000 
0.09400000 0.00000000 0.93801440 0.10000000 
0.09500000 0.00000000 0.93485268 0.10000000 
0.09600000 0.00000000 0.93166963 0.10000000 
0.09700000 0.00000000 0.92846557 0.10000000 
0.09800000 0.00000000 0.92524085 0.10000000 
0.09900000 0.00000000 0.92199579 0.10000000 
0.10000000 0.00000000 0.91873075 0.10000000 
0.10100000 0.00000000 0.91544606 0.10000000 
0.10200000 0.00000000 0.91214206 0.10000000 
0.10300000 0.00000000 0.90881910 0.10000000 
0.10400000 0.00000000 0.90547751 0.10000000 
0.10500000 0.00000000 0.90211764 0.10000000 
0.10600000 0.00000000 0.89873983 0.10000000 
0.10700000 0.00000000 0.89534444 0.10000000 
0.10800000 0.00000000 0.89193180 0.10000000 
0.10900000 0.00000000 0.88850227 0.10000000 
0.11000000 0.00000000 0.88505618 0.10000000 
0.11100000 0.00000000 0.88159389 0.10000000 
0.11200000 0.00000000 0.87811574 0.10000000 
0.11300000 0.00000000 0.87462209 0.10000000 
0.11400000 0.00000000 0.87111327 0.10000000 
0.11500000 0.00000000 0.86758965 0.10000000 
0.11600000 0.00000000 0.86405156 0.10000000 
0.11700000 0.00000000 0.86049937 0.10000000 
0.11800000 0.00000000 0.85693341 0.10000000 
0.11900000 0.00000000 0.85335403 0.10000000 
0.12000000 0.00000000 0.84976159 0.10000000 
0.12100000 0.00000000 0.84615644 0.10000000 
0.12200000 0.00000000 0.84253891 0.10000000 
0.12300000 0.00000000 0.83890937 0.10000000 
0.12400000 0.00000000 0.83526816 0.10000000 
0.12500000 0.00000000 0.83161563 0.10000000 
0.12600000 0.00000000 0.82795212 0.10000000 
0.12700000 0.00000000 0.82427799 0.10000000 
0.12800000 0.00000000 0.82059357 0.10000000 
0.12900000 0.00000000 0.81689922 0.10000000 
0.13000000 0.00000000 0.81319529 0.10000000 
0.13100000 0.00000000 0.80948211 0.10000000 
0.13200000 0.00000000 0.80576003 0.10000000 
0.13300000 0.00000000 0.80202940 0.10000000 
0.13400000 0.00000000 0.79829055 0.10000000 
0.13500000 0.00000000 0.79454384 0.10000000 
0.13600000 0.00000000 0.79078959 0.10000000 
0.13700000 0.00000000 0.78702816 0.10000000 
0.13800000 0.00000000 0.78325988 0.10000000 
0.13900000 0.00000000 0.77948508 0.10000000 
0.14000000 0.00000000 0.77570411 0.10000000 
0.14100000 0.00000000 0.77191731 0.10000000 
0.14200000 0.00000000 0.76812500 0.10000000 
0.14300000 0.00000000 0.76432752 0.10000000 
0.14400000 0.00000000 0.76052520 0.10000000 
0.14500000 0.00000000 0.75671838 0.10000000 
0.14600000 0.00000000 0.75290738 0.10000000 
0.14700000 0.00000000 0.74909253 0.10000000 
0.14800000 0.00000000 0.74527416 0.10000000 
0.14900000 0.00000000 0.74145259 0.10000000 
0.15000000 0.00000000 0.73762815 0.10000000 
0.15100000 0.00000000 0.73380116 0.10000000 
0.15200000 0.00000000 0.72997194 0.10000000 
0.15300000 0.00000000 0.72614081 0.10000000 
0.15400000 0.00000000 0.72230808 0.10000000 
0.15500000 0.00000000 0.71847408 0.10000000 
0.15600000 0.00000000 0.71463911 0.10000000 
0.15700000 0.00000000 0.71080349 0.10000000 
0.15800000 0.00000000 0.70696752 0.10000000 
0.15900000 0.00000000 0.70313152 0.10000000 
0.16000000 0.00000000 0.69929579 0.10000000 
0.16100000 0.00000000 0.69546063 0.10000000 
0.16200000 0.00000000 0.69162636 0.10000000 
0.16300000 0.00000000 0.68779326 0.10000000 
0.16400000 0.00000000 0.68396163 0.10000000 
0.16500000 0.00000000 0.68013178 0.10000000 
0.16600000 0.00000000 0.67630399 0.10000000 
0.16700000 0.00000000 0.67247856 0.10000000 
0.16800000 0.00000000 0.66865577 0.10000000 
0.16900000 0.00000000 0.66483592 0.10000000 
0.17000000 0.00000000 0.66101928 0.10000000 
0.17100000 0.00000000 0.65720615 0.10000000 
0.17200000 0.00000000 0.65339680 0.10000000 
0.17300000 0.00000000 0.64959150 0.10000000 
0.17400000 0.00000000 0.64579054 0.10000000 
0.17500000 0.00000000 0.64199419 0.10000000 
0.17600000 0.00000000 0.63820271 0.10000000 
0.17700000 0.00000000 0.63441638 0.10000000 
0.17800000 0.00000000 0.63063547 0.10000000 
0.17900000 0.00000000 0.62686022 0.10000000 
0.18000000 0.00000000 0.62309091 0.10000000 
0.18100000 0.00000000 0.61932780 0.10000000 
0.18200000 0.00000000 0.61557113 0.10000000 
0.18300000 0.00000000 0.61182117 0.10000000 
0.18400000 0.00000000 0.60807815 0.10000000 
0.18500000 0.00000000 0.60434234 0.10000000 
0.18600000 0.00000000 0.60061397 0.10000000 
0.18700000 0.00000000 0.59689328 0.10000000 
0.18800000 0.00000000 0.59318052 0.10000000 
0.18900000 0.00000000 0.58947593 0.10000000 
0.19000000 0.00000000 0.58577972 0.10000000 
0.19100000 0.00000000 0.58209215 0.10000000 
0.19200000 0.00000000 0.57841343 0.10000000 
0.19300000 0.00000000 0.57474379 0.10000000 
0.19400000 0.00000000 0.57108346 0.10000000 
0.19500000 0.00000000 0.56743265 0.10000000 
0.19600000 0.00000000 0.56379158 0.10000000 
0.19700000 0.00000000 0.56016047 0.10000000 
0.19800000 0.00000000 0.55653953 0.10000000 
0.19900000 0.00000000 0.55292895 0.10000000 
0.20000000 0.00000000 0.54932896 0.10000000 
0.20100000 0.00000000 0.54573976 0.10000000 
0.20200000 0.00000000 0.54216153 0.10000000 
0.20300000 0.00000000 0.53859449 0.10000000 
0.20400000 0.00000000 0.53503882 0.10000000 
0.20500000 0.00000000 0.53149472 0.10000000 
0.20600000 0.00000000 0.52796237 0.10000000 
0.20700000 0.00000000 0.52444196 0.10000000 
0.20800000 0.00000000 0.52093367 0.10000000 
0.20900000 0.00000000 0.51743769 0.10000000 
0.21000000 0.00000000 0.51395417 0.10000000 
0.21100000 0.00000000 0.51048331 0.10000000 
0.21200000 0.00000000 0.50702527 0.10000000 
0.21300000 0.00000000 0.50358022 0.10000000 
0.21400000 0.00000000 0.50014832 0.10000000 
0.21500000 0.00000000 0.49672973 0.10000000 
0.21600000 0.00000000 0.49332462 0.10000000 
0.21700000 0.00000000 0.48993314 0.10000000 
0.21800000 0.00000000 0.48655543 0.10000000 
0.21900000 0.00000000 0.48319166 0.10000000 
0.22000000 0.00000000 0.47984196 0.10000000 
0.22100000 0.00000000 0.47650649 0.10000000 
0.22200000 0.00000000 0.47318537 0.10000000 
0.22300000 0.00000000 0.46987876 0.10000000 
0.22400000 0.00000000 0.46658678 0.10000000 
0.22500000 0.00000000 0.46330957 0.10000000 
0.22600000 0.00000000 0.46004725 0.10000000 
0.22700000 0.00000000 0.45679996 0.10000000 
0.22800000 0.00000000 0.45356781 0.10000000 
0.22900000 0.00000000 0.45035092 0.10000000 
0.23000000 0.00000000 0.44714942 0.10000000 
0.23100000 0.00000000 0.44396341 0.10000000 
0.23200000 0.00000000 0.44079301 0.10000000 
0.23300000 0.00000000 0.43763833 0.10000000 
0.23400000 0.00000000 0.43449946 0.10000000 
0.23500000 0.00000000 0.43137653 0.10000000 
0.23600000 0.00000000 0.42826962 0.10000000 
0.23700000 0.00000000 0.42517883 0.10000000 
0.23800000 0.00000000 0.42210426 0.10000000 
0.23900000 0.00000000 0.41904600 0.10000000 
0.24000000 0.00000000 0.41600413 0.10000000 
0.24100000 0.00000000 0.41297874 0.10000000 
0.24200000 0.00000000 0.40996993 0.10000000 
0.24300000 0.00000000 0.40697775 0.10000000 
0.24400000 0.00000000 0.40400230 0.10000000 
0.24500000 0.00000000 0.40104365 0.10000000 
0.24600000 0.00000000 0.39810187 0.10000000 
0.24700000 0.00000000 0.39517703 0.10000000 
0.24800000 0.00000000 0.39226920 0.10000000 
0.24900000 0.00000000 0.38937843 0.10000000 
0.25000000 0.00000000 0.38650480 0.10000000 
0.25100000 0.00000000 0.38364835 0.10000000 
0.25200000 0.00000000 0.38080916 0.10000000 
0.25300000 0.00000000 0.37798726 0.10000000 
0.25400000 0.00000000 0.37518271 0.10000000 
0.25500000 0.00000000 0.37239556 0.10000000 
0.25600000 0.00000000 0.36962586 0.10000000 
0.25700000 0.00000000 0.36687364 0.10000000 
0.25800000 0.00000000 0.36413895 0.10000000 
0.25900000 0.00000000 0.36142182 0.10000000 
0.26000000 0.00000000 0.35872230 0.10000000 
0.26100000 0.00000000 0.35604041 0.10000000 
0.26200000 0.00000000 0.35337618 0.10000000 
0.26300000 0.00000000 0.35072965 0.10000000 
0.26400000 0.00000000 0.34810084 0.10000000 
0.26500000 0.00000000 0.34548977 0.10000000 
0.26600000 0.00000000 0.34289646 0.10000000 
0.26700000 0.00000000 0.34032094 0.10000000 
0.26800000 0.00000000 0.33776321 0.10000000 
0.26900000 0.00000000 0.33522330 0.10000000 
0.27000000 0.00000000 0.33270121 0.10000000 
0.27100000 0.00000000 0.33019696 0.10000000 
0.27200000 0.00000000 0.32771054 0.10000000 
0.27300000 0.00000000 0.32524198 0.10000000 
0.27400000 0.00000000 0.32279126 0.10000000 
0.27500000 0.00000000 0.32035839 0.10000000 
0.27600000 0.00000000 0.31794337 0.10000000 
0.27700000 0.00000000 0.31554620 0.10000000 
0.27800000 0.00000000 0.31316687 0.10000000 
0.27900000 0.00000000 0.31080537 0.10000000 
0.28000000 0.00000000 0.30846169 0.10000000 
0.28100000 0.00000000 0.30613582 0.10000000 
0.28200000 0.00000000 0.30382775 0.10000000 
0.28300000 0.00000000 0.30153746 0.10000000 
0.28400000 0.00000000 0.29926494 0.10000000 
0.28500000 0.00000000 0.29701016 0.10000000 
0.28600000 0.00000000 0.29477310 0.10000000 
0.28700000 0.00000000 0.29255374 0.10000000 
0.28800000 0.00000000 0.29035206 0.10000000 
0.28900000 0.00000000 0.28816802 0.10000000 
0.29000000 0.00000000 0.28600160 0.10000000 
0.29100000 0.00000000 0.28385277 0.10000000 
0.29200000 0.00000000 0.28172150 0.10000000 
0.29300000 0.00000000 0.27960775 0.10000000 
0.29400000 0.00000000 0.27751148 0.10000000 
0.29500000 0.00000000 0.27543266 0.10000000 
0.29600000 0.00000000 0.27337126 0.10000000 
0.29700000 0.00000000 0.27132722 0.10000000 
0.29800000 0.00000000 0.26930051 0.10000000 
0.29900000 0.00000000 0.26729108 0.10000000 
0.30000000 0.00000000 0.26529889 0.10000000 
0.30100000 0.00000000 0.26332389 0.10000000 
0.30200000 0.00000000 0.26136603 0.10000000 
0.30300000 0.00000000 0.25942527 0.10000000 
0.30400000 0.00000000 0.25750155 0.10000000 
0.30500000 0.00000000 0.25559481 0.10000000 
0.30600000 0.00000000 0.25370502 0.10000000 
0.30700000 0.00000000 0.25183210 0.10000000 
0.30800000 0.00000000 0.24997600 0.10000000 
0.30900000 0.00000000 0.24813667 0.10000000 
0.31000000 0.00000000 0.24631404 0.10000000 
0.31100000 0.00000000 0.24450806 0.10000000 
0.31200000 0.00000000 0.24271866 0.10000000 
0.31300000 0.00000000 0.24094578 0.10000000 
0.31400000 0.00000000 0.23918936 0.10000000 
0.31500000 0.00000000 0.23744932 0.10000000 
0.31600000 0.00000000 0.23572561 0.10000000 
0.31700000 0.00000000 0.23401816 0.10000000 
0.31800000 0.00000000 0.23232689 0.10000000 
0.31900000 0.00000000 0.23065174 0.10000000 
0.32000000 0.00000000 0.22899263 0.10000000 
0.32100000 0.00000000 0.22734950 0.10000000 
0.32200000 0.00000000 0.22572227 0.10000000 
0.32300000 0.00000000 0.22411087 0.10000000 
0.32400000 0.00000000 0.22251522 0.10000000 
0.32500000 0.00000000 0.22093525 0.10000000 
0.32600000 0.00000000 0.21937088 0.10000000 
0.32700000 0.00000000 0.21782203 0.10000000 
0.32800000 0.00000000 0.21628863 0.10000000 
0.32900000 0.00000000 0.21477059 0.10000000 
0.33000000 0.00000000 0.21326784 0.10000000 
0.33100000 0.00000000 0.21178029 0.10000000 
0.33200000 0.00000000 0.21030787 0.10000000 
0.33300000 0.00000000 0.20885049 0.10000000 
0.33400000 0.00000000 0.20740807 0.10000000 
0.33500000 0.00000000 0.20598052 0.10000000 
0.33600000 0.00000000 0.20456776 0.10000000 
0.33700000 0.00000000 0.20316971 0.10000000 
0.33800000 0.00000000 0.20178628 0.10000000 
0.33900000 0.00000000 0.20041738 0.10000000 
0.34000000 0.00000000 0.19906293 0.10000000 
0.34100000 0.00000000 0.19772284 0.10000000 
0.34200000 0.00000000 0.19639702 0.10000000 
0.34300000 0.00000000 0.19508539 0.10000000 
0.34400000 0.00000000 0.19378785 0.10000000 
0.34500000 0.00000000 0.19250431 0.10000000 
0.34600000 0.00000000 0.19123470 0.10000000 
0.34700000 0.00000000 0.18997891 0.10000000 
0.34800000 0.00000000 0.18873685 0.10000000 
0.34900000 0.00000000 0.18750844 0.10000000 
0.35000000 0.00000000 0.18629359 0.10000000 
0.35100000 0.00000000 0.18509219 0.10000000 
0.35200000 0.00000000 0.18390417 0.10000000 
0.35300000 0.00000000 0.18272942 0.10000000 
0.35400000 0.00000000 0.18156786 0.10000000 
0.35500000 0.00000000 0.18041939 0.10000000 
0.35600000 0.00000000 0.17928392 0.10000000 
0.35700000 0.00000000 0.17816135 0.10000000 
0.35800000 0.00000000 0.17705160 0.10000000 
0.35900000 0.00000000 0.17595456 0.10000000 
0.36000000 0.00000000 0.17487015 0.10000000 
0.36100000 0.00000000 0.17379827 0.10000000 
0.36200000 0.00000000 0.17273882 0.10000000 
0.36300000 0.00000000 0.17169172 0.10000000 
0.36400000 0.00000000 0.17065687 0.10000000 
0.36500000 0.00000000 0.16963416 0.10000000 
0.36600000 0.00000000 0.16862352 0.10000000 
0.36700000 0.00000000 0.16762483 0.10000000 
0.36800000 0.00000000 0.16663802 0.10000000 
0.36900000 0.00000000 0.16566298 0.10000000 
0.37000000 0.00000000 0.16469962 0.10000000 
0.37100000 0.00000000 0.16374784 0.10000000 
0.37200000 0.00000000 0.16280755 0.10000000 
0.37300000 0.00000000 0.16187865 0.10000000 
0.37400000 0.00000000 0.16096106 0.10000000 
0.37500000 0.00000000 0.16005467 0.10000000 
0.37600000 0.00000000 0.15915939 0.10000000 
0.37700000 0.00000000 0.15827512 0.10000000 
0.37800000 0.00000000 0.15740178 0.10000000 
0.37900000 0.00000000 0.15653926 0.10000000 
0.38000000 0.00000000 0.15568748 0.10000000 
0.38100000 0.00000000 0.15484633 0.10000000 
0.38200000 0.00000000 0.15401573 0.10000000 
0.38300000 0.00000000 0.15319558 0.10000000 
0.38400000 0.00000000 0.15238579 0.10000000 
0.38500000 0.00000000 0.15158626 0.10000000 
0.38600000 0.00000000 0.15079690 0.10000000 
0.38700000 0.00000000 0.15001762 0.10000000 
0.38800000 0.00000000 0.14924832 0.10000000 
0.38900000 0.00000000 0.14848892 0.10000000 
0.39000000 0.00000000 0.14773932 0.10000000 
0.39100000 0.00000000 0.14699942 0.10000000 
0.39200000 0.00000000 0.14626914 0.10000000 
0.39300000 0.00000000 0.14554839 0.10000000 
0.39400000 0.00000000 0.14483707 0.10000000 
0.39500000 0.00000000 0.14413510 0.10000000 
0.39600000 0.00000000 0.14344237 0.10000000 
0.39700000 0.00000000 0.14275881 0.10000000 
0.39800000 0.00000000 0.14208432 0.10000000 
0.39900000 0.00000000 0.14141882 0.10000000 
0.40000000 0.00000000 0.14076220 0.10000000 
0.40100000 0.00000000 0.14011440 0.10000000 
0.40200000 0.00000000 0.13947530 0.10000000 
0.40300000 0.00000000 0.13884484 0.10000000 
0.40400000 0.00000000 0.13822292 0.10000000 
0.40500000 0.00000000 0.13760945 0.10000000 
0.40600000 0.00000000 0.13700434 0.10000000 
0.40700000 0.00000000 0.13640752 0.10000000 
0.40800000 0.00000000 0.13581889 0.10000000 
0.40900000 0.00000000 0.13523836 0.10000000 
0.41000000 0.00000000 0.13466586 0.10000000 
0.41100000 0.00000000 0.13410129 0.10000000 
0.41200000 0.00000000 0.13354458 0.10000000 
0.41300000 0.00000000 0.13299563 0.10000000 
0.41400000 0.00000000 0.13245438 0.10000000 
0.41500000 0.00000000 0.13192072 0.10000000 
0.41600000 0.00000000 0.13139458 0.10000000 
0.41700000 0.00000000 0.13087588 0.10000000 
0.41800000 0.00000000 0.13036453 0.10000000 
0.41900000 0.00000000 0.12986046 0.10000000 
0.42000000 0.00000000 0.12936358 0.10000000 
0.42100000 0.00000000 0.12887382 0.10000000 
0.42200000 0.00000000 0.12839109 0.10000000 
0.42300000 0.00000000 0.12791531 0.10000000 
0.42400000 0.00000000 0.12744641 0.10000000 
0.42500000 0.00000000 0.12698430 0.10000000 
0.42600000 0.00000000 0.12652892 0.10000000 
0.42700000 0.00000000 0.12608017 0.10000000 
0.42800000 0.00000000 0.12563799 0.10000000 
0.42900000 0.00000000 0.12520230 0.10000000 
0.43000000 0.00000000 0.12477302 0.10000000 
0.43100000 0.00000000 0.12435008 0.10000000 
0.43200000 0.00000000 0.12393341 0.10000000 
0.43300000 0.00000000 0.12352292 0.10000000 
0.43400000 0.00000000 0.12311855 0.10000000 
0.43500000 0.00000000 0.12272022 0.10000000 
0.43600000 0.00000000 0.12232786 0.10000000 
0.43700000 0.00000000 0.12194140 0.10000000 
0.43800000 0.00000000 0.12156077 0.10000000 
0.43900000 0.00000000 0.12118589 0.10000000 
0.44000000 0.00000000 0.12081669 0.10000000 
0.44100000 0.00000000 0.12045312 0.10000000 
0.44200000 0.00000000 0.12009509 0.10000000 
0.44300000 0.00000000 0.11974253 0.10000000 
0.44400000 0.00000000 0.11939539 0.10000000 
0.44500000 0.00000000 0.11905359 0.10000000 
0.44600000 0.00000000 0.11871706 0.10000000 
0.44700000 0.00000000 0.11838574 0.10000000 
0.44800000 0.00000000 0.11805956 0.10000000 
0.44900000 0.00000000 0.11773846 0.10000000 
0.45000000 0.00000000 0.11742237 0.10000000 
0.45100000 0.00000000 0.11711124 0.10000000 
0.45200000 0.00000000 0.11680498 0.10000000 
0.45300000 0.00000000 0.11650355 0.10000000 
0.45400000 0.00000000 0.11620687 0.10000000 
0.45500000 0.00000000 0.11591489 0.10000000 
0.45600000 0.00000000 0.11562755 0.10000000 
0.45700000 0.00000000 0.11534478 0.10000000 
0.45800000 0.00000000 0.11506652 0.10000000 
0.45900000 0.00000000 0.11479272 0.10000000 
0.46000000 0.00000000 0.11452331 0.10000000 
0.46100000 0.00000000 0.11425824 0.10000000 
0.46200000 0.00000000 0.11399745 0.10000000 
0.46300000 0.00000000 0.11374088 0.10000000 
0.46400000 0.00000000 0.11348847 0.10000000 
0.46500000 0.00000000 0.11324017 0.10000000 
0.46600000 0.00000000 0.11299592 0.10000000 
0.46700000 0.00000000 0.11275566 0.10000000 
0.46800000 0.00000000 0.11251935 0.10000000 
0.46900000 0.00000000 0.11228692 0.10000000 
0.47000000 0.00000000 0.11205832 0.10000000 
0.47100000 0.00000000 0.11183351 0.10000000 
0.47200000 0.00000000 0.11161242 0.10000000 
0.47300000 0.00000000 0.11139501 0.10000000 
0.47400000 0.00000000 0.11118122 0.10000000 
0.47500000 0.00000000 0.11097100 0.10000000 
0.47600000 0.00000000 0.11076430 0.10000000 
0.47700000 0.00000000 0.11056108 0.10000000 
0.47800000 0.00000000 0.11036127 0.10000000 
0.47900000 0.00000000 0.11016485 0.10000000 
0.48000000 0.00000000 0.10997174 0.10000000 
0.48100000 0.00000000 0.10978192 0.10000000 
0.48200000 0.00000000 0.10959532 0.10000000 
0.48300000 0.00000000 0.10941190 0.10000000 
0.48400000 0.00000000 0.10923163 0.10000000 
0.48500000 0.00000000 0.10905444 0.10000000 
0.48600000 0.00000000 0.10888030 0.10000000 
0.48700000 0.00000000 0.10870916 0.10000000 
0.48800000 0.00000000 0.10854098 0.10000000 
0.48900000 0.00000000 0.10837571 0.10000000 
0.49000000 0.00000000 0.10821330 0.10000000 
0.49100000 0.00000000 0.10805373 0.10000000 
0.49200000 0.00000000 0.10789694 0.10000000 
0.49300000 0.00000000 0.10774289 0.10000000 
0.49400000 0.00000000 0.10759155 0.10000000 
0.49500000 0.00000000 0.10744286 0.10000000 
0.49600000 0.00000000 0.10729680 0.10000000 
0.49700000 0.00000000 0.10715331 0.10000000 
0.49800000 0.00000000 0.10701237 0.10000000 
0.49900000 0.00000000 0.10687393 0.10000000 
0.50000000 0.00000000 0.10673795 0.10000000 
0.50100000 0.00000000 0.10660439 0.10000000 
0.50200000 0.00000000 0.10647323 0.10000000 
0.50300000 0.00000000 0.10634442 0.10000000 
0.50400000 0.00000000 0.10621792 0.10000000 
0.50500000 0.00000000 0.10609370 0.10000000 
0.50600000 0.00000000 0.10597172 0.10000000 
0.50700000 0.00000000 0.10585195 0.10000000 
0.50800000 0.00000000 0.10573436 0.10000000 
0.50900000 0.00000000 0.10561890 0.10000000 
0.51000000 0.00000000 0.10550554 0.10000000 
0.51100000 0.00000000 0.10539426 0.10000000 
0.51200000 0.00000000 0.10528501 0.10000000 
0.51300000 0.00000000 0.10517777 0.10000000 
0.51400000 0.00000000 0.10507251 0.10000000 
0.51500000 0.00000000 0.10496918 0.10000000 
0.51600000 0.00000000 0.10486777 0.10000000 
0.51700000 0.00000000 0.10476823 0.10000000 
0.51800000 0.00000000 0.10467054 0.10000000 
0.51900000 0.00000000 0.10457467 0.10000000 
0.52000000 0.00000000 0.10448059 0.10000000 
0.52100000 0.00000000 0.10438827 0.10000000 
0.52200000 0.00000000 0.10429768 0.10000000 
0.52300000 0.00000000 0.10420879 0.10000000 
0.52400000 0.00000000 0.10412157 0.10000000 
0.52500000 0.00000000 0.10403600 0.10000000 
0.52600000 0.00000000 0.10395205 0.10000000 
0.52700000 0.00000000 0.10386969 0.10000000 
0.52800000 0.00000000 0.10378890 0.10000000 
0.52900000 0.00000000 0.10370964 0.10000000 
0.53000000 0.00000000 0.10363190 0.10000000 
0.53100000 0.00000000 0.10355564 0.10000000 
0.53200000 0.00000000 0.10348085 0.10000000 
0.53300000 0.00000000 0.10340749 0.10000000 
0.53400000 0.00000000 0.10333554 0.10000000 
0.53500000 0.00000000 0.10326499 0.10000000 
0.53600000 0.00000000 0.10319579 0.10000000 
0.53700000 0.00000000 0.10312794 0.10000000 
0.53800000 0.00000000 0.10306141 0.10000000 
0.53900000 0.00000000 0.10299617 0.10000000 
0.54000000 0.00000000 0.10293221 0.10000000 
0.54100000 0.00000000 0.10286949 0.10000000 
0.54200000 0.00000000 0.10280801 0.10000000 
0.54300000 0.00000000 0.10274773 0.10000000 
0.54400000 0.00000000 0.10268864 0.10000000 
0.54500000 0.00000000 0.10263071 0.10000000 
0.54600000 0.00000000 0.10257393 0.10000000 
0.54700000 0.00000000 0.10251828 0.10000000 
0.54800000 0.00000000 0.10246373 0.10000000 
0.54900000 0.00000000 0.10241026 0.10000000 
0.55000000 0.00000000 0.10235786 0.10000000 
0.55100000 0.00000000 0.10230651 0.10000000 
0.55200000 0.00000000 0.10225618 0.10000000 
0.55300000 0.00000000 0.10220687 0.10000000 
0.55400000 0.00000000 0.10215855 0.10000000 
0.55500000 0.00000000 0.10211120 0.10000000 
0.55600000 0.00000000 0.10206480 0.10000000 
0.55700000 0.00000000 0.10201935 0.10000000 
0.55800000 0.00000000 0.10197482 0.10000000 
0.55900000 0.00000000 0.10193119 0.10000000 
0.56000000 0.00000000 0.10188845 0.10000000 
0.56100000 0.00000000 0.10184658 0.10000000 
0.56200000 0.00000000 0.10180557 0.10000000 
0.56300000 0.00000000 0.10176540 0.10000000 
0.56400000 0.00000000 0.10172605 0.10000000 
0.56500000 0.00000000 0.10168751 0.10000000 
0.56600000 0.00000000 0.10164977 0.10000000 
0.56700000 0.00000000 0.10161281 0.10000000 
0.56800000 0.00000000 0.10157661 0.10000000 
0.56900000 0.00000000 0.10154116 0.10000000 
0.57000000 0.00000000 0.10150645 0.10000000 
0.57100000 0.00000000 0.10147246 0.10000000 
0.57200000 0.00000000 0.10143918 0.10000000 
0.57300000 0.00000000 0.10140660 0.10000000 
0.57400000 0.00000000 0.10137470 0.10000000 
0.57500000 0.00000000 0.10134347 0.10000000 
0.57600000 0.00000000 0.10131290 0.10000000 
0.57700000 0.00000000 0.10128297 0.10000000 
0.57800000 0.00000000 0.10125367 0.10000000 
0.57900000 0.00000000 0.10122499 0.10000000 
0.58000000 0.00000000 0.10119692 0.10000000 
0.58100000 0.00000000 0.10116945 0.10000000 
0.58200000 0.00000000 0.10114256 0.10000000 
0.58300000 0.00000000 0.10111625 0.10000000 
0.58400000 0.00000000 0.10109050 0.10000000 
0.58500000 0.00000000 0.10106530 0.10000000 
0.58600000 0.00000000 0.10104064 0.10000000 
0.58700000 0.00000000 0.10101651 0.10000000 
0.58800000 0.00000000 0.10099290 0.10000000 
0.58900000 0.00000000 0.10096980 0.10000000 
0.59000000 0.00000000 0.10094720 0.10000000 
0.59100000 0.00000000 0.10092509 0.10000000 
0.59200000 0.00000000 0.10090346 0.10000000 
0.59300000 0.00000000 0.10088230 0.10000000 
0.59400000 0.00000000 0.10086160 0.10000000 
0.59500000 0.00000000 0.10084135 0.10000000 
0.59600000 0.00000000 0.10082155 0.10000000 
0.59700000 0.00000000 0.10080218 0.10000000 
0.59800000 0.00000000 0.10078323 0.10000000 
0.59900000 0.00000000 0.10076471 0.10000000 
0.60000000 0.00000000 0.10074659 0.10000000 
0.60100000 0.00000000 0.10072887 0.10000000 
0.60200000 0.00000000 0.10071154 0.10000000 
0.60300000 0.00000000 0.10069460 0.10000000 
0.60400000 0.00000000 0.10067803 0.10000000 
0.60500000 0.00000000 0.10066183 0.10000000 
0.60600000 0.00000000 0.10064599 0.10000000 
0.60700000 0.00000000 0.10063051 0.10000000 
0.60800000 0.00000000 0.10061537 0.10000000 
0.60900000 0.00000000 0.10060058 0.10000000 
0.61000000 0.00000000 0.10058611 0.10000000 
0.61100000 0.00000000 0.10057197 0.10000000 
0.61200000 0.00000000 0.10055815 0.10000000 
0.61300000 0.00000000 0.10054464 0.10000000 
0.61400000 0.00000000 0.10053144 0.10000000 
0.61500000 0.00000000 0.10051854 0.10000000 
0.61600000 0.00000000 0.10050593 0.10000000 
0.61700000 0.00000000 0.10049360 0.10000000 
0.61800000 0.00000000 0.10048156 0.10000000 
0.61900000 0.00000000 0.10046979 0.10000000 
0.62000000 0.00000000 0.10045829 0.10000000 
0.62100000 0.00000000 0.10044706 0.10000000 
0.62200000 0.00000000 0.10043608 0.10000000 
0.62300000 0.00000000 0.10042536 0.10000000 
0.62400000 0.00000000 0.10041488 0.10000000 
0.62500000 0.00000000 0.10040465 0.10000000 
0.62600000 0.00000000 0.10039465 0.10000000 
0.62700000 0.00000000 0.10038488 0.10000000 
0.62800000 0.00000000 0.10037534 0.10000000 
0.62900000 0.00000000 0.10036602 0.10000000 
0.63000000 0.00000000 0.10035692 0.10000000 
0.63100000 0.00000000 0.10034803 0.10000000 
0.63200000 0.00000000 0.10033935 0.10000000 
0.63300000 0.00000000 0.10033087 0.10000000 
0.63400000 0.00000000 0.10032259 0.10000000 
0.63500000 0.00000000 0.10031451 0.10000000 
0.63600000 0.00000000 0.10030661 0.10000000 
0.63700000 0.00000000 0.10029891 0.10000000 
0.63800000 0.00000000 0.10029138 0.10000000 
0.63900000 0.00000000 0.10028403 0.10000000 
0.64000000 0.00000000 0.10027686 0.10000000 
0.64100000 0.00000000 0.10026986 0.10000000 
0.64200000 0.00000000 0.10026302 0.10000000 
0.64300000 0.00000000 0.10025635 0.10000000 
0.64400000 0.00000000 0.10024983 0.10000000 
0.64500000 0.00000000 0.10024347 0.10000000 
0.64600000 0.00000000 0.10023727 0.10000000 
0.64700000 0.00000000 0.10023121 0.10000000 
0.64800000 0.00000000 0.10022530 0.10000000 
0.64900000 0.00000000 0.10021953 0.10000000 
0.65000000 0.00000000 0.10021390 0.10000000 
0.65100000 0.00000000 0.10020841 0.10000000 
0.65200000 0.00000000 0.10020305 0.10000000 
0.65300000 0.00000000 0.10019781 0.10000000 
0.65400000 0.00000000 0.10019271 0.10000000 
0.65500000 0.00000000 0.10018773 0.10000000 
0.65600000 0.00000000 0.10018287 0.10000000 
0.65700000 0.00000000 0.10017813 0.10000000 
0.65800000 0.00000000 0.10017351 0.10000000 
0.65900000 0.00000000 0.10016900 0.10000000 
0.66000000 0.00000000 0.10016460 0.10000000 
0.66100000 0.00000000 0.10016031 0.10000000 
0.66200000 0.00000000 0.10015612 0.10000000 
0.66300000 0.00000000 0.10015204 0.10000000 
0.66400000 0.00000000 0.10014806 0.10000000 
0.66500000 0.00000000 0.10014417 0.10000000 
0.66600000 0.00000000 0.10014039 0.10000000 
0.66700000 0.00000000 0.10013669 0.10000000 
0.66800000 0.00000000 0.10013309 0.10000000 
0.66900000 0.00000000 0.10012958 0.10000000 
0.67000000 0.00000000 0.10012615 0.10000000 
0.67100000 0.00000000 0.10012282 0.10000000 
0.67200000 0.00000000 0.10011956 0.10000000 
0.67300000 0.00000000 0.10011639 0.10000000 
0.67400000 0.00000000 0.10011329 0.10000000 
0.67500000 0.00000000 0.10011028 0.10000000 
0.67600000 0.00000000 0.10010734 0.10000000 
0.67700000 0.00000000 0.10010447 0.10000000 
0.67800000 0.00000000 0.10010168 0.10000000 
0.67900000 0.00000000 0.10009896 0.10000000 
0.68000000 0.00000000 0.10009630 0.10000000 
0.68100000 0.00000000 0.10009372 0.10000000 
0.68200000 0.00000000 0.10009120 0.10000000 
0.68300000 0.00000000 0.10008874 0.10000000 
0.68400000 0.00000000 0.10008635 0.10000000 
0.68500000 0.00000000 0.10008402 0.10000000 
0.68600000 0.00000000 0.10008174 0.10000000 
0.68700000 0.00000000 0.10007953 0.10000000 
0.68800000 0.00000000 0.10007737 0.10000000 
0.68900000 0.00000000 0.10007527 0.10000000 
0.69000000 0.00000000 0.10007322 0.10000000 
0.69100000 0.00000000 0.10007123 0.10000000 
0.69200000 0.00000000 0.10006929 0.10000000 
0.69300000 0.00000000 0.10006739 0.10000000 
0.69400000 0.00000000 0.10006555 0.10000000 
0.69500000 0.00000000 0.10006375 0.10000000 
0.69600000 0.00000000 0.10006200 0.10000000 
0.69700000 0.00000000 0.10006030 0.10000000 
0.69800000 0.00000000 0.10005864 0.10000000 
0.69900000 0.00000000 0.10005703 0.10000000 
0.70000000 0.00000000 0.10005545 0.10000000 
0.70100000 0.00000000 0.10005392 0.10000000 
0.70200000 0.00000000 0.10005243 0.10000000 
0.70300000 0.00000000 0.10005097 0.10000000 
0.70400000 0.00000000 0.10004956 0.10000000 
0.70500000 0.00000000 0.10004818 0.10000000 
0.70600000 0.00000000 0.10004684 0.10000000 
0.70700000 0.00000000 0.10004554 0.10000000 
0.70800000 0.00000000 0.10004427 0.10000000 
0.70900000 0.00000000 0.10004303 0.10000000 
0.71000000 0.00000000 0.10004183 0.10000000 
0.71100000 0.00000000 0.10004065 0.10000000 
0.71200000 0.00000000 0.10003951 0.10000000 
0.71300000 0.00000000 0.10003840 0.10000000 
0.71400000 0.00000000 0.10003732 0.10000000 
0.71500000 0.00000000 0.10003627 0.10000000 
0.71600000 0.00000000 0.10003525 0.10000000 
0.71700000 0.00000000 0.10003425 0.10000000 
0.71800000 0.00000000 0.10003328 0.10000000 
0.71900000 0.00000000 0.10003234 0.10000000 
0.72000000 0.00000000 0.10003142 0.10000000 
0.72100000 0.00000000 0.10003053 0.10000000 
0.72200000 0.00000000 0.10002966 0.10000000 
0.72300000 0.00000000 0.10002882 0.10000000 
0.72400000 0.00000000 0.10002799 0.10000000 
0.72500000 0.00000000 0.10002719 0.10000000 
0.72600000 0.00000000 0.10002642 0.10000000 
0.72700000 0.00000000 0.10002566 0.10000000 
0.72800000 0.00000000 0.10002492 0.10000000 
0.72900000 0.00000000 0.10002421 0.10000000 
0.73000000 0.00000000 0.10002351 0.10000000 
0.73100000 0.00000000 0.10002283 0.10000000 
0.73200000 0.00000000 0.10002218 0.10000000 
0.73300000 0.00000000 0.10002154 0.10000000 
0.73400000 0.00000000 0.10002091 0.10000000 
0.73500000 0.00000000 0.10002031 0.10000000 
0.73600000 0.00000000 0.10001972 0.10000000 
0.73700000 0.00000000 0.10001915 0.10000000 
0.73800000 0.00000000 0.10001859 0.10000000 
0.73900000 0.00000000 0.10001805 0.10000000 
0.74000000 0.00000000 0.10001752 0.10000000 
0.74100000 0.00000000 0.10001701 0.10000000 
0.74200000 0.00000000 0.10001651 0.10000000 
0.74300000 0.00000000 0.10001603 0.10000000 
0.74400000 0.00000000 0.10001556 0.10000000 
0.74500000 0.00000000 0.10001510 0.10000000 
0.74600000 0.00000000 0.10001466 0.10000000 
0.74700000 0.00000000 0.10001423 0.10000000 
0.74800000 0.00000000 0.10001381 0.10000000 
0.74900000 0.00000000 0.10001340 0.10000000 
0.75000000 0.00000000 0.10001301 0.10000000 
0.75100000 0.00000000 0.10001262 0.10000000 
0.75200000 0.00000000 0.10001225 0.10000000 
0.75300000 0.00000000 0.10001189 0.10000000 
0.75400000 0.00000000 0.10001153 0.10000000 
0.75500000 0.00000000 0.10001119 0.10000000 
0.75600000 0.00000000 0.10001086 0.10000000 
0.75700000 0.00000000 0.10001053 0.10000000 
0.75800000 0.00000000 0.10001022 0.10000000 
0.75900000 0.00000000 0.10000991 0.10000000 
0.76000000 0.00000000 0.10000962 0.10000000 
0.76100000 0.00000000 0.10000933 0.10000000 
0.76200000 0.00000000 0.10000905 0.10000000 
0.76300000 0.00000000 0.10000878 0.10000000 
0.76400000 0.00000000 0.10000851 0.10000000 
0.76500000 0.00000000 0.10000826 0.10000000 
0.76600000 0.00000000 0.10000801 0.10000000 
0.76700000 0.00000000 0.10000777 0.10000000 
0.76800000 0.00000000 0.10000753 0.10000000 
0.76900000 0.00000000 0.10000730 0.10000000 
0.77000000 0.00000000 0.10000708 0.10000000 
0.77100000 0.00000000 0.10000687 0.10000000 
0.77200000 0.00000000 0.10000666 0.10000000 
0.77300000 0.00000000 0.10000646 0.10000000 
0.77400000 0.00000000 0.10000626 0.10000000 
0.77500000 0.00000000 0.10000607 0.10000000 
0.77600000 0.00000000 0.10000588 0.10000000 
0.77700000 0.00000000 0.10000570 0.10000000 
0.77800000 0.00000000 0.10000553 0.10000000 
0.77900000 0.00000000 0.10000536 0.10000000 
0.78000000 0.00000000 0.10000519 0.10000000 
0.78100000 0.00000000 0.10000503 0.10000000 
0.78200000 0.00000000 0.10000488 0.10000000 
0.78300000 0.00000000 0.10000473 0.10000000 
0.78400000 0.00000000 0.10000458 0.10000000 
0.78500000 0.00000000 0.10000444 0.10000000 
0.78600000 0.00000000 0.10000430 0.10000000 
0.78700000 0.00000000 0.10000417 0.10000000 
0.78800000 0.00000000 0.10000404 0.10000000 
0.78900000 0.00000000 0.10000392 0.10000000 
0.79000000 0.00000000 0.10000379 0.10000000 
0.79100000 0.00000000 0.10000368 0.10000000 
0.79200000 0.00000000 0.10000356 0.10000000 
0.79300000 0.00000000 0.10000345 0.10000000 
0.79400000 0.00000000 0.10000334 0.10000000 
0.79500000 0.00000000 0.10000324 0.10000000 
0.79600000 0.00000000 0.10000314 0.10000000 
0.79700000 0.00000000 0.10000304 0.10000000 
0.79800000 0.00000000 0.10000294 0.10000000 
0.79900000 0.00000000 0.10000285 0.10000000 
0.80000000 0.00000000 0.10000276 0.10000000 
0.80100000 0.00000000 0.10000267 0.10000000 
0.80200000 0.00000000 0.10000259 0.10000000 
0.80300000 0.00000000 0.10000251 0.10000000 
0.80400000 0.00000000 0.10000243 0.10000000 
0.80500000 0.00000000 0.10000235 0.10000000 
0.80600000 0.00000000 0.10000228 0.10000000 
0.80700000 0.00000000 0.10000220 0.10000000 
0.80800000 0.00000000 0.10000213 0.10000000 
0.80900000 0.00000000 0.10000207 0.10000000 
0.81000000 0.00000000 0.10000200 0.10000000 
0.81100000 0.00000000 0.10000194 0.10000000 
0.81200000 0.00000000 0.10000188 0.10000000 
0.81300000 0.00000000 0.10000182 0.10000000 
0.81400000 0.00000000 0.10000176 0.10000000 
0.81500000 0.00000000 0.10000170 0.10000000 
0.81600000 0.00000000 0.10000165 0.10000000 
0.81700000 0.00000000 0.10000159 0.10000000 
0.81800000 0.00000000 0.10000154 0.10000000 
0.81900000 0.00000000 0.10000149 0.10000000 
0.82000000 0.00000000 0.10000144 0.10000000 
0.82100000 0.00000000 0.10000140 0.10000000 
0.82200000 0.00000000 0.10000135 0.10000000 
0.82300000 0.00000000 0.10000131 0.10000000 
0.82400000 0.00000000 0.10000127 0.10000000 
0.82500000 0.00000000 0.10000123 0.10000000 
0.82600000 0.00000000 0.10000119 0.10000000 
0.82700000 0.00000000 0.10000115 0.10000000 
0.82800000 0.00000000 0.10000111 0.10000000 
0.82900000 0.00000000 0.10000107 0.10000000 
0.83000000 0.00000000 0.10000104 0.10000000 
0.83100000 0.00000000 0.10000100 0.10000000 
0.83200000 0.00000000 0.10000097 0.10000000 
0.83300000 0.00000000 0.10000094 0.10000000 
0.83400000 0.00000000 0.10000091 0.10000000 
0.83500000 0.00000000 0.10000088 0.10000000 
0.83600000 0.00000000 0.10000085 0.10000000 
0.83700000 0.00000000 0.10000082 0.10000000 
0.83800000 0.00000000 0.10000080 0.10000000 
0.83900000 0.00000000 0.10000077 0.10000000 
0.84000000 0.00000000 0.10000074 0.10000000 
0.84100000 0.00000000 0.10000072 0.10000000 
0.84200000 0.00000000 0.10000070 0.10000000 
0.84300000 0.00000000 0.10000067 0.10000000 
0.84400000 0.00000000 0.10000065 0.10000000 
0.84500000 0.00000000 0.10000063 0.10000000 
0.84600000 0.00000000 0.10000061 0.10000000 
0.84700000 0.00000000 0.10000059 0.10000000 
0.84800000 0.00000000 0.10000057 0.10000000 
0.84900000 0.00000000 0.10000055 0.10000000 
0.85000000 0.00000000 0.10000053 0.10000000 
0.85100000 0.00000000 0.10000051 0.10000000 
0.85200000 0.00000000 0.10000050 0.10000000 
0.85300000 0.00000000 0.10000048 0.10000000 
0.85400000 0.00000000 0.10000046 0.10000000 
0.85500000 0.00000000 0.10000045 0.10000000 
0.85600000 0.00000000 0.10000043 0.10000000 
0.85700000 0.00000000 0.10000042 0.10000000 
0.85800000 0.00000000 0.10000040 0.10000000 
0.85900000 0.00000000 0.10000039 0.10000000 
0.86000000 0.00000000 0.10000038 0.10000000 
0.86100000 0.00000000 0.10000036 0.10000000 
0.86200000 0.00000000 0.10000035 0.10000000 
0.86300000 0.00000000 0.10000034 0.10000000 
0.86400000 0.00000000 0.10000033 0.10000000 
0.86500000 0.00000000 0.10000032 0.10000000 
0.86600000 0.00000000 0.10000031 0.10000000 
0.86700000 0.00000000 0.10000030 0.10000000 
0.86800000 0.00000000 0.10000029 0.10000000 
0.86900000 0.00000000 0.10000028 0.10000000 
0.87000000 0.00000000 0.10000027 0.10000000 
0.87100000 0.00000000 0.10000026 0.10000000 
0.87200000 0.00000000 0.10000025 0.10000000 
0.87300000 0.00000000 0.10000024 0.10000000 
0.87400000 0.00000000 0.10000023 0.10000000 
0.87500000 0.00000000 0.10000022 0.10000000 
0.87600000 0.00000000 0.10000022 0.10000000 
0.87700000 0.00000000 0.10000021 0.10000000 
0.87800000 0.00000000 0.10000020 0.10000000 
0.87900000 0.00000000 0.10000019 0.10000000 
0.88000000 0.00000000 0.10000019 0.10000000 
0.88100000 0.00000000 0.10000018 0.10000000 
0.88200000 0.00000000 0.10000017 0.10000000 
0.88300000 0.00000000 0.10000017 0.10000000 
0.88400000 0.00000000 0.10000016 0.10000000 
0.88500000 0.00000000 0.10000016 0.10000000 
0.88600000 0.00000000 0.10000015 0.10000000 
0.88700000 0.00000000 0.10000015 0.10000000 
0.88800000 0.00000000 0.10000014 0.10000000 
0.88900000 0.00000000 0.10000014 0.10000000 
0.89000000 0.00000000 0.10000013 0.10000000 
0.89100000 0.00000000 0.10000013 0.10000000 
0.89200000 0.00000000 0.10000012 0.10000000 
0.89300000 0.00000000 0.10000012 0.10000000 
0.89400000 0.00000000 0.10000011 0.10000000 
0.89500000 0.00000000 0.10000011 0.10000000 
0.89600000 0.00000000 0.10000011 0.10000000 
0.89700000 0.00000000 0.10000010 0.10000000 
0.89800000 0.00000000 0.10000010 0.10000000 
0.89900000 0.00000000 0.10000010 0.10000000 
0.90000000 0.00000000 0.10000009 0.10000000 
0.90100000 0.00000000 0.10000009 0.10000000 
0.90200000 0.00000000 0.10000009 0.10000000 
0.90300000 0.00000000 0.10000008 0.10000000 
0.90400000 0.00000000 0.10000008 0.10000000 
0.90500000 0.00000000 0.10000008 0.10000000 
0.90600000 0.00000000 0.10000007 0.10000000 
0.90700000 0.00000000 0.10000007 0.10000000 
0.90800000 0.00000000 0.10000007 0.10000000 
0.90900000 0.00000000 0.10000007 0.10000000 
0.91000000 0.00000000 0.10000006 0.10000000 
0.91100000 0.00000000 0.10000006 0.10000000 
0.91200000 0.00000000 0.10000006 0.10000000 
0.91300000 0.00000000 0.10000006 0.10000000 
0.91400000 0.00000000 0.10000006 0.10000000 
0.91500000 0.00000000 0.10000005 0.10000000 
0.91600000 0.00000000 0.10000005 0.10000000 
0.91700000 0.00000000 0.10000005 0.10000000 
0.91800000 0.00000000 0.10000005 0.10000000 
0.91900000 0.00000000 0.10000005 0.10000000 
0.92000000 0.00000000 0.10000004 0.10000000 
0.92100000 0.00000000 0.10000004 0.10000000 
0.92200000 0.00000000 0.10000004 0.10000000 
0.92300000 0.00000000 0.10000004 0.10000000 
0.92400000 0.00000000 0.10000004 0.10000000 
0.92500000 0.00000000 0.10000004 0.10000000 
0.92600000 0.00000000 0.10000004 0.10000000 
0.92700000 0.00000000 0.10000003 0.10000000 
0.92800000 0.00000000 0.10000003 0.10000000 
0.92900000 0.00000000 0.10000003 0.10000000 
0.93000000 0.00000000 0.10000003 0.10000000 
0.93100000 0.00000000 0.10000003 0.10000000 
0.93200000 0.00000000 0.10000003 0.10000000 
0.93300000 0.00000000 0.10000003 0.10000000 
0.93400000 0.00000000 0.10000003 0.10000000 
0.93500000 0.00000000 0.10000003 0.10000000 
0.93600000 0.00000000 0.10000002 0.10000000 
0.93700000 0.00000000 0.10000002 0.10000000 
0.93800000 0.00000000 0.10000002 0.10000000 
0.93900000 0.00000000 0.10000002 0.10000000 
0.94000000 0.00000000 0.10000002 0.10000000 
0.94100000 0.00000000 0.10000002 0.10000000 
0.94200000 0.00000000 0.10000002 0.10000000 
0.94300000 0.00000000 0.10000002 0.10000000 
0.94400000 0.00000000 0.10000002 0.10000000 
0.94500000 0.00000000 0.10000002 0.10000000 
0.94600000 0.00000000 0.10000002 0.10000000 
0.94700000 0.00000000 0.10000002 0.10000000 
0.94800000 0.00000000 0.10000002 0.10000000 
0.94900000 0.00000000 0.10000002 0.10000000 
0.95000000 0.00000000 0.10000001 0.10000000 
0.95100000 0.00000000 0.10000001 0.10000000 
0.95200000 0.00000000 0.10000001 0.10000000 
0.95300000 0.00000000 0.10000001 0.10000000 
0.95400000 0.00000000 0.10000001 0.10000000 
0.95500000 0.00000000 0.10000001 0.10000000 
0.95600000 0.00000000 0.10000001 0.10000000 
0.95700000 0.00000000 0.10000001 0.10000000 
0.95800000 0.00000000 0.10000001 0.10000000 
0.95900000 0.00000000 0.10000001 0.10000000 
0.96000000 0.00000000 0.10000001 0.10000000 
0.96100000 0.00000000 0.10000001 0.10000000 
0.96200000 0.00000000 0.10000001 0.10000000 
0.96300000 0.00000000 0.10000001 0.10000000 
0.96400000 0.00000000 0.10000001 0.10000000 
0.96500000 0.00000000 0.10000001 0.10000000 
0.96600000 0.00000000 0.10000001 0.10000000 
0.96700000 0.00000000 0.10000001 0.10000000 
0.96800000 0.00000000 0.10000001 0.10000000 
0.96900000 0.00000000 0.10000001 0.10000000 
0.97000000 0.00000000 0.10000001 0.10000000 
0.97100000 0.00000000 0.10000001 0.10000000 
0.97200000 0.00000000 0.10000001 0.10000000 
0.97300000 0.00000000 0.10000001 0.10000000 
0.97400000 0.00000000 0.10000001 0.10000000 
0.97500000 0.00000000 0.10000001 0.10000000 
0.97600000 0.00000000 0.10000001 0.10000000 
0.97700000 0.00000000 0.10000001 0.10000000 
0.97800000 0.00000000 0.10000000 0.10000000 
0.97900000 0.00000000 0.10000000 0.10000000 
0.98000000 0.00000000 0.10000000 0.10000000 
0.98100000 0.00000000 0.10000000 0.10000000 
0.98200000 0.00000000 0.10000000 0.10000000 
0.98300000 0.00000000 0.10000000 0.10000000 
0.98400000 0.00000000 0.10000000 0.10000000 
0.98500000 0.00000000 0.10000000 0.10000000 
0.98600000 0.00000000 0.10000000 0.10000000 
0.98700000 0.00000000 0.10000000 0.10000000 
0.98800000 0.00000000 0.10000000 0.10000000 
0.98900000 0.00000000 0.10000000 0.10000000 
0.99000000 0.00000000 0.10000000 0.10000000 
0.99100000 0.00000000 0.10000000 0.10000000 
0.99200000 0.00000000 0.10000000 0.10000000 
0.99300000 0.00000000 0.10000000 0.10000000 
0.99400000 0.00000000 0.10000000 0.10000000 
0.99500000 0.00000000 0.10000000 0.10000000 
0.99600000 0.00000000 0.10000000 0.10000000 
0.99700000 0.00000000 0.10000000 0.10000000 
0.99800000 0.00000000 0.10000000 0.10000000 
0.99900000 0.00000000 0.10000000 0.10000000 
