0.239358	0.318018	0.364634	0.361768	0.234755	0.111467	-0.0158193	-0.153332	-0.340355	-0.598329	-0.893298	-1.16028	-1.39154	-1.62372	-1.86717	-2.06298	-2.19668	-2.29954	-2.35112	-2.28419	-2.16341	-2.00774	-1.82647	-1.60728	-1.34682	-1.02204	-0.679808	-0.312142	0.0772096	0.46145	0.790968	1.08734	1.35439	1.56689	1.70307	1.75073	1.8109	1.7959	1.77969	1.73645	1.62968	1.47224	1.28029	1.05867	0.819658	0.581776	0.345579	0.155141	0.040869	-0.0549597	-0.101178	-0.191149	-0.187206	-0.157207	-0.0933683	-0.0451273	0.00452389	0.0703069	0.154882	
0.351141	0.406473	0.41617	0.371206	0.205522	0.0629691	-0.081018	-0.238486	-0.424582	-0.686342	-1.00417	-1.29265	-1.53259	-1.77171	-2.02786	-2.224	-2.36595	-2.46504	-2.50849	-2.4368	-2.33546	-2.2094	-2.04042	-1.83944	-1.595	-1.26327	-0.887972	-0.486514	-0.0598616	0.377673	0.766776	1.13471	1.46936	1.73883	1.93432	2.05822	2.20474	2.25193	2.27686	2.25529	2.15386	1.97148	1.74137	1.47718	1.19305	0.913448	0.647448	0.430197	0.303063	0.174521	0.0890499	-0.042395	-0.0754343	-0.0569842	0.0176316	0.074162	0.127271	0.197789	0.283605	
0.116732	0.173183	0.187484	0.166479	0.00326788	-0.133548	-0.267527	-0.427725	-0.598583	-0.865621	-1.1792	-1.46951	-1.73211	-2.00206	-2.29732	-2.53982	-2.72863	-2.87203	-2.96811	-2.93769	-2.86561	-2.75987	-2.61236	-2.42799	-2.18398	-1.82952	-1.4033	-0.919704	-0.41342	0.116555	0.605372	1.07518	1.50007	1.85145	2.123	2.30815	2.51161	2.62176	2.69287	2.68741	2.58243	2.37286	2.10317	1.79321	1.45409	1.11823	0.794217	0.514234	0.352366	0.182672	0.0535384	-0.120114	-0.205821	-0.214849	-0.174416	-0.140764	-0.0974164	-0.0329076	0.0473765	
0.167547	0.206471	0.197344	0.160726	-0.0287481	-0.181674	-0.344291	-0.494603	-0.692323	-0.988374	-1.32588	-1.64855	-1.94744	-2.25719	-2.5926	-2.8811	-3.11173	-3.28696	-3.43262	-3.43772	-3.38195	-3.29049	-3.14231	-2.92905	-2.6371	-2.21878	-1.71051	-1.13336	-0.526419	0.12893	0.760658	1.36724	1.92724	2.4177	2.81901	3.09589	3.37653	3.54542	3.64923	3.66841	3.56733	3.34256	3.04826	2.71098	2.31234	1.89447	1.4913	1.12718	0.899785	0.658433	0.482878	0.234449	0.109004	0.0563168	0.0475204	0.0371999	0.0500893	0.0794794	0.123043	
0.163879	0.167086	0.1372	0.0725705	-0.135764	-0.294993	-0.473775	-0.612824	-0.844794	-1.18149	-1.55485	-1.90411	-2.24273	-2.59841	-2.99292	-3.34634	-3.63197	-3.83924	-4.00801	-4.02741	-3.9788	-3.86697	-3.70036	-3.45311	-3.09784	-2.60693	-2.0164	-1.34876	-0.625345	0.149097	0.904413	1.62248	2.27831	2.84896	3.32246	3.66669	3.98194	4.18829	4.3095	4.31937	4.21376	3.96041	3.63725	3.24922	2.80683	2.36254	1.91961	1.51452	1.24398	0.950129	0.730433	0.416589	0.264956	0.193005	0.159708	0.112275	0.106369	0.10913	0.139916	
0.311923	0.27777	0.213174	0.124702	-0.0766337	-0.251574	-0.456233	-0.618014	-0.914375	-1.29678	-1.70075	-2.06359	-2.41806	-2.79646	-3.21264	-3.59424	-3.89495	-4.12451	-4.30731	-4.34387	-4.29293	-4.16142	-3.97522	-3.69538	-3.29717	-2.75493	-2.09654	-1.35661	-0.542778	0.3256	1.17564	1.97093	2.7051	3.33844	3.86958	4.25432	4.59494	4.82752	4.95581	4.96302	4.85315	4.58203	4.23623	3.82307	3.33923	2.86167	2.39718	1.95788	1.63491	1.30932	1.06286	0.720327	0.579277	0.509856	0.464151	0.37974	0.345114	0.316497	0.311647	
0.288439	0.245171	0.169425	0.0540764	-0.174803	-0.395768	-0.635277	-0.795707	-1.1086	-1.49519	-1.91095	-2.30756	-2.70105	-3.11177	-3.56591	-4.00289	-4.34843	-4.60986	-4.80796	-4.84096	-4.76599	-4.59706	-4.3744	-4.04946	-3.59379	-2.99001	-2.25786	-1.42628	-0.510098	0.46621	1.43059	2.3298	3.15395	3.87694	4.48211	4.9263	5.30826	5.57392	5.73108	5.75892	5.65423	5.38458	5.02024	4.57004	4.03666	3.50903	3.0002	2.51785	2.14645	1.78531	1.48589	1.06988	0.865151	0.716156	0.594233	0.469279	0.394923	0.321502	0.292013	
0.337567	0.329385	0.278741	0.170916	-0.0218549	-0.196638	-0.391446	-0.49183	-0.810759	-1.21725	-1.66475	-2.11505	-2.59794	-3.10177	-3.654	-4.1817	-4.61284	-4.9474	-5.19753	-5.28528	-5.2548	-5.11391	-4.89375	-4.56419	-4.09537	-3.4725	-2.71031	-1.83761	-0.850886	0.210111	1.26445	2.25839	3.16425	3.95527	4.6163	5.11399	5.5451	5.83839	6.00117	6.03112	5.91138	5.62612	5.25226	4.77414	4.21004	3.63575	3.09723	2.59307	2.17641	1.76282	1.39867	0.894413	0.672291	0.533934	0.429051	0.342768	0.321394	0.287783	0.30569	
0.33784	0.305361	0.253257	0.148755	-0.0224478	-0.192046	-0.382829	-0.487387	-0.850989	-1.26859	-1.73833	-2.22044	-2.7588	-3.32916	-3.9294	-4.50651	-4.9838	-5.37258	-5.65695	-5.75161	-5.73957	-5.61768	-5.41161	-5.08611	-4.60031	-3.94194	-3.12773	-2.18314	-1.10772	0.0451591	1.19695	2.28899	3.2932	4.17316	4.88735	5.44632	5.93551	6.28203	6.49213	6.55646	6.45837	6.19308	5.81967	5.33502	4.75204	4.15535	3.57975	3.0218	2.52861	2.07054	1.66557	1.12211	0.888658	0.711466	0.570403	0.445291	0.390684	0.338632	0.329805	
0.575484	0.508311	0.400934	0.256781	0.0663819	-0.110404	-0.319932	-0.459886	-0.825828	-1.27244	-1.77498	-2.30224	-2.89197	-3.52566	-4.17775	-4.79609	-5.3114	-5.71384	-6.00709	-6.10387	-6.10338	-5.98668	-5.78847	-5.45609	-4.9436	-4.25876	-3.4038	-2.39968	-1.25383	-0.0239306	1.20749	2.38194	3.4516	4.38973	5.14548	5.74663	6.25885	6.63388	6.85937	6.93123	6.8444	6.58261	6.19919	5.71436	5.12905	4.53161	3.95964	3.39215	2.87184	2.39026	1.97525	1.45187	1.19331	1.01632	0.867727	0.740868	0.687762	0.63739	0.603825	
0.672137	0.598648	0.480389	0.336141	0.159518	-0.00355639	-0.207883	-0.366756	-0.767169	-1.26114	-1.8214	-2.40645	-3.06496	-3.77577	-4.48578	-5.14223	-5.67582	-6.0831	-6.37527	-6.47731	-6.47804	-6.35753	-6.16014	-5.80858	-5.26004	-4.54123	-3.64793	-2.59416	-1.3899	-0.100658	1.18579	2.41078	3.5461	4.54075	5.34494	5.98935	6.5347	6.94533	7.19724	7.29113	7.22042	6.97163	6.58303	6.08261	5.46406	4.84061	4.23561	3.6072	3.02241	2.48191	2.01694	1.47448	1.20406	1.01434	0.868862	0.750855	0.712167	0.691048	0.677408	
0.483785	0.411045	0.299504	0.180589	0.0463874	-0.0783954	-0.265494	-0.41894	-0.853469	-1.39439	-1.97913	-2.60176	-3.30289	-4.06293	-4.8073	-5.5044	-6.07716	-6.51718	-6.82381	-6.95237	-6.97202	-6.86721	-6.67647	-6.31716	-5.76425	-5.04191	-4.12563	-3.03781	-1.78862	-0.447867	0.891071	2.17813	3.37335	4.41589	5.27778	5.96613	6.55318	7.00711	7.29221	7.42459	7.40241	7.19234	6.83698	6.35031	5.73763	5.10543	4.47211	3.78728	3.1329	2.51805	2.00125	1.41888	1.13256	0.943549	0.775668	0.634045	0.567446	0.524661	0.496405	
0.466764	0.391584	0.277869	0.160386	0.045761	-0.0541006	-0.21633	-0.345329	-0.846364	-1.44798	-2.08181	-2.75105	-3.49192	-4.27308	-5.02647	-5.74449	-6.33757	-6.80307	-7.13186	-7.27132	-7.30272	-7.19559	-7.00547	-6.64237	-6.0984	-5.3921	-4.48778	-3.41428	-2.17261	-0.828786	0.533287	1.85009	3.08529	4.16817	5.05474	5.76837	6.37602	6.867	7.20336	7.40397	7.45006	7.28953	6.96774	6.50336	5.90099	5.2747	4.62763	3.92583	3.23015	2.57539	2.00935	1.37926	1.11351	0.920076	0.743142	0.60149	0.540635	0.506217	0.47685	
0.285569	0.205248	0.0846811	-0.0332632	-0.150014	-0.264545	-0.432292	-0.571129	-1.13061	-1.76236	-2.40697	-3.10801	-3.87684	-4.66811	-5.42204	-6.12301	-6.69351	-7.12755	-7.43499	-7.54992	-7.55619	-7.42779	-7.21531	-6.83462	-6.27769	-5.55859	-4.62292	-3.5215	-2.25001	-0.882697	0.509265	1.84553	3.0949	4.19231	5.09604	5.82882	6.44483	6.95251	7.3158	7.53696	7.6101	7.46591	7.15078	6.68992	6.08152	5.4224	4.73395	3.99641	3.25842	2.57268	1.9702	1.31846	1.06883	0.870501	0.668175	0.506357	0.423069	0.370983	0.321307	
0.370591	0.264438	0.130775	0.00687734	-0.0993961	-0.213942	-0.407089	-0.551018	-1.10779	-1.75459	-2.41837	-3.15192	-3.95062	-4.75703	-5.50355	-6.18776	-6.73108	-7.13684	-7.43443	-7.54517	-7.55257	-7.43581	-7.25021	-6.90834	-6.38832	-5.7098	-4.80733	-3.73018	-2.47606	-1.12464	0.252913	1.57837	2.81833	3.91906	4.84007	5.59585	6.23518	6.78114	7.18837	7.45609	7.58419	7.4953	7.23412	6.81834	6.23827	5.60244	4.91672	4.1664	3.40351	2.69125	2.09009	1.43451	1.17563	0.986897	0.790116	0.637426	0.560357	0.502197	0.429078	
0.351794	0.232447	0.0749038	-0.0612025	-0.143028	-0.21621	-0.381344	-0.483719	-1.05151	-1.69836	-2.3478	-3.07542	-3.8738	-4.67878	-5.42062	-6.09164	-6.60435	-6.97182	-7.24471	-7.34915	-7.34812	-7.23239	-7.04667	-6.71284	-6.21519	-5.56311	-4.6819	-3.62716	-2.3977	-1.05633	0.310469	1.61371	2.81943	3.90447	4.82185	5.56073	6.19834	6.74131	7.1505	7.43478	7.59031	7.53075	7.30226	6.91423	6.35241	5.7181	5.04849	4.30902	3.52333	2.76318	2.13637	1.44202	1.19867	1.02036	0.812343	0.646384	0.56089	0.499994	0.419307	
0.355019	0.220567	0.0621561	-0.0634209	-0.121577	-0.204728	-0.385522	-0.51544	-1.09856	-1.73528	-2.36127	-3.07263	-3.87084	-4.66882	-5.39684	-6.05235	-6.56869	-6.93751	-7.22327	-7.34173	-7.33005	-7.20836	-7.02325	-6.69737	-6.21708	-5.58152	-4.72354	-3.68457	-2.47731	-1.1617	0.183707	1.47395	2.66597	3.73861	4.63966	5.34078	5.92477	6.43756	6.82865	7.11609	7.29549	7.27584	7.08093	6.7304	6.20837	5.60314	4.95263	4.22686	3.4435	2.71179	2.13296	1.50971	1.30905	1.14619	0.924781	0.730522	0.626854	0.547941	0.444109	
0.505697	0.370238	0.200607	0.0617801	0.00688279	-0.089154	-0.291326	-0.446614	-1.0521	-1.71457	-2.36172	-3.09485	-3.89907	-4.68368	-5.38577	-5.9955	-6.46445	-6.78014	-7.016	-7.106	-7.07529	-6.94806	-6.75352	-6.41315	-5.92646	-5.29616	-4.45618	-3.45538	-2.27647	-1.0182	0.250574	1.46371	2.58167	3.59696	4.44267	5.1036	5.64789	6.12419	6.48013	6.75345	6.93487	6.93419	6.76789	6.4362	5.94454	5.37534	4.76611	4.07333	3.3048	2.60678	2.0652	1.49608	1.34317	1.22798	1.03731	0.874654	0.784702	0.70239	0.599056	
0.419803	0.292724	0.126933	-0.0144837	-0.0618386	-0.137434	-0.321977	-0.452707	-1.07128	-1.73869	-2.38668	-3.12759	-3.93504	-4.73904	-5.4493	-6.06347	-6.53948	-6.8469	-7.05609	-7.12805	-7.09961	-6.97355	-6.79254	-6.47654	-6.00615	-5.3935	-4.57391	-3.58592	-2.4094	-1.17365	0.0772159	1.27717	2.36681	3.34454	4.15158	4.79196	5.31462	5.78553	6.14163	6.40769	6.5928	6.59734	6.44004	6.11519	5.63403	5.07837	4.48797	3.81767	3.06046	2.36269	1.825	1.25448	1.13344	1.04304	0.869662	0.72778	0.652754	0.590277	0.501809	
0.418484	0.282112	0.0984086	-0.0328824	-0.0561221	-0.0987895	-0.248522	-0.346991	-0.973146	-1.62193	-2.25643	-2.99033	-3.77802	-4.56457	-5.25227	-5.83851	-6.28285	-6.5606	-6.74772	-6.81392	-6.79303	-6.70018	-6.54501	-6.26251	-5.81627	-5.22936	-4.43177	-3.48436	-2.36345	-1.18546	0.0102899	1.15748	2.20829	3.15368	3.9324	4.55561	5.08478	5.54984	5.91214	6.17187	6.36307	6.38628	6.26071	5.97903	5.53571	5.01699	4.46591	3.80418	3.0441	2.33747	1.79375	1.21972	1.13424	1.05527	0.892356	0.755113	0.666523	0.601288	0.503358	
0.0883389	-0.0443335	-0.224672	-0.35955	-0.40402	-0.452727	-0.586066	-0.669267	-1.26255	-1.88023	-2.49545	-3.22516	-3.98725	-4.7389	-5.39162	-5.94222	-6.34463	-6.55684	-6.68325	-6.69536	-6.61392	-6.48387	-6.29364	-5.98921	-5.52652	-4.9246	-4.12495	-3.19492	-2.10124	-0.954931	0.205575	1.31379	2.31642	3.21528	3.95772	4.53911	5.04117	5.48315	5.82398	6.07139	6.2495	6.27045	6.15315	5.88348	5.44782	4.93017	4.36919	3.6992	2.95002	2.23093	1.66032	1.05425	0.932097	0.821127	0.626143	0.481582	0.378677	0.293653	0.180465	
0.00721436	-0.12058	-0.295084	-0.413417	-0.445952	-0.475793	-0.591453	-0.67389	-1.23325	-1.83036	-2.44771	-3.16693	-3.92144	-4.67061	-5.31535	-5.86114	-6.23952	-6.4418	-6.56229	-6.56933	-6.49177	-6.37404	-6.18268	-5.8967	-5.44907	-4.8576	-4.07775	-3.1741	-2.11368	-0.989905	0.156937	1.23788	2.21901	3.08887	3.7967	4.34666	4.82332	5.2441	5.58309	5.82556	5.9999	6.02396	5.91976	5.66921	5.23933	4.72376	4.16214	3.50207	2.76744	2.06092	1.51286	0.931501	0.805541	0.693754	0.518918	0.376917	0.279065	0.204804	0.0957891	
-0.039115	-0.178812	-0.357976	-0.481582	-0.52277	-0.57879	-0.728189	-0.861867	-1.38598	-1.93877	-2.51987	-3.21934	-3.93871	-4.64148	-5.25063	-5.76997	-6.11954	-6.29281	-6.3799	-6.35145	-6.22667	-6.05678	-5.83175	-5.50787	-5.03722	-4.41776	-3.60923	-2.69922	-1.65293	-0.533606	0.609632	1.68254	2.64786	3.49639	4.17162	4.66762	5.07825	5.45687	5.75382	5.96388	6.10611	6.10599	5.99201	5.73887	5.30171	4.77566	4.19195	3.53093	2.81149	2.12985	1.62404	1.10547	0.953391	0.811018	0.606035	0.441465	0.311159	0.205502	0.0702072	
-0.0385969	-0.192176	-0.385179	-0.530587	-0.592775	-0.66161	-0.814445	-0.96057	-1.48739	-2.01936	-2.57979	-3.26866	-3.95896	-4.60724	-5.17213	-5.63776	-5.94338	-6.08245	-6.13483	-6.09419	-5.95913	-5.7781	-5.55103	-5.23201	-4.78161	-4.17716	-3.39557	-2.53612	-1.56302	-0.514884	0.546421	1.5444	2.44514	3.23392	3.88156	4.34061	4.71381	5.07571	5.36278	5.58158	5.73049	5.75893	5.68867	5.48216	5.0917	4.61254	4.07463	3.46597	2.79745	2.14327	1.66855	1.18752	1.06208	0.92427	0.709219	0.544019	0.398296	0.256929	0.0973267	
-0.274834	-0.414634	-0.585641	-0.700803	-0.734809	-0.783804	-0.926379	-1.06731	-1.57612	-2.09194	-2.65869	-3.35143	-4.04307	-4.6846	-5.23403	-5.67784	-5.96309	-6.11071	-6.16887	-6.13367	-5.99952	-5.8303	-5.61261	-5.3188	-4.87974	-4.25635	-3.44092	-2.55097	-1.55904	-0.506556	0.553496	1.53697	2.44355	3.23492	3.88995	4.35553	4.757	5.14262	5.46551	5.70855	5.87171	5.90871	5.83894	5.61706	5.1938	4.68233	4.12002	3.48351	2.79306	2.11228	1.61191	1.10454	0.948374	0.777223	0.537613	0.341253	0.161381	0.0025947	-0.159309	
-0.1188	-0.310916	-0.522348	-0.678229	-0.735826	-0.814064	-0.977932	-1.12812	-1.6062	-2.10469	-2.65135	-3.32012	-3.97779	-4.57332	-5.07247	-5.4858	-5.75801	-5.90426	-5.94926	-5.88931	-5.73069	-5.5437	-5.3173	-5.04386	-4.62462	-4.00077	-3.17935	-2.29304	-1.30907	-0.279453	0.770677	1.74875	2.63802	3.4001	4.0108	4.43674	4.8057	5.1659	5.48168	5.72587	5.89266	5.935	5.88877	5.69488	5.31119	4.83861	4.32176	3.74212	3.09188	2.45687	1.99132	1.50943	1.35184	1.19405	0.941313	0.71726	0.498245	0.283272	0.0585993	
0.102697	-0.0910072	-0.313746	-0.489386	-0.579965	-0.677601	-0.855707	-1.00754	-1.48485	-1.9633	-2.50841	-3.17383	-3.82474	-4.41088	-4.90434	-5.2939	-5.52572	-5.63776	-5.65587	-5.5659	-5.37642	-5.16147	-4.91769	-4.64819	-4.21547	-3.57649	-2.74882	-1.85959	-0.887952	0.10452	1.09841	2.02004	2.86234	3.58676	4.15398	4.53349	4.85457	5.16834	5.45167	5.66364	5.80134	5.82105	5.75947	5.56487	5.19073	4.73899	4.24902	3.70191	3.09604	2.49906	2.06675	1.60843	1.48968	1.33832	1.09856	0.887614	0.684686	0.479431	0.266479	
0.220491	0.00733587	-0.238101	-0.438869	-0.576614	-0.737139	-0.979633	-1.21253	-1.66226	-2.1001	-2.61943	-3.26537	-3.90101	-4.48799	-4.98386	-5.36853	-5.59246	-5.69137	-5.68515	-5.57539	-5.36253	-5.13874	-4.89601	-4.64498	-4.20969	-3.56304	-2.72122	-1.8196	-0.834317	0.17128	1.1761	2.09438	2.93621	3.65464	4.21231	4.56957	4.87311	5.17226	5.44313	5.62572	5.74086	5.74513	5.68473	5.50255	5.13965	4.69323	4.22876	3.69561	3.12959	2.58964	2.22362	1.85649	1.72986	1.55966	1.31485	1.09175	0.870193	0.642695	0.407989	
0.460374	0.2341	-0.0229182	-0.229938	-0.395216	-0.581852	-0.842642	-1.10441	-1.52934	-1.9534	-2.47199	-3.12064	-3.78232	-4.39408	-4.89675	-5.30206	-5.54929	-5.66648	-5.66606	-5.54644	-5.31414	-5.08211	-4.83801	-4.58879	-4.1627	-3.51939	-2.67637	-1.76433	-0.777874	0.213408	1.20934	2.13493	2.98249	3.69966	4.24981	4.57778	4.86331	5.14872	5.40421	5.5852	5.68973	5.68762	5.63133	5.46265	5.12366	4.71359	4.28095	3.7672	3.23527	2.73063	2.39345	2.06265	1.92311	1.74424	1.50423	1.29662	1.09433	0.8796	0.641435	
0.199319	-0.0153651	-0.262576	-0.464318	-0.641416	-0.836031	-1.07403	-1.3392	-1.74354	-2.12414	-2.61838	-3.24506	-3.88357	-4.48364	-4.97099	-5.37823	-5.63128	-5.75014	-5.73587	-5.59724	-5.34945	-5.10864	-4.8621	-4.61307	-4.19357	-3.55315	-2.68778	-1.75053	-0.734948	0.279689	1.3085	2.25839	3.12615	3.84851	4.39299	4.71031	4.97685	5.24673	5.49208	5.66479	5.75377	5.72911	5.6489	5.45829	5.09398	4.64693	4.1861	3.6554	3.11347	2.61206	2.25258	1.93155	1.7785	1.56302	1.3138	1.09292	0.866396	0.631025	0.378242	
0.299955	0.0929058	-0.136202	-0.318899	-0.521339	-0.753349	-1.01763	-1.3181	-1.74083	-2.11705	-2.61143	-3.24375	-3.88362	-4.47442	-4.95553	-5.36509	-5.63712	-5.8025	-5.83462	-5.72284	-5.48811	-5.23916	-5.00782	-4.7746	-4.37655	-3.75558	-2.89519	-1.95821	-0.957486	0.040143	1.06313	2.01885	2.91742	3.6672	4.22705	4.55626	4.80298	5.07851	5.32824	5.5023	5.58838	5.55426	5.46486	5.27659	4.92687	4.48959	4.02814	3.49562	2.98564	2.53347	2.20355	1.92933	1.80346	1.59678	1.36738	1.16937	0.956774	0.727882	0.478507	
-0.108478	-0.2829	-0.486497	-0.642343	-0.843603	-1.05839	-1.30926	-1.58358	-1.95078	-2.28486	-2.73587	-3.33258	-3.94102	-4.50216	-4.95355	-5.35215	-5.60705	-5.75776	-5.77791	-5.6633	-5.43147	-5.16864	-4.92646	-4.68656	-4.28758	-3.67814	-2.84806	-1.94025	-0.973809	-0.00466394	1.02041	1.98117	2.88585	3.64224	4.22109	4.55783	4.79568	5.05229	5.27731	5.43059	5.48403	5.43461	5.32269	5.11016	4.73343	4.25098	3.73832	3.15941	2.62733	2.14826	1.79358	1.49342	1.32267	1.08859	0.841496	0.655213	0.45989	0.261973	0.0443156	
-0.339043	-0.507058	-0.70218	-0.852712	-1.05057	-1.23598	-1.45292	-1.68126	-2.0105	-2.31532	-2.75739	-3.35452	-3.94669	-4.47586	-4.90717	-5.3038	-5.56052	-5.71804	-5.7411	-5.62619	-5.39885	-5.14203	-4.9126	-4.71104	-4.35	-3.78553	-3.0008	-2.14587	-1.24569	-0.320601	0.677416	1.61723	2.52591	3.28496	3.87059	4.21289	4.46228	4.73033	4.97861	5.14912	5.22522	5.20789	5.12166	4.93594	4.58362	4.11919	3.61294	3.0291	2.49116	1.98887	1.60192	1.25569	1.0578	0.80847	0.570666	0.396533	0.207186	0.01385	-0.19082	
-0.233251	-0.429948	-0.644171	-0.808451	-1.01361	-1.21992	-1.45243	-1.78152	-2.07464	-2.35101	-2.77804	-3.35973	-3.94775	-4.44335	-4.8504	-5.22213	-5.46063	-5.61329	-5.6368	-5.52674	-5.30207	-5.04784	-4.80777	-4.59315	-4.23583	-3.6849	-2.91549	-2.08523	-1.23005	-0.347055	0.607546	1.50817	2.37763	3.10331	3.66777	3.9973	4.24397	4.49952	4.73596	4.9133	5.00225	5.00842	4.9522	4.80222	4.50696	4.09634	3.64044	3.10635	2.60867	2.15312	1.78948	1.54231	1.31272	1.03541	0.780933	0.593333	0.388902	0.171959	-0.0484738	
-0.310736	-0.494387	-0.684915	-0.845881	-1.03722	-1.23841	-1.44943	-1.77758	-2.05019	-2.33861	-2.76684	-3.34766	-3.93624	-4.42308	-4.81962	-5.18654	-5.42368	-5.57229	-5.5987	-5.49574	-5.26319	-5.00858	-4.77254	-4.55533	-4.2087	-3.6669	-2.90949	-2.08046	-1.23266	-0.368555	0.569997	1.45708	2.31625	3.03855	3.61201	3.94816	4.20309	4.47038	4.71458	4.91295	5.00343	5.01094	4.94246	4.77571	4.48176	4.07065	3.60227	3.06748	2.56065	2.0938	1.69502	1.43259	1.17075	0.895564	0.644245	0.469715	0.277532	0.0673731	-0.129452	
-0.151247	-0.362654	-0.577749	-0.762754	-0.962183	-1.17029	-1.39554	-1.74986	-2.03833	-2.31253	-2.73399	-3.30465	-3.88774	-4.36405	-4.74063	-5.08049	-5.30252	-5.46042	-5.50315	-5.42087	-5.21554	-4.9885	-4.78022	-4.5952	-4.29056	-3.79415	-3.08643	-2.3036	-1.51148	-0.710959	0.165451	0.99332	1.81784	2.52229	3.08999	3.43152	3.69452	3.97256	4.24948	4.49059	4.63066	4.69669	4.68627	4.5799	4.35796	4.013	3.61443	3.1425	2.67132	2.23752	1.87202	1.66163	1.42437	1.13887	0.887296	0.708302	0.50187	0.276156	0.0629963	
-0.154043	-0.365306	-0.576931	-0.749266	-0.950216	-1.16067	-1.36111	-1.68273	-1.99842	-2.30547	-2.7228	-3.30082	-3.88908	-4.36713	-4.73342	-5.06595	-5.30025	-5.47388	-5.54544	-5.48994	-5.32027	-5.10349	-4.9051	-4.71682	-4.41808	-3.939	-3.23563	-2.4609	-1.69245	-0.924469	-0.0828551	0.72737	1.5513	2.26922	2.868	3.25918	3.55938	3.86504	4.16546	4.43123	4.6095	4.68921	4.68601	4.60162	4.40863	4.08927	3.7154	3.24835	2.77368	2.34105	1.93115	1.66875	1.42847	1.15189	0.884572	0.688472	0.485234	0.270604	0.0577203	
-0.187855	-0.39398	-0.595549	-0.738581	-0.906821	-1.07799	-1.24443	-1.52655	-1.89392	-2.24454	-2.69014	-3.28179	-3.87631	-4.35334	-4.70155	-5.0014	-5.21136	-5.38492	-5.47302	-5.45746	-5.33922	-5.16889	-4.99454	-4.84207	-4.5761	-4.13573	-3.4802	-2.73192	-1.97478	-1.2476	-0.448361	0.324194	1.13782	1.86103	2.49386	2.94361	3.292	3.61786	3.94783	4.2401	4.45163	4.5645	4.56847	4.47914	4.29397	3.98103	3.61397	3.12667	2.62226	2.15498	1.70677	1.40226	1.21582	0.983847	0.750273	0.582578	0.40212	0.203856	0.0123203	
-0.139087	-0.317987	-0.489603	-0.598031	-0.73806	-0.894732	-1.0461	-1.28684	-1.66137	-2.03742	-2.49757	-3.08183	-3.66429	-4.14703	-4.48267	-4.76369	-4.95138	-5.1021	-5.18127	-5.15949	-5.03478	-4.87633	-4.72166	-4.58829	-4.35274	-3.96382	-3.36493	-2.66173	-1.9295	-1.22994	-0.449314	0.313999	1.1193	1.83791	2.46255	2.92618	3.29096	3.61211	3.929	4.21113	4.42842	4.53415	4.52121	4.40074	4.18421	3.83548	3.4267	2.89897	2.36406	1.87252	1.39077	1.05432	0.898078	0.719816	0.544529	0.42312	0.29126	0.155304	0.020857	
-0.105405	-0.292382	-0.468215	-0.588856	-0.75806	-0.943028	-1.12229	-1.38394	-1.73435	-2.10028	-2.51954	-3.05216	-3.57287	-3.99924	-4.28907	-4.53051	-4.68455	-4.80925	-4.87804	-4.84839	-4.72288	-4.55469	-4.38264	-4.24038	-4.02302	-3.68421	-3.17929	-2.58725	-1.96046	-1.35692	-0.664562	0.0276326	0.768174	1.43539	2.01917	2.45388	2.7964	3.09095	3.38225	3.6512	3.87495	4.0046	4.03132	3.95518	3.79372	3.49771	3.13557	2.66426	2.19446	1.76997	1.33943	1.03578	0.878139	0.723009	0.557259	0.447069	0.32645	0.196325	0.0663047	
0.0117109	-0.119442	-0.248845	-0.327225	-0.484016	-0.64579	-0.810312	-1.07264	-1.47674	-1.88236	-2.32758	-2.8799	-3.40145	-3.81408	-4.09322	-4.31038	-4.42483	-4.51822	-4.58232	-4.55536	-4.43248	-4.26662	-4.07869	-3.91065	-3.68661	-3.37211	-2.92281	-2.40055	-1.85887	-1.3385	-0.755091	-0.173853	0.476335	1.09683	1.6595	2.07517	2.41105	2.67962	2.93795	3.18249	3.39245	3.52462	3.5599	3.50832	3.36989	3.10082	2.75277	2.29185	1.84591	1.42362	1.00088	0.709105	0.611617	0.508453	0.401147	0.352691	0.291202	0.20863	0.127567	
-0.100936	-0.24981	-0.389851	-0.475637	-0.635081	-0.804818	-0.970158	-1.23146	-1.61598	-2.00027	-2.40378	-2.91189	-3.39478	-3.76503	-3.99946	-4.16628	-4.25736	-4.33771	-4.39546	-4.36012	-4.23057	-4.0568	-3.8579	-3.67065	-3.44879	-3.14973	-2.73975	-2.27312	-1.79636	-1.33271	-0.804867	-0.259793	0.361525	0.963886	1.50156	1.89952	2.21054	2.45543	2.68375	2.91295	3.11545	3.26672	3.33737	3.32384	3.22257	2.98401	2.66184	2.22941	1.79388	1.3933	0.984415	0.711963	0.607748	0.507549	0.38318	0.319626	0.234905	0.137612	0.0396556	
-0.136735	-0.252258	-0.350545	-0.394276	-0.515281	-0.636796	-0.745677	-0.926503	-1.31254	-1.71547	-2.12898	-2.64277	-3.13482	-3.50753	-3.73929	-3.90447	-3.98137	-4.05223	-4.1069	-4.06395	-3.92599	-3.73898	-3.531	-3.31282	-3.05723	-2.74675	-2.3571	-1.91148	-1.46131	-1.04313	-0.579048	-0.0957029	0.453474	0.993665	1.46933	1.81648	2.08622	2.28839	2.49009	2.69895	2.8848	3.0406	3.13021	3.13013	3.04323	2.82657	2.51261	2.09284	1.65951	1.25566	0.835135	0.516438	0.433165	0.34661	0.229004	0.18548	0.122837	0.0405649	-0.0343921	
0.0574372	-0.0321176	-0.0984546	-0.134067	-0.238402	-0.345214	-0.44032	-0.592607	-0.985179	-1.3798	-1.79089	-2.28916	-2.74389	-3.10301	-3.32706	-3.47593	-3.53862	-3.60192	-3.63996	-3.593	-3.46752	-3.28826	-3.09493	-2.88224	-2.63726	-2.35988	-2.0178	-1.63404	-1.24481	-0.877447	-0.481718	-0.0759264	0.403818	0.888469	1.32457	1.6606	1.92102	2.11341	2.30844	2.52755	2.74557	2.93201	3.04146	3.0597	2.98393	2.7934	2.50683	2.12875	1.71606	1.32353	0.917753	0.598589	0.538529	0.460959	0.355208	0.302634	0.230497	0.173034	0.132813	
0.351301	0.284549	0.23645	0.213931	0.128977	0.0208062	-0.0759481	-0.249322	-0.642707	-1.05264	-1.45492	-1.93312	-2.36508	-2.68904	-2.8966	-3.01724	-3.0562	-3.1193	-3.15478	-3.11253	-2.98636	-2.80117	-2.60463	-2.39178	-2.16606	-1.9316	-1.66391	-1.382	-1.114	-0.870172	-0.612545	-0.336395	0.0316333	0.420871	0.772452	1.03919	1.23999	1.38055	1.53448	1.72514	1.93381	2.13003	2.26182	2.30779	2.2866	2.17858	1.97904	1.68936	1.34804	1.03366	0.700694	0.460373	0.453556	0.447905	0.392036	0.388664	0.366236	0.361573	0.384149	
0.322443	0.278734	0.238032	0.215128	0.130948	0.0233816	-0.0638605	-0.242145	-0.617353	-1.00879	-1.39304	-1.84988	-2.26678	-2.57265	-2.75713	-2.85266	-2.87356	-2.91843	-2.93527	-2.87878	-2.75411	-2.59298	-2.40953	-2.21367	-2.02115	-1.81936	-1.59497	-1.35388	-1.13058	-0.930786	-0.735727	-0.511293	-0.205668	0.130604	0.430958	0.663566	0.858731	0.988866	1.14227	1.35135	1.56172	1.76713	1.90206	1.96243	1.94562	1.84777	1.67122	1.42123	1.11412	0.83858	0.534071	0.328961	0.33531	0.335008	0.281893	0.291754	0.285644	0.300719	0.335866	
0.686367	0.655173	0.622677	0.603187	0.526522	0.427655	0.349315	0.167974	-0.196216	-0.610613	-1.01862	-1.4909	-1.92285	-2.24792	-2.46049	-2.57344	-2.60801	-2.66986	-2.69784	-2.6386	-2.52182	-2.37801	-2.21162	-2.03562	-1.86816	-1.69473	-1.48457	-1.26092	-1.06039	-0.887719	-0.746521	-0.578882	-0.32504	-0.0357415	0.210187	0.409842	0.594772	0.720531	0.885763	1.10379	1.32899	1.53431	1.68032	1.7601	1.78098	1.74131	1.62451	1.43627	1.17741	0.94413	0.676664	0.504618	0.525832	0.564588	0.556628	0.590971	0.604248	0.633272	0.68476	
0.919369	0.885349	0.846697	0.820752	0.74877	0.661067	0.578061	0.352734	-0.0629045	-0.511464	-0.918376	-1.36707	-1.78065	-2.09928	-2.3074	-2.39097	-2.40226	-2.43938	-2.44881	-2.37712	-2.25254	-2.10718	-1.93181	-1.73706	-1.56042	-1.374	-1.16443	-0.943871	-0.745513	-0.594278	-0.485787	-0.351155	-0.150113	0.0787179	0.268696	0.415224	0.55175	0.628687	0.74126	0.916205	1.08962	1.24636	1.36411	1.44179	1.47449	1.44006	1.3391	1.18424	0.963516	0.760357	0.549551	0.465281	0.5769	0.692231	0.734403	0.795684	0.836612	0.879682	0.927209	
0.847272	0.812314	0.768533	0.752299	0.663406	0.565696	0.474527	0.290417	-0.148904	-0.616265	-1.01955	-1.43568	-1.78603	-2.07451	-2.24596	-2.29632	-2.27156	-2.26965	-2.24875	-2.12871	-1.96395	-1.79528	-1.62018	-1.44743	-1.28692	-1.11549	-0.924496	-0.725169	-0.543506	-0.410578	-0.333842	-0.237725	-0.0670169	0.130767	0.290315	0.406231	0.5212	0.593673	0.735021	0.923513	1.1104	1.27199	1.38233	1.4604	1.47954	1.45311	1.34992	1.17888	0.952989	0.745299	0.54294	0.426463	0.568102	0.6945	0.742697	0.782035	0.793446	0.829841	0.853306	
0.836028	0.830318	0.796043	0.794931	0.685727	0.565748	0.434117	0.249305	-0.140345	-0.592571	-0.973222	-1.36556	-1.67691	-1.93679	-2.09399	-2.13557	-2.10223	-2.09059	-2.06472	-1.9428	-1.76435	-1.56829	-1.36615	-1.17441	-1.00862	-0.853371	-0.688451	-0.530059	-0.383552	-0.273753	-0.223704	-0.161642	-0.0337321	0.117569	0.237943	0.300438	0.368926	0.395454	0.493037	0.641546	0.806605	0.939006	1.03633	1.108	1.11613	1.07916	0.987434	0.840943	0.67249	0.519037	0.386293	0.293073	0.418431	0.556162	0.622438	0.683119	0.721932	0.781473	0.814822	
0.640281	0.68932	0.721489	0.766848	0.677088	0.568858	0.454406	0.310722	-0.0550887	-0.50885	-0.873533	-1.24001	-1.52787	-1.76275	-1.91347	-1.96551	-1.94531	-1.94556	-1.92723	-1.8081	-1.63496	-1.43288	-1.22193	-1.01376	-0.836162	-0.675872	-0.511483	-0.359547	-0.217941	-0.103399	-0.0494062	0.0247256	0.154856	0.303301	0.408299	0.45555	0.502454	0.497767	0.545423	0.640184	0.738914	0.802323	0.837834	0.841129	0.786007	0.69404	0.536763	0.351113	0.173148	0.0228506	-0.104085	-0.219313	-0.0887374	0.0855272	0.191727	0.290202	0.370214	0.470841	0.558083	
0.548773	0.605866	0.642908	0.680744	0.588065	0.475393	0.338589	0.188906	-0.11978	-0.497176	-0.812249	-1.12117	-1.36	-1.54283	-1.66526	-1.70146	-1.68055	-1.67477	-1.64579	-1.52564	-1.34828	-1.16216	-0.974073	-0.796055	-0.652743	-0.526058	-0.407329	-0.296623	-0.180529	-0.0784699	-0.0278345	0.0462978	0.155344	0.27836	0.357356	0.365047	0.386794	0.363927	0.385008	0.445651	0.506157	0.545608	0.570549	0.543669	0.476321	0.375507	0.216872	0.049463	-0.0966721	-0.214564	-0.280437	-0.348372	-0.21778	-0.0540247	0.0693903	0.191276	0.281746	0.374742	0.473073	
0.619953	0.670907	0.693401	0.687309	0.542052	0.373816	0.204293	0.0339382	-0.219426	-0.539406	-0.827504	-1.10143	-1.30894	-1.45977	-1.56341	-1.59645	-1.57398	-1.55334	-1.51727	-1.36944	-1.17396	-0.982355	-0.806343	-0.632385	-0.487468	-0.355501	-0.233846	-0.126896	-0.0244903	0.0746433	0.132313	0.202347	0.295217	0.403227	0.448086	0.426657	0.43765	0.412957	0.421565	0.461082	0.491433	0.495522	0.48809	0.44296	0.358696	0.254602	0.108503	-0.0164207	-0.105189	-0.15667	-0.171485	-0.202513	-0.106341	0.0222827	0.140768	0.258183	0.352498	0.454172	0.546158	
0.497522	0.545793	0.556776	0.52976	0.367937	0.199579	0.0283805	-0.160727	-0.375068	-0.643232	-0.895921	-1.14279	-1.34151	-1.49366	-1.62044	-1.67906	-1.68454	-1.68308	-1.66261	-1.52408	-1.34364	-1.1538	-0.961694	-0.763949	-0.580358	-0.386682	-0.194136	-0.00827619	0.166716	0.323404	0.41717	0.50682	0.602939	0.712606	0.762837	0.739944	0.740777	0.702098	0.681129	0.675548	0.650185	0.604376	0.549638	0.471826	0.368702	0.256773	0.124135	0.0275709	-0.0353206	-0.0704683	-0.0616065	-0.0715237	-0.0113138	0.0794776	0.161161	0.238569	0.297437	0.365661	0.432144	
0.585428	0.636843	0.647998	0.623253	0.485775	0.354086	0.219262	0.0742365	-0.151032	-0.410541	-0.679804	-0.940283	-1.16027	-1.34253	-1.51194	-1.62182	-1.67252	-1.70701	-1.71833	-1.61678	-1.46758	-1.30026	-1.131	-0.939733	-0.745251	-0.526103	-0.29983	-0.0694239	0.156566	0.375903	0.526037	0.66634	0.799922	0.936731	1.00774	0.998136	1.00243	0.959112	0.926657	0.905694	0.85289	0.778421	0.698518	0.599357	0.478814	0.356368	0.223248	0.118	0.0409489	-0.0181433	-0.0244808	-0.0574556	0.0344403	0.12333	0.217774	0.305384	0.377204	0.443962	0.51342	
0.20691	0.255139	0.262921	0.231035	0.088631	-0.0361738	-0.158544	-0.268267	-0.469175	-0.691282	-0.932065	-1.15782	-1.35914	-1.55298	-1.74996	-1.88818	-1.97256	-2.03504	-2.06193	-1.97431	-1.83621	-1.66947	-1.49479	-1.28481	-1.05945	-0.779544	-0.48349	-0.170639	0.146869	0.458646	0.704014	0.934553	1.14599	1.32908	1.42865	1.44279	1.46579	1.43225	1.39439	1.35332	1.26362	1.13947	0.995455	0.825967	0.644282	0.456941	0.274454	0.133009	0.0378276	-0.0425375	-0.0739499	-0.160885	-0.11174	-0.0740715	-0.030831	0.000293702	0.0279853	0.0818668	0.146314	
