-1.00000000 0.00000000 0.62227739 0.10000000 
-0.99000000 0.00000000 0.62189171 0.10000000 
-0.98000000 0.00000000 0.62183667 0.10000000 
-0.97000000 0.00000000 0.62208667 0.10000000 
-0.96000000 0.00000000 0.62264566 0.10000000 
-0.95000000 0.00000000 0.62351660 0.10000000 
-0.94000000 0.00000000 0.62470254 0.10000000 
-0.93000000 0.00000000 0.62620646 0.10000000 
-0.92000000 0.00000000 0.62689023 0.10000000 
-0.91000000 0.00000000 0.62890964 0.10000000 
-0.90000000 0.00000000 0.63117154 0.10000000 
-0.89000000 0.00000000 0.63374917 0.10000000 
-0.88000000 0.00000000 0.63815177 0.10000000 
-0.87000000 0.00000000 0.64147464 0.10000000 
-0.86000000 0.00000000 0.64518076 0.10000000 
-0.85000000 0.00000000 0.64921525 0.10000000 
-0.84000000 0.00000000 0.65357911 0.10000000 
-0.83000000 0.00000000 0.65827245 0.10000000 
-0.82000000 0.00000000 0.66084581 0.10000000 
-0.81000000 0.00000000 0.66624786 0.10000000 
-0.80000000 0.00000000 0.67182113 0.10000000 
-0.79000000 0.00000000 0.67772470 0.10000000 
-0.78000000 0.00000000 0.68394170 0.10000000 
-0.77000000 0.00000000 0.69046082 0.10000000 
-0.76000000 0.00000000 0.70017614 0.10000000 
-0.75000000 0.00000000 0.70733176 0.10000000 
-0.74000000 0.00000000 0.71474915 0.10000000 
-0.73000000 0.00000000 0.72241376 0.10000000 
-0.72000000 0.00000000 0.73031354 0.10000000 
-0.71000000 0.00000000 0.73848310 0.10000000 
-0.70000000 0.00000000 0.74685137 0.10000000 
-0.69000000 0.00000000 0.75541198 0.10000000 
-0.68000000 0.00000000 0.76404658 0.10000000 
-0.67000000 0.00000000 0.77284178 0.10000000 
-0.66000000 0.00000000 0.78178402 0.10000000 
-0.65000000 0.00000000 0.79081214 0.10000000 
-0.64000000 0.00000000 0.79999051 0.10000000 
-0.63000000 0.00000000 0.80931678 0.10000000 
-0.62000000 0.00000000 0.81889479 0.10000000 
-0.61000000 0.00000000 0.82863910 0.10000000 
-0.60000000 0.00000000 0.83855269 0.10000000 
-0.59000000 0.00000000 0.84863781 0.10000000 
-0.58000000 0.00000000 0.85443621 0.10000000 
-0.57000000 0.00000000 0.86514019 0.10000000 
-0.56000000 0.00000000 0.87569040 0.10000000 
-0.55000000 0.00000000 0.88643442 0.10000000 
-0.54000000 0.00000000 0.89733874 0.10000000 
-0.53000000 0.00000000 0.90839427 0.10000000 
-0.52000000 0.00000000 0.92384457 0.10000000 
-0.51000000 0.00000000 0.93503705 0.10000000 
-0.50000000 0.00000000 0.94640228 0.10000000 
-0.49000000 0.00000000 0.95783652 0.10000000 
-0.48000000 0.00000000 0.96932042 0.10000000 
-0.47000000 0.00000000 0.98092194 0.10000000 
-0.46000000 0.00000000 0.99251165 0.10000000 
-0.45000000 0.00000000 1.00408146 0.10000000 
-0.44000000 0.00000000 1.01561565 0.10000000 
-0.43000000 0.00000000 1.02709973 0.10000000 
-0.42000000 0.00000000 1.03382552 0.10000000 
-0.41000000 0.00000000 1.04554425 0.10000000 
-0.40000000 0.00000000 1.06098186 0.10000000 
-0.39000000 0.00000000 1.07208152 0.10000000 
-0.38000000 0.00000000 1.08307421 0.10000000 
-0.37000000 0.00000000 1.09394361 0.10000000 
-0.36000000 0.00000000 1.10467182 0.10000000 
-0.35000000 0.00000000 1.11524379 0.10000000 
-0.34000000 0.00000000 1.12564459 0.10000000 
-0.33000000 0.00000000 1.13585981 0.10000000 
-0.32000000 0.00000000 1.14587569 0.10000000 
-0.31000000 0.00000000 1.15577102 0.10000000 
-0.30000000 0.00000000 1.16541544 0.10000000 
-0.29000000 0.00000000 1.17472733 0.10000000 
-0.28000000 0.00000000 1.18379844 0.10000000 
-0.27000000 0.00000000 1.19261859 0.10000000 
-0.26000000 0.00000000 1.20117825 0.10000000 
-0.25000000 0.00000000 1.20946859 0.10000000 
-0.24000000 0.00000000 1.21748139 0.10000000 
-0.23000000 0.00000000 1.22520903 0.10000000 
-0.22000000 0.00000000 1.23264447 0.10000000 
-0.21000000 0.00000000 1.23978117 0.10000000 
-0.20000000 0.00000000 1.24661133 0.10000000 
-0.19000000 0.00000000 1.25313025 0.10000000 
-0.18000000 0.00000000 1.25933491 0.10000000 
-0.17000000 0.00000000 1.26522023 0.10000000 
-0.16000000 0.00000000 1.27078157 0.10000000 
-0.15000000 0.00000000 1.27601469 0.10000000 
-0.14000000 0.00000000 1.28091579 0.10000000 
-0.13000000 0.00000000 1.28548145 0.10000000 
-0.12000000 0.00000000 1.28970864 0.10000000 
-0.11000000 0.00000000 1.29359470 0.10000000 
-0.10000000 0.00000000 1.29713732 0.10000000 
-0.09000000 0.00000000 1.30033451 0.10000000 
-0.08000000 0.00000000 1.30318463 0.10000000 
-0.07000000 0.00000000 1.30568626 0.10000000 
-0.06000000 0.00000000 1.30783828 0.10000000 
-0.05000000 0.00000000 1.30963984 0.10000000 
-0.04000000 0.00000000 1.31109193 0.10000000 
-0.03000000 0.00000000 1.31219481 0.10000000 
-0.02000000 0.00000000 1.31294911 0.10000000 
-0.01000000 0.00000000 1.31335578 0.10000000 
0.00000000 0.00000000 1.31341427 0.10000000 
0.01000000 0.00000000 1.31312520 0.10000000 
0.02000000 0.00000000 1.31248925 0.10000000 
0.03000000 0.00000000 1.31150707 0.10000000 
0.04000000 0.00000000 1.31017932 0.10000000 
0.05000000 0.00000000 1.30850659 0.10000000 
0.06000000 0.00000000 1.30655423 0.10000000 
0.07000000 0.00000000 1.30426992 0.10000000 
0.08000000 0.00000000 1.30165940 0.10000000 
0.09000000 0.00000000 1.29872406 0.10000000 
0.10000000 0.00000000 1.29539360 0.10000000 
0.11000000 0.00000000 1.29172346 0.10000000 
0.12000000 0.00000000 1.28771308 0.10000000 
0.13000000 0.00000000 1.28336221 0.10000000 
0.14000000 0.00000000 1.27867122 0.10000000 
0.15000000 0.00000000 1.27364137 0.10000000 
0.16000000 0.00000000 1.27090504 0.10000000 
0.17000000 0.00000000 1.26514122 0.10000000 
0.18000000 0.00000000 1.25923279 0.10000000 
0.19000000 0.00000000 1.25298545 0.10000000 
0.20000000 0.00000000 1.24350937 0.10000000 
0.21000000 0.00000000 1.23654205 0.10000000 
0.22000000 0.00000000 1.22928570 0.10000000 
0.23000000 0.00000000 1.22175304 0.10000000 
0.24000000 0.00000000 1.21395757 0.10000000 
0.25000000 0.00000000 1.20591330 0.10000000 
0.26000000 0.00000000 1.19763441 0.10000000 
0.27000000 0.00000000 1.18908356 0.10000000 
0.28000000 0.00000000 1.18033797 0.10000000 
0.29000000 0.00000000 1.17140565 0.10000000 
0.30000000 0.00000000 1.16229883 0.10000000 
0.31000000 0.00000000 1.15308580 0.10000000 
0.32000000 0.00000000 1.14371051 0.10000000 
0.33000000 0.00000000 1.13418454 0.10000000 
0.34000000 0.00000000 1.12451920 0.10000000 
0.35000000 0.00000000 1.11472548 0.10000000 
0.36000000 0.00000000 1.10481412 0.10000000 
0.37000000 0.00000000 1.09479558 0.10000000 
0.38000000 0.00000000 1.08468112 0.10000000 
0.39000000 0.00000000 1.07448034 0.10000000 
0.40000000 0.00000000 1.06420288 0.10000000 
0.41000000 0.00000000 1.05385834 0.10000000 
0.42000000 0.00000000 1.04345516 0.10000000 
0.43000000 0.00000000 1.03300331 0.10000000 
0.44000000 0.00000000 1.02251267 0.10000000 
0.45000000 0.00000000 1.01199300 0.10000000 
0.46000000 0.00000000 1.00145402 0.10000000 
0.47000000 0.00000000 0.99090533 0.10000000 
0.48000000 0.00000000 0.98035649 0.10000000 
0.49000000 0.00000000 0.96981696 0.10000000 
0.50000000 0.00000000 0.95929615 0.10000000 
0.51000000 0.00000000 0.94880340 0.10000000 
0.52000000 0.00000000 0.93834798 0.10000000 
0.53000000 0.00000000 0.92793909 0.10000000 
0.54000000 0.00000000 0.91758586 0.10000000 
0.55000000 0.00000000 0.90729730 0.10000000 
0.56000000 0.00000000 0.89708230 0.10000000 
0.57000000 0.00000000 0.88694967 0.10000000 
0.58000000 0.00000000 0.87690807 0.10000000 
0.59000000 0.00000000 0.86696606 0.10000000 
0.60000000 0.00000000 0.85713206 0.10000000 
0.61000000 0.00000000 0.84741436 0.10000000 
0.62000000 0.00000000 0.83782111 0.10000000 
0.63000000 0.00000000 0.82836032 0.10000000 
0.64000000 0.00000000 0.81903983 0.10000000 
0.65000000 0.00000000 0.80986736 0.10000000 
0.66000000 0.00000000 0.80085044 0.10000000 
0.67000000 0.00000000 0.79199643 0.10000000 
0.68000000 0.00000000 0.78331254 0.10000000 
0.69000000 0.00000000 0.77480581 0.10000000 
0.70000000 0.00000000 0.76648306 0.10000000 
0.71000000 0.00000000 0.75835098 0.10000000 
0.72000000 0.00000000 0.75041603 0.10000000 
0.73000000 0.00000000 0.74268451 0.10000000 
0.74000000 0.00000000 0.73516249 0.10000000 
0.75000000 0.00000000 0.72785588 0.10000000 
0.76000000 0.00000000 0.72077037 0.10000000 
0.77000000 0.00000000 0.71391144 0.10000000 
0.78000000 0.00000000 0.70728437 0.10000000 
0.79000000 0.00000000 0.70089421 0.10000000 
0.80000000 0.00000000 0.69474579 0.10000000 
0.81000000 0.00000000 0.68884372 0.10000000 
0.82000000 0.00000000 0.68319242 0.10000000 
0.83000000 0.00000000 0.67779606 0.10000000 
0.84000000 0.00000000 0.67265863 0.10000000 
0.85000000 0.00000000 0.66778390 0.10000000 
0.86000000 0.00000000 0.66317545 0.10000000 
0.87000000 0.00000000 0.65883666 0.10000000 
0.88000000 0.00000000 0.65477008 0.10000000 
0.89000000 0.00000000 0.65097840 0.10000000 
0.90000000 0.00000000 0.64746403 0.10000000 
0.91000000 0.00000000 0.64422916 0.10000000 
0.92000000 0.00000000 0.64127661 0.10000000 
0.93000000 0.00000000 0.63860858 0.10000000 
0.94000000 0.00000000 0.63622717 0.10000000 
0.95000000 0.00000000 0.63413447 0.10000000 
0.96000000 0.00000000 0.63233254 0.10000000 
0.97000000 0.00000000 0.63082343 0.10000000 
0.98000000 0.00000000 0.62958171 0.10000000 
0.99000000 0.00000000 0.62862822 0.10000000 

