-1.00000000 0.00000000 0.12886585 0.10000000 
-0.99000000 0.00000000 0.12721326 0.10000000 
-0.98000000 0.00000000 0.12569436 0.10000000 
-0.97000000 0.00000000 0.12430789 0.10000000 
-0.96000000 0.00000000 0.12305360 0.10000000 
-0.95000000 0.00000000 0.12193239 0.10000000 
-0.94000000 0.00000000 0.12094695 0.10000000 
-0.93000000 0.00000000 0.12009961 0.10000000 
-0.92000000 0.00000000 0.11939491 0.10000000 
-0.91000000 0.00000000 0.11884077 0.10000000 
-0.90000000 0.00000000 0.11844462 0.10000000 
-0.89000000 0.00000000 0.11821640 0.10000000 
-0.88000000 0.00000000 0.11816941 0.10000000 
-0.87000000 0.00000000 0.11831521 0.10000000 
-0.86000000 0.00000000 0.11867139 0.10000000 
-0.85000000 0.00000000 0.11925683 0.10000000 
-0.84000000 0.00000000 0.12009307 0.10000000 
-0.83000000 0.00000000 0.12120447 0.10000000 
-0.82000000 0.00000000 0.12261602 0.10000000 
-0.81000000 0.00000000 0.12436268 0.10000000 
-0.80000000 0.00000000 0.12647620 0.10000000 
-0.79000000 0.00000000 0.12899386 0.10000000 
-0.78000000 0.00000000 0.13195652 0.10000000 
-0.77000000 0.00000000 0.13540860 0.10000000 
-0.76000000 0.00000000 0.13939862 0.10000000 
-0.75000000 0.00000000 0.14397850 0.10000000 
-0.74000000 0.00000000 0.14920408 0.10000000 
-0.73000000 0.00000000 0.15513493 0.10000000 
-0.72000000 0.00000000 0.16184004 0.10000000 
-0.71000000 0.00000000 0.16937500 0.10000000 
-0.70000000 0.00000000 0.17781525 0.10000000 
-0.69000000 0.00000000 0.18723358 0.10000000 
-0.68000000 0.00000000 0.19770567 0.10000000 
-0.67000000 0.00000000 0.20930939 0.10000000 
-0.66000000 0.00000000 0.22212433 0.10000000 
-0.65000000 0.00000000 0.23623124 0.10000000 
-0.64000000 0.00000000 0.25170185 0.10000000 
-0.63000000 0.00000000 0.26863583 0.10000000 
-0.62000000 0.00000000 0.28710501 0.10000000 
-0.61000000 0.00000000 0.30718618 0.10000000 
-0.60000000 0.00000000 0.32895547 0.10000000 
-0.59000000 0.00000000 0.35249541 0.10000000 
-0.58000000 0.00000000 0.37783907 0.10000000 
-0.57000000 0.00000000 0.40508260 0.10000000 
-0.56000000 0.00000000 0.43426827 0.10000000 
-0.55000000 0.00000000 0.46544241 0.10000000 
-0.54000000 0.00000000 0.49864240 0.10000000 
-0.53000000 0.00000000 0.53389559 0.10000000 
-0.52000000 0.00000000 0.57122087 0.10000000 
-0.51000000 0.00000000 0.61061806 0.10000000 
-0.50000000 0.00000000 0.65208121 0.10000000 
-0.49000000 0.00000000 0.69558873 0.10000000 
-0.48000000 0.00000000 0.74110499 0.10000000 
-0.47000000 0.00000000 0.78857985 0.10000000 
-0.46000000 0.00000000 0.83796092 0.10000000 
-0.45000000 0.00000000 0.88914283 0.10000000 
-0.44000000 0.00000000 0.94204333 0.10000000 
-0.43000000 0.00000000 0.99655254 0.10000000 
-0.42000000 0.00000000 1.05252868 0.10000000 
-0.41000000 0.00000000 1.10986797 0.10000000 
-0.40000000 0.00000000 1.16840124 0.10000000 
-0.39000000 0.00000000 1.22796412 0.10000000 
-0.38000000 0.00000000 1.28838071 0.10000000 
-0.37000000 0.00000000 1.34946472 0.10000000 
-0.36000000 0.00000000 1.41102072 0.10000000 
-0.35000000 0.00000000 1.47284560 0.10000000 
-0.34000000 0.00000000 1.53474685 0.10000000 
-0.33000000 0.00000000 1.59647632 0.10000000 
-0.32000000 0.00000000 1.65783404 0.10000000 
-0.31000000 0.00000000 1.71860143 0.10000000 
-0.30000000 0.00000000 1.77856015 0.10000000 
-0.29000000 0.00000000 1.83747821 0.10000000 
-0.28000000 0.00000000 1.89518476 0.10000000 
-0.27000000 0.00000000 1.95143477 0.10000000 
-0.26000000 0.00000000 2.00603718 0.10000000 
-0.25000000 0.00000000 2.05879842 0.10000000 
-0.24000000 0.00000000 2.10953414 0.10000000 
-0.23000000 0.00000000 2.15807034 0.10000000 
-0.22000000 0.00000000 2.20424448 0.10000000 
-0.21000000 0.00000000 2.24790635 0.10000000 
-0.20000000 0.00000000 2.28891889 0.10000000 
-0.19000000 0.00000000 2.32715881 0.10000000 
-0.18000000 0.00000000 2.36251710 0.10000000 
-0.17000000 0.00000000 2.39489940 0.10000000 
-0.16000000 0.00000000 2.42421431 0.10000000 
-0.15000000 0.00000000 2.45042132 0.10000000 
-0.14000000 0.00000000 2.47345430 0.10000000 
-0.13000000 0.00000000 2.49328687 0.10000000 
-0.12000000 0.00000000 2.50990591 0.10000000 
-0.11000000 0.00000000 2.52328267 0.10000000 
-0.10000000 0.00000000 2.53343624 0.10000000 
-0.09000000 0.00000000 2.54038741 0.10000000 
-0.08000000 0.00000000 2.54416957 0.10000000 
-0.07000000 0.00000000 2.54482802 0.10000000 
-0.06000000 0.00000000 2.54241929 0.10000000 
-0.05000000 0.00000000 2.53701035 0.10000000 
-0.04000000 0.00000000 2.52867822 0.10000000 
-0.03000000 0.00000000 2.51750836 0.10000000 
-0.02000000 0.00000000 2.50359390 0.10000000 
-0.01000000 0.00000000 2.48703551 0.10000000 
0.00000000 0.00000000 2.46794021 0.10000000 
0.01000000 0.00000000 2.44642571 0.10000000 
0.02000000 0.00000000 2.42259826 0.10000000 
0.03000000 0.00000000 2.39658480 0.10000000 
0.04000000 0.00000000 2.36850961 0.10000000 
0.05000000 0.00000000 2.33849928 0.10000000 
0.06000000 0.00000000 2.30668210 0.10000000 
0.07000000 0.00000000 2.27318728 0.10000000 
0.08000000 0.00000000 2.23814436 0.10000000 
0.09000000 0.00000000 2.20168256 0.10000000 
0.10000000 0.00000000 2.16393023 0.10000000 
0.11000000 0.00000000 2.12500500 0.10000000 
0.12000000 0.00000000 2.08505070 0.10000000 
0.13000000 0.00000000 2.04418057 0.10000000 
0.14000000 0.00000000 2.00251456 0.10000000 
0.15000000 0.00000000 1.96016951 0.10000000 
0.16000000 0.00000000 1.91727107 0.10000000 
0.17000000 0.00000000 1.87390468 0.10000000 
0.18000000 0.00000000 1.83018803 0.10000000 
0.19000000 0.00000000 1.78622269 0.10000000 
0.20000000 0.00000000 1.74210590 0.10000000 
0.21000000 0.00000000 1.69793044 0.10000000 
0.22000000 0.00000000 1.65378448 0.10000000 
0.23000000 0.00000000 1.60975160 0.10000000 
0.24000000 0.00000000 1.56591064 0.10000000 
0.25000000 0.00000000 1.52233575 0.10000000 
0.26000000 0.00000000 1.47908908 0.10000000 
0.27000000 0.00000000 1.43624979 0.10000000 
0.28000000 0.00000000 1.39387091 0.10000000 
0.29000000 0.00000000 1.35200800 0.10000000 
0.30000000 0.00000000 1.31071212 0.10000000 
0.31000000 0.00000000 1.27002993 0.10000000 
0.32000000 0.00000000 1.23000382 0.10000000 
0.33000000 0.00000000 1.19067203 0.10000000 
0.34000000 0.00000000 1.15206874 0.10000000 
0.35000000 0.00000000 1.11422426 0.10000000 
0.36000000 0.00000000 1.07716518 0.10000000 
0.37000000 0.00000000 1.04090960 0.10000000 
0.38000000 0.00000000 1.00548700 0.10000000 
0.39000000 0.00000000 0.97090862 0.10000000 
0.40000000 0.00000000 0.93718765 0.10000000 
0.41000000 0.00000000 0.90434728 0.10000000 
0.42000000 0.00000000 0.87236886 0.10000000 
0.43000000 0.00000000 0.84127046 0.10000000 
0.44000000 0.00000000 0.81105451 0.10000000 
0.45000000 0.00000000 0.78172116 0.10000000 
0.46000000 0.00000000 0.75326004 0.10000000 
0.47000000 0.00000000 0.72568412 0.10000000 
0.48000000 0.00000000 0.69897909 0.10000000 
0.49000000 0.00000000 0.67313751 0.10000000 
0.50000000 0.00000000 0.64815036 0.10000000 
0.51000000 0.00000000 0.62400726 0.10000000 
0.52000000 0.00000000 0.60069652 0.10000000 
0.53000000 0.00000000 0.57820534 0.10000000 
0.54000000 0.00000000 0.55651985 0.10000000 
0.55000000 0.00000000 0.53562530 0.10000000 
0.56000000 0.00000000 0.51550613 0.10000000 
0.57000000 0.00000000 0.49614606 0.10000000 
0.58000000 0.00000000 0.47752823 0.10000000 
0.59000000 0.00000000 0.45963527 0.10000000 
0.60000000 0.00000000 0.44244938 0.10000000 
0.61000000 0.00000000 0.42595242 0.10000000 
0.62000000 0.00000000 0.41012442 0.10000000 
0.63000000 0.00000000 0.39495002 0.10000000 
0.64000000 0.00000000 0.38040885 0.10000000 
0.65000000 0.00000000 0.36648216 0.10000000 
0.66000000 0.00000000 0.35315117 0.10000000 
0.67000000 0.00000000 0.34040347 0.10000000 
0.68000000 0.00000000 0.32820759 0.10000000 
0.69000000 0.00000000 0.31655161 0.10000000 
0.70000000 0.00000000 0.30541723 0.10000000 
0.71000000 0.00000000 0.29478195 0.10000000 
0.72000000 0.00000000 0.28463700 0.10000000 
0.73000000 0.00000000 0.27496025 0.10000000 
0.74000000 0.00000000 0.26573451 0.10000000 
0.75000000 0.00000000 0.25694291 0.10000000 
0.76000000 0.00000000 0.24856895 0.10000000 
0.77000000 0.00000000 0.24059651 0.10000000 
0.78000000 0.00000000 0.23300924 0.10000000 
0.79000000 0.00000000 0.22579316 0.10000000 
0.80000000 0.00000000 0.21893271 0.10000000 
0.81000000 0.00000000 0.21241349 0.10000000 
0.82000000 0.00000000 0.20622153 0.10000000 
0.83000000 0.00000000 0.20034335 0.10000000 
0.84000000 0.00000000 0.19476596 0.10000000 
0.85000000 0.00000000 0.18947687 0.10000000 
0.86000000 0.00000000 0.18446409 0.10000000 
0.87000000 0.00000000 0.17971619 0.10000000 
0.88000000 0.00000000 0.17522226 0.10000000 
0.89000000 0.00000000 0.17097198 0.10000000 
0.90000000 0.00000000 0.16695559 0.10000000 
0.91000000 0.00000000 0.16316397 0.10000000 
0.92000000 0.00000000 0.15959054 0.10000000 
0.93000000 0.00000000 0.15622347 0.10000000 
0.94000000 0.00000000 0.15305769 0.10000000 
0.95000000 0.00000000 0.15008679 0.10000000 
0.96000000 0.00000000 0.14730514 0.10000000 
0.97000000 0.00000000 0.14470651 0.10000000 
0.98000000 0.00000000 0.14228989 0.10000000 
0.99000000 0.00000000 0.14005080 0.10000000 

