-1.00000000 0.00000000 0.10305019 0.10000000 
-0.99000000 0.00000000 0.10274655 0.10000000 
-0.98000000 0.00000000 0.10247257 0.10000000 
-0.97000000 0.00000000 0.10222583 0.10000000 
-0.96000000 0.00000000 0.10200389 0.10000000 
-0.95000000 0.00000000 0.10180454 0.10000000 
-0.94000000 0.00000000 0.10162585 0.10000000 
-0.93000000 0.00000000 0.10146613 0.10000000 
-0.92000000 0.00000000 0.10136323 0.10000000 
-0.91000000 0.00000000 0.10122964 0.10000000 
-0.90000000 0.00000000 0.10111416 0.10000000 
-0.89000000 0.00000000 0.10101277 0.10000000 
-0.88000000 0.00000000 0.10090831 0.10000000 
-0.87000000 0.00000000 0.10083953 0.10000000 
-0.86000000 0.00000000 0.10078735 0.10000000 
-0.85000000 0.00000000 0.10075155 0.10000000 
-0.84000000 0.00000000 0.10073383 0.10000000 
-0.83000000 0.00000000 0.10073651 0.10000000 
-0.82000000 0.00000000 0.10072570 0.10000000 
-0.81000000 0.00000000 0.10076474 0.10000000 
-0.80000000 0.00000000 0.10083107 0.10000000 
-0.79000000 0.00000000 0.10093290 0.10000000 
-0.78000000 0.00000000 0.10107734 0.10000000 
-0.77000000 0.00000000 0.10127147 0.10000000 
-0.76000000 0.00000000 0.10171286 0.10000000 
-0.75000000 0.00000000 0.10209023 0.10000000 
-0.74000000 0.00000000 0.10256451 0.10000000 
-0.73000000 0.00000000 0.10315504 0.10000000 
-0.72000000 0.00000000 0.10388850 0.10000000 
-0.71000000 0.00000000 0.10479472 0.10000000 
-0.70000000 0.00000000 0.10590792 0.10000000 
-0.69000000 0.00000000 0.10726901 0.10000000 
-0.68000000 0.00000000 0.10883208 0.10000000 
-0.67000000 0.00000000 0.11071324 0.10000000 
-0.66000000 0.00000000 0.11296425 0.10000000 
-0.65000000 0.00000000 0.11564661 0.10000000 
-0.64000000 0.00000000 0.11883729 0.10000000 
-0.63000000 0.00000000 0.12262015 0.10000000 
-0.62000000 0.00000000 0.12728379 0.10000000 
-0.61000000 0.00000000 0.13279516 0.10000000 
-0.60000000 0.00000000 0.13928976 0.10000000 
-0.59000000 0.00000000 0.14690465 0.10000000 
-0.58000000 0.00000000 0.15063191 0.10000000 
-0.57000000 0.00000000 0.16045012 0.10000000 
-0.56000000 0.00000000 0.17147595 0.10000000 
-0.55000000 0.00000000 0.18420598 0.10000000 
-0.54000000 0.00000000 0.19879563 0.10000000 
-0.53000000 0.00000000 0.21542752 0.10000000 
-0.52000000 0.00000000 0.24397575 0.10000000 
-0.51000000 0.00000000 0.26576366 0.10000000 
-0.50000000 0.00000000 0.29069212 0.10000000 
-0.49000000 0.00000000 0.31844868 0.10000000 
-0.48000000 0.00000000 0.34921379 0.10000000 
-0.47000000 0.00000000 0.38325901 0.10000000 
-0.46000000 0.00000000 0.42064325 0.10000000 
-0.45000000 0.00000000 0.46152668 0.10000000 
-0.44000000 0.00000000 0.50604531 0.10000000 
-0.43000000 0.00000000 0.55431458 0.10000000 
-0.42000000 0.00000000 0.57996675 0.10000000 
-0.41000000 0.00000000 0.63602100 0.10000000 
-0.40000000 0.00000000 0.72198832 0.10000000 
-0.39000000 0.00000000 0.78573934 0.10000000 
-0.38000000 0.00000000 0.85338015 0.10000000 
-0.37000000 0.00000000 0.92482418 0.10000000 
-0.36000000 0.00000000 0.99994331 0.10000000 
-0.35000000 0.00000000 1.07857211 0.10000000 
-0.34000000 0.00000000 1.16050603 0.10000000 
-0.33000000 0.00000000 1.24550266 0.10000000 
-0.32000000 0.00000000 1.33328329 0.10000000 
-0.31000000 0.00000000 1.42404810 0.10000000 
-0.30000000 0.00000000 1.51683395 0.10000000 
-0.29000000 0.00000000 1.61077366 0.10000000 
-0.28000000 0.00000000 1.70609094 0.10000000 
-0.27000000 0.00000000 1.80235780 0.10000000 
-0.26000000 0.00000000 1.89912445 0.10000000 
-0.25000000 0.00000000 1.99592337 0.10000000 
-0.24000000 0.00000000 2.09227372 0.10000000 
-0.23000000 0.00000000 2.18768593 0.10000000 
-0.22000000 0.00000000 2.28166642 0.10000000 
-0.21000000 0.00000000 2.37372246 0.10000000 
-0.20000000 0.00000000 2.46335706 0.10000000 
-0.19000000 0.00000000 2.55009772 0.10000000 
-0.18000000 0.00000000 2.63349599 0.10000000 
-0.17000000 0.00000000 2.71310842 0.10000000 
-0.16000000 0.00000000 2.78851577 0.10000000 
-0.15000000 0.00000000 2.85932699 0.10000000 
-0.14000000 0.00000000 2.92518339 0.10000000 
-0.13000000 0.00000000 2.98576146 0.10000000 
-0.12000000 0.00000000 3.04077558 0.10000000 
-0.11000000 0.00000000 3.08998025 0.10000000 
-0.10000000 0.00000000 3.13317118 0.10000000 
-0.09000000 0.00000000 3.17018685 0.10000000 
-0.08000000 0.00000000 3.20090860 0.10000000 
-0.07000000 0.00000000 3.22526044 0.10000000 
-0.06000000 0.00000000 3.24320871 0.10000000 
-0.05000000 0.00000000 3.25476099 0.10000000 
-0.04000000 0.00000000 3.25998675 0.10000000 
-0.03000000 0.00000000 3.25897789 0.10000000 
-0.02000000 0.00000000 3.25186402 0.10000000 
-0.01000000 0.00000000 3.23880830 0.10000000 
0.00000000 0.00000000 3.21998477 0.10000000 
0.01000000 0.00000000 3.19560660 0.10000000 
0.02000000 0.00000000 3.16590925 0.10000000 
0.03000000 0.00000000 3.13114697 0.10000000 
0.04000000 0.00000000 3.09158938 0.10000000 
0.05000000 0.00000000 3.04751828 0.10000000 
0.06000000 0.00000000 3.00006858 0.10000000 
0.07000000 0.00000000 2.94879655 0.10000000 
0.08000000 0.00000000 2.89406383 0.10000000 
0.09000000 0.00000000 2.83617107 0.10000000 
0.10000000 0.00000000 2.77465744 0.10000000 
0.11000000 0.00000000 2.71043291 0.10000000 
0.12000000 0.00000000 2.64377245 0.10000000 
0.13000000 0.00000000 2.57494652 0.10000000 
0.14000000 0.00000000 2.50422247 0.10000000 
0.15000000 0.00000000 2.43186632 0.10000000 
0.16000000 0.00000000 2.39026695 0.10000000 
0.17000000 0.00000000 2.31296514 0.10000000 
0.18000000 0.00000000 2.23718188 0.10000000 
0.19000000 0.00000000 2.16056478 0.10000000 
0.20000000 0.00000000 2.05415428 0.10000000 
0.21000000 0.00000000 1.97757972 0.10000000 
0.22000000 0.00000000 1.90127538 0.10000000 
0.23000000 0.00000000 1.82550139 0.10000000 
0.24000000 0.00000000 1.75050708 0.10000000 
0.25000000 0.00000000 1.67652744 0.10000000 
0.26000000 0.00000000 1.60377990 0.10000000 
0.27000000 0.00000000 1.53182739 0.10000000 
0.28000000 0.00000000 1.46166271 0.10000000 
0.29000000 0.00000000 1.39336135 0.10000000 
0.30000000 0.00000000 1.32703875 0.10000000 
0.31000000 0.00000000 1.26336306 0.10000000 
0.32000000 0.00000000 1.20169095 0.10000000 
0.33000000 0.00000000 1.14208995 0.10000000 
0.34000000 0.00000000 1.08461069 0.10000000 
0.35000000 0.00000000 1.02928775 0.10000000 
0.36000000 0.00000000 0.97614083 0.10000000 
0.37000000 0.00000000 0.92517602 0.10000000 
0.38000000 0.00000000 0.87639967 0.10000000 
0.39000000 0.00000000 0.82978855 0.10000000 
0.40000000 0.00000000 0.78531263 0.10000000 
0.41000000 0.00000000 0.74293478 0.10000000 
0.42000000 0.00000000 0.70260050 0.10000000 
0.43000000 0.00000000 0.66426674 0.10000000 
0.44000000 0.00000000 0.62788502 0.10000000 
0.45000000 0.00000000 0.59340240 0.10000000 
0.46000000 0.00000000 0.56076224 0.10000000 
0.47000000 0.00000000 0.52990505 0.10000000 
0.48000000 0.00000000 0.50076913 0.10000000 
0.49000000 0.00000000 0.47329097 0.10000000 
0.50000000 0.00000000 0.44740623 0.10000000 
0.51000000 0.00000000 0.42305011 0.10000000 
0.52000000 0.00000000 0.40015777 0.10000000 
0.53000000 0.00000000 0.37866486 0.10000000 
0.54000000 0.00000000 0.35850743 0.10000000 
0.55000000 0.00000000 0.33962230 0.10000000 
0.56000000 0.00000000 0.32194727 0.10000000 
0.57000000 0.00000000 0.30542138 0.10000000 
0.58000000 0.00000000 0.28998508 0.10000000 
0.59000000 0.00000000 0.27558039 0.10000000 
0.60000000 0.00000000 0.26215107 0.10000000 
0.61000000 0.00000000 0.24964265 0.10000000 
0.62000000 0.00000000 0.23800257 0.10000000 
0.63000000 0.00000000 0.22718021 0.10000000 
0.64000000 0.00000000 0.21712692 0.10000000 
0.65000000 0.00000000 0.20779607 0.10000000 
0.66000000 0.00000000 0.19914304 0.10000000 
0.67000000 0.00000000 0.19112523 0.10000000 
0.68000000 0.00000000 0.18370204 0.10000000 
0.69000000 0.00000000 0.17683487 0.10000000 
0.70000000 0.00000000 0.17048706 0.10000000 
0.71000000 0.00000000 0.16462385 0.10000000 
0.72000000 0.00000000 0.15921234 0.10000000 
0.73000000 0.00000000 0.15422148 0.10000000 
0.74000000 0.00000000 0.14962192 0.10000000 
0.75000000 0.00000000 0.14538606 0.10000000 
0.76000000 0.00000000 0.14148788 0.10000000 
0.77000000 0.00000000 0.13790299 0.10000000 
0.78000000 0.00000000 0.13460846 0.10000000 
0.79000000 0.00000000 0.13158282 0.10000000 
0.80000000 0.00000000 0.12880597 0.10000000 
0.81000000 0.00000000 0.12625913 0.10000000 
0.82000000 0.00000000 0.12392476 0.10000000 
0.83000000 0.00000000 0.12178649 0.10000000 
0.84000000 0.00000000 0.11982908 0.10000000 
0.85000000 0.00000000 0.11803834 0.10000000 
0.86000000 0.00000000 0.11640107 0.10000000 
0.87000000 0.00000000 0.11490504 0.10000000 
0.88000000 0.00000000 0.11353888 0.10000000 
0.89000000 0.00000000 0.11229206 0.10000000 
0.90000000 0.00000000 0.11115484 0.10000000 
0.91000000 0.00000000 0.11011819 0.10000000 
0.92000000 0.00000000 0.10917377 0.10000000 
0.93000000 0.00000000 0.10831389 0.10000000 
0.94000000 0.00000000 0.10753142 0.10000000 
0.95000000 0.00000000 0.10681985 0.10000000 
0.96000000 0.00000000 0.10617313 0.10000000 
0.97000000 0.00000000 0.10558574 0.10000000 
0.98000000 0.00000000 0.10505350 0.10000000 
0.99000000 0.00000000 0.10457088 0.10000000 

