-1.00000000 0.00000000 0.19463384 0.10000000 
-0.99000000 0.00000000 0.19270259 0.10000000 
-0.98000000 0.00000000 0.19119437 0.10000000 
-0.97000000 0.00000000 0.19008929 0.10000000 
-0.96000000 0.00000000 0.18939826 0.10000000 
-0.95000000 0.00000000 0.18913194 0.10000000 
-0.94000000 0.00000000 0.18930238 0.10000000 
-0.93000000 0.00000000 0.18992289 0.10000000 
-0.92000000 0.00000000 0.19000682 0.10000000 
-0.91000000 0.00000000 0.19131761 0.10000000 
-0.90000000 0.00000000 0.19304561 0.10000000 
-0.89000000 0.00000000 0.19525589 0.10000000 
-0.88000000 0.00000000 0.19966622 0.10000000 
-0.87000000 0.00000000 0.20311507 0.10000000 
-0.86000000 0.00000000 0.20721783 0.10000000 
-0.85000000 0.00000000 0.21190830 0.10000000 
-0.84000000 0.00000000 0.21720896 0.10000000 
-0.83000000 0.00000000 0.22314196 0.10000000 
-0.82000000 0.00000000 0.22624155 0.10000000 
-0.81000000 0.00000000 0.23344912 0.10000000 
-0.80000000 0.00000000 0.24112574 0.10000000 
-0.79000000 0.00000000 0.24952424 0.10000000 
-0.78000000 0.00000000 0.25864424 0.10000000 
-0.77000000 0.00000000 0.26849055 0.10000000 
-0.76000000 0.00000000 0.28401077 0.10000000 
-0.75000000 0.00000000 0.29560377 0.10000000 
-0.74000000 0.00000000 0.30794055 0.10000000 
-0.73000000 0.00000000 0.32102263 0.10000000 
-0.72000000 0.00000000 0.33485848 0.10000000 
-0.71000000 0.00000000 0.34952003 0.10000000 
-0.70000000 0.00000000 0.36493272 0.10000000 
-0.69000000 0.00000000 0.38111022 0.10000000 
-0.68000000 0.00000000 0.39777998 0.10000000 
-0.67000000 0.00000000 0.41518972 0.10000000 
-0.66000000 0.00000000 0.43333231 0.10000000 
-0.65000000 0.00000000 0.45212574 0.10000000 
-0.64000000 0.00000000 0.47169612 0.10000000 
-0.63000000 0.00000000 0.49206035 0.10000000 
-0.62000000 0.00000000 0.51353927 0.10000000 
-0.61000000 0.00000000 0.53590881 0.10000000 
-0.60000000 0.00000000 0.55919724 0.10000000 
-0.59000000 0.00000000 0.58342563 0.10000000 
-0.58000000 0.00000000 0.59701050 0.10000000 
-0.57000000 0.00000000 0.62363848 0.10000000 
-0.56000000 0.00000000 0.65041244 0.10000000 
-0.55000000 0.00000000 0.67822407 0.10000000 
-0.54000000 0.00000000 0.70699295 0.10000000 
-0.53000000 0.00000000 0.73669705 0.10000000 
-0.52000000 0.00000000 0.77957653 0.10000000 
-0.51000000 0.00000000 0.81082257 0.10000000 
-0.50000000 0.00000000 0.84310879 0.10000000 
-0.49000000 0.00000000 0.87609228 0.10000000 
-0.48000000 0.00000000 0.90971275 0.10000000 
-0.47000000 0.00000000 0.94413453 0.10000000 
-0.46000000 0.00000000 0.97901152 0.10000000 
-0.45000000 0.00000000 1.01430442 0.10000000 
-0.44000000 0.00000000 1.04995234 0.10000000 
-0.43000000 0.00000000 1.08589527 0.10000000 
-0.42000000 0.00000000 1.10666967 0.10000000 
-0.41000000 0.00000000 1.14411599 0.10000000 
-0.40000000 0.00000000 1.19452344 0.10000000 
-0.39000000 0.00000000 1.23088082 0.10000000 
-0.38000000 0.00000000 1.26724058 0.10000000 
-0.37000000 0.00000000 1.30352526 0.10000000 
-0.36000000 0.00000000 1.33965185 0.10000000 
-0.35000000 0.00000000 1.37554340 0.10000000 
-0.34000000 0.00000000 1.41112259 0.10000000 
-0.33000000 0.00000000 1.44631298 0.10000000 
-0.32000000 0.00000000 1.48103967 0.10000000 
-0.31000000 0.00000000 1.51553165 0.10000000 
-0.30000000 0.00000000 1.54933273 0.10000000 
-0.29000000 0.00000000 1.58213698 0.10000000 
-0.28000000 0.00000000 1.61422116 0.10000000 
-0.27000000 0.00000000 1.64552223 0.10000000 
-0.26000000 0.00000000 1.67597976 0.10000000 
-0.25000000 0.00000000 1.70553619 0.10000000 
-0.24000000 0.00000000 1.73413673 0.10000000 
-0.23000000 0.00000000 1.76172950 0.10000000 
-0.22000000 0.00000000 1.78826551 0.10000000 
-0.21000000 0.00000000 1.81369869 0.10000000 
-0.20000000 0.00000000 1.83798002 0.10000000 
-0.19000000 0.00000000 1.86107216 0.10000000 
-0.18000000 0.00000000 1.88294483 0.10000000 
-0.17000000 0.00000000 1.90356256 0.10000000 
-0.16000000 0.00000000 1.92289294 0.10000000 
-0.15000000 0.00000000 1.94090666 0.10000000 
-0.14000000 0.00000000 1.95757768 0.10000000 
-0.13000000 0.00000000 1.97288312 0.10000000 
-0.12000000 0.00000000 1.98680330 0.10000000 
-0.11000000 0.00000000 1.99932174 0.10000000 
-0.10000000 0.00000000 2.01042498 0.10000000 
-0.09000000 0.00000000 2.02010276 0.10000000 
-0.08000000 0.00000000 2.02834771 0.10000000 
-0.07000000 0.00000000 2.03515526 0.10000000 
-0.06000000 0.00000000 2.04052371 0.10000000 
-0.05000000 0.00000000 2.04445412 0.10000000 
-0.04000000 0.00000000 2.04695676 0.10000000 
-0.03000000 0.00000000 2.04804021 0.10000000 
-0.02000000 0.00000000 2.04771621 0.10000000 
-0.01000000 0.00000000 2.04599909 0.10000000 
0.00000000 0.00000000 2.04289880 0.10000000 
0.01000000 0.00000000 2.03843132 0.10000000 
0.02000000 0.00000000 2.03261403 0.10000000 
0.03000000 0.00000000 2.02546548 0.10000000 
0.04000000 0.00000000 2.01700521 0.10000000 
0.05000000 0.00000000 2.00725367 0.10000000 
0.06000000 0.00000000 1.99649401 0.10000000 
0.07000000 0.00000000 1.98452920 0.10000000 
0.08000000 0.00000000 1.97140216 0.10000000 
0.09000000 0.00000000 1.95713832 0.10000000 
0.10000000 0.00000000 1.94149178 0.10000000 
0.11000000 0.00000000 1.92469868 0.10000000 
0.12000000 0.00000000 1.90677928 0.10000000 
0.13000000 0.00000000 1.88775539 0.10000000 
0.14000000 0.00000000 1.86765139 0.10000000 
0.15000000 0.00000000 1.84649528 0.10000000 
0.16000000 0.00000000 1.83473995 0.10000000 
0.17000000 0.00000000 1.81113939 0.10000000 
0.18000000 0.00000000 1.78733312 0.10000000 
0.19000000 0.00000000 1.76255537 0.10000000 
0.20000000 0.00000000 1.72607441 0.10000000 
0.21000000 0.00000000 1.69945346 0.10000000 
0.22000000 0.00000000 1.67212827 0.10000000 
0.23000000 0.00000000 1.64416728 0.10000000 
0.24000000 0.00000000 1.61564100 0.10000000 
0.25000000 0.00000000 1.58662064 0.10000000 
0.26000000 0.00000000 1.55717686 0.10000000 
0.27000000 0.00000000 1.52717426 0.10000000 
0.28000000 0.00000000 1.49693513 0.10000000 
0.29000000 0.00000000 1.46650042 0.10000000 
0.30000000 0.00000000 1.43592685 0.10000000 
0.31000000 0.00000000 1.40547869 0.10000000 
0.32000000 0.00000000 1.37495075 0.10000000 
0.33000000 0.00000000 1.34439301 0.10000000 
0.34000000 0.00000000 1.31385267 0.10000000 
0.35000000 0.00000000 1.28337414 0.10000000 
0.36000000 0.00000000 1.25299902 0.10000000 
0.37000000 0.00000000 1.22276622 0.10000000 
0.38000000 0.00000000 1.19271612 0.10000000 
0.39000000 0.00000000 1.16288080 0.10000000 
0.40000000 0.00000000 1.13329086 0.10000000 
0.41000000 0.00000000 1.10397508 0.10000000 
0.42000000 0.00000000 1.07495639 0.10000000 
0.43000000 0.00000000 1.04626190 0.10000000 
0.44000000 0.00000000 1.01791680 0.10000000 
0.45000000 0.00000000 0.98994440 0.10000000 
0.46000000 0.00000000 0.96236622 0.10000000 
0.47000000 0.00000000 0.93520207 0.10000000 
0.48000000 0.00000000 0.90847012 0.10000000 
0.49000000 0.00000000 0.88218689 0.10000000 
0.50000000 0.00000000 0.85636741 0.10000000 
0.51000000 0.00000000 0.83102527 0.10000000 
0.52000000 0.00000000 0.80617268 0.10000000 
0.53000000 0.00000000 0.78182054 0.10000000 
0.54000000 0.00000000 0.75797839 0.10000000 
0.55000000 0.00000000 0.73465441 0.10000000 
0.56000000 0.00000000 0.71185556 0.10000000 
0.57000000 0.00000000 0.68958756 0.10000000 
0.58000000 0.00000000 0.66785497 0.10000000 
0.59000000 0.00000000 0.64666126 0.10000000 
0.60000000 0.00000000 0.62600884 0.10000000 
0.61000000 0.00000000 0.60589914 0.10000000 
0.62000000 0.00000000 0.58633262 0.10000000 
0.63000000 0.00000000 0.56730889 0.10000000 
0.64000000 0.00000000 0.54882672 0.10000000 
0.65000000 0.00000000 0.53088410 0.10000000 
0.66000000 0.00000000 0.51347832 0.10000000 
0.67000000 0.00000000 0.49660600 0.10000000 
0.68000000 0.00000000 0.48026319 0.10000000 
0.69000000 0.00000000 0.46444536 0.10000000 
0.70000000 0.00000000 0.44914754 0.10000000 
0.71000000 0.00000000 0.43436431 0.10000000 
0.72000000 0.00000000 0.42008989 0.10000000 
0.73000000 0.00000000 0.40631819 0.10000000 
0.74000000 0.00000000 0.39304286 0.10000000 
0.75000000 0.00000000 0.38025735 0.10000000 
0.76000000 0.00000000 0.36795495 0.10000000 
0.77000000 0.00000000 0.35612888 0.10000000 
0.78000000 0.00000000 0.34477231 0.10000000 
0.79000000 0.00000000 0.33387839 0.10000000 
0.80000000 0.00000000 0.32344034 0.10000000 
0.81000000 0.00000000 0.31345147 0.10000000 
0.82000000 0.00000000 0.30390528 0.10000000 
0.83000000 0.00000000 0.29479543 0.10000000 
0.84000000 0.00000000 0.28611589 0.10000000 
0.85000000 0.00000000 0.27786088 0.10000000 
0.86000000 0.00000000 0.27002502 0.10000000 
0.87000000 0.00000000 0.26260333 0.10000000 
0.88000000 0.00000000 0.25559075 0.10000000 
0.89000000 0.00000000 0.24898292 0.10000000 
0.90000000 0.00000000 0.24277588 0.10000000 
0.91000000 0.00000000 0.23696615 0.10000000 
0.92000000 0.00000000 0.23155171 0.10000000 
0.93000000 0.00000000 0.22653066 0.10000000 
0.94000000 0.00000000 0.22190193 0.10000000 
0.95000000 0.00000000 0.21766525 0.10000000 
0.96000000 0.00000000 0.21382125 0.10000000 
0.97000000 0.00000000 0.21037150 0.10000000 
0.98000000 0.00000000 0.20729479 0.10000000 
0.99000000 0.00000000 0.20460733 0.10000000 

