-1.00000000 0.00000000 0.34250834 0.10000000 
-0.99000000 0.00000000 0.34133429 0.10000000 
-0.98000000 0.00000000 0.34068502 0.10000000 
-0.97000000 0.00000000 0.34052561 0.10000000 
-0.96000000 0.00000000 0.34086550 0.10000000 
-0.95000000 0.00000000 0.34171286 0.10000000 
-0.94000000 0.00000000 0.34307630 0.10000000 
-0.93000000 0.00000000 0.34496473 0.10000000 
-0.92000000 0.00000000 0.34574418 0.10000000 
-0.91000000 0.00000000 0.34846844 0.10000000 
-0.90000000 0.00000000 0.35162298 0.10000000 
-0.89000000 0.00000000 0.35531323 0.10000000 
-0.88000000 0.00000000 0.36186625 0.10000000 
-0.87000000 0.00000000 0.36685734 0.10000000 
-0.86000000 0.00000000 0.37252176 0.10000000 
-0.85000000 0.00000000 0.37877287 0.10000000 
-0.84000000 0.00000000 0.38561912 0.10000000 
-0.83000000 0.00000000 0.39306763 0.10000000 
-0.82000000 0.00000000 0.39709488 0.10000000 
-0.81000000 0.00000000 0.40580725 0.10000000 
-0.80000000 0.00000000 0.41487996 0.10000000 
-0.79000000 0.00000000 0.42458319 0.10000000 
-0.78000000 0.00000000 0.43489556 0.10000000 
-0.77000000 0.00000000 0.44580400 0.10000000 
-0.76000000 0.00000000 0.46233775 0.10000000 
-0.75000000 0.00000000 0.47456404 0.10000000 
-0.74000000 0.00000000 0.48733830 0.10000000 
-0.73000000 0.00000000 0.50064183 0.10000000 
-0.72000000 0.00000000 0.51446082 0.10000000 
-0.71000000 0.00000000 0.52885726 0.10000000 
-0.70000000 0.00000000 0.54372037 0.10000000 
-0.69000000 0.00000000 0.55904446 0.10000000 
-0.68000000 0.00000000 0.57460317 0.10000000 
-0.67000000 0.00000000 0.59057303 0.10000000 
-0.66000000 0.00000000 0.60693323 0.10000000 
-0.65000000 0.00000000 0.62358198 0.10000000 
-0.64000000 0.00000000 0.64063369 0.10000000 
-0.63000000 0.00000000 0.65808819 0.10000000 
-0.62000000 0.00000000 0.67616193 0.10000000 
-0.61000000 0.00000000 0.69468405 0.10000000 
-0.60000000 0.00000000 0.71366399 0.10000000 
-0.59000000 0.00000000 0.73310831 0.10000000 
-0.58000000 0.00000000 0.74420125 0.10000000 
-0.57000000 0.00000000 0.76506952 0.10000000 
-0.56000000 0.00000000 0.78576665 0.10000000 
-0.55000000 0.00000000 0.80697581 0.10000000 
-0.54000000 0.00000000 0.82863051 0.10000000 
-0.53000000 0.00000000 0.85071138 0.10000000 
-0.52000000 0.00000000 0.88188476 0.10000000 
-0.51000000 0.00000000 0.90450690 0.10000000 
-0.50000000 0.00000000 0.92760244 0.10000000 
-0.49000000 0.00000000 0.95094875 0.10000000 
-0.48000000 0.00000000 0.97450371 0.10000000 
-0.47000000 0.00000000 0.99839743 0.10000000 
-0.46000000 0.00000000 1.02237029 0.10000000 
-0.45000000 0.00000000 1.04640076 0.10000000 
-0.44000000 0.00000000 1.07045195 0.10000000 
-0.43000000 0.00000000 1.09448898 0.10000000 
-0.42000000 0.00000000 1.10851249 0.10000000 
-0.41000000 0.00000000 1.13319451 0.10000000 
-0.40000000 0.00000000 1.16591177 0.10000000 
-0.39000000 0.00000000 1.18945384 0.10000000 
-0.38000000 0.00000000 1.21283249 0.10000000 
-0.37000000 0.00000000 1.23600707 0.10000000 
-0.36000000 0.00000000 1.25893359 0.10000000 
-0.35000000 0.00000000 1.28157350 0.10000000 
-0.34000000 0.00000000 1.30388847 0.10000000 
-0.33000000 0.00000000 1.32584118 0.10000000 
-0.32000000 0.00000000 1.34739565 0.10000000 
-0.31000000 0.00000000 1.36871259 0.10000000 
-0.30000000 0.00000000 1.38950875 0.10000000 
-0.29000000 0.00000000 1.40960285 0.10000000 
-0.28000000 0.00000000 1.42918436 0.10000000 
-0.27000000 0.00000000 1.44822536 0.10000000 
-0.26000000 0.00000000 1.46669950 0.10000000 
-0.25000000 0.00000000 1.48458211 0.10000000 
-0.24000000 0.00000000 1.50185005 0.10000000 
-0.23000000 0.00000000 1.51848170 0.10000000 
-0.22000000 0.00000000 1.53445694 0.10000000 
-0.21000000 0.00000000 1.54975708 0.10000000 
-0.20000000 0.00000000 1.56436097 0.10000000 
-0.19000000 0.00000000 1.57825450 0.10000000 
-0.18000000 0.00000000 1.59142742 0.10000000 
-0.17000000 0.00000000 1.60386551 0.10000000 
-0.16000000 0.00000000 1.61555586 0.10000000 
-0.15000000 0.00000000 1.62648680 0.10000000 
-0.14000000 0.00000000 1.63664802 0.10000000 
-0.13000000 0.00000000 1.64603044 0.10000000 
-0.12000000 0.00000000 1.65462623 0.10000000 
-0.11000000 0.00000000 1.66242882 0.10000000 
-0.10000000 0.00000000 1.66943273 0.10000000 
-0.09000000 0.00000000 1.67563370 0.10000000 
-0.08000000 0.00000000 1.68102855 0.10000000 
-0.07000000 0.00000000 1.68561502 0.10000000 
-0.06000000 0.00000000 1.68939192 0.10000000 
-0.05000000 0.00000000 1.69235902 0.10000000 
-0.04000000 0.00000000 1.69452077 0.10000000 
-0.03000000 0.00000000 1.69588014 0.10000000 
-0.02000000 0.00000000 1.69644136 0.10000000 
-0.01000000 0.00000000 1.69620964 0.10000000 
0.00000000 0.00000000 1.69518705 0.10000000 
0.01000000 0.00000000 1.69337871 0.10000000 
0.02000000 0.00000000 1.69079007 0.10000000 
0.03000000 0.00000000 1.68742684 0.10000000 
0.04000000 0.00000000 1.68329488 0.10000000 
0.05000000 0.00000000 1.67840023 0.10000000 
0.06000000 0.00000000 1.67290033 0.10000000 
0.07000000 0.00000000 1.66667648 0.10000000 
0.08000000 0.00000000 1.65974704 0.10000000 
0.09000000 0.00000000 1.65212021 0.10000000 
0.10000000 0.00000000 1.64364200 0.10000000 
0.11000000 0.00000000 1.63444452 0.10000000 
0.12000000 0.00000000 1.62453208 0.10000000 
0.13000000 0.00000000 1.61390982 0.10000000 
0.14000000 0.00000000 1.60258434 0.10000000 
0.15000000 0.00000000 1.59056434 0.10000000 
0.16000000 0.00000000 1.58395016 0.10000000 
0.17000000 0.00000000 1.57037432 0.10000000 
0.18000000 0.00000000 1.55657344 0.10000000 
0.19000000 0.00000000 1.54209818 0.10000000 
0.20000000 0.00000000 1.52046552 0.10000000 
0.21000000 0.00000000 1.50461788 0.10000000 
0.22000000 0.00000000 1.48822905 0.10000000 
0.23000000 0.00000000 1.47133305 0.10000000 
0.24000000 0.00000000 1.45396551 0.10000000 
0.25000000 0.00000000 1.43616286 0.10000000 
0.26000000 0.00000000 1.41796169 0.10000000 
0.27000000 0.00000000 1.39927878 0.10000000 
0.28000000 0.00000000 1.38029726 0.10000000 
0.29000000 0.00000000 1.36103807 0.10000000 
0.30000000 0.00000000 1.34153167 0.10000000 
0.31000000 0.00000000 1.32193416 0.10000000 
0.32000000 0.00000000 1.30212057 0.10000000 
0.33000000 0.00000000 1.28211885 0.10000000 
0.34000000 0.00000000 1.26195581 0.10000000 
0.35000000 0.00000000 1.24165719 0.10000000 
0.36000000 0.00000000 1.22124759 0.10000000 
0.37000000 0.00000000 1.20075061 0.10000000 
0.38000000 0.00000000 1.18019115 0.10000000 
0.39000000 0.00000000 1.15958987 0.10000000 
0.40000000 0.00000000 1.13896704 0.10000000 
0.41000000 0.00000000 1.11834235 0.10000000 
0.42000000 0.00000000 1.09773245 0.10000000 
0.43000000 0.00000000 1.07715702 0.10000000 
0.44000000 0.00000000 1.05663503 0.10000000 
0.45000000 0.00000000 1.03618482 0.10000000 
0.46000000 0.00000000 1.01582409 0.10000000 
0.47000000 0.00000000 0.99556995 0.10000000 
0.48000000 0.00000000 0.97543892 0.10000000 
0.49000000 0.00000000 0.95544693 0.10000000 
0.50000000 0.00000000 0.93560938 0.10000000 
0.51000000 0.00000000 0.91594117 0.10000000 
0.52000000 0.00000000 0.89645668 0.10000000 
0.53000000 0.00000000 0.87716979 0.10000000 
0.54000000 0.00000000 0.85809388 0.10000000 
0.55000000 0.00000000 0.83924177 0.10000000 
0.56000000 0.00000000 0.82062576 0.10000000 
0.57000000 0.00000000 0.80225764 0.10000000 
0.58000000 0.00000000 0.78414871 0.10000000 
0.59000000 0.00000000 0.76630976 0.10000000 
0.60000000 0.00000000 0.74875111 0.10000000 
0.61000000 0.00000000 0.73148263 0.10000000 
0.62000000 0.00000000 0.71451372 0.10000000 
0.63000000 0.00000000 0.69785335 0.10000000 
0.64000000 0.00000000 0.68151004 0.10000000 
0.65000000 0.00000000 0.66549192 0.10000000 
0.66000000 0.00000000 0.64980673 0.10000000 
0.67000000 0.00000000 0.63446179 0.10000000 
0.68000000 0.00000000 0.61946411 0.10000000 
0.69000000 0.00000000 0.60482031 0.10000000 
0.70000000 0.00000000 0.59053670 0.10000000 
0.71000000 0.00000000 0.57661927 0.10000000 
0.72000000 0.00000000 0.56307372 0.10000000 
0.73000000 0.00000000 0.54990546 0.10000000 
0.74000000 0.00000000 0.53711964 0.10000000 
0.75000000 0.00000000 0.52472117 0.10000000 
0.76000000 0.00000000 0.51271473 0.10000000 
0.77000000 0.00000000 0.50110480 0.10000000 
0.78000000 0.00000000 0.48989564 0.10000000 
0.79000000 0.00000000 0.47909132 0.10000000 
0.80000000 0.00000000 0.46869574 0.10000000 
0.81000000 0.00000000 0.45871263 0.10000000 
0.82000000 0.00000000 0.44914561 0.10000000 
0.83000000 0.00000000 0.43999815 0.10000000 
0.84000000 0.00000000 0.43127368 0.10000000 
0.85000000 0.00000000 0.42297549 0.10000000 
0.86000000 0.00000000 0.41510688 0.10000000 
0.87000000 0.00000000 0.40767107 0.10000000 
0.88000000 0.00000000 0.40067039 0.10000000 
0.89000000 0.00000000 0.39410758 0.10000000 
0.90000000 0.00000000 0.38798524 0.10000000 
0.91000000 0.00000000 0.38230591 0.10000000 
0.92000000 0.00000000 0.37707340 0.10000000 
0.93000000 0.00000000 0.37229085 0.10000000 
0.94000000 0.00000000 0.36796159 0.10000000 
0.95000000 0.00000000 0.36408922 0.10000000 
0.96000000 0.00000000 0.36067760 0.10000000 
0.97000000 0.00000000 0.35773094 0.10000000 
0.98000000 0.00000000 0.35521430 0.10000000 
0.99000000 0.00000000 0.35315800 0.10000000 

