-1.00000000 0.00000000 0.14857147 0.10000000 
-0.99000000 0.00000000 0.14668233 0.10000000 
-0.98000000 0.00000000 0.14507690 0.10000000 
-0.97000000 0.00000000 0.14374519 0.10000000 
-0.96000000 0.00000000 0.14269406 0.10000000 
-0.95000000 0.00000000 0.14193095 0.10000000 
-0.94000000 0.00000000 0.14146506 0.10000000 
-0.93000000 0.00000000 0.14130736 0.10000000 
-0.92000000 0.00000000 0.14102605 0.10000000 
-0.91000000 0.00000000 0.14132594 0.10000000 
-0.90000000 0.00000000 0.14193623 0.10000000 
-0.89000000 0.00000000 0.14288686 0.10000000 
-0.88000000 0.00000000 0.14518368 0.10000000 
-0.87000000 0.00000000 0.14704939 0.10000000 
-0.86000000 0.00000000 0.14940986 0.10000000 
-0.85000000 0.00000000 0.15222604 0.10000000 
-0.84000000 0.00000000 0.15552541 0.10000000 
-0.83000000 0.00000000 0.15933639 0.10000000 
-0.82000000 0.00000000 0.16125400 0.10000000 
-0.81000000 0.00000000 0.16606921 0.10000000 
-0.80000000 0.00000000 0.17132249 0.10000000 
-0.79000000 0.00000000 0.17720635 0.10000000 
-0.78000000 0.00000000 0.18373888 0.10000000 
-0.77000000 0.00000000 0.19094011 0.10000000 
-0.76000000 0.00000000 0.20274802 0.10000000 
-0.75000000 0.00000000 0.21166862 0.10000000 
-0.74000000 0.00000000 0.22133889 0.10000000 
-0.73000000 0.00000000 0.23178148 0.10000000 
-0.72000000 0.00000000 0.24302769 0.10000000 
-0.71000000 0.00000000 0.25515165 0.10000000 
-0.70000000 0.00000000 0.26812855 0.10000000 
-0.69000000 0.00000000 0.28199383 0.10000000 
-0.68000000 0.00000000 0.29648664 0.10000000 
-0.67000000 0.00000000 0.31188329 0.10000000 
-0.66000000 0.00000000 0.32819853 0.10000000 
-0.65000000 0.00000000 0.34539285 0.10000000 
-0.64000000 0.00000000 0.36358880 0.10000000 
-0.63000000 0.00000000 0.38282548 0.10000000 
-0.62000000 0.00000000 0.40348263 0.10000000 
-0.61000000 0.00000000 0.42533082 0.10000000 
-0.60000000 0.00000000 0.44842231 0.10000000 
-0.59000000 0.00000000 0.47279920 0.10000000 
-0.58000000 0.00000000 0.48624070 0.10000000 
-0.57000000 0.00000000 0.51362130 0.10000000 
-0.56000000 0.00000000 0.54151338 0.10000000 
-0.55000000 0.00000000 0.57085919 0.10000000 
-0.54000000 0.00000000 0.60159037 0.10000000 
-0.53000000 0.00000000 0.63369662 0.10000000 
-0.52000000 0.00000000 0.68102471 0.10000000 
-0.51000000 0.00000000 0.71565803 0.10000000 
-0.50000000 0.00000000 0.75185766 0.10000000 
-0.49000000 0.00000000 0.78921109 0.10000000 
-0.48000000 0.00000000 0.82765739 0.10000000 
-0.47000000 0.00000000 0.86737023 0.10000000 
-0.46000000 0.00000000 0.90798619 0.10000000 
-0.45000000 0.00000000 0.94945836 0.10000000 
-0.44000000 0.00000000 0.99171486 0.10000000 
-0.43000000 0.00000000 1.03468202 0.10000000 
-0.42000000 0.00000000 1.05928846 0.10000000 
-0.41000000 0.00000000 1.10466538 0.10000000 
-0.40000000 0.00000000 1.16666559 0.10000000 
-0.39000000 0.00000000 1.21149549 0.10000000 
-0.38000000 0.00000000 1.25663480 0.10000000 
-0.37000000 0.00000000 1.30197561 0.10000000 
-0.36000000 0.00000000 1.34740203 0.10000000 
-0.35000000 0.00000000 1.39280262 0.10000000 
-0.34000000 0.00000000 1.43806408 0.10000000 
-0.33000000 0.00000000 1.48307281 0.10000000 
-0.32000000 0.00000000 1.52771598 0.10000000 
-0.31000000 0.00000000 1.57225463 0.10000000 
-0.30000000 0.00000000 1.61610624 0.10000000 
-0.29000000 0.00000000 1.65886391 0.10000000 
-0.28000000 0.00000000 1.70084992 0.10000000 
-0.27000000 0.00000000 1.74196301 0.10000000 
-0.26000000 0.00000000 1.78210500 0.10000000 
-0.25000000 0.00000000 1.82118120 0.10000000 
-0.24000000 0.00000000 1.85910057 0.10000000 
-0.23000000 0.00000000 1.89577600 0.10000000 
-0.22000000 0.00000000 1.93112450 0.10000000 
-0.21000000 0.00000000 1.96506735 0.10000000 
-0.20000000 0.00000000 1.99752300 0.10000000 
-0.19000000 0.00000000 2.02842525 0.10000000 
-0.18000000 0.00000000 2.05771781 0.10000000 
-0.17000000 0.00000000 2.08533907 0.10000000 
-0.16000000 0.00000000 2.11123253 0.10000000 
-0.15000000 0.00000000 2.13534687 0.10000000 
-0.14000000 0.00000000 2.15763632 0.10000000 
-0.13000000 0.00000000 2.17806054 0.10000000 
-0.12000000 0.00000000 2.19658478 0.10000000 
-0.11000000 0.00000000 2.21317985 0.10000000 
-0.10000000 0.00000000 2.22782196 0.10000000 
-0.09000000 0.00000000 2.24049293 0.10000000 
-0.08000000 0.00000000 2.25117987 0.10000000 
-0.07000000 0.00000000 2.25987498 0.10000000 
-0.06000000 0.00000000 2.26657565 0.10000000 
-0.05000000 0.00000000 2.27128428 0.10000000 
-0.04000000 0.00000000 2.27401692 0.10000000 
-0.03000000 0.00000000 2.27478853 0.10000000 
-0.02000000 0.00000000 2.27361940 0.10000000 
-0.01000000 0.00000000 2.27053443 0.10000000 
0.00000000 0.00000000 2.26555379 0.10000000 
0.01000000 0.00000000 2.25870665 0.10000000 
0.02000000 0.00000000 2.25002497 0.10000000 
0.03000000 0.00000000 2.23954307 0.10000000 
0.04000000 0.00000000 2.22729732 0.10000000 
0.05000000 0.00000000 2.21332596 0.10000000 
0.06000000 0.00000000 2.19801895 0.10000000 
0.07000000 0.00000000 2.18112243 0.10000000 
0.08000000 0.00000000 2.16270573 0.10000000 
0.09000000 0.00000000 2.14281484 0.10000000 
0.10000000 0.00000000 2.12114144 0.10000000 
0.11000000 0.00000000 2.09800947 0.10000000 
0.12000000 0.00000000 2.07345897 0.10000000 
0.13000000 0.00000000 2.04753203 0.10000000 
0.14000000 0.00000000 2.02027397 0.10000000 
0.15000000 0.00000000 1.99173470 0.10000000 
0.16000000 0.00000000 1.97578230 0.10000000 
0.17000000 0.00000000 1.94418447 0.10000000 
0.18000000 0.00000000 1.91246806 0.10000000 
0.19000000 0.00000000 1.87962085 0.10000000 
0.20000000 0.00000000 1.83173234 0.10000000 
0.21000000 0.00000000 1.79687669 0.10000000 
0.22000000 0.00000000 1.76127756 0.10000000 
0.23000000 0.00000000 1.72503372 0.10000000 
0.24000000 0.00000000 1.68824576 0.10000000 
0.25000000 0.00000000 1.65101432 0.10000000 
0.26000000 0.00000000 1.61343842 0.10000000 
0.27000000 0.00000000 1.57534266 0.10000000 
0.28000000 0.00000000 1.53715984 0.10000000 
0.29000000 0.00000000 1.49894630 0.10000000 
0.30000000 0.00000000 1.46077854 0.10000000 
0.31000000 0.00000000 1.42300165 0.10000000 
0.32000000 0.00000000 1.38534819 0.10000000 
0.33000000 0.00000000 1.34788329 0.10000000 
0.34000000 0.00000000 1.31066752 0.10000000 
0.35000000 0.00000000 1.27375690 0.10000000 
0.36000000 0.00000000 1.23720290 0.10000000 
0.37000000 0.00000000 1.20105268 0.10000000 
0.38000000 0.00000000 1.16535457 0.10000000 
0.39000000 0.00000000 1.13014520 0.10000000 
0.40000000 0.00000000 1.09545858 0.10000000 
0.41000000 0.00000000 1.06132572 0.10000000 
0.42000000 0.00000000 1.02776938 0.10000000 
0.43000000 0.00000000 0.99481732 0.10000000 
0.44000000 0.00000000 0.96249423 0.10000000 
0.45000000 0.00000000 0.93082191 0.10000000 
0.46000000 0.00000000 0.89981942 0.10000000 
0.47000000 0.00000000 0.86950325 0.10000000 
0.48000000 0.00000000 0.83988741 0.10000000 
0.49000000 0.00000000 0.81098351 0.10000000 
0.50000000 0.00000000 0.78280104 0.10000000 
0.51000000 0.00000000 0.75534742 0.10000000 
0.52000000 0.00000000 0.72862815 0.10000000 
0.53000000 0.00000000 0.70264695 0.10000000 
0.54000000 0.00000000 0.67740572 0.10000000 
0.55000000 0.00000000 0.65290462 0.10000000 
0.56000000 0.00000000 0.62914220 0.10000000 
0.57000000 0.00000000 0.60611549 0.10000000 
0.58000000 0.00000000 0.58382012 0.10000000 
0.59000000 0.00000000 0.56225040 0.10000000 
0.60000000 0.00000000 0.54139942 0.10000000 
0.61000000 0.00000000 0.52125915 0.10000000 
0.62000000 0.00000000 0.50182054 0.10000000 
0.63000000 0.00000000 0.48307359 0.10000000 
0.64000000 0.00000000 0.46500744 0.10000000 
0.65000000 0.00000000 0.44761048 0.10000000 
0.66000000 0.00000000 0.43087039 0.10000000 
0.67000000 0.00000000 0.41477428 0.10000000 
0.68000000 0.00000000 0.39930872 0.10000000 
0.69000000 0.00000000 0.38445984 0.10000000 
0.70000000 0.00000000 0.37021342 0.10000000 
0.71000000 0.00000000 0.35655491 0.10000000 
0.72000000 0.00000000 0.34346956 0.10000000 
0.73000000 0.00000000 0.33094244 0.10000000 
0.74000000 0.00000000 0.31895855 0.10000000 
0.75000000 0.00000000 0.30750282 0.10000000 
0.76000000 0.00000000 0.29656023 0.10000000 
0.77000000 0.00000000 0.28611584 0.10000000 
0.78000000 0.00000000 0.27615485 0.10000000 
0.79000000 0.00000000 0.26666264 0.10000000 
0.80000000 0.00000000 0.25762482 0.10000000 
0.81000000 0.00000000 0.24902733 0.10000000 
0.82000000 0.00000000 0.24085640 0.10000000 
0.83000000 0.00000000 0.23309869 0.10000000 
0.84000000 0.00000000 0.22574127 0.10000000 
0.85000000 0.00000000 0.21877172 0.10000000 
0.86000000 0.00000000 0.21217814 0.10000000 
0.87000000 0.00000000 0.20594919 0.10000000 
0.88000000 0.00000000 0.20007401 0.10000000 
0.89000000 0.00000000 0.19454237 0.10000000 
0.90000000 0.00000000 0.18934474 0.10000000 
0.91000000 0.00000000 0.18447224 0.10000000 
0.92000000 0.00000000 0.17991722 0.10000000 
0.93000000 0.00000000 0.17567264 0.10000000 
0.94000000 0.00000000 0.17173239 0.10000000 
0.95000000 0.00000000 0.16809134 0.10000000 
0.96000000 0.00000000 0.16474544 0.10000000 
0.97000000 0.00000000 0.16169173 0.10000000 
0.98000000 0.00000000 0.15891808 0.10000000 
0.99000000 0.00000000 0.15642733 0.10000000 

