-1.00000000 0.00000000 0.11316492 0.10000000 
-0.99000000 0.00000000 0.11216194 0.10000000 
-0.98000000 0.00000000 0.11125477 0.10000000 
-0.97000000 0.00000000 0.11043935 0.10000000 
-0.96000000 0.00000000 0.10971339 0.10000000 
-0.95000000 0.00000000 0.10907530 0.10000000 
-0.94000000 0.00000000 0.10852459 0.10000000 
-0.93000000 0.00000000 0.10806185 0.10000000 
-0.92000000 0.00000000 0.10774100 0.10000000 
-0.91000000 0.00000000 0.10740072 0.10000000 
-0.90000000 0.00000000 0.10715671 0.10000000 
-0.89000000 0.00000000 0.10700491 0.10000000 
-0.88000000 0.00000000 0.10706728 0.10000000 
-0.87000000 0.00000000 0.10717756 0.10000000 
-0.86000000 0.00000000 0.10743744 0.10000000 
-0.85000000 0.00000000 0.10784230 0.10000000 
-0.84000000 0.00000000 0.10840817 0.10000000 
-0.83000000 0.00000000 0.10915330 0.10000000 
-0.82000000 0.00000000 0.10947643 0.10000000 
-0.81000000 0.00000000 0.11055835 0.10000000 
-0.80000000 0.00000000 0.11183915 0.10000000 
-0.79000000 0.00000000 0.11338553 0.10000000 
-0.78000000 0.00000000 0.11522470 0.10000000 
-0.77000000 0.00000000 0.11738331 0.10000000 
-0.76000000 0.00000000 0.12135266 0.10000000 
-0.75000000 0.00000000 0.12447139 0.10000000 
-0.74000000 0.00000000 0.12803939 0.10000000 
-0.73000000 0.00000000 0.13210065 0.10000000 
-0.72000000 0.00000000 0.13671062 0.10000000 
-0.71000000 0.00000000 0.14193632 0.10000000 
-0.70000000 0.00000000 0.14782626 0.10000000 
-0.69000000 0.00000000 0.15444737 0.10000000 
-0.68000000 0.00000000 0.16163965 0.10000000 
-0.67000000 0.00000000 0.16965577 0.10000000 
-0.66000000 0.00000000 0.17855689 0.10000000 
-0.65000000 0.00000000 0.18839566 0.10000000 
-0.64000000 0.00000000 0.19928569 0.10000000 
-0.63000000 0.00000000 0.21131690 0.10000000 
-0.62000000 0.00000000 0.22491420 0.10000000 
-0.61000000 0.00000000 0.23992157 0.10000000 
-0.60000000 0.00000000 0.25645703 0.10000000 
-0.59000000 0.00000000 0.27462839 0.10000000 
-0.58000000 0.00000000 0.28419224 0.10000000 
-0.57000000 0.00000000 0.30578356 0.10000000 
-0.56000000 0.00000000 0.32859727 0.10000000 
-0.55000000 0.00000000 0.35346133 0.10000000 
-0.54000000 0.00000000 0.38040127 0.10000000 
-0.53000000 0.00000000 0.40948478 0.10000000 
-0.52000000 0.00000000 0.45491923 0.10000000 
-0.51000000 0.00000000 0.48862095 0.10000000 
-0.50000000 0.00000000 0.52502372 0.10000000 
-0.49000000 0.00000000 0.56366202 0.10000000 
-0.48000000 0.00000000 0.60453731 0.10000000 
-0.47000000 0.00000000 0.64784020 0.10000000 
-0.46000000 0.00000000 0.69331365 0.10000000 
-0.45000000 0.00000000 0.74094432 0.10000000 
-0.44000000 0.00000000 0.79068914 0.10000000 
-0.43000000 0.00000000 0.84249244 0.10000000 
-0.42000000 0.00000000 0.87136375 0.10000000 
-0.41000000 0.00000000 0.92813691 0.10000000 
-0.40000000 0.00000000 1.00908327 0.10000000 
-0.39000000 0.00000000 1.06808113 0.10000000 
-0.38000000 0.00000000 1.12864657 0.10000000 
-0.37000000 0.00000000 1.19062100 0.10000000 
-0.36000000 0.00000000 1.25382738 0.10000000 
-0.35000000 0.00000000 1.31808129 0.10000000 
-0.34000000 0.00000000 1.38318686 0.10000000 
-0.33000000 0.00000000 1.44893917 0.10000000 
-0.32000000 0.00000000 1.51512621 0.10000000 
-0.31000000 0.00000000 1.58201844 0.10000000 
-0.30000000 0.00000000 1.64878503 0.10000000 
-0.29000000 0.00000000 1.71478269 0.10000000 
-0.28000000 0.00000000 1.78035941 0.10000000 
-0.27000000 0.00000000 1.84528938 0.10000000 
-0.26000000 0.00000000 1.90934734 0.10000000 
-0.25000000 0.00000000 1.97231004 0.10000000 
-0.24000000 0.00000000 2.03395748 0.10000000 
-0.23000000 0.00000000 2.09407428 0.10000000 
-0.22000000 0.00000000 2.15245082 0.10000000 
-0.21000000 0.00000000 2.20888447 0.10000000 
-0.20000000 0.00000000 2.26317112 0.10000000 
-0.19000000 0.00000000 2.31512963 0.10000000 
-0.18000000 0.00000000 2.36459644 0.10000000 
-0.17000000 0.00000000 2.41140531 0.10000000 
-0.16000000 0.00000000 2.45540212 0.10000000 
-0.15000000 0.00000000 2.49644563 0.10000000 
-0.14000000 0.00000000 2.53440851 0.10000000 
-0.13000000 0.00000000 2.56917770 0.10000000 
-0.12000000 0.00000000 2.60065498 0.10000000 
-0.11000000 0.00000000 2.62875725 0.10000000 
-0.10000000 0.00000000 2.65341650 0.10000000 
-0.09000000 0.00000000 2.67458021 0.10000000 
-0.08000000 0.00000000 2.69221100 0.10000000 
-0.07000000 0.00000000 2.70628631 0.10000000 
-0.06000000 0.00000000 2.71679839 0.10000000 
-0.05000000 0.00000000 2.72375383 0.10000000 
-0.04000000 0.00000000 2.72718752 0.10000000 
-0.03000000 0.00000000 2.72713795 0.10000000 
-0.02000000 0.00000000 2.72365769 0.10000000 
-0.01000000 0.00000000 2.71681167 0.10000000 
0.00000000 0.00000000 2.70666240 0.10000000 
0.01000000 0.00000000 2.69329092 0.10000000 
0.02000000 0.00000000 2.67678645 0.10000000 
0.03000000 0.00000000 2.65724531 0.10000000 
0.04000000 0.00000000 2.63476994 0.10000000 
0.05000000 0.00000000 2.60946800 0.10000000 
0.06000000 0.00000000 2.58201169 0.10000000 
0.07000000 0.00000000 2.55203597 0.10000000 
0.08000000 0.00000000 2.51970098 0.10000000 
0.09000000 0.00000000 2.48512898 0.10000000 
0.10000000 0.00000000 2.44790318 0.10000000 
0.11000000 0.00000000 2.40857567 0.10000000 
0.12000000 0.00000000 2.36725951 0.10000000 
0.13000000 0.00000000 2.32406954 0.10000000 
0.14000000 0.00000000 2.27912397 0.10000000 
0.15000000 0.00000000 2.23254605 0.10000000 
0.16000000 0.00000000 2.20618835 0.10000000 
0.17000000 0.00000000 2.15541434 0.10000000 
0.18000000 0.00000000 2.10497405 0.10000000 
0.19000000 0.00000000 2.05328121 0.10000000 
0.20000000 0.00000000 1.97948907 0.10000000 
0.21000000 0.00000000 1.92606086 0.10000000 
0.22000000 0.00000000 1.87207635 0.10000000 
0.23000000 0.00000000 1.81770884 0.10000000 
0.24000000 0.00000000 1.76313051 0.10000000 
0.25000000 0.00000000 1.70850968 0.10000000 
0.26000000 0.00000000 1.65400820 0.10000000 
0.27000000 0.00000000 1.59935148 0.10000000 
0.28000000 0.00000000 1.54522615 0.10000000 
0.29000000 0.00000000 1.49171405 0.10000000 
0.30000000 0.00000000 1.43892634 0.10000000 
0.31000000 0.00000000 1.38737459 0.10000000 
0.32000000 0.00000000 1.33663987 0.10000000 
0.33000000 0.00000000 1.28680728 0.10000000 
0.34000000 0.00000000 1.23795211 0.10000000 
0.35000000 0.00000000 1.19014005 0.10000000 
0.36000000 0.00000000 1.14342753 0.10000000 
0.37000000 0.00000000 1.09786216 0.10000000 
0.38000000 0.00000000 1.05349177 0.10000000 
0.39000000 0.00000000 1.01034407 0.10000000 
0.40000000 0.00000000 0.96844152 0.10000000 
0.41000000 0.00000000 0.92780084 0.10000000 
0.42000000 0.00000000 0.88842539 0.10000000 
0.43000000 0.00000000 0.85032541 0.10000000 
0.44000000 0.00000000 0.81350594 0.10000000 
0.45000000 0.00000000 0.77796732 0.10000000 
0.46000000 0.00000000 0.74370554 0.10000000 
0.47000000 0.00000000 0.71071275 0.10000000 
0.48000000 0.00000000 0.67897756 0.10000000 
0.49000000 0.00000000 0.64848531 0.10000000 
0.50000000 0.00000000 0.61921862 0.10000000 
0.51000000 0.00000000 0.59115769 0.10000000 
0.52000000 0.00000000 0.56428055 0.10000000 
0.53000000 0.00000000 0.53856344 0.10000000 
0.54000000 0.00000000 0.51398081 0.10000000 
0.55000000 0.00000000 0.49050555 0.10000000 
0.56000000 0.00000000 0.46810928 0.10000000 
0.57000000 0.00000000 0.44676247 0.10000000 
0.58000000 0.00000000 0.42643477 0.10000000 
0.59000000 0.00000000 0.40709508 0.10000000 
0.60000000 0.00000000 0.38871182 0.10000000 
0.61000000 0.00000000 0.37125304 0.10000000 
0.62000000 0.00000000 0.35468655 0.10000000 
0.63000000 0.00000000 0.33898013 0.10000000 
0.64000000 0.00000000 0.32410157 0.10000000 
0.65000000 0.00000000 0.31001884 0.10000000 
0.66000000 0.00000000 0.29670016 0.10000000 
0.67000000 0.00000000 0.28411414 0.10000000 
0.68000000 0.00000000 0.27222981 0.10000000 
0.69000000 0.00000000 0.26101674 0.10000000 
0.70000000 0.00000000 0.25044509 0.10000000 
0.71000000 0.00000000 0.24048566 0.10000000 
0.72000000 0.00000000 0.23110996 0.10000000 
0.73000000 0.00000000 0.22229023 0.10000000 
0.74000000 0.00000000 0.21399948 0.10000000 
0.75000000 0.00000000 0.20621156 0.10000000 
0.76000000 0.00000000 0.19890110 0.10000000 
0.77000000 0.00000000 0.19204362 0.10000000 
0.78000000 0.00000000 0.18561548 0.10000000 
0.79000000 0.00000000 0.17959391 0.10000000 
0.80000000 0.00000000 0.17395702 0.10000000 
0.81000000 0.00000000 0.16868378 0.10000000 
0.82000000 0.00000000 0.16375405 0.10000000 
0.83000000 0.00000000 0.15914855 0.10000000 
0.84000000 0.00000000 0.15484884 0.10000000 
0.85000000 0.00000000 0.15083737 0.10000000 
0.86000000 0.00000000 0.14709740 0.10000000 
0.87000000 0.00000000 0.14361303 0.10000000 
0.88000000 0.00000000 0.14036921 0.10000000 
0.89000000 0.00000000 0.13735167 0.10000000 
0.90000000 0.00000000 0.13454690 0.10000000 
0.91000000 0.00000000 0.13194218 0.10000000 
0.92000000 0.00000000 0.12952560 0.10000000 
0.93000000 0.00000000 0.12728598 0.10000000 
0.94000000 0.00000000 0.12521293 0.10000000 
0.95000000 0.00000000 0.12329683 0.10000000 
0.96000000 0.00000000 0.12152881 0.10000000 
0.97000000 0.00000000 0.11990082 0.10000000 
0.98000000 0.00000000 0.11840688 0.10000000 
0.99000000 0.00000000 0.11703812 0.10000000 

