-1.00000000 0.00000000 0.10552096 0.10000000 
-0.99000000 0.00000000 0.10507701 0.10000000 
-0.98000000 0.00000000 0.10466813 0.10000000 
-0.97000000 0.00000000 0.10429169 0.10000000 
-0.96000000 0.00000000 0.10394527 0.10000000 
-0.95000000 0.00000000 0.10362663 0.10000000 
-0.94000000 0.00000000 0.10333377 0.10000000 
-0.93000000 0.00000000 0.10306482 0.10000000 
-0.92000000 0.00000000 0.10281811 0.10000000 
-0.91000000 0.00000000 0.10259220 0.10000000 
-0.90000000 0.00000000 0.10238580 0.10000000 
-0.89000000 0.00000000 0.10219783 0.10000000 
-0.88000000 0.00000000 0.10202751 0.10000000 
-0.87000000 0.00000000 0.10187406 0.10000000 
-0.86000000 0.00000000 0.10173717 0.10000000 
-0.85000000 0.00000000 0.10161678 0.10000000 
-0.84000000 0.00000000 0.10151314 0.10000000 
-0.83000000 0.00000000 0.10142695 0.10000000 
-0.82000000 0.00000000 0.10135909 0.10000000 
-0.81000000 0.00000000 0.10131173 0.10000000 
-0.80000000 0.00000000 0.10128707 0.10000000 
-0.79000000 0.00000000 0.10128835 0.10000000 
-0.78000000 0.00000000 0.10131976 0.10000000 
-0.77000000 0.00000000 0.10138665 0.10000000 
-0.76000000 0.00000000 0.10149587 0.10000000 
-0.75000000 0.00000000 0.10165583 0.10000000 
-0.74000000 0.00000000 0.10187698 0.10000000 
-0.73000000 0.00000000 0.10217212 0.10000000 
-0.72000000 0.00000000 0.10255864 0.10000000 
-0.71000000 0.00000000 0.10305206 0.10000000 
-0.70000000 0.00000000 0.10367646 0.10000000 
-0.69000000 0.00000000 0.10445893 0.10000000 
-0.68000000 0.00000000 0.10543151 0.10000000 
-0.67000000 0.00000000 0.10663210 0.10000000 
-0.66000000 0.00000000 0.10810521 0.10000000 
-0.65000000 0.00000000 0.10990285 0.10000000 
-0.64000000 0.00000000 0.11208000 0.10000000 
-0.63000000 0.00000000 0.11471658 0.10000000 
-0.62000000 0.00000000 0.11788808 0.10000000 
-0.61000000 0.00000000 0.12168607 0.10000000 
-0.60000000 0.00000000 0.12621453 0.10000000 
-0.59000000 0.00000000 0.13160000 0.10000000 
-0.58000000 0.00000000 0.13794641 0.10000000 
-0.57000000 0.00000000 0.14542776 0.10000000 
-0.56000000 0.00000000 0.15419695 0.10000000 
-0.55000000 0.00000000 0.16443195 0.10000000 
-0.54000000 0.00000000 0.17632676 0.10000000 
-0.53000000 0.00000000 0.19009118 0.10000000 
-0.52000000 0.00000000 0.20595056 0.10000000 
-0.51000000 0.00000000 0.22414351 0.10000000 
-0.50000000 0.00000000 0.24492207 0.10000000 
-0.49000000 0.00000000 0.26854854 0.10000000 
-0.48000000 0.00000000 0.29529306 0.10000000 
-0.47000000 0.00000000 0.32543029 0.10000000 
-0.46000000 0.00000000 0.35925617 0.10000000 
-0.45000000 0.00000000 0.39700118 0.10000000 
-0.44000000 0.00000000 0.43894750 0.10000000 
-0.43000000 0.00000000 0.48534243 0.10000000 
-0.42000000 0.00000000 0.53638796 0.10000000 
-0.41000000 0.00000000 0.59233067 0.10000000 
-0.40000000 0.00000000 0.65331074 0.10000000 
-0.39000000 0.00000000 0.71945063 0.10000000 
-0.38000000 0.00000000 0.79082440 0.10000000 
-0.37000000 0.00000000 0.86745114 0.10000000 
-0.36000000 0.00000000 0.94928886 0.10000000 
-0.35000000 0.00000000 1.03622911 0.10000000 
-0.34000000 0.00000000 1.12811792 0.10000000 
-0.33000000 0.00000000 1.22465057 0.10000000 
-0.32000000 0.00000000 1.32552324 0.10000000 
-0.31000000 0.00000000 1.43032993 0.10000000 
-0.30000000 0.00000000 1.53858955 0.10000000 
-0.29000000 0.00000000 1.64972532 0.10000000 
-0.28000000 0.00000000 1.76317487 0.10000000 
-0.27000000 0.00000000 1.87821429 0.10000000 
-0.26000000 0.00000000 1.99411967 0.10000000 
-0.25000000 0.00000000 2.11011600 0.10000000 
-0.24000000 0.00000000 2.22539728 0.10000000 
-0.23000000 0.00000000 2.33913894 0.10000000 
-0.22000000 0.00000000 2.45051076 0.10000000 
-0.21000000 0.00000000 2.55869039 0.10000000 
-0.20000000 0.00000000 2.66287673 0.10000000 
-0.19000000 0.00000000 2.76230299 0.10000000 
-0.18000000 0.00000000 2.85624897 0.10000000 
-0.17000000 0.00000000 2.94405226 0.10000000 
-0.16000000 0.00000000 3.02509819 0.10000000 
-0.15000000 0.00000000 3.09890678 0.10000000 
-0.14000000 0.00000000 3.16501272 0.10000000 
-0.13000000 0.00000000 3.22308102 0.10000000 
-0.12000000 0.00000000 3.27286272 0.10000000 
-0.11000000 0.00000000 3.31414131 0.10000000 
-0.10000000 0.00000000 3.34685111 0.10000000 
-0.09000000 0.00000000 3.37098921 0.10000000 
-0.08000000 0.00000000 3.38663190 0.10000000 
-0.07000000 0.00000000 3.39392880 0.10000000 
-0.06000000 0.00000000 3.39309594 0.10000000 
-0.05000000 0.00000000 3.38440828 0.10000000 
-0.04000000 0.00000000 3.36819026 0.10000000 
-0.03000000 0.00000000 3.34481511 0.10000000 
-0.02000000 0.00000000 3.31468407 0.10000000 
-0.01000000 0.00000000 3.27822848 0.10000000 
0.00000000 0.00000000 3.23589978 0.10000000 
0.01000000 0.00000000 3.18817586 0.10000000 
0.02000000 0.00000000 3.13550121 0.10000000 
0.03000000 0.00000000 3.07836437 0.10000000 
0.04000000 0.00000000 3.01723630 0.10000000 
0.05000000 0.00000000 2.95258083 0.10000000 
0.06000000 0.00000000 2.88485102 0.10000000 
0.07000000 0.00000000 2.81448619 0.10000000 
0.08000000 0.00000000 2.74190945 0.10000000 
0.09000000 0.00000000 2.66752568 0.10000000 
0.10000000 0.00000000 2.59172000 0.10000000 
0.11000000 0.00000000 2.51484229 0.10000000 
0.12000000 0.00000000 2.43726389 0.10000000 
0.13000000 0.00000000 2.35928995 0.10000000 
0.14000000 0.00000000 2.28121779 0.10000000 
0.15000000 0.00000000 2.20332207 0.10000000 
0.16000000 0.00000000 2.12587380 0.10000000 
0.17000000 0.00000000 2.04906578 0.10000000 
0.18000000 0.00000000 1.97312475 0.10000000 
0.19000000 0.00000000 1.89823815 0.10000000 
0.20000000 0.00000000 1.82457318 0.10000000 
0.21000000 0.00000000 1.75227765 0.10000000 
0.22000000 0.00000000 1.68148086 0.10000000 
0.23000000 0.00000000 1.61229459 0.10000000 
0.24000000 0.00000000 1.54481404 0.10000000 
0.25000000 0.00000000 1.47911888 0.10000000 
0.26000000 0.00000000 1.41526018 0.10000000 
0.27000000 0.00000000 1.35331758 0.10000000 
0.28000000 0.00000000 1.29331627 0.10000000 
0.29000000 0.00000000 1.23528383 0.10000000 
0.30000000 0.00000000 1.17923725 0.10000000 
0.31000000 0.00000000 1.12518390 0.10000000 
0.32000000 0.00000000 1.07312238 0.10000000 
0.33000000 0.00000000 1.02304341 0.10000000 
0.34000000 0.00000000 0.97493064 0.10000000 
0.35000000 0.00000000 0.92876142 0.10000000 
0.36000000 0.00000000 0.88450754 0.10000000 
0.37000000 0.00000000 0.84213193 0.10000000 
0.38000000 0.00000000 0.80160544 0.10000000 
0.39000000 0.00000000 0.76288291 0.10000000 
0.40000000 0.00000000 0.72592035 0.10000000 
0.41000000 0.00000000 0.69068760 0.10000000 
0.42000000 0.00000000 0.65710262 0.10000000 
0.43000000 0.00000000 0.62513215 0.10000000 
0.44000000 0.00000000 0.59472468 0.10000000 
0.45000000 0.00000000 0.56582782 0.10000000 
0.46000000 0.00000000 0.53837706 0.10000000 
0.47000000 0.00000000 0.51234285 0.10000000 
0.48000000 0.00000000 0.48766000 0.10000000 
0.49000000 0.00000000 0.46427559 0.10000000 
0.50000000 0.00000000 0.44213718 0.10000000 
0.51000000 0.00000000 0.42119294 0.10000000 
0.52000000 0.00000000 0.40139185 0.10000000 
0.53000000 0.00000000 0.38268384 0.10000000 
0.54000000 0.00000000 0.36501987 0.10000000 
0.55000000 0.00000000 0.34835207 0.10000000 
0.56000000 0.00000000 0.33263380 0.10000000 
0.57000000 0.00000000 0.31781973 0.10000000 
0.58000000 0.00000000 0.30386588 0.10000000 
0.59000000 0.00000000 0.29072968 0.10000000 
0.60000000 0.00000000 0.27837000 0.10000000 
0.61000000 0.00000000 0.26674713 0.10000000 
0.62000000 0.00000000 0.25582213 0.10000000 
0.63000000 0.00000000 0.24555971 0.10000000 
0.64000000 0.00000000 0.23592381 0.10000000 
0.65000000 0.00000000 0.22688056 0.10000000 
0.66000000 0.00000000 0.21839753 0.10000000 
0.67000000 0.00000000 0.21044883 0.10000000 
0.68000000 0.00000000 0.20299433 0.10000000 
0.69000000 0.00000000 0.19601112 0.10000000 
0.70000000 0.00000000 0.18947225 0.10000000 
0.71000000 0.00000000 0.18334832 0.10000000 
0.72000000 0.00000000 0.17762251 0.10000000 
0.73000000 0.00000000 0.17226771 0.10000000 
0.74000000 0.00000000 0.16726187 0.10000000 
0.75000000 0.00000000 0.16258409 0.10000000 
0.76000000 0.00000000 0.15821453 0.10000000 
0.77000000 0.00000000 0.15413441 0.10000000 
0.78000000 0.00000000 0.15032577 0.10000000 
0.79000000 0.00000000 0.14677222 0.10000000 
0.80000000 0.00000000 0.14345766 0.10000000 
0.81000000 0.00000000 0.14036709 0.10000000 
0.82000000 0.00000000 0.13748636 0.10000000 
0.83000000 0.00000000 0.13480211 0.10000000 
0.84000000 0.00000000 0.13230178 0.10000000 
0.85000000 0.00000000 0.12997350 0.10000000 
0.86000000 0.00000000 0.12780614 0.10000000 
0.87000000 0.00000000 0.12578918 0.10000000 
0.88000000 0.00000000 0.12391279 0.10000000 
0.89000000 0.00000000 0.12216768 0.10000000 
0.90000000 0.00000000 0.12054517 0.10000000 
0.91000000 0.00000000 0.11903708 0.10000000 
0.92000000 0.00000000 0.11763685 0.10000000 
0.93000000 0.00000000 0.11633508 0.10000000 
0.94000000 0.00000000 0.11512621 0.10000000 
0.95000000 0.00000000 0.11400395 0.10000000 
0.96000000 0.00000000 0.11296243 0.10000000 
0.97000000 0.00000000 0.11199546 0.10000000 
0.98000000 0.00000000 0.11109940 0.10000000 
0.99000000 0.00000000 0.11026874 0.10000000 

