-1.00000000 0.00000000 0.30611414 0.10000000 
-0.99000000 0.00000000 0.30475680 0.10000000 
-0.98000000 0.00000000 0.30392504 0.10000000 
-0.97000000 0.00000000 0.30358557 0.10000000 
-0.96000000 0.00000000 0.30374867 0.10000000 
-0.95000000 0.00000000 0.30442345 0.10000000 
-0.94000000 0.00000000 0.30561961 0.10000000 
-0.93000000 0.00000000 0.30734731 0.10000000 
-0.92000000 0.00000000 0.30802838 0.10000000 
-0.91000000 0.00000000 0.31059755 0.10000000 
-0.90000000 0.00000000 0.31361140 0.10000000 
-0.89000000 0.00000000 0.31717191 0.10000000 
-0.88000000 0.00000000 0.32358355 0.10000000 
-0.87000000 0.00000000 0.32848275 0.10000000 
-0.86000000 0.00000000 0.33407647 0.10000000 
-0.85000000 0.00000000 0.34027835 0.10000000 
-0.84000000 0.00000000 0.34709924 0.10000000 
-0.83000000 0.00000000 0.35454875 0.10000000 
-0.82000000 0.00000000 0.35855782 0.10000000 
-0.81000000 0.00000000 0.36731743 0.10000000 
-0.80000000 0.00000000 0.37646747 0.10000000 
-0.79000000 0.00000000 0.38628421 0.10000000 
-0.78000000 0.00000000 0.39674844 0.10000000 
-0.77000000 0.00000000 0.40784907 0.10000000 
-0.76000000 0.00000000 0.42476653 0.10000000 
-0.75000000 0.00000000 0.43729332 0.10000000 
-0.74000000 0.00000000 0.45041513 0.10000000 
-0.73000000 0.00000000 0.46411519 0.10000000 
-0.72000000 0.00000000 0.47838197 0.10000000 
-0.71000000 0.00000000 0.49328034 0.10000000 
-0.70000000 0.00000000 0.50870073 0.10000000 
-0.69000000 0.00000000 0.52463946 0.10000000 
-0.68000000 0.00000000 0.54085633 0.10000000 
-0.67000000 0.00000000 0.55754266 0.10000000 
-0.66000000 0.00000000 0.57467835 0.10000000 
-0.65000000 0.00000000 0.59216046 0.10000000 
-0.64000000 0.00000000 0.61010812 0.10000000 
-0.63000000 0.00000000 0.62852291 0.10000000 
-0.62000000 0.00000000 0.64764122 0.10000000 
-0.61000000 0.00000000 0.66727933 0.10000000 
-0.60000000 0.00000000 0.68744885 0.10000000 
-0.59000000 0.00000000 0.70815793 0.10000000 
-0.58000000 0.00000000 0.71994312 0.10000000 
-0.57000000 0.00000000 0.74224648 0.10000000 
-0.56000000 0.00000000 0.76441084 0.10000000 
-0.55000000 0.00000000 0.78716849 0.10000000 
-0.54000000 0.00000000 0.81044839 0.10000000 
-0.53000000 0.00000000 0.83422970 0.10000000 
-0.52000000 0.00000000 0.86791277 0.10000000 
-0.51000000 0.00000000 0.89237039 0.10000000 
-0.50000000 0.00000000 0.91738340 0.10000000 
-0.49000000 0.00000000 0.94270685 0.10000000 
-0.48000000 0.00000000 0.96829459 0.10000000 
-0.47000000 0.00000000 0.99428517 0.10000000 
-0.46000000 0.00000000 1.02039899 0.10000000 
-0.45000000 0.00000000 1.04661138 0.10000000 
-0.44000000 0.00000000 1.07288105 0.10000000 
-0.43000000 0.00000000 1.09916869 0.10000000 
-0.42000000 0.00000000 1.11448489 0.10000000 
-0.41000000 0.00000000 1.14153480 0.10000000 
-0.40000000 0.00000000 1.17746963 0.10000000 
-0.39000000 0.00000000 1.20333525 0.10000000 
-0.38000000 0.00000000 1.22904694 0.10000000 
-0.37000000 0.00000000 1.25455827 0.10000000 
-0.36000000 0.00000000 1.27981916 0.10000000 
-0.35000000 0.00000000 1.30478528 0.10000000 
-0.34000000 0.00000000 1.32941246 0.10000000 
-0.33000000 0.00000000 1.35365761 0.10000000 
-0.32000000 0.00000000 1.37747908 0.10000000 
-0.31000000 0.00000000 1.40105136 0.10000000 
-0.30000000 0.00000000 1.42406121 0.10000000 
-0.29000000 0.00000000 1.44630670 0.10000000 
-0.28000000 0.00000000 1.46799434 0.10000000 
-0.27000000 0.00000000 1.48909136 0.10000000 
-0.26000000 0.00000000 1.50956677 0.10000000 
-0.25000000 0.00000000 1.52939145 0.10000000 
-0.24000000 0.00000000 1.54853803 0.10000000 
-0.23000000 0.00000000 1.56698086 0.10000000 
-0.22000000 0.00000000 1.58469603 0.10000000 
-0.21000000 0.00000000 1.60166126 0.10000000 
-0.20000000 0.00000000 1.61785168 0.10000000 
-0.19000000 0.00000000 1.63325024 0.10000000 
-0.18000000 0.00000000 1.64784425 0.10000000 
-0.17000000 0.00000000 1.66161677 0.10000000 
-0.16000000 0.00000000 1.67455238 0.10000000 
-0.15000000 0.00000000 1.68663718 0.10000000 
-0.14000000 0.00000000 1.69785885 0.10000000 
-0.13000000 0.00000000 1.70820659 0.10000000 
-0.12000000 0.00000000 1.71767110 0.10000000 
-0.11000000 0.00000000 1.72624455 0.10000000 
-0.10000000 0.00000000 1.73392050 0.10000000 
-0.09000000 0.00000000 1.74069397 0.10000000 
-0.08000000 0.00000000 1.74656126 0.10000000 
-0.07000000 0.00000000 1.75151986 0.10000000 
-0.06000000 0.00000000 1.75556855 0.10000000 
-0.05000000 0.00000000 1.75870728 0.10000000 
-0.04000000 0.00000000 1.76094140 0.10000000 
-0.03000000 0.00000000 1.76227463 0.10000000 
-0.02000000 0.00000000 1.76271223 0.10000000 
-0.01000000 0.00000000 1.76226067 0.10000000 
0.00000000 0.00000000 1.76092296 0.10000000 
0.01000000 0.00000000 1.75870566 0.10000000 
0.02000000 0.00000000 1.75561575 0.10000000 
0.03000000 0.00000000 1.75166057 0.10000000 
0.04000000 0.00000000 1.74684775 0.10000000 
0.05000000 0.00000000 1.74118513 0.10000000 
0.06000000 0.00000000 1.73485045 0.10000000 
0.07000000 0.00000000 1.72771151 0.10000000 
0.08000000 0.00000000 1.71979010 0.10000000 
0.09000000 0.00000000 1.71109664 0.10000000 
0.10000000 0.00000000 1.70146082 0.10000000 
0.11000000 0.00000000 1.69103158 0.10000000 
0.12000000 0.00000000 1.67981518 0.10000000 
0.13000000 0.00000000 1.66781882 0.10000000 
0.14000000 0.00000000 1.65505138 0.10000000 
0.15000000 0.00000000 1.64152408 0.10000000 
0.16000000 0.00000000 1.63406610 0.10000000 
0.17000000 0.00000000 1.61882535 0.10000000 
0.18000000 0.00000000 1.60335515 0.10000000 
0.19000000 0.00000000 1.58715295 0.10000000 
0.20000000 0.00000000 1.56300740 0.10000000 
0.21000000 0.00000000 1.54533175 0.10000000 
0.22000000 0.00000000 1.52707784 0.10000000 
0.23000000 0.00000000 1.50828499 0.10000000 
0.24000000 0.00000000 1.48899424 0.10000000 
0.25000000 0.00000000 1.46924749 0.10000000 
0.26000000 0.00000000 1.44908670 0.10000000 
0.27000000 0.00000000 1.42841966 0.10000000 
0.28000000 0.00000000 1.40745246 0.10000000 
0.29000000 0.00000000 1.38620926 0.10000000 
0.30000000 0.00000000 1.36472480 0.10000000 
0.31000000 0.00000000 1.34317353 0.10000000 
0.32000000 0.00000000 1.32141680 0.10000000 
0.33000000 0.00000000 1.29948623 0.10000000 
0.34000000 0.00000000 1.27741214 0.10000000 
0.35000000 0.00000000 1.25522351 0.10000000 
0.36000000 0.00000000 1.23294797 0.10000000 
0.37000000 0.00000000 1.21061185 0.10000000 
0.38000000 0.00000000 1.18824292 0.10000000 
0.39000000 0.00000000 1.16586403 0.10000000 
0.40000000 0.00000000 1.14349750 0.10000000 
0.41000000 0.00000000 1.12116488 0.10000000 
0.42000000 0.00000000 1.09888427 0.10000000 
0.43000000 0.00000000 1.07667699 0.10000000 
0.44000000 0.00000000 1.05456350 0.10000000 
0.45000000 0.00000000 1.03256342 0.10000000 
0.46000000 0.00000000 1.01069556 0.10000000 
0.47000000 0.00000000 0.98897798 0.10000000 
0.48000000 0.00000000 0.96742798 0.10000000 
0.49000000 0.00000000 0.94606210 0.10000000 
0.50000000 0.00000000 0.92489622 0.10000000 
0.51000000 0.00000000 0.90394554 0.10000000 
0.52000000 0.00000000 0.88322460 0.10000000 
0.53000000 0.00000000 0.86274734 0.10000000 
0.54000000 0.00000000 0.84252702 0.10000000 
0.55000000 0.00000000 0.82257621 0.10000000 
0.56000000 0.00000000 0.80290686 0.10000000 
0.57000000 0.00000000 0.78353026 0.10000000 
0.58000000 0.00000000 0.76445709 0.10000000 
0.59000000 0.00000000 0.74569744 0.10000000 
0.60000000 0.00000000 0.72726079 0.10000000 
0.61000000 0.00000000 0.70915610 0.10000000 
0.62000000 0.00000000 0.69139174 0.10000000 
0.63000000 0.00000000 0.67397558 0.10000000 
0.64000000 0.00000000 0.65691497 0.10000000 
0.65000000 0.00000000 0.64021680 0.10000000 
0.66000000 0.00000000 0.62388747 0.10000000 
0.67000000 0.00000000 0.60793296 0.10000000 
0.68000000 0.00000000 0.59235885 0.10000000 
0.69000000 0.00000000 0.57717030 0.10000000 
0.70000000 0.00000000 0.56237213 0.10000000 
0.71000000 0.00000000 0.54796882 0.10000000 
0.72000000 0.00000000 0.53396451 0.10000000 
0.73000000 0.00000000 0.52036308 0.10000000 
0.74000000 0.00000000 0.50716813 0.10000000 
0.75000000 0.00000000 0.49438301 0.10000000 
0.76000000 0.00000000 0.48201088 0.10000000 
0.77000000 0.00000000 0.47005469 0.10000000 
0.78000000 0.00000000 0.45851720 0.10000000 
0.79000000 0.00000000 0.44740104 0.10000000 
0.80000000 0.00000000 0.43670867 0.10000000 
0.81000000 0.00000000 0.42644246 0.10000000 
0.82000000 0.00000000 0.41660471 0.10000000 
0.83000000 0.00000000 0.40719763 0.10000000 
0.84000000 0.00000000 0.39822344 0.10000000 
0.85000000 0.00000000 0.38968432 0.10000000 
0.86000000 0.00000000 0.38158249 0.10000000 
0.87000000 0.00000000 0.37392023 0.10000000 
0.88000000 0.00000000 0.36669900 0.10000000 
0.89000000 0.00000000 0.35992074 0.10000000 
0.90000000 0.00000000 0.35358739 0.10000000 
0.91000000 0.00000000 0.34770086 0.10000000 
0.92000000 0.00000000 0.34226444 0.10000000 
0.93000000 0.00000000 0.33728086 0.10000000 
0.94000000 0.00000000 0.33275317 0.10000000 
0.95000000 0.00000000 0.32868474 0.10000000 
0.96000000 0.00000000 0.32507937 0.10000000 
0.97000000 0.00000000 0.32194128 0.10000000 
0.98000000 0.00000000 0.31923702 0.10000000 
0.99000000 0.00000000 0.31699579 0.10000000 

