-1.00000000 0.00000000 0.11578863 0.10000000 
-0.99000000 0.00000000 0.11465313 0.10000000 
-0.98000000 0.00000000 0.11362972 0.10000000 
-0.97000000 0.00000000 0.11271414 0.10000000 
-0.96000000 0.00000000 0.11190482 0.10000000 
-0.95000000 0.00000000 0.11120098 0.10000000 
-0.94000000 0.00000000 0.11060306 0.10000000 
-0.93000000 0.00000000 0.11011283 0.10000000 
-0.92000000 0.00000000 0.10976372 0.10000000 
-0.91000000 0.00000000 0.10942443 0.10000000 
-0.90000000 0.00000000 0.10920297 0.10000000 
-0.89000000 0.00000000 0.10909710 0.10000000 
-0.88000000 0.00000000 0.10929298 0.10000000 
-0.87000000 0.00000000 0.10951573 0.10000000 
-0.86000000 0.00000000 0.10992510 0.10000000 
-0.85000000 0.00000000 0.11051406 0.10000000 
-0.84000000 0.00000000 0.11130131 0.10000000 
-0.83000000 0.00000000 0.11230776 0.10000000 
-0.82000000 0.00000000 0.11275873 0.10000000 
-0.81000000 0.00000000 0.11417929 0.10000000 
-0.80000000 0.00000000 0.11583502 0.10000000 
-0.79000000 0.00000000 0.11780674 0.10000000 
-0.78000000 0.00000000 0.12012319 0.10000000 
-0.77000000 0.00000000 0.12281250 0.10000000 
-0.76000000 0.00000000 0.12766285 0.10000000 
-0.75000000 0.00000000 0.13144642 0.10000000 
-0.74000000 0.00000000 0.13573584 0.10000000 
-0.73000000 0.00000000 0.14057523 0.10000000 
-0.72000000 0.00000000 0.14602002 0.10000000 
-0.71000000 0.00000000 0.15213989 0.10000000 
-0.70000000 0.00000000 0.15897830 0.10000000 
-0.69000000 0.00000000 0.16660069 0.10000000 
-0.68000000 0.00000000 0.17482962 0.10000000 
-0.67000000 0.00000000 0.18392868 0.10000000 
-0.66000000 0.00000000 0.19395452 0.10000000 
-0.65000000 0.00000000 0.20495003 0.10000000 
-0.64000000 0.00000000 0.21703043 0.10000000 
-0.63000000 0.00000000 0.23028007 0.10000000 
-0.62000000 0.00000000 0.24512625 0.10000000 
-0.61000000 0.00000000 0.26139718 0.10000000 
-0.60000000 0.00000000 0.27920205 0.10000000 
-0.59000000 0.00000000 0.29863908 0.10000000 
-0.58000000 0.00000000 0.30894793 0.10000000 
-0.57000000 0.00000000 0.33183749 0.10000000 
-0.56000000 0.00000000 0.35587553 0.10000000 
-0.55000000 0.00000000 0.38192124 0.10000000 
-0.54000000 0.00000000 0.40998203 0.10000000 
-0.53000000 0.00000000 0.44011033 0.10000000 
-0.52000000 0.00000000 0.48672544 0.10000000 
-0.51000000 0.00000000 0.52121805 0.10000000 
-0.50000000 0.00000000 0.55826791 0.10000000 
-0.49000000 0.00000000 0.59740692 0.10000000 
-0.48000000 0.00000000 0.63862116 0.10000000 
-0.47000000 0.00000000 0.68209681 0.10000000 
-0.46000000 0.00000000 0.72754939 0.10000000 
-0.45000000 0.00000000 0.77495461 0.10000000 
-0.44000000 0.00000000 0.82425892 0.10000000 
-0.43000000 0.00000000 0.87539797 0.10000000 
-0.42000000 0.00000000 0.90403199 0.10000000 
-0.41000000 0.00000000 0.95973765 0.10000000 
-0.40000000 0.00000000 1.03859307 0.10000000 
-0.39000000 0.00000000 1.09598393 0.10000000 
-0.38000000 0.00000000 1.15470827 0.10000000 
-0.37000000 0.00000000 1.21461153 0.10000000 
-0.36000000 0.00000000 1.27552284 0.10000000 
-0.35000000 0.00000000 1.33726648 0.10000000 
-0.34000000 0.00000000 1.39965739 0.10000000 
-0.33000000 0.00000000 1.46250353 0.10000000 
-0.32000000 0.00000000 1.52560763 0.10000000 
-0.31000000 0.00000000 1.58924398 0.10000000 
-0.30000000 0.00000000 1.65261378 0.10000000 
-0.29000000 0.00000000 1.71510852 0.10000000 
-0.28000000 0.00000000 1.77707974 0.10000000 
-0.27000000 0.00000000 1.83832343 0.10000000 
-0.26000000 0.00000000 1.89863703 0.10000000 
-0.25000000 0.00000000 1.95782066 0.10000000 
-0.24000000 0.00000000 2.01567816 0.10000000 
-0.23000000 0.00000000 2.07201815 0.10000000 
-0.22000000 0.00000000 2.12665503 0.10000000 
-0.21000000 0.00000000 2.17940994 0.10000000 
-0.20000000 0.00000000 2.23010228 0.10000000 
-0.19000000 0.00000000 2.27857346 0.10000000 
-0.18000000 0.00000000 2.32468125 0.10000000 
-0.17000000 0.00000000 2.36828011 0.10000000 
-0.16000000 0.00000000 2.40923532 0.10000000 
-0.15000000 0.00000000 2.44742363 0.10000000 
-0.14000000 0.00000000 2.48273411 0.10000000 
-0.13000000 0.00000000 2.51506839 0.10000000 
-0.12000000 0.00000000 2.54434113 0.10000000 
-0.11000000 0.00000000 2.57048023 0.10000000 
-0.10000000 0.00000000 2.59342676 0.10000000 
-0.09000000 0.00000000 2.61313528 0.10000000 
-0.08000000 0.00000000 2.62957354 0.10000000 
-0.07000000 0.00000000 2.64272211 0.10000000 
-0.06000000 0.00000000 2.65257446 0.10000000 
-0.05000000 0.00000000 2.65913651 0.10000000 
-0.04000000 0.00000000 2.66243978 0.10000000 
-0.03000000 0.00000000 2.66251829 0.10000000 
-0.02000000 0.00000000 2.65941841 0.10000000 
-0.01000000 0.00000000 2.65319736 0.10000000 
0.00000000 0.00000000 2.64390925 0.10000000 
0.01000000 0.00000000 2.63162497 0.10000000 
0.02000000 0.00000000 2.61642256 0.10000000 
0.03000000 0.00000000 2.59838625 0.10000000 
0.04000000 0.00000000 2.57760561 0.10000000 
0.05000000 0.00000000 2.55417481 0.10000000 
0.06000000 0.00000000 2.52871976 0.10000000 
0.07000000 0.00000000 2.50089003 0.10000000 
0.08000000 0.00000000 2.47082897 0.10000000 
0.09000000 0.00000000 2.43864439 0.10000000 
0.10000000 0.00000000 2.40393232 0.10000000 
0.11000000 0.00000000 2.36720789 0.10000000 
0.12000000 0.00000000 2.32857047 0.10000000 
0.13000000 0.00000000 2.28812143 0.10000000 
0.14000000 0.00000000 2.24596569 0.10000000 
0.15000000 0.00000000 2.20221336 0.10000000 
0.16000000 0.00000000 2.17749963 0.10000000 
0.17000000 0.00000000 2.12969589 0.10000000 
0.18000000 0.00000000 2.08213360 0.10000000 
0.19000000 0.00000000 2.03331408 0.10000000 
0.20000000 0.00000000 1.96340413 0.10000000 
0.21000000 0.00000000 1.91274848 0.10000000 
0.22000000 0.00000000 1.86148340 0.10000000 
0.23000000 0.00000000 1.80977087 0.10000000 
0.24000000 0.00000000 1.75777246 0.10000000 
0.25000000 0.00000000 1.70564668 0.10000000 
0.26000000 0.00000000 1.65354655 0.10000000 
0.27000000 0.00000000 1.60121353 0.10000000 
0.28000000 0.00000000 1.54929636 0.10000000 
0.29000000 0.00000000 1.49787436 0.10000000 
0.30000000 0.00000000 1.44705481 0.10000000 
0.31000000 0.00000000 1.39732628 0.10000000 
0.32000000 0.00000000 1.34829378 0.10000000 
0.33000000 0.00000000 1.30004103 0.10000000 
0.34000000 0.00000000 1.25264284 0.10000000 
0.35000000 0.00000000 1.20616518 0.10000000 
0.36000000 0.00000000 1.16066552 0.10000000 
0.37000000 0.00000000 1.11619323 0.10000000 
0.38000000 0.00000000 1.07279799 0.10000000 
0.39000000 0.00000000 1.03051066 0.10000000 
0.40000000 0.00000000 0.98935720 0.10000000 
0.41000000 0.00000000 0.94935817 0.10000000 
0.42000000 0.00000000 0.91052152 0.10000000 
0.43000000 0.00000000 0.87286170 0.10000000 
0.44000000 0.00000000 0.83638821 0.10000000 
0.45000000 0.00000000 0.80110605 0.10000000 
0.46000000 0.00000000 0.76701602 0.10000000 
0.47000000 0.00000000 0.73411515 0.10000000 
0.48000000 0.00000000 0.70239703 0.10000000 
0.49000000 0.00000000 0.67185196 0.10000000 
0.50000000 0.00000000 0.64246755 0.10000000 
0.51000000 0.00000000 0.61422891 0.10000000 
0.52000000 0.00000000 0.58711891 0.10000000 
0.53000000 0.00000000 0.56111854 0.10000000 
0.54000000 0.00000000 0.53620687 0.10000000 
0.55000000 0.00000000 0.51236132 0.10000000 
0.56000000 0.00000000 0.48955782 0.10000000 
0.57000000 0.00000000 0.46777110 0.10000000 
0.58000000 0.00000000 0.44697479 0.10000000 
0.59000000 0.00000000 0.42714168 0.10000000 
0.60000000 0.00000000 0.40824383 0.10000000 
0.61000000 0.00000000 0.39025277 0.10000000 
0.62000000 0.00000000 0.37313960 0.10000000 
0.63000000 0.00000000 0.35687517 0.10000000 
0.64000000 0.00000000 0.34143016 0.10000000 
0.65000000 0.00000000 0.32677524 0.10000000 
0.66000000 0.00000000 0.31288114 0.10000000 
0.67000000 0.00000000 0.29971876 0.10000000 
0.68000000 0.00000000 0.28725927 0.10000000 
0.69000000 0.00000000 0.27547418 0.10000000 
0.70000000 0.00000000 0.26433543 0.10000000 
0.71000000 0.00000000 0.25381541 0.10000000 
0.72000000 0.00000000 0.24388707 0.10000000 
0.73000000 0.00000000 0.23452394 0.10000000 
0.74000000 0.00000000 0.22570019 0.10000000 
0.75000000 0.00000000 0.21739063 0.10000000 
0.76000000 0.00000000 0.20957080 0.10000000 
0.77000000 0.00000000 0.20221694 0.10000000 
0.78000000 0.00000000 0.19530606 0.10000000 
0.79000000 0.00000000 0.18881592 0.10000000 
0.80000000 0.00000000 0.18272505 0.10000000 
0.81000000 0.00000000 0.17701279 0.10000000 
0.82000000 0.00000000 0.17165925 0.10000000 
0.83000000 0.00000000 0.16664533 0.10000000 
0.84000000 0.00000000 0.16195276 0.10000000 
0.85000000 0.00000000 0.15756404 0.10000000 
0.86000000 0.00000000 0.15346248 0.10000000 
0.87000000 0.00000000 0.14963216 0.10000000 
0.88000000 0.00000000 0.14605801 0.10000000 
0.89000000 0.00000000 0.14272570 0.10000000 
0.90000000 0.00000000 0.13962165 0.10000000 
0.91000000 0.00000000 0.13673308 0.10000000 
0.92000000 0.00000000 0.13404800 0.10000000 
0.93000000 0.00000000 0.13155521 0.10000000 
0.94000000 0.00000000 0.12924429 0.10000000 
0.95000000 0.00000000 0.12710565 0.10000000 
0.96000000 0.00000000 0.12513050 0.10000000 
0.97000000 0.00000000 0.12331090 0.10000000 
0.98000000 0.00000000 0.12164059 0.10000000 
0.99000000 0.00000000 0.12011100 0.10000000 

