-1.00000000 0.00000000 0.12944659 0.10000000 
-0.99000000 0.00000000 0.12784250 0.10000000 
-0.98000000 0.00000000 0.12643038 0.10000000 
-0.97000000 0.00000000 0.12520413 0.10000000 
-0.96000000 0.00000000 0.12416637 0.10000000 
-0.95000000 0.00000000 0.12332056 0.10000000 
-0.94000000 0.00000000 0.12267185 0.10000000 
-0.93000000 0.00000000 0.12222714 0.10000000 
-0.92000000 0.00000000 0.12184413 0.10000000 
-0.91000000 0.00000000 0.12169438 0.10000000 
-0.90000000 0.00000000 0.12176074 0.10000000 
-0.89000000 0.00000000 0.12205398 0.10000000 
-0.88000000 0.00000000 0.12312584 0.10000000 
-0.87000000 0.00000000 0.12404910 0.10000000 
-0.86000000 0.00000000 0.12532068 0.10000000 
-0.85000000 0.00000000 0.12691938 0.10000000 
-0.84000000 0.00000000 0.12887114 0.10000000 
-0.83000000 0.00000000 0.13120374 0.10000000 
-0.82000000 0.00000000 0.13233168 0.10000000 
-0.81000000 0.00000000 0.13539839 0.10000000 
-0.80000000 0.00000000 0.13882661 0.10000000 
-0.79000000 0.00000000 0.14275620 0.10000000 
-0.78000000 0.00000000 0.14721436 0.10000000 
-0.77000000 0.00000000 0.15222851 0.10000000 
-0.76000000 0.00000000 0.16076402 0.10000000 
-0.75000000 0.00000000 0.16728926 0.10000000 
-0.74000000 0.00000000 0.17448848 0.10000000 
-0.73000000 0.00000000 0.18239792 0.10000000 
-0.72000000 0.00000000 0.19106386 0.10000000 
-0.71000000 0.00000000 0.20056041 0.10000000 
-0.70000000 0.00000000 0.21089932 0.10000000 
-0.69000000 0.00000000 0.22213248 0.10000000 
-0.68000000 0.00000000 0.23402847 0.10000000 
-0.67000000 0.00000000 0.24686915 0.10000000 
-0.66000000 0.00000000 0.26068916 0.10000000 
-0.65000000 0.00000000 0.27548761 0.10000000 
-0.64000000 0.00000000 0.29138373 0.10000000 
-0.63000000 0.00000000 0.30843724 0.10000000 
-0.62000000 0.00000000 0.32706003 0.10000000 
-0.61000000 0.00000000 0.34703828 0.10000000 
-0.60000000 0.00000000 0.36844830 0.10000000 
-0.59000000 0.00000000 0.39135486 0.10000000 
-0.58000000 0.00000000 0.40379139 0.10000000 
-0.57000000 0.00000000 0.43002247 0.10000000 
-0.56000000 0.00000000 0.45706790 0.10000000 
-0.55000000 0.00000000 0.48585835 0.10000000 
-0.54000000 0.00000000 0.51635029 0.10000000 
-0.53000000 0.00000000 0.54855401 0.10000000 
-0.52000000 0.00000000 0.59694881 0.10000000 
-0.51000000 0.00000000 0.63251101 0.10000000 
-0.50000000 0.00000000 0.67008219 0.10000000 
-0.49000000 0.00000000 0.70921221 0.10000000 
-0.48000000 0.00000000 0.74985165 0.10000000 
-0.47000000 0.00000000 0.79217826 0.10000000 
-0.46000000 0.00000000 0.83584490 0.10000000 
-0.45000000 0.00000000 0.88080685 0.10000000 
-0.44000000 0.00000000 0.92699230 0.10000000 
-0.43000000 0.00000000 0.97432428 0.10000000 
-0.42000000 0.00000000 1.00119351 0.10000000 
-0.41000000 0.00000000 1.05180395 0.10000000 
-0.40000000 0.00000000 1.12192559 0.10000000 
-0.39000000 0.00000000 1.17275270 0.10000000 
-0.38000000 0.00000000 1.22425671 0.10000000 
-0.37000000 0.00000000 1.27630645 0.10000000 
-0.36000000 0.00000000 1.32875991 0.10000000 
-0.35000000 0.00000000 1.38147668 0.10000000 
-0.34000000 0.00000000 1.43431215 0.10000000 
-0.33000000 0.00000000 1.48711945 0.10000000 
-0.32000000 0.00000000 1.53975081 0.10000000 
-0.31000000 0.00000000 1.59248057 0.10000000 
-0.30000000 0.00000000 1.64462863 0.10000000 
-0.29000000 0.00000000 1.69570271 0.10000000 
-0.28000000 0.00000000 1.74604747 0.10000000 
-0.27000000 0.00000000 1.79552265 0.10000000 
-0.26000000 0.00000000 1.84399092 0.10000000 
-0.25000000 0.00000000 1.89131857 0.10000000 
-0.24000000 0.00000000 1.93737597 0.10000000 
-0.23000000 0.00000000 1.98203806 0.10000000 
-0.22000000 0.00000000 2.02518483 0.10000000 
-0.21000000 0.00000000 2.06670169 0.10000000 
-0.20000000 0.00000000 2.10647157 0.10000000 
-0.19000000 0.00000000 2.14439572 0.10000000 
-0.18000000 0.00000000 2.18038795 0.10000000 
-0.17000000 0.00000000 2.21435718 0.10000000 
-0.16000000 0.00000000 2.24621958 0.10000000 
-0.15000000 0.00000000 2.27589882 0.10000000 
-0.14000000 0.00000000 2.30332651 0.10000000 
-0.13000000 0.00000000 2.32844229 0.10000000 
-0.12000000 0.00000000 2.35119397 0.10000000 
-0.11000000 0.00000000 2.37153764 0.10000000 
-0.10000000 0.00000000 2.38943750 0.10000000 
-0.09000000 0.00000000 2.40486609 0.10000000 
-0.08000000 0.00000000 2.41780399 0.10000000 
-0.07000000 0.00000000 2.42823952 0.10000000 
-0.06000000 0.00000000 2.43616888 0.10000000 
-0.05000000 0.00000000 2.44159584 0.10000000 
-0.04000000 0.00000000 2.44454227 0.10000000 
-0.03000000 0.00000000 2.44503000 0.10000000 
-0.02000000 0.00000000 2.44308869 0.10000000 
-0.01000000 0.00000000 2.43875477 0.10000000 
0.00000000 0.00000000 2.43206023 0.10000000 
0.01000000 0.00000000 2.42304901 0.10000000 
0.02000000 0.00000000 2.41176936 0.10000000 
0.03000000 0.00000000 2.39827325 0.10000000 
0.04000000 0.00000000 2.38261592 0.10000000 
0.05000000 0.00000000 2.36485545 0.10000000 
0.06000000 0.00000000 2.34547675 0.10000000 
0.07000000 0.00000000 2.32418253 0.10000000 
0.08000000 0.00000000 2.30106944 0.10000000 
0.09000000 0.00000000 2.27620583 0.10000000 
0.10000000 0.00000000 2.24923840 0.10000000 
0.11000000 0.00000000 2.22056854 0.10000000 
0.12000000 0.00000000 2.19025790 0.10000000 
0.13000000 0.00000000 2.15837029 0.10000000 
0.14000000 0.00000000 2.12497318 0.10000000 
0.15000000 0.00000000 2.09013907 0.10000000 
0.16000000 0.00000000 2.07057981 0.10000000 
0.17000000 0.00000000 2.03223232 0.10000000 
0.18000000 0.00000000 1.99388664 0.10000000 
0.19000000 0.00000000 1.95432603 0.10000000 
0.20000000 0.00000000 1.89709109 0.10000000 
0.21000000 0.00000000 1.85551426 0.10000000 
0.22000000 0.00000000 1.81321665 0.10000000 
0.23000000 0.00000000 1.77032341 0.10000000 
0.24000000 0.00000000 1.72696089 0.10000000 
0.25000000 0.00000000 1.68325449 0.10000000 
0.26000000 0.00000000 1.63932665 0.10000000 
0.27000000 0.00000000 1.59496799 0.10000000 
0.28000000 0.00000000 1.55070297 0.10000000 
0.29000000 0.00000000 1.50659910 0.10000000 
0.30000000 0.00000000 1.46274756 0.10000000 
0.31000000 0.00000000 1.41955672 0.10000000 
0.32000000 0.00000000 1.37670652 0.10000000 
0.33000000 0.00000000 1.33427202 0.10000000 
0.34000000 0.00000000 1.29232200 0.10000000 
0.35000000 0.00000000 1.25091895 0.10000000 
0.36000000 0.00000000 1.21011925 0.10000000 
0.37000000 0.00000000 1.16997339 0.10000000 
0.38000000 0.00000000 1.13053270 0.10000000 
0.39000000 0.00000000 1.09183381 0.10000000 
0.40000000 0.00000000 1.05390977 0.10000000 
0.41000000 0.00000000 1.01678956 0.10000000 
0.42000000 0.00000000 0.98049201 0.10000000 
0.43000000 0.00000000 0.94504152 0.10000000 
0.44000000 0.00000000 0.91045857 0.10000000 
0.45000000 0.00000000 0.87675993 0.10000000 
0.46000000 0.00000000 0.84395898 0.10000000 
0.47000000 0.00000000 0.81206583 0.10000000 
0.48000000 0.00000000 0.78108764 0.10000000 
0.49000000 0.00000000 0.75102865 0.10000000 
0.50000000 0.00000000 0.72189059 0.10000000 
0.51000000 0.00000000 0.69367282 0.10000000 
0.52000000 0.00000000 0.66637248 0.10000000 
0.53000000 0.00000000 0.63998478 0.10000000 
0.54000000 0.00000000 0.61450291 0.10000000 
0.55000000 0.00000000 0.58991820 0.10000000 
0.56000000 0.00000000 0.56622032 0.10000000 
0.57000000 0.00000000 0.54339737 0.10000000 
0.58000000 0.00000000 0.52143609 0.10000000 
0.59000000 0.00000000 0.50032195 0.10000000 
0.60000000 0.00000000 0.48003930 0.10000000 
0.61000000 0.00000000 0.46057148 0.10000000 
0.62000000 0.00000000 0.44190095 0.10000000 
0.63000000 0.00000000 0.42400943 0.10000000 
0.64000000 0.00000000 0.40687797 0.10000000 
0.65000000 0.00000000 0.39048704 0.10000000 
0.66000000 0.00000000 0.37481670 0.10000000 
0.67000000 0.00000000 0.35984664 0.10000000 
0.68000000 0.00000000 0.34555628 0.10000000 
0.69000000 0.00000000 0.33192487 0.10000000 
0.70000000 0.00000000 0.31893155 0.10000000 
0.71000000 0.00000000 0.30655545 0.10000000 
0.72000000 0.00000000 0.29477572 0.10000000 
0.73000000 0.00000000 0.28357163 0.10000000 
0.74000000 0.00000000 0.27292263 0.10000000 
0.75000000 0.00000000 0.26280839 0.10000000 
0.76000000 0.00000000 0.25320883 0.10000000 
0.77000000 0.00000000 0.24410424 0.10000000 
0.78000000 0.00000000 0.23547526 0.10000000 
0.79000000 0.00000000 0.22730292 0.10000000 
0.80000000 0.00000000 0.21956875 0.10000000 
0.81000000 0.00000000 0.21225471 0.10000000 
0.82000000 0.00000000 0.20534332 0.10000000 
0.83000000 0.00000000 0.19881764 0.10000000 
0.84000000 0.00000000 0.19266130 0.10000000 
0.85000000 0.00000000 0.18685857 0.10000000 
0.86000000 0.00000000 0.18139432 0.10000000 
0.87000000 0.00000000 0.17625415 0.10000000 
0.88000000 0.00000000 0.17142425 0.10000000 
0.89000000 0.00000000 0.16689155 0.10000000 
0.90000000 0.00000000 0.16264368 0.10000000 
0.91000000 0.00000000 0.15866901 0.10000000 
0.92000000 0.00000000 0.15495691 0.10000000 
0.93000000 0.00000000 0.15149750 0.10000000 
0.94000000 0.00000000 0.14828178 0.10000000 
0.95000000 0.00000000 0.14530173 0.10000000 
0.96000000 0.00000000 0.14255029 0.10000000 
0.97000000 0.00000000 0.14002145 0.10000000 
0.98000000 0.00000000 0.13770692 0.10000000 
0.99000000 0.00000000 0.13560225 0.10000000 

