-1.00000000 0.00000000 0.50278698 0.10000000 
-0.99000000 0.00000000 0.50218232 0.10000000 
-0.98000000 0.00000000 0.50201548 0.10000000 
-0.97000000 0.00000000 0.50225365 0.10000000 
-0.96000000 0.00000000 0.50290277 0.10000000 
-0.95000000 0.00000000 0.50396752 0.10000000 
-0.94000000 0.00000000 0.50545274 0.10000000 
-0.93000000 0.00000000 0.50736327 0.10000000 
-0.92000000 0.00000000 0.50821835 0.10000000 
-0.91000000 0.00000000 0.51081568 0.10000000 
-0.90000000 0.00000000 0.51374283 0.10000000 
-0.89000000 0.00000000 0.51709524 0.10000000 
-0.88000000 0.00000000 0.52286529 0.10000000 
-0.87000000 0.00000000 0.52722835 0.10000000 
-0.86000000 0.00000000 0.53211202 0.10000000 
-0.85000000 0.00000000 0.53744352 0.10000000 
-0.84000000 0.00000000 0.54322542 0.10000000 
-0.83000000 0.00000000 0.54945917 0.10000000 
-0.82000000 0.00000000 0.55286689 0.10000000 
-0.81000000 0.00000000 0.56006688 0.10000000 
-0.80000000 0.00000000 0.56751014 0.10000000 
-0.79000000 0.00000000 0.57541114 0.10000000 
-0.78000000 0.00000000 0.58374840 0.10000000 
-0.77000000 0.00000000 0.59250770 0.10000000 
-0.76000000 0.00000000 0.60561065 0.10000000 
-0.75000000 0.00000000 0.61526981 0.10000000 
-0.74000000 0.00000000 0.62530002 0.10000000 
-0.73000000 0.00000000 0.63568264 0.10000000 
-0.72000000 0.00000000 0.64640249 0.10000000 
-0.71000000 0.00000000 0.65750672 0.10000000 
-0.70000000 0.00000000 0.66890114 0.10000000 
-0.69000000 0.00000000 0.68057795 0.10000000 
-0.68000000 0.00000000 0.69237322 0.10000000 
-0.67000000 0.00000000 0.70440859 0.10000000 
-0.66000000 0.00000000 0.71666607 0.10000000 
-0.65000000 0.00000000 0.72906341 0.10000000 
-0.64000000 0.00000000 0.74168815 0.10000000 
-0.63000000 0.00000000 0.75453764 0.10000000 
-0.62000000 0.00000000 0.76775842 0.10000000 
-0.61000000 0.00000000 0.78123085 0.10000000 
-0.60000000 0.00000000 0.79495955 0.10000000 
-0.59000000 0.00000000 0.80894785 0.10000000 
-0.58000000 0.00000000 0.81697640 0.10000000 
-0.57000000 0.00000000 0.83186049 0.10000000 
-0.56000000 0.00000000 0.84655120 0.10000000 
-0.55000000 0.00000000 0.86153262 0.10000000 
-0.54000000 0.00000000 0.87675780 0.10000000 
-0.53000000 0.00000000 0.89221365 0.10000000 
-0.52000000 0.00000000 0.91386175 0.10000000 
-0.51000000 0.00000000 0.92954979 0.10000000 
-0.50000000 0.00000000 0.94549848 0.10000000 
-0.49000000 0.00000000 0.96156036 0.10000000 
-0.48000000 0.00000000 0.97770763 0.10000000 
-0.47000000 0.00000000 0.99403426 0.10000000 
-0.46000000 0.00000000 1.01035892 0.10000000 
-0.45000000 0.00000000 1.02666927 0.10000000 
-0.44000000 0.00000000 1.04294232 0.10000000 
-0.43000000 0.00000000 1.05915671 0.10000000 
-0.42000000 0.00000000 1.06864584 0.10000000 
-0.41000000 0.00000000 1.08521194 0.10000000 
-0.40000000 0.00000000 1.10705962 0.10000000 
-0.39000000 0.00000000 1.12276959 0.10000000 
-0.38000000 0.00000000 1.13833513 0.10000000 
-0.37000000 0.00000000 1.15373206 0.10000000 
-0.36000000 0.00000000 1.16893398 0.10000000 
-0.35000000 0.00000000 1.18391844 0.10000000 
-0.34000000 0.00000000 1.19866315 0.10000000 
-0.33000000 0.00000000 1.21314658 0.10000000 
-0.32000000 0.00000000 1.22734811 0.10000000 
-0.31000000 0.00000000 1.24137821 0.10000000 
-0.30000000 0.00000000 1.25505120 0.10000000 
-0.29000000 0.00000000 1.26825030 0.10000000 
-0.28000000 0.00000000 1.28110454 0.10000000 
-0.27000000 0.00000000 1.29359848 0.10000000 
-0.26000000 0.00000000 1.30571768 0.10000000 
-0.25000000 0.00000000 1.31744872 0.10000000 
-0.24000000 0.00000000 1.32877909 0.10000000 
-0.23000000 0.00000000 1.33969720 0.10000000 
-0.22000000 0.00000000 1.35019230 0.10000000 
-0.21000000 0.00000000 1.36025447 0.10000000 
-0.20000000 0.00000000 1.36987198 0.10000000 
-0.19000000 0.00000000 1.37903765 0.10000000 
-0.18000000 0.00000000 1.38774667 0.10000000 
-0.17000000 0.00000000 1.39599144 0.10000000 
-0.16000000 0.00000000 1.40376501 0.10000000 
-0.15000000 0.00000000 1.41106111 0.10000000 
-0.14000000 0.00000000 1.41787412 0.10000000 
-0.13000000 0.00000000 1.42419908 0.10000000 
-0.12000000 0.00000000 1.43003163 0.10000000 
-0.11000000 0.00000000 1.43536803 0.10000000 
-0.10000000 0.00000000 1.44020509 0.10000000 
-0.09000000 0.00000000 1.44454020 0.10000000 
-0.08000000 0.00000000 1.44837123 0.10000000 
-0.07000000 0.00000000 1.45169651 0.10000000 
-0.06000000 0.00000000 1.45451485 0.10000000 
-0.05000000 0.00000000 1.45682551 0.10000000 
-0.04000000 0.00000000 1.45863048 0.10000000 
-0.03000000 0.00000000 1.45993072 0.10000000 
-0.02000000 0.00000000 1.46072783 0.10000000 
-0.01000000 0.00000000 1.46102387 0.10000000 
0.00000000 0.00000000 1.46081879 0.10000000 
0.01000000 0.00000000 1.46011431 0.10000000 
0.02000000 0.00000000 1.45891224 0.10000000 
0.03000000 0.00000000 1.45721442 0.10000000 
0.04000000 0.00000000 1.45502270 0.10000000 
0.05000000 0.00000000 1.45233889 0.10000000 
0.06000000 0.00000000 1.44925942 0.10000000 
0.07000000 0.00000000 1.44570854 0.10000000 
0.08000000 0.00000000 1.44169561 0.10000000 
0.09000000 0.00000000 1.43722363 0.10000000 
0.10000000 0.00000000 1.43219200 0.10000000 
0.11000000 0.00000000 1.42668213 0.10000000 
0.12000000 0.00000000 1.42069427 0.10000000 
0.13000000 0.00000000 1.41422913 0.10000000 
0.14000000 0.00000000 1.40728833 0.10000000 
0.15000000 0.00000000 1.39987479 0.10000000 
0.16000000 0.00000000 1.39582443 0.10000000 
0.17000000 0.00000000 1.38737493 0.10000000 
0.18000000 0.00000000 1.37873944 0.10000000 
0.19000000 0.00000000 1.36963482 0.10000000 
0.20000000 0.00000000 1.35589610 0.10000000 
0.21000000 0.00000000 1.34580695 0.10000000 
0.22000000 0.00000000 1.33532447 0.10000000 
0.23000000 0.00000000 1.32446797 0.10000000 
0.24000000 0.00000000 1.31325785 0.10000000 
0.25000000 0.00000000 1.30171517 0.10000000 
0.26000000 0.00000000 1.28986121 0.10000000 
0.27000000 0.00000000 1.27764207 0.10000000 
0.28000000 0.00000000 1.26517099 0.10000000 
0.29000000 0.00000000 1.25245997 0.10000000 
0.30000000 0.00000000 1.23952709 0.10000000 
0.31000000 0.00000000 1.22647123 0.10000000 
0.32000000 0.00000000 1.21321162 0.10000000 
0.33000000 0.00000000 1.19976521 0.10000000 
0.34000000 0.00000000 1.18614846 0.10000000 
0.35000000 0.00000000 1.17237731 0.10000000 
0.36000000 0.00000000 1.15846720 0.10000000 
0.37000000 0.00000000 1.14443311 0.10000000 
0.38000000 0.00000000 1.13029109 0.10000000 
0.39000000 0.00000000 1.11605467 0.10000000 
0.40000000 0.00000000 1.10173737 0.10000000 
0.41000000 0.00000000 1.08735253 0.10000000 
0.42000000 0.00000000 1.07291176 0.10000000 
0.43000000 0.00000000 1.05842878 0.10000000 
0.44000000 0.00000000 1.04391710 0.10000000 
0.45000000 0.00000000 1.02939000 0.10000000 
0.46000000 0.00000000 1.01486054 0.10000000 
0.47000000 0.00000000 1.00034161 0.10000000 
0.48000000 0.00000000 0.98584593 0.10000000 
0.49000000 0.00000000 0.97138600 0.10000000 
0.50000000 0.00000000 0.95697417 0.10000000 
0.51000000 0.00000000 0.94262263 0.10000000 
0.52000000 0.00000000 0.92834341 0.10000000 
0.53000000 0.00000000 0.91414838 0.10000000 
0.54000000 0.00000000 0.90004924 0.10000000 
0.55000000 0.00000000 0.88605745 0.10000000 
0.56000000 0.00000000 0.87218430 0.10000000 
0.57000000 0.00000000 0.85844085 0.10000000 
0.58000000 0.00000000 0.84483798 0.10000000 
0.59000000 0.00000000 0.83138633 0.10000000 
0.60000000 0.00000000 0.81809634 0.10000000 
0.61000000 0.00000000 0.80497824 0.10000000 
0.62000000 0.00000000 0.79204202 0.10000000 
0.63000000 0.00000000 0.77929746 0.10000000 
0.64000000 0.00000000 0.76675412 0.10000000 
0.65000000 0.00000000 0.75442131 0.10000000 
0.66000000 0.00000000 0.74230814 0.10000000 
0.67000000 0.00000000 0.73042347 0.10000000 
0.68000000 0.00000000 0.71877592 0.10000000 
0.69000000 0.00000000 0.70737389 0.10000000 
0.70000000 0.00000000 0.69622555 0.10000000 
0.71000000 0.00000000 0.68533882 0.10000000 
0.72000000 0.00000000 0.67472137 0.10000000 
0.73000000 0.00000000 0.66438068 0.10000000 
0.74000000 0.00000000 0.65432393 0.10000000 
0.75000000 0.00000000 0.64455812 0.10000000 
0.76000000 0.00000000 0.63508996 0.10000000 
0.77000000 0.00000000 0.62592597 0.10000000 
0.78000000 0.00000000 0.61707238 0.10000000 
0.79000000 0.00000000 0.60853519 0.10000000 
0.80000000 0.00000000 0.60032016 0.10000000 
0.81000000 0.00000000 0.59243277 0.10000000 
0.82000000 0.00000000 0.58487829 0.10000000 
0.83000000 0.00000000 0.57766177 0.10000000 
0.84000000 0.00000000 0.57078802 0.10000000 
0.85000000 0.00000000 0.56426162 0.10000000 
0.86000000 0.00000000 0.55808696 0.10000000 
0.87000000 0.00000000 0.55226826 0.10000000 
0.88000000 0.00000000 0.54680864 0.10000000 
0.89000000 0.00000000 0.54171151 0.10000000 
0.90000000 0.00000000 0.53697997 0.10000000 
0.91000000 0.00000000 0.53261684 0.10000000 
0.92000000 0.00000000 0.52862588 0.10000000 
0.93000000 0.00000000 0.52501005 0.10000000 
0.94000000 0.00000000 0.52177227 0.10000000 
0.95000000 0.00000000 0.51891550 0.10000000 
0.96000000 0.00000000 0.51644269 0.10000000 
0.97000000 0.00000000 0.51435688 0.10000000 
0.98000000 0.00000000 0.51262539 0.10000000 
0.99000000 0.00000000 0.51127553 0.10000000 

