-1.00000000 0.00000000 0.61062026 0.10000000 
-0.99000000 0.00000000 0.61021854 0.10000000 
-0.98000000 0.00000000 0.61015870 0.10000000 
-0.97000000 0.00000000 0.61041431 0.10000000 
-0.96000000 0.00000000 0.61098949 0.10000000 
-0.95000000 0.00000000 0.61188735 0.10000000 
-0.94000000 0.00000000 0.61311108 0.10000000 
-0.93000000 0.00000000 0.61466381 0.10000000 
-0.92000000 0.00000000 0.61536932 0.10000000 
-0.91000000 0.00000000 0.61745532 0.10000000 
-0.90000000 0.00000000 0.61979244 0.10000000 
-0.89000000 0.00000000 0.62245639 0.10000000 
-0.88000000 0.00000000 0.62700809 0.10000000 
-0.87000000 0.00000000 0.63044384 0.10000000 
-0.86000000 0.00000000 0.63427655 0.10000000 
-0.85000000 0.00000000 0.63844946 0.10000000 
-0.84000000 0.00000000 0.64296366 0.10000000 
-0.83000000 0.00000000 0.64781935 0.10000000 
-0.82000000 0.00000000 0.65048128 0.10000000 
-0.81000000 0.00000000 0.65607124 0.10000000 
-0.80000000 0.00000000 0.66183903 0.10000000 
-0.79000000 0.00000000 0.66794938 0.10000000 
-0.78000000 0.00000000 0.67438490 0.10000000 
-0.77000000 0.00000000 0.68113389 0.10000000 
-0.76000000 0.00000000 0.69119402 0.10000000 
-0.75000000 0.00000000 0.69860399 0.10000000 
-0.74000000 0.00000000 0.70628582 0.10000000 
-0.73000000 0.00000000 0.71422453 0.10000000 
-0.72000000 0.00000000 0.72240766 0.10000000 
-0.71000000 0.00000000 0.73087109 0.10000000 
-0.70000000 0.00000000 0.73954130 0.10000000 
-0.69000000 0.00000000 0.74841171 0.10000000 
-0.68000000 0.00000000 0.75735961 0.10000000 
-0.67000000 0.00000000 0.76647488 0.10000000 
-0.66000000 0.00000000 0.77574350 0.10000000 
-0.65000000 0.00000000 0.78510214 0.10000000 
-0.64000000 0.00000000 0.79461749 0.10000000 
-0.63000000 0.00000000 0.80428713 0.10000000 
-0.62000000 0.00000000 0.81421890 0.10000000 
-0.61000000 0.00000000 0.82432411 0.10000000 
-0.60000000 0.00000000 0.83460586 0.10000000 
-0.59000000 0.00000000 0.84506650 0.10000000 
-0.58000000 0.00000000 0.85108018 0.10000000 
-0.57000000 0.00000000 0.86218440 0.10000000 
-0.56000000 0.00000000 0.87312999 0.10000000 
-0.55000000 0.00000000 0.88427758 0.10000000 
-0.54000000 0.00000000 0.89559237 0.10000000 
-0.53000000 0.00000000 0.90706492 0.10000000 
-0.52000000 0.00000000 0.92310005 0.10000000 
-0.51000000 0.00000000 0.93471643 0.10000000 
-0.50000000 0.00000000 0.94651286 0.10000000 
-0.49000000 0.00000000 0.95838160 0.10000000 
-0.48000000 0.00000000 0.97030251 0.10000000 
-0.47000000 0.00000000 0.98234607 0.10000000 
-0.46000000 0.00000000 0.99437794 0.10000000 
-0.45000000 0.00000000 1.00638967 0.10000000 
-0.44000000 0.00000000 1.01836489 0.10000000 
-0.43000000 0.00000000 1.03028851 0.10000000 
-0.42000000 0.00000000 1.03727148 0.10000000 
-0.41000000 0.00000000 1.04943945 0.10000000 
-0.40000000 0.00000000 1.06546957 0.10000000 
-0.39000000 0.00000000 1.07699524 0.10000000 
-0.38000000 0.00000000 1.08840998 0.10000000 
-0.37000000 0.00000000 1.09969680 0.10000000 
-0.36000000 0.00000000 1.11083706 0.10000000 
-0.35000000 0.00000000 1.12181507 0.10000000 
-0.34000000 0.00000000 1.13261527 0.10000000 
-0.33000000 0.00000000 1.14322265 0.10000000 
-0.32000000 0.00000000 1.15362284 0.10000000 
-0.31000000 0.00000000 1.16389764 0.10000000 
-0.30000000 0.00000000 1.17391159 0.10000000 
-0.29000000 0.00000000 1.18357991 0.10000000 
-0.28000000 0.00000000 1.19299782 0.10000000 
-0.27000000 0.00000000 1.20215470 0.10000000 
-0.26000000 0.00000000 1.21104061 0.10000000 
-0.25000000 0.00000000 1.21964634 0.10000000 
-0.24000000 0.00000000 1.22796331 0.10000000 
-0.23000000 0.00000000 1.23598359 0.10000000 
-0.22000000 0.00000000 1.24369981 0.10000000 
-0.21000000 0.00000000 1.25110518 0.10000000 
-0.20000000 0.00000000 1.25819155 0.10000000 
-0.19000000 0.00000000 1.26495403 0.10000000 
-0.18000000 0.00000000 1.27138946 0.10000000 
-0.17000000 0.00000000 1.27749255 0.10000000 
-0.16000000 0.00000000 1.28325848 0.10000000 
-0.15000000 0.00000000 1.28868284 0.10000000 
-0.14000000 0.00000000 1.29376167 0.10000000 
-0.13000000 0.00000000 1.29849142 0.10000000 
-0.12000000 0.00000000 1.30286896 0.10000000 
-0.11000000 0.00000000 1.30689153 0.10000000 
-0.10000000 0.00000000 1.31055674 0.10000000 
-0.09000000 0.00000000 1.31386256 0.10000000 
-0.08000000 0.00000000 1.31680729 0.10000000 
-0.07000000 0.00000000 1.31938948 0.10000000 
-0.06000000 0.00000000 1.32160800 0.10000000 
-0.05000000 0.00000000 1.32346200 0.10000000 
-0.04000000 0.00000000 1.32495256 0.10000000 
-0.03000000 0.00000000 1.32607996 0.10000000 
-0.02000000 0.00000000 1.32684492 0.10000000 
-0.01000000 0.00000000 1.32724847 0.10000000 
0.00000000 0.00000000 1.32729007 0.10000000 
0.01000000 0.00000000 1.32697043 0.10000000 
0.02000000 0.00000000 1.32629029 0.10000000 
0.03000000 0.00000000 1.32525041 0.10000000 
0.04000000 0.00000000 1.32385149 0.10000000 
0.05000000 0.00000000 1.32209423 0.10000000 
0.06000000 0.00000000 1.32004670 0.10000000 
0.07000000 0.00000000 1.31765447 0.10000000 
0.08000000 0.00000000 1.31492358 0.10000000 
0.09000000 0.00000000 1.31185554 0.10000000 
0.10000000 0.00000000 1.30837724 0.10000000 
0.11000000 0.00000000 1.30454646 0.10000000 
0.12000000 0.00000000 1.30036265 0.10000000 
0.13000000 0.00000000 1.29582562 0.10000000 
0.14000000 0.00000000 1.29093580 0.10000000 
0.15000000 0.00000000 1.28569457 0.10000000 
0.16000000 0.00000000 1.28284217 0.10000000 
0.17000000 0.00000000 1.27683902 0.10000000 
0.18000000 0.00000000 1.27068686 0.10000000 
0.19000000 0.00000000 1.26418343 0.10000000 
0.20000000 0.00000000 1.25432325 0.10000000 
0.21000000 0.00000000 1.24707425 0.10000000 
0.22000000 0.00000000 1.23952606 0.10000000 
0.23000000 0.00000000 1.23169194 0.10000000 
0.24000000 0.00000000 1.22358600 0.10000000 
0.25000000 0.00000000 1.21522283 0.10000000 
0.26000000 0.00000000 1.20661723 0.10000000 
0.27000000 0.00000000 1.19773036 0.10000000 
0.28000000 0.00000000 1.18864262 0.10000000 
0.29000000 0.00000000 1.17936237 0.10000000 
0.30000000 0.00000000 1.16990235 0.10000000 
0.31000000 0.00000000 1.16033360 0.10000000 
0.32000000 0.00000000 1.15059781 0.10000000 
0.33000000 0.00000000 1.14070705 0.10000000 
0.34000000 0.00000000 1.13067307 0.10000000 
0.35000000 0.00000000 1.12050731 0.10000000 
0.36000000 0.00000000 1.11022092 0.10000000 
0.37000000 0.00000000 1.09982478 0.10000000 
0.38000000 0.00000000 1.08933057 0.10000000 
0.39000000 0.00000000 1.07874827 0.10000000 
0.40000000 0.00000000 1.06808788 0.10000000 
0.41000000 0.00000000 1.05735933 0.10000000 
0.42000000 0.00000000 1.04657137 0.10000000 
0.43000000 0.00000000 1.03573434 0.10000000 
0.44000000 0.00000000 1.02485846 0.10000000 
0.45000000 0.00000000 1.01395384 0.10000000 
0.46000000 0.00000000 1.00303052 0.10000000 
0.47000000 0.00000000 0.99209845 0.10000000 
0.48000000 0.00000000 0.98116750 0.10000000 
0.49000000 0.00000000 0.97024744 0.10000000 
0.50000000 0.00000000 0.95934798 0.10000000 
0.51000000 0.00000000 0.94847877 0.10000000 
0.52000000 0.00000000 0.93764937 0.10000000 
0.53000000 0.00000000 0.92686928 0.10000000 
0.54000000 0.00000000 0.91614791 0.10000000 
0.55000000 0.00000000 0.90549454 0.10000000 
0.56000000 0.00000000 0.89491834 0.10000000 
0.57000000 0.00000000 0.88442836 0.10000000 
0.58000000 0.00000000 0.87403355 0.10000000 
0.59000000 0.00000000 0.86374270 0.10000000 
0.60000000 0.00000000 0.85356447 0.10000000 
0.61000000 0.00000000 0.84350740 0.10000000 
0.62000000 0.00000000 0.83357987 0.10000000 
0.63000000 0.00000000 0.82379011 0.10000000 
0.64000000 0.00000000 0.81414619 0.10000000 
0.65000000 0.00000000 0.80465603 0.10000000 
0.66000000 0.00000000 0.79532736 0.10000000 
0.67000000 0.00000000 0.78616776 0.10000000 
0.68000000 0.00000000 0.77718463 0.10000000 
0.69000000 0.00000000 0.76838518 0.10000000 
0.70000000 0.00000000 0.75977644 0.10000000 
0.71000000 0.00000000 0.75136526 0.10000000 
0.72000000 0.00000000 0.74315829 0.10000000 
0.73000000 0.00000000 0.73516197 0.10000000 
0.74000000 0.00000000 0.72738257 0.10000000 
0.75000000 0.00000000 0.71982612 0.10000000 
0.76000000 0.00000000 0.71249848 0.10000000 
0.77000000 0.00000000 0.70540527 0.10000000 
0.78000000 0.00000000 0.69855192 0.10000000 
0.79000000 0.00000000 0.69194361 0.10000000 
0.80000000 0.00000000 0.68558530 0.10000000 
0.81000000 0.00000000 0.67948173 0.10000000 
0.82000000 0.00000000 0.67363743 0.10000000 
0.83000000 0.00000000 0.66805671 0.10000000 
0.84000000 0.00000000 0.66274365 0.10000000 
0.85000000 0.00000000 0.65770214 0.10000000 
0.86000000 0.00000000 0.65293586 0.10000000 
0.87000000 0.00000000 0.64844830 0.10000000 
0.88000000 0.00000000 0.64424208 0.10000000 
0.89000000 0.00000000 0.64031997 0.10000000 
0.90000000 0.00000000 0.63668448 0.10000000 
0.91000000 0.00000000 0.63333784 0.10000000 
0.92000000 0.00000000 0.63028301 0.10000000 
0.93000000 0.00000000 0.62752223 0.10000000 
0.94000000 0.00000000 0.62505770 0.10000000 
0.95000000 0.00000000 0.62289160 0.10000000 
0.96000000 0.00000000 0.62102605 0.10000000 
0.97000000 0.00000000 0.61946321 0.10000000 
0.98000000 0.00000000 0.61817683 0.10000000 
0.99000000 0.00000000 0.61718843 0.10000000 

