-1.00000000 0.00000000 0.39613879 0.10000000 
-0.99000000 0.00000000 0.39519822 0.10000000 
-0.98000000 0.00000000 0.39476514 0.10000000 
-0.97000000 0.00000000 0.39480389 0.10000000 
-0.96000000 0.00000000 0.39532266 0.10000000 
-0.95000000 0.00000000 0.39632830 0.10000000 
-0.94000000 0.00000000 0.39782794 0.10000000 
-0.93000000 0.00000000 0.39982889 0.10000000 
-0.92000000 0.00000000 0.40068925 0.10000000 
-0.91000000 0.00000000 0.40349337 0.10000000 
-0.90000000 0.00000000 0.40669865 0.10000000 
-0.89000000 0.00000000 0.41041095 0.10000000 
-0.88000000 0.00000000 0.41690803 0.10000000 
-0.87000000 0.00000000 0.42183990 0.10000000 
-0.86000000 0.00000000 0.42740159 0.10000000 
-0.85000000 0.00000000 0.43350900 0.10000000 
-0.84000000 0.00000000 0.44016789 0.10000000 
-0.83000000 0.00000000 0.44738269 0.10000000 
-0.82000000 0.00000000 0.45130316 0.10000000 
-0.81000000 0.00000000 0.45969407 0.10000000 
-0.80000000 0.00000000 0.46840309 0.10000000 
-0.79000000 0.00000000 0.47768575 0.10000000 
-0.78000000 0.00000000 0.48751930 0.10000000 
-0.77000000 0.00000000 0.49788926 0.10000000 
-0.76000000 0.00000000 0.51351374 0.10000000 
-0.75000000 0.00000000 0.52505121 0.10000000 
-0.74000000 0.00000000 0.53707233 0.10000000 
-0.73000000 0.00000000 0.54955725 0.10000000 
-0.72000000 0.00000000 0.56249052 0.10000000 
-0.71000000 0.00000000 0.57592952 0.10000000 
-0.70000000 0.00000000 0.58976598 0.10000000 
-0.69000000 0.00000000 0.60399260 0.10000000 
-0.68000000 0.00000000 0.61840391 0.10000000 
-0.67000000 0.00000000 0.63315656 0.10000000 
-0.66000000 0.00000000 0.64822994 0.10000000 
-0.65000000 0.00000000 0.66352684 0.10000000 
-0.64000000 0.00000000 0.67915357 0.10000000 
-0.63000000 0.00000000 0.69510845 0.10000000 
-0.62000000 0.00000000 0.71158199 0.10000000 
-0.61000000 0.00000000 0.72842141 0.10000000 
-0.60000000 0.00000000 0.74563389 0.10000000 
-0.59000000 0.00000000 0.76322447 0.10000000 
-0.58000000 0.00000000 0.77328714 0.10000000 
-0.57000000 0.00000000 0.79209336 0.10000000 
-0.56000000 0.00000000 0.81070480 0.10000000 
-0.55000000 0.00000000 0.82973525 0.10000000 
-0.54000000 0.00000000 0.84912491 0.10000000 
-0.53000000 0.00000000 0.86885664 0.10000000 
-0.52000000 0.00000000 0.89661442 0.10000000 
-0.51000000 0.00000000 0.91674520 0.10000000 
-0.50000000 0.00000000 0.93725799 0.10000000 
-0.49000000 0.00000000 0.95795861 0.10000000 
-0.48000000 0.00000000 0.97881029 0.10000000 
-0.47000000 0.00000000 0.99993083 0.10000000 
-0.46000000 0.00000000 1.02108836 0.10000000 
-0.45000000 0.00000000 1.04226511 0.10000000 
-0.44000000 0.00000000 1.06342963 0.10000000 
-0.43000000 0.00000000 1.08455242 0.10000000 
-0.42000000 0.00000000 1.09689340 0.10000000 
-0.41000000 0.00000000 1.11853322 0.10000000 
-0.40000000 0.00000000 1.14715013 0.10000000 
-0.39000000 0.00000000 1.16773487 0.10000000 
-0.38000000 0.00000000 1.18815492 0.10000000 
-0.37000000 0.00000000 1.20837637 0.10000000 
-0.36000000 0.00000000 1.22836240 0.10000000 
-0.35000000 0.00000000 1.24808114 0.10000000 
-0.34000000 0.00000000 1.26750093 0.10000000 
-0.33000000 0.00000000 1.28659103 0.10000000 
-0.32000000 0.00000000 1.30532193 0.10000000 
-0.31000000 0.00000000 1.32383598 0.10000000 
-0.30000000 0.00000000 1.34188740 0.10000000 
-0.29000000 0.00000000 1.35932012 0.10000000 
-0.28000000 0.00000000 1.37630129 0.10000000 
-0.27000000 0.00000000 1.39280835 0.10000000 
-0.26000000 0.00000000 1.40882008 0.10000000 
-0.25000000 0.00000000 1.42431668 0.10000000 
-0.24000000 0.00000000 1.43927963 0.10000000 
-0.23000000 0.00000000 1.45369169 0.10000000 
-0.22000000 0.00000000 1.46753684 0.10000000 
-0.21000000 0.00000000 1.48080025 0.10000000 
-0.20000000 0.00000000 1.49346486 0.10000000 
-0.19000000 0.00000000 1.50551964 0.10000000 
-0.18000000 0.00000000 1.51695688 0.10000000 
-0.17000000 0.00000000 1.52776528 0.10000000 
-0.16000000 0.00000000 1.53793457 0.10000000 
-0.15000000 0.00000000 1.54745549 0.10000000 
-0.14000000 0.00000000 1.55631982 0.10000000 
-0.13000000 0.00000000 1.56452031 0.10000000 
-0.12000000 0.00000000 1.57205071 0.10000000 
-0.11000000 0.00000000 1.57890571 0.10000000 
-0.10000000 0.00000000 1.58508087 0.10000000 
-0.09000000 0.00000000 1.59057268 0.10000000 
-0.08000000 0.00000000 1.59537844 0.10000000 
-0.07000000 0.00000000 1.59949618 0.10000000 
-0.06000000 0.00000000 1.60292469 0.10000000 
-0.05000000 0.00000000 1.60566354 0.10000000 
-0.04000000 0.00000000 1.60771616 0.10000000 
-0.03000000 0.00000000 1.60908465 0.10000000 
-0.02000000 0.00000000 1.60977210 0.10000000 
-0.01000000 0.00000000 1.60978233 0.10000000 
0.00000000 0.00000000 1.60911644 0.10000000 
0.01000000 0.00000000 1.60777802 0.10000000 
0.02000000 0.00000000 1.60577088 0.10000000 
0.03000000 0.00000000 1.60309897 0.10000000 
0.04000000 0.00000000 1.59976633 0.10000000 
0.05000000 0.00000000 1.59577705 0.10000000 
0.06000000 0.00000000 1.59126422 0.10000000 
0.07000000 0.00000000 1.58612586 0.10000000 
0.08000000 0.00000000 1.58037648 0.10000000 
0.09000000 0.00000000 1.57402190 0.10000000 
0.10000000 0.00000000 1.56692860 0.10000000 
0.11000000 0.00000000 1.55920849 0.10000000 
0.12000000 0.00000000 1.55086392 0.10000000 
0.13000000 0.00000000 1.54189788 0.10000000 
0.14000000 0.00000000 1.53231465 0.10000000 
0.15000000 0.00000000 1.52212025 0.10000000 
0.16000000 0.00000000 1.51652518 0.10000000 
0.17000000 0.00000000 1.50497314 0.10000000 
0.18000000 0.00000000 1.49320634 0.10000000 
0.19000000 0.00000000 1.48084062 0.10000000 
0.20000000 0.00000000 1.46229292 0.10000000 
0.21000000 0.00000000 1.44869257 0.10000000 
0.22000000 0.00000000 1.43460266 0.10000000 
0.23000000 0.00000000 1.42005107 0.10000000 
0.24000000 0.00000000 1.40506714 0.10000000 
0.25000000 0.00000000 1.38968094 0.10000000 
0.26000000 0.00000000 1.37392276 0.10000000 
0.27000000 0.00000000 1.35772063 0.10000000 
0.28000000 0.00000000 1.34122990 0.10000000 
0.29000000 0.00000000 1.32446780 0.10000000 
0.30000000 0.00000000 1.30745971 0.10000000 
0.31000000 0.00000000 1.29033928 0.10000000 
0.32000000 0.00000000 1.27299858 0.10000000 
0.33000000 0.00000000 1.25546110 0.10000000 
0.34000000 0.00000000 1.23774950 0.10000000 
0.35000000 0.00000000 1.21988555 0.10000000 
0.36000000 0.00000000 1.20189025 0.10000000 
0.37000000 0.00000000 1.18378375 0.10000000 
0.38000000 0.00000000 1.16558749 0.10000000 
0.39000000 0.00000000 1.14731936 0.10000000 
0.40000000 0.00000000 1.12899703 0.10000000 
0.41000000 0.00000000 1.11063779 0.10000000 
0.42000000 0.00000000 1.09225643 0.10000000 
0.43000000 0.00000000 1.07387042 0.10000000 
0.44000000 0.00000000 1.05549675 0.10000000 
0.45000000 0.00000000 1.03715197 0.10000000 
0.46000000 0.00000000 1.01885219 0.10000000 
0.47000000 0.00000000 1.00061310 0.10000000 
0.48000000 0.00000000 0.98245001 0.10000000 
0.49000000 0.00000000 0.96437778 0.10000000 
0.50000000 0.00000000 0.94641097 0.10000000 
0.51000000 0.00000000 0.92856373 0.10000000 
0.52000000 0.00000000 0.91084990 0.10000000 
0.53000000 0.00000000 0.89328297 0.10000000 
0.54000000 0.00000000 0.87587605 0.10000000 
0.55000000 0.00000000 0.85864186 0.10000000 
0.56000000 0.00000000 0.84159277 0.10000000 
0.57000000 0.00000000 0.82474074 0.10000000 
0.58000000 0.00000000 0.80809738 0.10000000 
0.59000000 0.00000000 0.79167394 0.10000000 
0.60000000 0.00000000 0.77548130 0.10000000 
0.61000000 0.00000000 0.75952999 0.10000000 
0.62000000 0.00000000 0.74383018 0.10000000 
0.63000000 0.00000000 0.72839172 0.10000000 
0.64000000 0.00000000 0.71322410 0.10000000 
0.65000000 0.00000000 0.69833647 0.10000000 
0.66000000 0.00000000 0.68373769 0.10000000 
0.67000000 0.00000000 0.66943628 0.10000000 
0.68000000 0.00000000 0.65544045 0.10000000 
0.69000000 0.00000000 0.64175812 0.10000000 
0.70000000 0.00000000 0.62839692 0.10000000 
0.71000000 0.00000000 0.61536418 0.10000000 
0.72000000 0.00000000 0.60266698 0.10000000 
0.73000000 0.00000000 0.59031212 0.10000000 
0.74000000 0.00000000 0.57830613 0.10000000 
0.75000000 0.00000000 0.56665532 0.10000000 
0.76000000 0.00000000 0.55536575 0.10000000 
0.77000000 0.00000000 0.54444324 0.10000000 
0.78000000 0.00000000 0.53389339 0.10000000 
0.79000000 0.00000000 0.52372156 0.10000000 
0.80000000 0.00000000 0.51393291 0.10000000 
0.81000000 0.00000000 0.50453237 0.10000000 
0.82000000 0.00000000 0.49552470 0.10000000 
0.83000000 0.00000000 0.48691447 0.10000000 
0.84000000 0.00000000 0.47870611 0.10000000 
0.85000000 0.00000000 0.47090387 0.10000000 
0.86000000 0.00000000 0.46351189 0.10000000 
0.87000000 0.00000000 0.45653418 0.10000000 
0.88000000 0.00000000 0.44997373 0.10000000 
0.89000000 0.00000000 0.44383388 0.10000000 
0.90000000 0.00000000 0.43811773 0.10000000 
0.91000000 0.00000000 0.43282822 0.10000000 
0.92000000 0.00000000 0.42796944 0.10000000 
0.93000000 0.00000000 0.42354471 0.10000000 
0.94000000 0.00000000 0.41955745 0.10000000 
0.95000000 0.00000000 0.41601118 0.10000000 
0.96000000 0.00000000 0.41290963 0.10000000 
0.97000000 0.00000000 0.41025670 0.10000000 
0.98000000 0.00000000 0.40801685 0.10000000 
0.99000000 0.00000000 0.40622053 0.10000000 

