-1.00000000 0.00000000 0.27894411 0.10000000 
-0.99000000 0.00000000 0.27743952 0.10000000 
-0.98000000 0.00000000 0.27645312 0.10000000 
-0.97000000 0.00000000 0.27595358 0.10000000 
-0.96000000 0.00000000 0.27595174 0.10000000 
-0.95000000 0.00000000 0.27645741 0.10000000 
-0.94000000 0.00000000 0.27748109 0.10000000 
-0.93000000 0.00000000 0.27903391 0.10000000 
-0.92000000 0.00000000 0.27961397 0.10000000 
-0.91000000 0.00000000 0.28200011 0.10000000 
-0.90000000 0.00000000 0.28483714 0.10000000 
-0.89000000 0.00000000 0.28822225 0.10000000 
-0.88000000 0.00000000 0.29440308 0.10000000 
-0.87000000 0.00000000 0.29914099 0.10000000 
-0.86000000 0.00000000 0.30458242 0.10000000 
-0.85000000 0.00000000 0.31064263 0.10000000 
-0.84000000 0.00000000 0.31733468 0.10000000 
-0.83000000 0.00000000 0.32467046 0.10000000 
-0.82000000 0.00000000 0.32860073 0.10000000 
-0.81000000 0.00000000 0.33726998 0.10000000 
-0.80000000 0.00000000 0.34635235 0.10000000 
-0.79000000 0.00000000 0.35612573 0.10000000 
-0.78000000 0.00000000 0.36657344 0.10000000 
-0.77000000 0.00000000 0.37768658 0.10000000 
-0.76000000 0.00000000 0.39471154 0.10000000 
-0.75000000 0.00000000 0.40733423 0.10000000 
-0.74000000 0.00000000 0.42058877 0.10000000 
-0.73000000 0.00000000 0.43446067 0.10000000 
-0.72000000 0.00000000 0.44894103 0.10000000 
-0.71000000 0.00000000 0.46409668 0.10000000 
-0.70000000 0.00000000 0.47982120 0.10000000 
-0.69000000 0.00000000 0.49611315 0.10000000 
-0.68000000 0.00000000 0.51272240 0.10000000 
-0.67000000 0.00000000 0.52985225 0.10000000 
-0.66000000 0.00000000 0.54748379 0.10000000 
-0.65000000 0.00000000 0.56551484 0.10000000 
-0.64000000 0.00000000 0.58406747 0.10000000 
-0.63000000 0.00000000 0.60314518 0.10000000 
-0.62000000 0.00000000 0.62300096 0.10000000 
-0.61000000 0.00000000 0.64344117 0.10000000 
-0.60000000 0.00000000 0.66447965 0.10000000 
-0.59000000 0.00000000 0.68612618 0.10000000 
-0.58000000 0.00000000 0.69841607 0.10000000 
-0.57000000 0.00000000 0.72180523 0.10000000 
-0.56000000 0.00000000 0.74509196 0.10000000 
-0.55000000 0.00000000 0.76904639 0.10000000 
-0.54000000 0.00000000 0.79359421 0.10000000 
-0.53000000 0.00000000 0.81871356 0.10000000 
-0.52000000 0.00000000 0.85440005 0.10000000 
-0.51000000 0.00000000 0.88032668 0.10000000 
-0.50000000 0.00000000 0.90688550 0.10000000 
-0.49000000 0.00000000 0.93381272 0.10000000 
-0.48000000 0.00000000 0.96105892 0.10000000 
-0.47000000 0.00000000 0.98876899 0.10000000 
-0.46000000 0.00000000 1.01664772 0.10000000 
-0.45000000 0.00000000 1.04466770 0.10000000 
-0.44000000 0.00000000 1.07278383 0.10000000 
-0.43000000 0.00000000 1.10095294 0.10000000 
-0.42000000 0.00000000 1.11734476 0.10000000 
-0.41000000 0.00000000 1.14638814 0.10000000 
-0.40000000 0.00000000 1.18505154 0.10000000 
-0.39000000 0.00000000 1.21288982 0.10000000 
-0.38000000 0.00000000 1.24058865 0.10000000 
-0.37000000 0.00000000 1.26809641 0.10000000 
-0.36000000 0.00000000 1.29535749 0.10000000 
-0.35000000 0.00000000 1.32232224 0.10000000 
-0.34000000 0.00000000 1.34894113 0.10000000 
-0.33000000 0.00000000 1.37516574 0.10000000 
-0.32000000 0.00000000 1.40094917 0.10000000 
-0.31000000 0.00000000 1.42647716 0.10000000 
-0.30000000 0.00000000 1.45141053 0.10000000 
-0.29000000 0.00000000 1.47552924 0.10000000 
-0.28000000 0.00000000 1.49905389 0.10000000 
-0.27000000 0.00000000 1.52194712 0.10000000 
-0.26000000 0.00000000 1.54417351 0.10000000 
-0.25000000 0.00000000 1.56569970 0.10000000 
-0.24000000 0.00000000 1.58649427 0.10000000 
-0.23000000 0.00000000 1.60652771 0.10000000 
-0.22000000 0.00000000 1.62577243 0.10000000 
-0.21000000 0.00000000 1.64420272 0.10000000 
-0.20000000 0.00000000 1.66179013 0.10000000 
-0.19000000 0.00000000 1.67851474 0.10000000 
-0.18000000 0.00000000 1.69436142 0.10000000 
-0.17000000 0.00000000 1.70931057 0.10000000 
-0.16000000 0.00000000 1.72334436 0.10000000 
-0.15000000 0.00000000 1.73644668 0.10000000 
-0.14000000 0.00000000 1.74860327 0.10000000 
-0.13000000 0.00000000 1.75980163 0.10000000 
-0.12000000 0.00000000 1.77003099 0.10000000 
-0.11000000 0.00000000 1.77928234 0.10000000 
-0.10000000 0.00000000 1.78754823 0.10000000 
-0.09000000 0.00000000 1.79482296 0.10000000 
-0.08000000 0.00000000 1.80110234 0.10000000 
-0.07000000 0.00000000 1.80638360 0.10000000 
-0.06000000 0.00000000 1.81066545 0.10000000 
-0.05000000 0.00000000 1.81394803 0.10000000 
-0.04000000 0.00000000 1.81623747 0.10000000 
-0.03000000 0.00000000 1.81753824 0.10000000 
-0.02000000 0.00000000 1.81785657 0.10000000 
-0.01000000 0.00000000 1.81720009 0.10000000 
0.00000000 0.00000000 1.81557280 0.10000000 
0.01000000 0.00000000 1.81298259 0.10000000 
0.02000000 0.00000000 1.80943796 0.10000000 
0.03000000 0.00000000 1.80494784 0.10000000 
0.04000000 0.00000000 1.79952157 0.10000000 
0.05000000 0.00000000 1.79316878 0.10000000 
0.06000000 0.00000000 1.78608526 0.10000000 
0.07000000 0.00000000 1.77812704 0.10000000 
0.08000000 0.00000000 1.76931920 0.10000000 
0.09000000 0.00000000 1.75967431 0.10000000 
0.10000000 0.00000000 1.74900805 0.10000000 
0.11000000 0.00000000 1.73748430 0.10000000 
0.12000000 0.00000000 1.72511128 0.10000000 
0.13000000 0.00000000 1.71189826 0.10000000 
0.14000000 0.00000000 1.69785634 0.10000000 
0.15000000 0.00000000 1.68299918 0.10000000 
0.16000000 0.00000000 1.67479518 0.10000000 
0.17000000 0.00000000 1.65808949 0.10000000 
0.18000000 0.00000000 1.64115319 0.10000000 
0.19000000 0.00000000 1.62343712 0.10000000 
0.20000000 0.00000000 1.59709721 0.10000000 
0.21000000 0.00000000 1.57782696 0.10000000 
0.22000000 0.00000000 1.55794942 0.10000000 
0.23000000 0.00000000 1.53750875 0.10000000 
0.24000000 0.00000000 1.51655091 0.10000000 
0.25000000 0.00000000 1.49512271 0.10000000 
0.26000000 0.00000000 1.47327099 0.10000000 
0.27000000 0.00000000 1.45089575 0.10000000 
0.28000000 0.00000000 1.42822339 0.10000000 
0.29000000 0.00000000 1.40528096 0.10000000 
0.30000000 0.00000000 1.38210703 0.10000000 
0.31000000 0.00000000 1.35889209 0.10000000 
0.32000000 0.00000000 1.33548559 0.10000000 
0.33000000 0.00000000 1.31192246 0.10000000 
0.34000000 0.00000000 1.28823608 0.10000000 
0.35000000 0.00000000 1.26445826 0.10000000 
0.36000000 0.00000000 1.24061926 0.10000000 
0.37000000 0.00000000 1.21674781 0.10000000 
0.38000000 0.00000000 1.19287411 0.10000000 
0.39000000 0.00000000 1.16902288 0.10000000 
0.40000000 0.00000000 1.14521815 0.10000000 
0.41000000 0.00000000 1.12148305 0.10000000 
0.42000000 0.00000000 1.09783681 0.10000000 
0.43000000 0.00000000 1.07430209 0.10000000 
0.44000000 0.00000000 1.05090053 0.10000000 
0.45000000 0.00000000 1.02765273 0.10000000 
0.46000000 0.00000000 1.00457835 0.10000000 
0.47000000 0.00000000 0.98169612 0.10000000 
0.48000000 0.00000000 0.95902386 0.10000000 
0.49000000 0.00000000 0.93657849 0.10000000 
0.50000000 0.00000000 0.91437611 0.10000000 
0.51000000 0.00000000 0.89243202 0.10000000 
0.52000000 0.00000000 0.87076072 0.10000000 
0.53000000 0.00000000 0.84937599 0.10000000 
0.54000000 0.00000000 0.82829080 0.10000000 
0.55000000 0.00000000 0.80751731 0.10000000 
0.56000000 0.00000000 0.78706694 0.10000000 
0.57000000 0.00000000 0.76695034 0.10000000 
0.58000000 0.00000000 0.74717746 0.10000000 
0.59000000 0.00000000 0.72775752 0.10000000 
0.60000000 0.00000000 0.70869911 0.10000000 
0.61000000 0.00000000 0.69001011 0.10000000 
0.62000000 0.00000000 0.67169783 0.10000000 
0.63000000 0.00000000 0.65376894 0.10000000 
0.64000000 0.00000000 0.63622955 0.10000000 
0.65000000 0.00000000 0.61908523 0.10000000 
0.66000000 0.00000000 0.60234102 0.10000000 
0.67000000 0.00000000 0.58600149 0.10000000 
0.68000000 0.00000000 0.57007073 0.10000000 
0.69000000 0.00000000 0.55455243 0.10000000 
0.70000000 0.00000000 0.53944988 0.10000000 
0.71000000 0.00000000 0.52476600 0.10000000 
0.72000000 0.00000000 0.51050338 0.10000000 
0.73000000 0.00000000 0.49666431 0.10000000 
0.74000000 0.00000000 0.48325082 0.10000000 
0.75000000 0.00000000 0.47026470 0.10000000 
0.76000000 0.00000000 0.45770751 0.10000000 
0.77000000 0.00000000 0.44558068 0.10000000 
0.78000000 0.00000000 0.43388545 0.10000000 
0.79000000 0.00000000 0.42262293 0.10000000 
0.80000000 0.00000000 0.41179415 0.10000000 
0.81000000 0.00000000 0.40140004 0.10000000 
0.82000000 0.00000000 0.39144153 0.10000000 
0.83000000 0.00000000 0.38191953 0.10000000 
0.84000000 0.00000000 0.37283498 0.10000000 
0.85000000 0.00000000 0.36418888 0.10000000 
0.86000000 0.00000000 0.35598231 0.10000000 
0.87000000 0.00000000 0.34821649 0.10000000 
0.88000000 0.00000000 0.34089195 0.10000000 
0.89000000 0.00000000 0.33400975 0.10000000 
0.90000000 0.00000000 0.32757103 0.10000000 
0.91000000 0.00000000 0.32157699 0.10000000 
0.92000000 0.00000000 0.31603027 0.10000000 
0.93000000 0.00000000 0.31093306 0.10000000 
0.94000000 0.00000000 0.30628795 0.10000000 
0.95000000 0.00000000 0.30209800 0.10000000 
0.96000000 0.00000000 0.29836673 0.10000000 
0.97000000 0.00000000 0.29509823 0.10000000 
0.98000000 0.00000000 0.29226084 0.10000000 
0.99000000 0.00000000 0.28988222 0.10000000 

