-1.00000000 0.00000000 0.26998080 0.10000000 
-0.99000000 0.00000000 0.26842643 0.10000000 
-0.98000000 0.00000000 0.26738594 0.10000000 
-0.97000000 0.00000000 0.26682882 0.10000000 
-0.96000000 0.00000000 0.26676608 0.10000000 
-0.95000000 0.00000000 0.26720771 0.10000000 
-0.94000000 0.00000000 0.26816451 0.10000000 
-0.93000000 0.00000000 0.26964790 0.10000000 
-0.92000000 0.00000000 0.27018887 0.10000000 
-0.91000000 0.00000000 0.27249996 0.10000000 
-0.90000000 0.00000000 0.27526280 0.10000000 
-0.89000000 0.00000000 0.27857256 0.10000000 
-0.88000000 0.00000000 0.28464889 0.10000000 
-0.87000000 0.00000000 0.28931254 0.10000000 
-0.86000000 0.00000000 0.29468093 0.10000000 
-0.85000000 0.00000000 0.30067023 0.10000000 
-0.84000000 0.00000000 0.30729428 0.10000000 
-0.83000000 0.00000000 0.31456586 0.10000000 
-0.82000000 0.00000000 0.31845502 0.10000000 
-0.81000000 0.00000000 0.32706491 0.10000000 
-0.80000000 0.00000000 0.33609532 0.10000000 
-0.79000000 0.00000000 0.34582395 0.10000000 
-0.78000000 0.00000000 0.35623517 0.10000000 
-0.77000000 0.00000000 0.36732100 0.10000000 
-0.76000000 0.00000000 0.38433800 0.10000000 
-0.75000000 0.00000000 0.39696111 0.10000000 
-0.74000000 0.00000000 0.41022846 0.10000000 
-0.73000000 0.00000000 0.42412652 0.10000000 
-0.72000000 0.00000000 0.43864751 0.10000000 
-0.71000000 0.00000000 0.45385885 0.10000000 
-0.70000000 0.00000000 0.46965568 0.10000000 
-0.69000000 0.00000000 0.48603750 0.10000000 
-0.68000000 0.00000000 0.50275105 0.10000000 
-0.67000000 0.00000000 0.52000377 0.10000000 
-0.66000000 0.00000000 0.53777732 0.10000000 
-0.65000000 0.00000000 0.55597017 0.10000000 
-0.64000000 0.00000000 0.57470523 0.10000000 
-0.63000000 0.00000000 0.59398680 0.10000000 
-0.62000000 0.00000000 0.61407374 0.10000000 
-0.61000000 0.00000000 0.63476908 0.10000000 
-0.60000000 0.00000000 0.65608758 0.10000000 
-0.59000000 0.00000000 0.67803965 0.10000000 
-0.58000000 0.00000000 0.69049191 0.10000000 
-0.57000000 0.00000000 0.71424053 0.10000000 
-0.56000000 0.00000000 0.73790187 0.10000000 
-0.55000000 0.00000000 0.76225877 0.10000000 
-0.54000000 0.00000000 0.78723589 0.10000000 
-0.53000000 0.00000000 0.81281108 0.10000000 
-0.52000000 0.00000000 0.84918705 0.10000000 
-0.51000000 0.00000000 0.87562017 0.10000000 
-0.50000000 0.00000000 0.90271467 0.10000000 
-0.49000000 0.00000000 0.93020002 0.10000000 
-0.48000000 0.00000000 0.95802566 0.10000000 
-0.47000000 0.00000000 0.98633859 0.10000000 
-0.46000000 0.00000000 1.01483834 0.10000000 
-0.45000000 0.00000000 1.04349647 0.10000000 
-0.44000000 0.00000000 1.07226653 0.10000000 
-0.43000000 0.00000000 1.10110395 0.10000000 
-0.42000000 0.00000000 1.11787662 0.10000000 
-0.41000000 0.00000000 1.14763138 0.10000000 
-0.40000000 0.00000000 1.18727321 0.10000000 
-0.39000000 0.00000000 1.21581940 0.10000000 
-0.38000000 0.00000000 1.24423287 0.10000000 
-0.37000000 0.00000000 1.27246006 0.10000000 
-0.36000000 0.00000000 1.30044329 0.10000000 
-0.35000000 0.00000000 1.32813093 0.10000000 
-0.34000000 0.00000000 1.35547142 0.10000000 
-0.33000000 0.00000000 1.38241433 0.10000000 
-0.32000000 0.00000000 1.40891077 0.10000000 
-0.31000000 0.00000000 1.43515040 0.10000000 
-0.30000000 0.00000000 1.46078467 0.10000000 
-0.29000000 0.00000000 1.48558685 0.10000000 
-0.28000000 0.00000000 1.50978252 0.10000000 
-0.27000000 0.00000000 1.53333256 0.10000000 
-0.26000000 0.00000000 1.55619987 0.10000000 
-0.25000000 0.00000000 1.57834943 0.10000000 
-0.24000000 0.00000000 1.59974826 0.10000000 
-0.23000000 0.00000000 1.62036537 0.10000000 
-0.22000000 0.00000000 1.64017174 0.10000000 
-0.21000000 0.00000000 1.65914032 0.10000000 
-0.20000000 0.00000000 1.67724129 0.10000000 
-0.19000000 0.00000000 1.69445358 0.10000000 
-0.18000000 0.00000000 1.71076114 0.10000000 
-0.17000000 0.00000000 1.72614331 0.10000000 
-0.16000000 0.00000000 1.74058131 0.10000000 
-0.15000000 0.00000000 1.75405819 0.10000000 
-0.14000000 0.00000000 1.76655893 0.10000000 
-0.13000000 0.00000000 1.77807035 0.10000000 
-0.12000000 0.00000000 1.78858111 0.10000000 
-0.11000000 0.00000000 1.79808172 0.10000000 
-0.10000000 0.00000000 1.80656437 0.10000000 
-0.09000000 0.00000000 1.81402305 0.10000000 
-0.08000000 0.00000000 1.82045338 0.10000000 
-0.07000000 0.00000000 1.82585248 0.10000000 
-0.06000000 0.00000000 1.83021903 0.10000000 
-0.05000000 0.00000000 1.83355326 0.10000000 
-0.04000000 0.00000000 1.83586157 0.10000000 
-0.03000000 0.00000000 1.83714873 0.10000000 
-0.02000000 0.00000000 1.83742134 0.10000000 
-0.01000000 0.00000000 1.83668748 0.10000000 
0.00000000 0.00000000 1.83495151 0.10000000 
0.01000000 0.00000000 1.83222188 0.10000000 
0.02000000 0.00000000 1.82850765 0.10000000 
0.03000000 0.00000000 1.82381839 0.10000000 
0.04000000 0.00000000 1.81816409 0.10000000 
0.05000000 0.00000000 1.81155510 0.10000000 
0.06000000 0.00000000 1.80419384 0.10000000 
0.07000000 0.00000000 1.79593212 0.10000000 
0.08000000 0.00000000 1.78679621 0.10000000 
0.09000000 0.00000000 1.77679956 0.10000000 
0.10000000 0.00000000 1.76575277 0.10000000 
0.11000000 0.00000000 1.75382525 0.10000000 
0.12000000 0.00000000 1.74102600 0.10000000 
0.13000000 0.00000000 1.72736508 0.10000000 
0.14000000 0.00000000 1.71285446 0.10000000 
0.15000000 0.00000000 1.69750878 0.10000000 
0.16000000 0.00000000 1.68903038 0.10000000 
0.17000000 0.00000000 1.67178740 0.10000000 
0.18000000 0.00000000 1.65431399 0.10000000 
0.19000000 0.00000000 1.63604394 0.10000000 
0.20000000 0.00000000 1.60890292 0.10000000 
0.21000000 0.00000000 1.58905090 0.10000000 
0.22000000 0.00000000 1.56858173 0.10000000 
0.23000000 0.00000000 1.54754138 0.10000000 
0.24000000 0.00000000 1.52597764 0.10000000 
0.25000000 0.00000000 1.50393918 0.10000000 
0.26000000 0.00000000 1.48147462 0.10000000 
0.27000000 0.00000000 1.45848115 0.10000000 
0.28000000 0.00000000 1.43519263 0.10000000 
0.29000000 0.00000000 1.41163717 0.10000000 
0.30000000 0.00000000 1.38785476 0.10000000 
0.31000000 0.00000000 1.36404176 0.10000000 
0.32000000 0.00000000 1.34004328 0.10000000 
0.33000000 0.00000000 1.31589545 0.10000000 
0.34000000 0.00000000 1.29163277 0.10000000 
0.35000000 0.00000000 1.26728811 0.10000000 
0.36000000 0.00000000 1.24289264 0.10000000 
0.37000000 0.00000000 1.21847599 0.10000000 
0.38000000 0.00000000 1.19406922 0.10000000 
0.39000000 0.00000000 1.16969770 0.10000000 
0.40000000 0.00000000 1.14538610 0.10000000 
0.41000000 0.00000000 1.12115808 0.10000000 
0.42000000 0.00000000 1.09703325 0.10000000 
0.43000000 0.00000000 1.07303475 0.10000000 
0.44000000 0.00000000 1.04918461 0.10000000 
0.45000000 0.00000000 1.02550377 0.10000000 
0.46000000 0.00000000 1.00201214 0.10000000 
0.47000000 0.00000000 0.97872868 0.10000000 
0.48000000 0.00000000 0.95567135 0.10000000 
0.49000000 0.00000000 0.93285718 0.10000000 
0.50000000 0.00000000 0.91030230 0.10000000 
0.51000000 0.00000000 0.88802201 0.10000000 
0.52000000 0.00000000 0.86603076 0.10000000 
0.53000000 0.00000000 0.84434222 0.10000000 
0.54000000 0.00000000 0.82296921 0.10000000 
0.55000000 0.00000000 0.80192371 0.10000000 
0.56000000 0.00000000 0.78121690 0.10000000 
0.57000000 0.00000000 0.76085915 0.10000000 
0.58000000 0.00000000 0.74086009 0.10000000 
0.59000000 0.00000000 0.72122860 0.10000000 
0.60000000 0.00000000 0.70197288 0.10000000 
0.61000000 0.00000000 0.68310040 0.10000000 
0.62000000 0.00000000 0.66461802 0.10000000 
0.63000000 0.00000000 0.64653194 0.10000000 
0.64000000 0.00000000 0.62884777 0.10000000 
0.65000000 0.00000000 0.61157056 0.10000000 
0.66000000 0.00000000 0.59470481 0.10000000 
0.67000000 0.00000000 0.57825453 0.10000000 
0.68000000 0.00000000 0.56222324 0.10000000 
0.69000000 0.00000000 0.54661405 0.10000000 
0.70000000 0.00000000 0.53142964 0.10000000 
0.71000000 0.00000000 0.51667234 0.10000000 
0.72000000 0.00000000 0.50234412 0.10000000 
0.73000000 0.00000000 0.48844667 0.10000000 
0.74000000 0.00000000 0.47498138 0.10000000 
0.75000000 0.00000000 0.46194945 0.10000000 
0.76000000 0.00000000 0.44935182 0.10000000 
0.77000000 0.00000000 0.43718932 0.10000000 
0.78000000 0.00000000 0.42546259 0.10000000 
0.79000000 0.00000000 0.41417216 0.10000000 
0.80000000 0.00000000 0.40331849 0.10000000 
0.81000000 0.00000000 0.39290196 0.10000000 
0.82000000 0.00000000 0.38292294 0.10000000 
0.83000000 0.00000000 0.37338184 0.10000000 
0.84000000 0.00000000 0.36427909 0.10000000 
0.85000000 0.00000000 0.35561521 0.10000000 
0.86000000 0.00000000 0.34739084 0.10000000 
0.87000000 0.00000000 0.33960676 0.10000000 
0.88000000 0.00000000 0.33226313 0.10000000 
0.89000000 0.00000000 0.32536066 0.10000000 
0.90000000 0.00000000 0.31890013 0.10000000 
0.91000000 0.00000000 0.31288247 0.10000000 
0.92000000 0.00000000 0.30731004 0.10000000 
0.93000000 0.00000000 0.30218477 0.10000000 
0.94000000 0.00000000 0.29750907 0.10000000 
0.95000000 0.00000000 0.29328583 0.10000000 
0.96000000 0.00000000 0.28951844 0.10000000 
0.97000000 0.00000000 0.28621090 0.10000000 
0.98000000 0.00000000 0.28333229 0.10000000 
0.99000000 0.00000000 0.28090957 0.10000000 

