-1.00000000 0.00000000 0.59239974 0.10000000 
-0.99000000 0.00000000 0.59197102 0.10000000 
-0.98000000 0.00000000 0.59190148 0.10000000 
-0.97000000 0.00000000 0.59216344 0.10000000 
-0.96000000 0.00000000 0.59276130 0.10000000 
-0.95000000 0.00000000 0.59369840 0.10000000 
-0.94000000 0.00000000 0.59497817 0.10000000 
-0.93000000 0.00000000 0.59660400 0.10000000 
-0.92000000 0.00000000 0.59734171 0.10000000 
-0.91000000 0.00000000 0.59952823 0.10000000 
-0.90000000 0.00000000 0.60197933 0.10000000 
-0.89000000 0.00000000 0.60477449 0.10000000 
-0.88000000 0.00000000 0.60955385 0.10000000 
-0.87000000 0.00000000 0.61316211 0.10000000 
-0.86000000 0.00000000 0.61718868 0.10000000 
-0.85000000 0.00000000 0.62157389 0.10000000 
-0.84000000 0.00000000 0.62631901 0.10000000 
-0.83000000 0.00000000 0.63142436 0.10000000 
-0.82000000 0.00000000 0.63422229 0.10000000 
-0.81000000 0.00000000 0.64010175 0.10000000 
-0.80000000 0.00000000 0.64616953 0.10000000 
-0.79000000 0.00000000 0.65259911 0.10000000 
-0.78000000 0.00000000 0.65937228 0.10000000 
-0.77000000 0.00000000 0.66647683 0.10000000 
-0.76000000 0.00000000 0.67707122 0.10000000 
-0.75000000 0.00000000 0.68487544 0.10000000 
-0.74000000 0.00000000 0.69296753 0.10000000 
-0.73000000 0.00000000 0.70133178 0.10000000 
-0.72000000 0.00000000 0.70995518 0.10000000 
-0.71000000 0.00000000 0.71887556 0.10000000 
-0.70000000 0.00000000 0.72801562 0.10000000 
-0.69000000 0.00000000 0.73736853 0.10000000 
-0.68000000 0.00000000 0.74680467 0.10000000 
-0.67000000 0.00000000 0.75641910 0.10000000 
-0.66000000 0.00000000 0.76619709 0.10000000 
-0.65000000 0.00000000 0.77607198 0.10000000 
-0.64000000 0.00000000 0.78611404 0.10000000 
-0.63000000 0.00000000 0.79632078 0.10000000 
-0.62000000 0.00000000 0.80680631 0.10000000 
-0.61000000 0.00000000 0.81747685 0.10000000 
-0.60000000 0.00000000 0.82833571 0.10000000 
-0.59000000 0.00000000 0.83938538 0.10000000 
-0.58000000 0.00000000 0.84573649 0.10000000 
-0.57000000 0.00000000 0.85746918 0.10000000 
-0.56000000 0.00000000 0.86903599 0.10000000 
-0.55000000 0.00000000 0.88081801 0.10000000 
-0.54000000 0.00000000 0.89277845 0.10000000 
-0.53000000 0.00000000 0.90490727 0.10000000 
-0.52000000 0.00000000 0.92186367 0.10000000 
-0.51000000 0.00000000 0.93414790 0.10000000 
-0.50000000 0.00000000 0.94662404 0.10000000 
-0.49000000 0.00000000 0.95917795 0.10000000 
-0.48000000 0.00000000 0.97178831 0.10000000 
-0.47000000 0.00000000 0.98452950 0.10000000 
-0.46000000 0.00000000 0.99725945 0.10000000 
-0.45000000 0.00000000 1.00996914 0.10000000 
-0.44000000 0.00000000 1.02264117 0.10000000 
-0.43000000 0.00000000 1.03525949 0.10000000 
-0.42000000 0.00000000 1.04264879 0.10000000 
-0.41000000 0.00000000 1.05552718 0.10000000 
-0.40000000 0.00000000 1.07249479 0.10000000 
-0.39000000 0.00000000 1.08469455 0.10000000 
-0.38000000 0.00000000 1.09677729 0.10000000 
-0.37000000 0.00000000 1.10872492 0.10000000 
-0.36000000 0.00000000 1.12051762 0.10000000 
-0.35000000 0.00000000 1.13213867 0.10000000 
-0.34000000 0.00000000 1.14357149 0.10000000 
-0.33000000 0.00000000 1.15480008 0.10000000 
-0.32000000 0.00000000 1.16580916 0.10000000 
-0.31000000 0.00000000 1.17668519 0.10000000 
-0.30000000 0.00000000 1.18728469 0.10000000 
-0.29000000 0.00000000 1.19751781 0.10000000 
-0.28000000 0.00000000 1.20748528 0.10000000 
-0.27000000 0.00000000 1.21717575 0.10000000 
-0.26000000 0.00000000 1.22657862 0.10000000 
-0.25000000 0.00000000 1.23568407 0.10000000 
-0.24000000 0.00000000 1.24448295 0.10000000 
-0.23000000 0.00000000 1.25296678 0.10000000 
-0.22000000 0.00000000 1.26112771 0.10000000 
-0.21000000 0.00000000 1.26895848 0.10000000 
-0.20000000 0.00000000 1.27645043 0.10000000 
-0.19000000 0.00000000 1.28359833 0.10000000 
-0.18000000 0.00000000 1.29039880 0.10000000 
-0.17000000 0.00000000 1.29684621 0.10000000 
-0.16000000 0.00000000 1.30293544 0.10000000 
-0.15000000 0.00000000 1.30866179 0.10000000 
-0.14000000 0.00000000 1.31402107 0.10000000 
-0.13000000 0.00000000 1.31900952 0.10000000 
-0.12000000 0.00000000 1.32362383 0.10000000 
-0.11000000 0.00000000 1.32786110 0.10000000 
-0.10000000 0.00000000 1.33171880 0.10000000 
-0.09000000 0.00000000 1.33519482 0.10000000 
-0.08000000 0.00000000 1.33828739 0.10000000 
-0.07000000 0.00000000 1.34099502 0.10000000 
-0.06000000 0.00000000 1.34331656 0.10000000 
-0.05000000 0.00000000 1.34525117 0.10000000 
-0.04000000 0.00000000 1.34680005 0.10000000 
-0.03000000 0.00000000 1.34796357 0.10000000 
-0.02000000 0.00000000 1.34874256 0.10000000 
-0.01000000 0.00000000 1.34913818 0.10000000 
0.00000000 0.00000000 1.34914996 0.10000000 
0.01000000 0.00000000 1.34877872 0.10000000 
0.02000000 0.00000000 1.34802535 0.10000000 
0.03000000 0.00000000 1.34689072 0.10000000 
0.04000000 0.00000000 1.34537569 0.10000000 
0.05000000 0.00000000 1.34348108 0.10000000 
0.06000000 0.00000000 1.34127937 0.10000000 
0.07000000 0.00000000 1.33871275 0.10000000 
0.08000000 0.00000000 1.33578774 0.10000000 
0.09000000 0.00000000 1.33250603 0.10000000 
0.10000000 0.00000000 1.32879014 0.10000000 
0.11000000 0.00000000 1.32470150 0.10000000 
0.12000000 0.00000000 1.32023964 0.10000000 
0.13000000 0.00000000 1.31540446 0.10000000 
0.14000000 0.00000000 1.31019652 0.10000000 
0.15000000 0.00000000 1.30461740 0.10000000 
0.16000000 0.00000000 1.30157925 0.10000000 
0.17000000 0.00000000 1.29519401 0.10000000 
0.18000000 0.00000000 1.28865304 0.10000000 
0.19000000 0.00000000 1.28174138 0.10000000 
0.20000000 0.00000000 1.27126974 0.10000000 
0.21000000 0.00000000 1.26357248 0.10000000 
0.22000000 0.00000000 1.25556014 0.10000000 
0.23000000 0.00000000 1.24724691 0.10000000 
0.24000000 0.00000000 1.23864782 0.10000000 
0.25000000 0.00000000 1.22977846 0.10000000 
0.26000000 0.00000000 1.22065458 0.10000000 
0.27000000 0.00000000 1.21123497 0.10000000 
0.28000000 0.00000000 1.20160512 0.10000000 
0.29000000 0.00000000 1.19177395 0.10000000 
0.30000000 0.00000000 1.18175501 0.10000000 
0.31000000 0.00000000 1.17162372 0.10000000 
0.32000000 0.00000000 1.16131820 0.10000000 
0.33000000 0.00000000 1.15085127 0.10000000 
0.34000000 0.00000000 1.14023542 0.10000000 
0.35000000 0.00000000 1.12948277 0.10000000 
0.36000000 0.00000000 1.11860517 0.10000000 
0.37000000 0.00000000 1.10761412 0.10000000 
0.38000000 0.00000000 1.09652201 0.10000000 
0.39000000 0.00000000 1.08533938 0.10000000 
0.40000000 0.00000000 1.07407679 0.10000000 
0.41000000 0.00000000 1.06274475 0.10000000 
0.42000000 0.00000000 1.05135247 0.10000000 
0.43000000 0.00000000 1.03991085 0.10000000 
0.44000000 0.00000000 1.02843065 0.10000000 
0.45000000 0.00000000 1.01692253 0.10000000 
0.46000000 0.00000000 1.00539704 0.10000000 
0.47000000 0.00000000 0.99386464 0.10000000 
0.48000000 0.00000000 0.98233569 0.10000000 
0.49000000 0.00000000 0.97082045 0.10000000 
0.50000000 0.00000000 0.95932911 0.10000000 
0.51000000 0.00000000 0.94787176 0.10000000 
0.52000000 0.00000000 0.93645843 0.10000000 
0.53000000 0.00000000 0.92509907 0.10000000 
0.54000000 0.00000000 0.91380349 0.10000000 
0.55000000 0.00000000 0.90258140 0.10000000 
0.56000000 0.00000000 0.89144238 0.10000000 
0.57000000 0.00000000 0.88039590 0.10000000 
0.58000000 0.00000000 0.86945125 0.10000000 
0.59000000 0.00000000 0.85861763 0.10000000 
0.60000000 0.00000000 0.84790405 0.10000000 
0.61000000 0.00000000 0.83731941 0.10000000 
0.62000000 0.00000000 0.82687243 0.10000000 
0.63000000 0.00000000 0.81657167 0.10000000 
0.64000000 0.00000000 0.80642553 0.10000000 
0.65000000 0.00000000 0.79644223 0.10000000 
0.66000000 0.00000000 0.78662982 0.10000000 
0.67000000 0.00000000 0.77699617 0.10000000 
0.68000000 0.00000000 0.76754896 0.10000000 
0.69000000 0.00000000 0.75829568 0.10000000 
0.70000000 0.00000000 0.74924363 0.10000000 
0.71000000 0.00000000 0.74039991 0.10000000 
0.72000000 0.00000000 0.73177142 0.10000000 
0.73000000 0.00000000 0.72336486 0.10000000 
0.74000000 0.00000000 0.71518672 0.10000000 
0.75000000 0.00000000 0.70724326 0.10000000 
0.76000000 0.00000000 0.69954056 0.10000000 
0.77000000 0.00000000 0.69208446 0.10000000 
0.78000000 0.00000000 0.68488058 0.10000000 
0.79000000 0.00000000 0.67793430 0.10000000 
0.80000000 0.00000000 0.67125079 0.10000000 
0.81000000 0.00000000 0.66483496 0.10000000 
0.82000000 0.00000000 0.65869151 0.10000000 
0.83000000 0.00000000 0.65282493 0.10000000 
0.84000000 0.00000000 0.64723948 0.10000000 
0.85000000 0.00000000 0.64193919 0.10000000 
0.86000000 0.00000000 0.63692790 0.10000000 
0.87000000 0.00000000 0.63220926 0.10000000 
0.88000000 0.00000000 0.62778600 0.10000000 
0.89000000 0.00000000 0.62366102 0.10000000 
0.90000000 0.00000000 0.61983694 0.10000000 
0.91000000 0.00000000 0.61631612 0.10000000 
0.92000000 0.00000000 0.61310165 0.10000000 
0.93000000 0.00000000 0.61019591 0.10000000 
0.94000000 0.00000000 0.60760123 0.10000000 
0.95000000 0.00000000 0.60531990 0.10000000 
0.96000000 0.00000000 0.60335420 0.10000000 
0.97000000 0.00000000 0.60170643 0.10000000 
0.98000000 0.00000000 0.60034905 0.10000000 
0.99000000 0.00000000 0.59930471 0.10000000 

