-1.00000000 0.00000000 0.36955431 0.10000000 
-0.99000000 0.00000000 0.36850368 0.10000000 
-0.98000000 0.00000000 0.36797112 0.10000000 
-0.97000000 0.00000000 0.36792111 0.10000000 
-0.96000000 0.00000000 0.36836247 0.10000000 
-0.95000000 0.00000000 0.36930268 0.10000000 
-0.94000000 0.00000000 0.37074957 0.10000000 
-0.93000000 0.00000000 0.37271122 0.10000000 
-0.92000000 0.00000000 0.37354007 0.10000000 
-0.91000000 0.00000000 0.37632407 0.10000000 
-0.90000000 0.00000000 0.37952456 0.10000000 
-0.89000000 0.00000000 0.38324780 0.10000000 
-0.88000000 0.00000000 0.38980642 0.10000000 
-0.87000000 0.00000000 0.39479249 0.10000000 
-0.86000000 0.00000000 0.40043137 0.10000000 
-0.85000000 0.00000000 0.40663735 0.10000000 
-0.84000000 0.00000000 0.41341740 0.10000000 
-0.83000000 0.00000000 0.42077716 0.10000000 
-0.82000000 0.00000000 0.42476739 0.10000000 
-0.81000000 0.00000000 0.43334903 0.10000000 
-0.80000000 0.00000000 0.44226933 0.10000000 
-0.79000000 0.00000000 0.45179179 0.10000000 
-0.78000000 0.00000000 0.46189411 0.10000000 
-0.77000000 0.00000000 0.47256232 0.10000000 
-0.76000000 0.00000000 0.48867938 0.10000000 
-0.75000000 0.00000000 0.50058820 0.10000000 
-0.74000000 0.00000000 0.51301182 0.10000000 
-0.73000000 0.00000000 0.52593076 0.10000000 
-0.72000000 0.00000000 0.53933016 0.10000000 
-0.71000000 0.00000000 0.55326976 0.10000000 
-0.70000000 0.00000000 0.56763949 0.10000000 
-0.69000000 0.00000000 0.58243272 0.10000000 
-0.68000000 0.00000000 0.59743357 0.10000000 
-0.67000000 0.00000000 0.61280829 0.10000000 
-0.66000000 0.00000000 0.62853605 0.10000000 
-0.65000000 0.00000000 0.64451701 0.10000000 
-0.64000000 0.00000000 0.66086163 0.10000000 
-0.63000000 0.00000000 0.67756887 0.10000000 
-0.62000000 0.00000000 0.69484168 0.10000000 
-0.61000000 0.00000000 0.71251842 0.10000000 
-0.60000000 0.00000000 0.73060729 0.10000000 
-0.59000000 0.00000000 0.74911401 0.10000000 
-0.58000000 0.00000000 0.75968774 0.10000000 
-0.57000000 0.00000000 0.77950801 0.10000000 
-0.56000000 0.00000000 0.79914236 0.10000000 
-0.55000000 0.00000000 0.81923855 0.10000000 
-0.54000000 0.00000000 0.83973349 0.10000000 
-0.53000000 0.00000000 0.86060892 0.10000000 
-0.52000000 0.00000000 0.89002310 0.10000000 
-0.51000000 0.00000000 0.91136123 0.10000000 
-0.50000000 0.00000000 0.93312311 0.10000000 
-0.49000000 0.00000000 0.95510103 0.10000000 
-0.48000000 0.00000000 0.97725563 0.10000000 
-0.47000000 0.00000000 0.99971080 0.10000000 
-0.46000000 0.00000000 1.02222114 0.10000000 
-0.45000000 0.00000000 1.04476713 0.10000000 
-0.44000000 0.00000000 1.06731477 0.10000000 
-0.43000000 0.00000000 1.08983202 0.10000000 
-0.42000000 0.00000000 1.10297922 0.10000000 
-0.41000000 0.00000000 1.12607158 0.10000000 
-0.40000000 0.00000000 1.15664185 0.10000000 
-0.39000000 0.00000000 1.17863496 0.10000000 
-0.38000000 0.00000000 1.20046254 0.10000000 
-0.37000000 0.00000000 1.22208757 0.10000000 
-0.36000000 0.00000000 1.24346991 0.10000000 
-0.35000000 0.00000000 1.26457458 0.10000000 
-0.34000000 0.00000000 1.28536686 0.10000000 
-0.33000000 0.00000000 1.30581297 0.10000000 
-0.32000000 0.00000000 1.32588043 0.10000000 
-0.31000000 0.00000000 1.34572043 0.10000000 
-0.30000000 0.00000000 1.36506945 0.10000000 
-0.29000000 0.00000000 1.38375957 0.10000000 
-0.28000000 0.00000000 1.40196863 0.10000000 
-0.27000000 0.00000000 1.41967163 0.10000000 
-0.26000000 0.00000000 1.43684502 0.10000000 
-0.25000000 0.00000000 1.45346677 0.10000000 
-0.24000000 0.00000000 1.46951628 0.10000000 
-0.23000000 0.00000000 1.48497432 0.10000000 
-0.22000000 0.00000000 1.49982301 0.10000000 
-0.21000000 0.00000000 1.51404576 0.10000000 
-0.20000000 0.00000000 1.52762367 0.10000000 
-0.19000000 0.00000000 1.54054432 0.10000000 
-0.18000000 0.00000000 1.55279886 0.10000000 
-0.17000000 0.00000000 1.56437467 0.10000000 
-0.16000000 0.00000000 1.57526031 0.10000000 
-0.15000000 0.00000000 1.58544542 0.10000000 
-0.14000000 0.00000000 1.59492084 0.10000000 
-0.13000000 0.00000000 1.60367850 0.10000000 
-0.12000000 0.00000000 1.61171144 0.10000000 
-0.11000000 0.00000000 1.61901379 0.10000000 
-0.10000000 0.00000000 1.62558063 0.10000000 
-0.09000000 0.00000000 1.63140814 0.10000000 
-0.08000000 0.00000000 1.63649339 0.10000000 
-0.07000000 0.00000000 1.64083428 0.10000000 
-0.06000000 0.00000000 1.64442963 0.10000000 
-0.05000000 0.00000000 1.64727909 0.10000000 
-0.04000000 0.00000000 1.64938656 0.10000000 
-0.03000000 0.00000000 1.65075455 0.10000000 
-0.02000000 0.00000000 1.65138665 0.10000000 
-0.01000000 0.00000000 1.65128733 0.10000000 
0.00000000 0.00000000 1.65045811 0.10000000 
0.01000000 0.00000000 1.64890329 0.10000000 
0.02000000 0.00000000 1.64662740 0.10000000 
0.03000000 0.00000000 1.64363519 0.10000000 
0.04000000 0.00000000 1.63993152 0.10000000 
0.05000000 0.00000000 1.63552135 0.10000000 
0.06000000 0.00000000 1.63054916 0.10000000 
0.07000000 0.00000000 1.62490508 0.10000000 
0.08000000 0.00000000 1.61860539 0.10000000 
0.09000000 0.00000000 1.61165696 0.10000000 
0.10000000 0.00000000 1.60391659 0.10000000 
0.11000000 0.00000000 1.59550564 0.10000000 
0.12000000 0.00000000 1.58642731 0.10000000 
0.13000000 0.00000000 1.57668557 0.10000000 
0.14000000 0.00000000 1.56628569 0.10000000 
0.15000000 0.00000000 1.55523493 0.10000000 
0.16000000 0.00000000 1.54916224 0.10000000 
0.17000000 0.00000000 1.53665978 0.10000000 
0.18000000 0.00000000 1.52393700 0.10000000 
0.19000000 0.00000000 1.51057909 0.10000000 
0.20000000 0.00000000 1.49057816 0.10000000 
0.21000000 0.00000000 1.47591874 0.10000000 
0.22000000 0.00000000 1.46074454 0.10000000 
0.23000000 0.00000000 1.44508630 0.10000000 
0.24000000 0.00000000 1.42897624 0.10000000 
0.25000000 0.00000000 1.41244742 0.10000000 
0.26000000 0.00000000 1.39553300 0.10000000 
0.27000000 0.00000000 1.37815573 0.10000000 
0.28000000 0.00000000 1.36048395 0.10000000 
0.29000000 0.00000000 1.34253661 0.10000000 
0.30000000 0.00000000 1.32434146 0.10000000 
0.31000000 0.00000000 1.30604270 0.10000000 
0.32000000 0.00000000 1.28752435 0.10000000 
0.33000000 0.00000000 1.26881198 0.10000000 
0.34000000 0.00000000 1.24993019 0.10000000 
0.35000000 0.00000000 1.23090260 0.10000000 
0.36000000 0.00000000 1.21175191 0.10000000 
0.37000000 0.00000000 1.19249987 0.10000000 
0.38000000 0.00000000 1.17316957 0.10000000 
0.39000000 0.00000000 1.15378021 0.10000000 
0.40000000 0.00000000 1.13435068 0.10000000 
0.41000000 0.00000000 1.11489941 0.10000000 
0.42000000 0.00000000 1.09544209 0.10000000 
0.43000000 0.00000000 1.07599726 0.10000000 
0.44000000 0.00000000 1.05658286 0.10000000 
0.45000000 0.00000000 1.03721631 0.10000000 
0.46000000 0.00000000 1.01791449 0.10000000 
0.47000000 0.00000000 0.99869380 0.10000000 
0.48000000 0.00000000 0.97957017 0.10000000 
0.49000000 0.00000000 0.96055900 0.10000000 
0.50000000 0.00000000 0.94167527 0.10000000 
0.51000000 0.00000000 0.92293357 0.10000000 
0.52000000 0.00000000 0.90434800 0.10000000 
0.53000000 0.00000000 0.88593233 0.10000000 
0.54000000 0.00000000 0.86769983 0.10000000 
0.55000000 0.00000000 0.84966333 0.10000000 
0.56000000 0.00000000 0.83183522 0.10000000 
0.57000000 0.00000000 0.81422747 0.10000000 
0.58000000 0.00000000 0.79685158 0.10000000 
0.59000000 0.00000000 0.77971866 0.10000000 
0.60000000 0.00000000 0.76283941 0.10000000 
0.61000000 0.00000000 0.74622411 0.10000000 
0.62000000 0.00000000 0.72988265 0.10000000 
0.63000000 0.00000000 0.71382451 0.10000000 
0.64000000 0.00000000 0.69805883 0.10000000 
0.65000000 0.00000000 0.68259436 0.10000000 
0.66000000 0.00000000 0.66743948 0.10000000 
0.67000000 0.00000000 0.65260226 0.10000000 
0.68000000 0.00000000 0.63809039 0.10000000 
0.69000000 0.00000000 0.62391129 0.10000000 
0.70000000 0.00000000 0.61007202 0.10000000 
0.71000000 0.00000000 0.59657939 0.10000000 
0.72000000 0.00000000 0.58343988 0.10000000 
0.73000000 0.00000000 0.57065973 0.10000000 
0.74000000 0.00000000 0.55824491 0.10000000 
0.75000000 0.00000000 0.54620115 0.10000000 
0.76000000 0.00000000 0.53453392 0.10000000 
0.77000000 0.00000000 0.52324851 0.10000000 
0.78000000 0.00000000 0.51234995 0.10000000 
0.79000000 0.00000000 0.50184308 0.10000000 
0.80000000 0.00000000 0.49173254 0.10000000 
0.81000000 0.00000000 0.48202277 0.10000000 
0.82000000 0.00000000 0.47271806 0.10000000 
0.83000000 0.00000000 0.46382254 0.10000000 
0.84000000 0.00000000 0.45534023 0.10000000 
0.85000000 0.00000000 0.44727500 0.10000000 
0.86000000 0.00000000 0.43963065 0.10000000 
0.87000000 0.00000000 0.43241090 0.10000000 
0.88000000 0.00000000 0.42561845 0.10000000 
0.89000000 0.00000000 0.41925644 0.10000000 
0.90000000 0.00000000 0.41332778 0.10000000 
0.91000000 0.00000000 0.40783526 0.10000000 
0.92000000 0.00000000 0.40278289 0.10000000 
0.93000000 0.00000000 0.39817396 0.10000000 
0.94000000 0.00000000 0.39401187 0.10000000 
0.95000000 0.00000000 0.39030023 0.10000000 
0.96000000 0.00000000 0.38704287 0.10000000 
0.97000000 0.00000000 0.38424385 0.10000000 
0.98000000 0.00000000 0.38186772 0.10000000 
0.99000000 0.00000000 0.37994508 0.10000000 

