-1.00000000 0.00000000 0.67980372 0.10000000 
-0.99000000 0.00000000 0.67948570 0.10000000 
-0.98000000 0.00000000 0.67944136 0.10000000 
-0.97000000 0.00000000 0.67964943 0.10000000 
-0.96000000 0.00000000 0.68011304 0.10000000 
-0.95000000 0.00000000 0.68083453 0.10000000 
-0.94000000 0.00000000 0.68181625 0.10000000 
-0.93000000 0.00000000 0.68306055 0.10000000 
-0.92000000 0.00000000 0.68362666 0.10000000 
-0.91000000 0.00000000 0.68529678 0.10000000 
-0.90000000 0.00000000 0.68716666 0.10000000 
-0.89000000 0.00000000 0.68929674 0.10000000 
-0.88000000 0.00000000 0.69293232 0.10000000 
-0.87000000 0.00000000 0.69567560 0.10000000 
-0.86000000 0.00000000 0.69873397 0.10000000 
-0.85000000 0.00000000 0.70206213 0.10000000 
-0.84000000 0.00000000 0.70566071 0.10000000 
-0.83000000 0.00000000 0.70952963 0.10000000 
-0.82000000 0.00000000 0.71165192 0.10000000 
-0.81000000 0.00000000 0.71610279 0.10000000 
-0.80000000 0.00000000 0.72069316 0.10000000 
-0.79000000 0.00000000 0.72555386 0.10000000 
-0.78000000 0.00000000 0.73067082 0.10000000 
-0.77000000 0.00000000 0.73603458 0.10000000 
-0.76000000 0.00000000 0.74402251 0.10000000 
-0.75000000 0.00000000 0.74990485 0.10000000 
-0.74000000 0.00000000 0.75600031 0.10000000 
-0.73000000 0.00000000 0.76229681 0.10000000 
-0.72000000 0.00000000 0.76878428 0.10000000 
-0.71000000 0.00000000 0.77549113 0.10000000 
-0.70000000 0.00000000 0.78235868 0.10000000 
-0.69000000 0.00000000 0.78938160 0.10000000 
-0.68000000 0.00000000 0.79646312 0.10000000 
-0.67000000 0.00000000 0.80367384 0.10000000 
-0.66000000 0.00000000 0.81100258 0.10000000 
-0.65000000 0.00000000 0.81839902 0.10000000 
-0.64000000 0.00000000 0.82591601 0.10000000 
-0.63000000 0.00000000 0.83355157 0.10000000 
-0.62000000 0.00000000 0.84139032 0.10000000 
-0.61000000 0.00000000 0.84936254 0.10000000 
-0.60000000 0.00000000 0.85747062 0.10000000 
-0.59000000 0.00000000 0.86571641 0.10000000 
-0.58000000 0.00000000 0.87045894 0.10000000 
-0.57000000 0.00000000 0.87920633 0.10000000 
-0.56000000 0.00000000 0.88782573 0.10000000 
-0.55000000 0.00000000 0.89660113 0.10000000 
-0.54000000 0.00000000 0.90550520 0.10000000 
-0.53000000 0.00000000 0.91453063 0.10000000 
-0.52000000 0.00000000 0.92713866 0.10000000 
-0.51000000 0.00000000 0.93627163 0.10000000 
-0.50000000 0.00000000 0.94554372 0.10000000 
-0.49000000 0.00000000 0.95487052 0.10000000 
-0.48000000 0.00000000 0.96423638 0.10000000 
-0.47000000 0.00000000 0.97369694 0.10000000 
-0.46000000 0.00000000 0.98314662 0.10000000 
-0.45000000 0.00000000 0.99257899 0.10000000 
-0.44000000 0.00000000 1.00198139 0.10000000 
-0.43000000 0.00000000 1.01134216 0.10000000 
-0.42000000 0.00000000 1.01682481 0.10000000 
-0.41000000 0.00000000 1.02637554 0.10000000 
-0.40000000 0.00000000 1.03895643 0.10000000 
-0.39000000 0.00000000 1.04800237 0.10000000 
-0.38000000 0.00000000 1.05696120 0.10000000 
-0.37000000 0.00000000 1.06581978 0.10000000 
-0.36000000 0.00000000 1.07456370 0.10000000 
-0.35000000 0.00000000 1.08318088 0.10000000 
-0.34000000 0.00000000 1.09165931 0.10000000 
-0.33000000 0.00000000 1.09998742 0.10000000 
-0.32000000 0.00000000 1.10815415 0.10000000 
-0.31000000 0.00000000 1.11622388 0.10000000 
-0.30000000 0.00000000 1.12409053 0.10000000 
-0.29000000 0.00000000 1.13168774 0.10000000 
-0.28000000 0.00000000 1.13909041 0.10000000 
-0.27000000 0.00000000 1.14629037 0.10000000 
-0.26000000 0.00000000 1.15327998 0.10000000 
-0.25000000 0.00000000 1.16005216 0.10000000 
-0.24000000 0.00000000 1.16660032 0.10000000 
-0.23000000 0.00000000 1.17291834 0.10000000 
-0.22000000 0.00000000 1.17900056 0.10000000 
-0.21000000 0.00000000 1.18484175 0.10000000 
-0.20000000 0.00000000 1.19043559 0.10000000 
-0.19000000 0.00000000 1.19577831 0.10000000 
-0.18000000 0.00000000 1.20086749 0.10000000 
-0.17000000 0.00000000 1.20569901 0.10000000 
-0.16000000 0.00000000 1.21026911 0.10000000 
-0.15000000 0.00000000 1.21457433 0.10000000 
-0.14000000 0.00000000 1.21861157 0.10000000 
-0.13000000 0.00000000 1.22237801 0.10000000 
-0.12000000 0.00000000 1.22587115 0.10000000 
-0.11000000 0.00000000 1.22908878 0.10000000 
-0.10000000 0.00000000 1.23202893 0.10000000 
-0.09000000 0.00000000 1.23468993 0.10000000 
-0.08000000 0.00000000 1.23707035 0.10000000 
-0.07000000 0.00000000 1.23916893 0.10000000 
-0.06000000 0.00000000 1.24098465 0.10000000 
-0.05000000 0.00000000 1.24251671 0.10000000 
-0.04000000 0.00000000 1.24376578 0.10000000 
-0.03000000 0.00000000 1.24473190 0.10000000 
-0.02000000 0.00000000 1.24541545 0.10000000 
-0.01000000 0.00000000 1.24581704 0.10000000 
0.00000000 0.00000000 1.24593605 0.10000000 
0.01000000 0.00000000 1.24577285 0.10000000 
0.02000000 0.00000000 1.24532780 0.10000000 
0.03000000 0.00000000 1.24460125 0.10000000 
0.04000000 0.00000000 1.24359355 0.10000000 
0.05000000 0.00000000 1.24230501 0.10000000 
0.06000000 0.00000000 1.24078804 0.10000000 
0.07000000 0.00000000 1.23900040 0.10000000 
0.08000000 0.00000000 1.23694655 0.10000000 
0.09000000 0.00000000 1.23462744 0.10000000 
0.10000000 0.00000000 1.23198605 0.10000000 
0.11000000 0.00000000 1.22906699 0.10000000 
0.12000000 0.00000000 1.22586961 0.10000000 
0.13000000 0.00000000 1.22239353 0.10000000 
0.14000000 0.00000000 1.21863885 0.10000000 
0.15000000 0.00000000 1.21460644 0.10000000 
0.16000000 0.00000000 1.21241663 0.10000000 
0.17000000 0.00000000 1.20778536 0.10000000 
0.18000000 0.00000000 1.20303218 0.10000000 
0.19000000 0.00000000 1.19800061 0.10000000 
0.20000000 0.00000000 1.19035334 0.10000000 
0.21000000 0.00000000 1.18472813 0.10000000 
0.22000000 0.00000000 1.17886428 0.10000000 
0.23000000 0.00000000 1.17277192 0.10000000 
0.24000000 0.00000000 1.16646183 0.10000000 
0.25000000 0.00000000 1.15994520 0.10000000 
0.26000000 0.00000000 1.15323339 0.10000000 
0.27000000 0.00000000 1.14629627 0.10000000 
0.28000000 0.00000000 1.13919594 0.10000000 
0.29000000 0.00000000 1.13193884 0.10000000 
0.30000000 0.00000000 1.12453481 0.10000000 
0.31000000 0.00000000 1.11703903 0.10000000 
0.32000000 0.00000000 1.10940622 0.10000000 
0.33000000 0.00000000 1.10164573 0.10000000 
0.34000000 0.00000000 1.09376669 0.10000000 
0.35000000 0.00000000 1.08577803 0.10000000 
0.36000000 0.00000000 1.07768845 0.10000000 
0.37000000 0.00000000 1.06950649 0.10000000 
0.38000000 0.00000000 1.06124129 0.10000000 
0.39000000 0.00000000 1.05290071 0.10000000 
0.40000000 0.00000000 1.04449266 0.10000000 
0.41000000 0.00000000 1.03602501 0.10000000 
0.42000000 0.00000000 1.02750470 0.10000000 
0.43000000 0.00000000 1.01893995 0.10000000 
0.44000000 0.00000000 1.01033890 0.10000000 
0.45000000 0.00000000 1.00170962 0.10000000 
0.46000000 0.00000000 0.99306014 0.10000000 
0.47000000 0.00000000 0.98439844 0.10000000 
0.48000000 0.00000000 0.97573245 0.10000000 
0.49000000 0.00000000 0.96707004 0.10000000 
0.50000000 0.00000000 0.95841905 0.10000000 
0.51000000 0.00000000 0.94978728 0.10000000 
0.52000000 0.00000000 0.94118246 0.10000000 
0.53000000 0.00000000 0.93261232 0.10000000 
0.54000000 0.00000000 0.92408450 0.10000000 
0.55000000 0.00000000 0.91560655 0.10000000 
0.56000000 0.00000000 0.90718596 0.10000000 
0.57000000 0.00000000 0.89883013 0.10000000 
0.58000000 0.00000000 0.89054637 0.10000000 
0.59000000 0.00000000 0.88234189 0.10000000 
0.60000000 0.00000000 0.87422382 0.10000000 
0.61000000 0.00000000 0.86619914 0.10000000 
0.62000000 0.00000000 0.85827478 0.10000000 
0.63000000 0.00000000 0.85045750 0.10000000 
0.64000000 0.00000000 0.84275396 0.10000000 
0.65000000 0.00000000 0.83517070 0.10000000 
0.66000000 0.00000000 0.82771411 0.10000000 
0.67000000 0.00000000 0.82039047 0.10000000 
0.68000000 0.00000000 0.81320588 0.10000000 
0.69000000 0.00000000 0.80616634 0.10000000 
0.70000000 0.00000000 0.79927766 0.10000000 
0.71000000 0.00000000 0.79254552 0.10000000 
0.72000000 0.00000000 0.78597543 0.10000000 
0.73000000 0.00000000 0.77957273 0.10000000 
0.74000000 0.00000000 0.77334263 0.10000000 
0.75000000 0.00000000 0.76729013 0.10000000 
0.76000000 0.00000000 0.76142007 0.10000000 
0.77000000 0.00000000 0.75573714 0.10000000 
0.78000000 0.00000000 0.75024580 0.10000000 
0.79000000 0.00000000 0.74495036 0.10000000 
0.80000000 0.00000000 0.73985493 0.10000000 
0.81000000 0.00000000 0.73496341 0.10000000 
0.82000000 0.00000000 0.73027955 0.10000000 
0.83000000 0.00000000 0.72580688 0.10000000 
0.84000000 0.00000000 0.72154877 0.10000000 
0.85000000 0.00000000 0.71750841 0.10000000 
0.86000000 0.00000000 0.71368881 0.10000000 
0.87000000 0.00000000 0.71009281 0.10000000 
0.88000000 0.00000000 0.70672255 0.10000000 
0.89000000 0.00000000 0.70358028 0.10000000 
0.90000000 0.00000000 0.70066801 0.10000000 
0.91000000 0.00000000 0.69798755 0.10000000 
0.92000000 0.00000000 0.69554123 0.10000000 
0.93000000 0.00000000 0.69333085 0.10000000 
0.94000000 0.00000000 0.69135813 0.10000000 
0.95000000 0.00000000 0.68962475 0.10000000 
0.96000000 0.00000000 0.68813237 0.10000000 
0.97000000 0.00000000 0.68688264 0.10000000 
0.98000000 0.00000000 0.68585448 0.10000000 
0.99000000 0.00000000 0.68506504 0.10000000 

