-1.00000000 0.00000000 0.60464571 0.10000000 
-0.99000000 0.00000000 0.60423542 0.10000000 
-0.98000000 0.00000000 0.60417270 0.10000000 
-0.97000000 0.00000000 0.60443073 0.10000000 
-0.96000000 0.00000000 0.60501371 0.10000000 
-0.95000000 0.00000000 0.60592484 0.10000000 
-0.94000000 0.00000000 0.60716736 0.10000000 
-0.93000000 0.00000000 0.60874452 0.10000000 
-0.92000000 0.00000000 0.60946083 0.10000000 
-0.91000000 0.00000000 0.61158029 0.10000000 
-0.90000000 0.00000000 0.61395529 0.10000000 
-0.89000000 0.00000000 0.61666278 0.10000000 
-0.88000000 0.00000000 0.62128989 0.10000000 
-0.87000000 0.00000000 0.62478276 0.10000000 
-0.86000000 0.00000000 0.62867960 0.10000000 
-0.85000000 0.00000000 0.63292270 0.10000000 
-0.84000000 0.00000000 0.63751319 0.10000000 
-0.83000000 0.00000000 0.64245132 0.10000000 
-0.82000000 0.00000000 0.64515819 0.10000000 
-0.81000000 0.00000000 0.65084367 0.10000000 
-0.80000000 0.00000000 0.65671040 0.10000000 
-0.79000000 0.00000000 0.66292599 0.10000000 
-0.78000000 0.00000000 0.66947277 0.10000000 
-0.77000000 0.00000000 0.67633888 0.10000000 
-0.76000000 0.00000000 0.68657486 0.10000000 
-0.75000000 0.00000000 0.69411457 0.10000000 
-0.74000000 0.00000000 0.70193137 0.10000000 
-0.73000000 0.00000000 0.71001002 0.10000000 
-0.72000000 0.00000000 0.71833789 0.10000000 
-0.71000000 0.00000000 0.72695150 0.10000000 
-0.70000000 0.00000000 0.73577606 0.10000000 
-0.69000000 0.00000000 0.74480494 0.10000000 
-0.68000000 0.00000000 0.75391315 0.10000000 
-0.67000000 0.00000000 0.76319226 0.10000000 
-0.66000000 0.00000000 0.77262801 0.10000000 
-0.65000000 0.00000000 0.78215599 0.10000000 
-0.64000000 0.00000000 0.79184405 0.10000000 
-0.63000000 0.00000000 0.80168977 0.10000000 
-0.62000000 0.00000000 0.81180301 0.10000000 
-0.61000000 0.00000000 0.82209342 0.10000000 
-0.60000000 0.00000000 0.83256418 0.10000000 
-0.59000000 0.00000000 0.84321768 0.10000000 
-0.58000000 0.00000000 0.84934188 0.10000000 
-0.57000000 0.00000000 0.86065177 0.10000000 
-0.56000000 0.00000000 0.87180062 0.10000000 
-0.55000000 0.00000000 0.88315574 0.10000000 
-0.54000000 0.00000000 0.89468168 0.10000000 
-0.53000000 0.00000000 0.90636880 0.10000000 
-0.52000000 0.00000000 0.92270502 0.10000000 
-0.51000000 0.00000000 0.93453965 0.10000000 
-0.50000000 0.00000000 0.94655817 0.10000000 
-0.49000000 0.00000000 0.95865073 0.10000000 
-0.48000000 0.00000000 0.97079682 0.10000000 
-0.47000000 0.00000000 0.98306820 0.10000000 
-0.46000000 0.00000000 0.99532800 0.10000000 
-0.45000000 0.00000000 1.00756758 0.10000000 
-0.44000000 0.00000000 1.01977024 0.10000000 
-0.43000000 0.00000000 1.03192058 0.10000000 
-0.42000000 0.00000000 1.03903618 0.10000000 
-0.41000000 0.00000000 1.05143595 0.10000000 
-0.40000000 0.00000000 1.06777187 0.10000000 
-0.39000000 0.00000000 1.07951742 0.10000000 
-0.38000000 0.00000000 1.09115004 0.10000000 
-0.37000000 0.00000000 1.10265237 0.10000000 
-0.36000000 0.00000000 1.11400539 0.10000000 
-0.35000000 0.00000000 1.12519308 0.10000000 
-0.34000000 0.00000000 1.13619954 0.10000000 
-0.33000000 0.00000000 1.14700946 0.10000000 
-0.32000000 0.00000000 1.15760816 0.10000000 
-0.31000000 0.00000000 1.16807895 0.10000000 
-0.30000000 0.00000000 1.17828379 0.10000000 
-0.29000000 0.00000000 1.18813622 0.10000000 
-0.28000000 0.00000000 1.19773328 0.10000000 
-0.27000000 0.00000000 1.20706410 0.10000000 
-0.26000000 0.00000000 1.21611853 0.10000000 
-0.25000000 0.00000000 1.22488716 0.10000000 
-0.24000000 0.00000000 1.23336124 0.10000000 
-0.23000000 0.00000000 1.24153265 0.10000000 
-0.22000000 0.00000000 1.24939387 0.10000000 
-0.21000000 0.00000000 1.25693795 0.10000000 
-0.20000000 0.00000000 1.26415658 0.10000000 
-0.19000000 0.00000000 1.27104478 0.10000000 
-0.18000000 0.00000000 1.27759928 0.10000000 
-0.17000000 0.00000000 1.28381472 0.10000000 
-0.16000000 0.00000000 1.28968616 0.10000000 
-0.15000000 0.00000000 1.29520910 0.10000000 
-0.14000000 0.00000000 1.30037950 0.10000000 
-0.13000000 0.00000000 1.30519376 0.10000000 
-0.12000000 0.00000000 1.30964868 0.10000000 
-0.11000000 0.00000000 1.31374146 0.10000000 
-0.10000000 0.00000000 1.31746965 0.10000000 
-0.09000000 0.00000000 1.32083121 0.10000000 
-0.08000000 0.00000000 1.32382440 0.10000000 
-0.07000000 0.00000000 1.32644778 0.10000000 
-0.06000000 0.00000000 1.32870020 0.10000000 
-0.05000000 0.00000000 1.33058082 0.10000000 
-0.04000000 0.00000000 1.33209074 0.10000000 
-0.03000000 0.00000000 1.33323028 0.10000000 
-0.02000000 0.00000000 1.33400020 0.10000000 
-0.01000000 0.00000000 1.33440157 0.10000000 
0.00000000 0.00000000 1.33443386 0.10000000 
0.01000000 0.00000000 1.33409782 0.10000000 
0.02000000 0.00000000 1.33339425 0.10000000 
0.03000000 0.00000000 1.33232393 0.10000000 
0.04000000 0.00000000 1.33088761 0.10000000 
0.05000000 0.00000000 1.32908603 0.10000000 
0.06000000 0.00000000 1.32698869 0.10000000 
0.07000000 0.00000000 1.32454008 0.10000000 
0.08000000 0.00000000 1.32174637 0.10000000 
0.09000000 0.00000000 1.31860912 0.10000000 
0.10000000 0.00000000 1.31505383 0.10000000 
0.11000000 0.00000000 1.31113944 0.10000000 
0.12000000 0.00000000 1.30686543 0.10000000 
0.13000000 0.00000000 1.30223163 0.10000000 
0.14000000 0.00000000 1.29723852 0.10000000 
0.15000000 0.00000000 1.29188754 0.10000000 
0.16000000 0.00000000 1.28897483 0.10000000 
0.17000000 0.00000000 1.28284751 0.10000000 
0.18000000 0.00000000 1.27656896 0.10000000 
0.19000000 0.00000000 1.26993278 0.10000000 
0.20000000 0.00000000 1.25987366 0.10000000 
0.21000000 0.00000000 1.25247879 0.10000000 
0.22000000 0.00000000 1.24477952 0.10000000 
0.23000000 0.00000000 1.23678941 0.10000000 
0.24000000 0.00000000 1.22852286 0.10000000 
0.25000000 0.00000000 1.21999480 0.10000000 
0.26000000 0.00000000 1.21122032 0.10000000 
0.27000000 0.00000000 1.20215982 0.10000000 
0.28000000 0.00000000 1.19289534 0.10000000 
0.29000000 0.00000000 1.18343545 0.10000000 
0.30000000 0.00000000 1.17379311 0.10000000 
0.31000000 0.00000000 1.16404082 0.10000000 
0.32000000 0.00000000 1.15411910 0.10000000 
0.33000000 0.00000000 1.14404025 0.10000000 
0.34000000 0.00000000 1.13381627 0.10000000 
0.35000000 0.00000000 1.12345883 0.10000000 
0.36000000 0.00000000 1.11297929 0.10000000 
0.37000000 0.00000000 1.10238874 0.10000000 
0.38000000 0.00000000 1.09169909 0.10000000 
0.39000000 0.00000000 1.08092051 0.10000000 
0.40000000 0.00000000 1.07006317 0.10000000 
0.41000000 0.00000000 1.05913720 0.10000000 
0.42000000 0.00000000 1.04815150 0.10000000 
0.43000000 0.00000000 1.03711658 0.10000000 
0.44000000 0.00000000 1.02604285 0.10000000 
0.45000000 0.00000000 1.01494061 0.10000000 
0.46000000 0.00000000 1.00382005 0.10000000 
0.47000000 0.00000000 0.99269129 0.10000000 
0.48000000 0.00000000 0.98156436 0.10000000 
0.49000000 0.00000000 0.97044919 0.10000000 
0.50000000 0.00000000 0.95935567 0.10000000 
0.51000000 0.00000000 0.94829358 0.10000000 
0.52000000 0.00000000 0.93727263 0.10000000 
0.53000000 0.00000000 0.92630247 0.10000000 
0.54000000 0.00000000 0.91539266 0.10000000 
0.55000000 0.00000000 0.90455260 0.10000000 
0.56000000 0.00000000 0.89379161 0.10000000 
0.57000000 0.00000000 0.88311888 0.10000000 
0.58000000 0.00000000 0.87254346 0.10000000 
0.59000000 0.00000000 0.86207429 0.10000000 
0.60000000 0.00000000 0.85172015 0.10000000 
0.61000000 0.00000000 0.84148970 0.10000000 
0.62000000 0.00000000 0.83139142 0.10000000 
0.63000000 0.00000000 0.82143366 0.10000000 
0.64000000 0.00000000 0.81162460 0.10000000 
0.65000000 0.00000000 0.80197226 0.10000000 
0.66000000 0.00000000 0.79248448 0.10000000 
0.67000000 0.00000000 0.78316894 0.10000000 
0.68000000 0.00000000 0.77403312 0.10000000 
0.69000000 0.00000000 0.76508435 0.10000000 
0.70000000 0.00000000 0.75632973 0.10000000 
0.71000000 0.00000000 0.74777621 0.10000000 
0.72000000 0.00000000 0.73943051 0.10000000 
0.73000000 0.00000000 0.73129917 0.10000000 
0.74000000 0.00000000 0.72338852 0.10000000 
0.75000000 0.00000000 0.71570468 0.10000000 
0.76000000 0.00000000 0.70825358 0.10000000 
0.77000000 0.00000000 0.70104092 0.10000000 
0.78000000 0.00000000 0.69407219 0.10000000 
0.79000000 0.00000000 0.68735263 0.10000000 
0.80000000 0.00000000 0.68088729 0.10000000 
0.81000000 0.00000000 0.67468096 0.10000000 
0.82000000 0.00000000 0.66873821 0.10000000 
0.83000000 0.00000000 0.66306343 0.10000000 
0.84000000 0.00000000 0.65766076 0.10000000 
0.85000000 0.00000000 0.65253412 0.10000000 
0.86000000 0.00000000 0.64768727 0.10000000 
0.87000000 0.00000000 0.64312373 0.10000000 
0.88000000 0.00000000 0.63884617 0.10000000 
0.89000000 0.00000000 0.63485741 0.10000000 
0.90000000 0.00000000 0.63115997 0.10000000 
0.91000000 0.00000000 0.62775615 0.10000000 
0.92000000 0.00000000 0.62464893 0.10000000 
0.93000000 0.00000000 0.62184062 0.10000000 
0.94000000 0.00000000 0.61933345 0.10000000 
0.95000000 0.00000000 0.61712963 0.10000000 
0.96000000 0.00000000 0.61523134 0.10000000 
0.97000000 0.00000000 0.61364078 0.10000000 
0.98000000 0.00000000 0.61233128 0.10000000 
0.99000000 0.00000000 0.61132473 0.10000000 

