-1.00000000 0.00000000 0.47960906 0.10000000 
-0.99000000 0.00000000 0.47894463 0.10000000 
-0.98000000 0.00000000 0.47873597 0.10000000 
-0.97000000 0.00000000 0.47894930 0.10000000 
-0.96000000 0.00000000 0.47959098 0.10000000 
-0.95000000 0.00000000 0.48066613 0.10000000 
-0.94000000 0.00000000 0.48218002 0.10000000 
-0.93000000 0.00000000 0.48413794 0.10000000 
-0.92000000 0.00000000 0.48500907 0.10000000 
-0.91000000 0.00000000 0.48768309 0.10000000 
-0.90000000 0.00000000 0.49070331 0.10000000 
-0.89000000 0.00000000 0.49416837 0.10000000 
-0.88000000 0.00000000 0.50014814 0.10000000 
-0.87000000 0.00000000 0.50467258 0.10000000 
-0.86000000 0.00000000 0.50974295 0.10000000 
-0.85000000 0.00000000 0.51528351 0.10000000 
-0.84000000 0.00000000 0.52129736 0.10000000 
-0.83000000 0.00000000 0.52778637 0.10000000 
-0.82000000 0.00000000 0.53133017 0.10000000 
-0.81000000 0.00000000 0.53883345 0.10000000 
-0.80000000 0.00000000 0.54659530 0.10000000 
-0.79000000 0.00000000 0.55484002 0.10000000 
-0.78000000 0.00000000 0.56354553 0.10000000 
-0.77000000 0.00000000 0.57269733 0.10000000 
-0.76000000 0.00000000 0.58640363 0.10000000 
-0.75000000 0.00000000 0.59651035 0.10000000 
-0.74000000 0.00000000 0.60701111 0.10000000 
-0.73000000 0.00000000 0.61788676 0.10000000 
-0.72000000 0.00000000 0.62912178 0.10000000 
-0.71000000 0.00000000 0.64076564 0.10000000 
-0.70000000 0.00000000 0.65272037 0.10000000 
-0.69000000 0.00000000 0.66497808 0.10000000 
-0.68000000 0.00000000 0.67736588 0.10000000 
-0.67000000 0.00000000 0.69001262 0.10000000 
-0.66000000 0.00000000 0.70289959 0.10000000 
-0.65000000 0.00000000 0.71594085 0.10000000 
-0.64000000 0.00000000 0.72922824 0.10000000 
-0.63000000 0.00000000 0.74275915 0.10000000 
-0.62000000 0.00000000 0.75668908 0.10000000 
-0.61000000 0.00000000 0.77089146 0.10000000 
-0.60000000 0.00000000 0.78537130 0.10000000 
-0.59000000 0.00000000 0.80013223 0.10000000 
-0.58000000 0.00000000 0.80859962 0.10000000 
-0.57000000 0.00000000 0.82431817 0.10000000 
-0.56000000 0.00000000 0.83983929 0.10000000 
-0.55000000 0.00000000 0.85567452 0.10000000 
-0.54000000 0.00000000 0.87177416 0.10000000 
-0.53000000 0.00000000 0.88812431 0.10000000 
-0.52000000 0.00000000 0.91104134 0.10000000 
-0.51000000 0.00000000 0.92765097 0.10000000 
-0.50000000 0.00000000 0.94454295 0.10000000 
-0.49000000 0.00000000 0.96156046 0.10000000 
-0.48000000 0.00000000 0.97867390 0.10000000 
-0.47000000 0.00000000 0.99598237 0.10000000 
-0.46000000 0.00000000 1.01329396 0.10000000 
-0.45000000 0.00000000 1.03059534 0.10000000 
-0.44000000 0.00000000 1.04786186 0.10000000 
-0.43000000 0.00000000 1.06507061 0.10000000 
-0.42000000 0.00000000 1.07513901 0.10000000 
-0.41000000 0.00000000 1.09272866 0.10000000 
-0.40000000 0.00000000 1.11593599 0.10000000 
-0.39000000 0.00000000 1.13262448 0.10000000 
-0.38000000 0.00000000 1.14916256 0.10000000 
-0.37000000 0.00000000 1.16552422 0.10000000 
-0.36000000 0.00000000 1.18168110 0.10000000 
-0.35000000 0.00000000 1.19760901 0.10000000 
-0.34000000 0.00000000 1.21328393 0.10000000 
-0.33000000 0.00000000 1.22868263 0.10000000 
-0.32000000 0.00000000 1.24378286 0.10000000 
-0.31000000 0.00000000 1.25870164 0.10000000 
-0.30000000 0.00000000 1.27324137 0.10000000 
-0.29000000 0.00000000 1.28727760 0.10000000 
-0.28000000 0.00000000 1.30094710 0.10000000 
-0.27000000 0.00000000 1.31423319 0.10000000 
-0.26000000 0.00000000 1.32712019 0.10000000 
-0.25000000 0.00000000 1.33959355 0.10000000 
-0.24000000 0.00000000 1.35163971 0.10000000 
-0.23000000 0.00000000 1.36324606 0.10000000 
-0.22000000 0.00000000 1.37440094 0.10000000 
-0.21000000 0.00000000 1.38509356 0.10000000 
-0.20000000 0.00000000 1.39531125 0.10000000 
-0.19000000 0.00000000 1.40504617 0.10000000 
-0.18000000 0.00000000 1.41429302 0.10000000 
-0.17000000 0.00000000 1.42304355 0.10000000 
-0.16000000 0.00000000 1.43129026 0.10000000 
-0.15000000 0.00000000 1.43902634 0.10000000 
-0.14000000 0.00000000 1.44624572 0.10000000 
-0.13000000 0.00000000 1.45294305 0.10000000 
-0.12000000 0.00000000 1.45911365 0.10000000 
-0.11000000 0.00000000 1.46475351 0.10000000 
-0.10000000 0.00000000 1.46985921 0.10000000 
-0.09000000 0.00000000 1.47442799 0.10000000 
-0.08000000 0.00000000 1.47845763 0.10000000 
-0.07000000 0.00000000 1.48194641 0.10000000 
-0.06000000 0.00000000 1.48489312 0.10000000 
-0.05000000 0.00000000 1.48729707 0.10000000 
-0.04000000 0.00000000 1.48916054 0.10000000 
-0.03000000 0.00000000 1.49048466 0.10000000 
-0.02000000 0.00000000 1.49127129 0.10000000 
-0.01000000 0.00000000 1.49152282 0.10000000 
0.00000000 0.00000000 1.49123936 0.10000000 
0.01000000 0.00000000 1.49042296 0.10000000 
0.02000000 0.00000000 1.48907575 0.10000000 
0.03000000 0.00000000 1.48719992 0.10000000 
0.04000000 0.00000000 1.48479768 0.10000000 
0.05000000 0.00000000 1.48187123 0.10000000 
0.06000000 0.00000000 1.47852400 0.10000000 
0.07000000 0.00000000 1.47467511 0.10000000 
0.08000000 0.00000000 1.47033485 0.10000000 
0.09000000 0.00000000 1.46550668 0.10000000 
0.10000000 0.00000000 1.46008346 0.10000000 
0.11000000 0.00000000 1.45415248 0.10000000 
0.12000000 0.00000000 1.44771427 0.10000000 
0.13000000 0.00000000 1.44076992 0.10000000 
0.14000000 0.00000000 1.43332143 0.10000000 
0.15000000 0.00000000 1.42537224 0.10000000 
0.16000000 0.00000000 1.42102521 0.10000000 
0.17000000 0.00000000 1.41197586 0.10000000 
0.18000000 0.00000000 1.40273352 0.10000000 
0.19000000 0.00000000 1.39299542 0.10000000 
0.20000000 0.00000000 1.37831819 0.10000000 
0.21000000 0.00000000 1.36754295 0.10000000 
0.22000000 0.00000000 1.35635392 0.10000000 
0.23000000 0.00000000 1.34477197 0.10000000 
0.24000000 0.00000000 1.33281917 0.10000000 
0.25000000 0.00000000 1.32051824 0.10000000 
0.26000000 0.00000000 1.30789212 0.10000000 
0.27000000 0.00000000 1.29488335 0.10000000 
0.28000000 0.00000000 1.28161325 0.10000000 
0.29000000 0.00000000 1.26809478 0.10000000 
0.30000000 0.00000000 1.25434740 0.10000000 
0.31000000 0.00000000 1.24047673 0.10000000 
0.32000000 0.00000000 1.22639664 0.10000000 
0.33000000 0.00000000 1.21212532 0.10000000 
0.34000000 0.00000000 1.19768040 0.10000000 
0.35000000 0.00000000 1.18307893 0.10000000 
0.36000000 0.00000000 1.16833742 0.10000000 
0.37000000 0.00000000 1.15347185 0.10000000 
0.38000000 0.00000000 1.13849931 0.10000000 
0.39000000 0.00000000 1.12343418 0.10000000 
0.40000000 0.00000000 1.10829082 0.10000000 
0.41000000 0.00000000 1.09308334 0.10000000 
0.42000000 0.00000000 1.07782400 0.10000000 
0.43000000 0.00000000 1.06252731 0.10000000 
0.44000000 0.00000000 1.04720748 0.10000000 
0.45000000 0.00000000 1.03187848 0.10000000 
0.46000000 0.00000000 1.01655403 0.10000000 
0.47000000 0.00000000 1.00124765 0.10000000 
0.48000000 0.00000000 0.98597261 0.10000000 
0.49000000 0.00000000 0.97074196 0.10000000 
0.50000000 0.00000000 0.95556858 0.10000000 
0.51000000 0.00000000 0.94046513 0.10000000 
0.52000000 0.00000000 0.92544410 0.10000000 
0.53000000 0.00000000 0.91051779 0.10000000 
0.54000000 0.00000000 0.89569828 0.10000000 
0.55000000 0.00000000 0.88099740 0.10000000 
0.56000000 0.00000000 0.86642678 0.10000000 
0.57000000 0.00000000 0.85199779 0.10000000 
0.58000000 0.00000000 0.83772158 0.10000000 
0.59000000 0.00000000 0.82360905 0.10000000 
0.60000000 0.00000000 0.80967089 0.10000000 
0.61000000 0.00000000 0.79591751 0.10000000 
0.62000000 0.00000000 0.78235912 0.10000000 
0.63000000 0.00000000 0.76900565 0.10000000 
0.64000000 0.00000000 0.75586681 0.10000000 
0.65000000 0.00000000 0.74295205 0.10000000 
0.66000000 0.00000000 0.73027057 0.10000000 
0.67000000 0.00000000 0.71783135 0.10000000 
0.68000000 0.00000000 0.70564308 0.10000000 
0.69000000 0.00000000 0.69371425 0.10000000 
0.70000000 0.00000000 0.68205308 0.10000000 
0.71000000 0.00000000 0.67066753 0.10000000 
0.72000000 0.00000000 0.65956535 0.10000000 
0.73000000 0.00000000 0.64875401 0.10000000 
0.74000000 0.00000000 0.63824075 0.10000000 
0.75000000 0.00000000 0.62803259 0.10000000 
0.76000000 0.00000000 0.61813627 0.10000000 
0.77000000 0.00000000 0.60855832 0.10000000 
0.78000000 0.00000000 0.59930500 0.10000000 
0.79000000 0.00000000 0.59038233 0.10000000 
0.80000000 0.00000000 0.58179609 0.10000000 
0.81000000 0.00000000 0.57355178 0.10000000 
0.82000000 0.00000000 0.56565473 0.10000000 
0.83000000 0.00000000 0.55810999 0.10000000 
0.84000000 0.00000000 0.55092242 0.10000000 
0.85000000 0.00000000 0.54409665 0.10000000 
0.86000000 0.00000000 0.53763714 0.10000000 
0.87000000 0.00000000 0.53154814 0.10000000 
0.88000000 0.00000000 0.52583286 0.10000000 
0.89000000 0.00000000 0.52049474 0.10000000 
0.90000000 0.00000000 0.51553698 0.10000000 
0.91000000 0.00000000 0.51096246 0.10000000 
0.92000000 0.00000000 0.50677510 0.10000000 
0.93000000 0.00000000 0.50297797 0.10000000 
0.94000000 0.00000000 0.49957414 0.10000000 
0.95000000 0.00000000 0.49656671 0.10000000 
0.96000000 0.00000000 0.49395882 0.10000000 
0.97000000 0.00000000 0.49175371 0.10000000 
0.98000000 0.00000000 0.48991772 0.10000000 
0.99000000 0.00000000 0.48847911 0.10000000 

