-1.00000000 0.00000000 0.51030662 0.10000000 
-0.99000000 0.00000000 0.50971995 0.10000000 
-0.98000000 0.00000000 0.50956503 0.10000000 
-0.97000000 0.00000000 0.50980939 0.10000000 
-0.96000000 0.00000000 0.51045883 0.10000000 
-0.95000000 0.00000000 0.51151791 0.10000000 
-0.94000000 0.00000000 0.51299134 0.10000000 
-0.93000000 0.00000000 0.51488382 0.10000000 
-0.92000000 0.00000000 0.51573223 0.10000000 
-0.91000000 0.00000000 0.51830164 0.10000000 
-0.90000000 0.00000000 0.52119551 0.10000000 
-0.89000000 0.00000000 0.52450811 0.10000000 
-0.88000000 0.00000000 0.53020529 0.10000000 
-0.87000000 0.00000000 0.53451247 0.10000000 
-0.86000000 0.00000000 0.53933192 0.10000000 
-0.85000000 0.00000000 0.54459185 0.10000000 
-0.84000000 0.00000000 0.55029472 0.10000000 
-0.83000000 0.00000000 0.55644181 0.10000000 
-0.82000000 0.00000000 0.55980310 0.10000000 
-0.81000000 0.00000000 0.56690066 0.10000000 
-0.80000000 0.00000000 0.57423664 0.10000000 
-0.79000000 0.00000000 0.58202222 0.10000000 
-0.78000000 0.00000000 0.59023614 0.10000000 
-0.77000000 0.00000000 0.59886432 0.10000000 
-0.76000000 0.00000000 0.61176665 0.10000000 
-0.75000000 0.00000000 0.62127716 0.10000000 
-0.74000000 0.00000000 0.63115139 0.10000000 
-0.73000000 0.00000000 0.64137091 0.10000000 
-0.72000000 0.00000000 0.65192069 0.10000000 
-0.71000000 0.00000000 0.66284710 0.10000000 
-0.70000000 0.00000000 0.67405723 0.10000000 
-0.69000000 0.00000000 0.68554334 0.10000000 
-0.68000000 0.00000000 0.69714440 0.10000000 
-0.67000000 0.00000000 0.70897975 0.10000000 
-0.66000000 0.00000000 0.72103163 0.10000000 
-0.65000000 0.00000000 0.73321904 0.10000000 
-0.64000000 0.00000000 0.74562810 0.10000000 
-0.63000000 0.00000000 0.75825615 0.10000000 
-0.62000000 0.00000000 0.77124689 0.10000000 
-0.61000000 0.00000000 0.78448292 0.10000000 
-0.60000000 0.00000000 0.79796871 0.10000000 
-0.59000000 0.00000000 0.81170752 0.10000000 
-0.58000000 0.00000000 0.81959414 0.10000000 
-0.57000000 0.00000000 0.83420939 0.10000000 
-0.56000000 0.00000000 0.84863290 0.10000000 
-0.55000000 0.00000000 0.86333994 0.10000000 
-0.54000000 0.00000000 0.87828443 0.10000000 
-0.53000000 0.00000000 0.89345356 0.10000000 
-0.52000000 0.00000000 0.91469563 0.10000000 
-0.51000000 0.00000000 0.93008887 0.10000000 
-0.50000000 0.00000000 0.94573615 0.10000000 
-0.49000000 0.00000000 0.96149295 0.10000000 
-0.48000000 0.00000000 0.97733205 0.10000000 
-0.47000000 0.00000000 0.99334576 0.10000000 
-0.46000000 0.00000000 1.00935614 0.10000000 
-0.45000000 0.00000000 1.02535116 0.10000000 
-0.44000000 0.00000000 1.04130833 0.10000000 
-0.43000000 0.00000000 1.05720680 0.10000000 
-0.42000000 0.00000000 1.06651174 0.10000000 
-0.41000000 0.00000000 1.08275305 0.10000000 
-0.40000000 0.00000000 1.10416979 0.10000000 
-0.39000000 0.00000000 1.11956969 0.10000000 
-0.38000000 0.00000000 1.13482722 0.10000000 
-0.37000000 0.00000000 1.14991878 0.10000000 
-0.36000000 0.00000000 1.16481857 0.10000000 
-0.35000000 0.00000000 1.17950467 0.10000000 
-0.34000000 0.00000000 1.19395534 0.10000000 
-0.33000000 0.00000000 1.20814957 0.10000000 
-0.32000000 0.00000000 1.22206723 0.10000000 
-0.31000000 0.00000000 1.23581672 0.10000000 
-0.30000000 0.00000000 1.24921611 0.10000000 
-0.29000000 0.00000000 1.26215104 0.10000000 
-0.28000000 0.00000000 1.27474806 0.10000000 
-0.27000000 0.00000000 1.28699212 0.10000000 
-0.26000000 0.00000000 1.29886917 0.10000000 
-0.25000000 0.00000000 1.31036611 0.10000000 
-0.24000000 0.00000000 1.32147078 0.10000000 
-0.23000000 0.00000000 1.33217187 0.10000000 
-0.22000000 0.00000000 1.34245893 0.10000000 
-0.21000000 0.00000000 1.35232228 0.10000000 
-0.20000000 0.00000000 1.36175050 0.10000000 
-0.19000000 0.00000000 1.37073660 0.10000000 
-0.18000000 0.00000000 1.37927593 0.10000000 
-0.17000000 0.00000000 1.38736105 0.10000000 
-0.16000000 0.00000000 1.39498521 0.10000000 
-0.15000000 0.00000000 1.40214229 0.10000000 
-0.14000000 0.00000000 1.40882681 0.10000000 
-0.13000000 0.00000000 1.41503393 0.10000000 
-0.12000000 0.00000000 1.42075938 0.10000000 
-0.11000000 0.00000000 1.42599952 0.10000000 
-0.10000000 0.00000000 1.43075120 0.10000000 
-0.09000000 0.00000000 1.43501187 0.10000000 
-0.08000000 0.00000000 1.43877944 0.10000000 
-0.07000000 0.00000000 1.44205225 0.10000000 
-0.06000000 0.00000000 1.44482910 0.10000000 
-0.05000000 0.00000000 1.44710923 0.10000000 
-0.04000000 0.00000000 1.44889459 0.10000000 
-0.03000000 0.00000000 1.45018604 0.10000000 
-0.02000000 0.00000000 1.45098512 0.10000000 
-0.01000000 0.00000000 1.45129380 0.10000000 
0.00000000 0.00000000 1.45111197 0.10000000 
0.01000000 0.00000000 1.45044126 0.10000000 
0.02000000 0.00000000 1.44928338 0.10000000 
0.03000000 0.00000000 1.44764007 0.10000000 
0.04000000 0.00000000 1.44551307 0.10000000 
0.05000000 0.00000000 1.44290408 0.10000000 
0.06000000 0.00000000 1.43990734 0.10000000 
0.07000000 0.00000000 1.43644871 0.10000000 
0.08000000 0.00000000 1.43253729 0.10000000 
0.09000000 0.00000000 1.42817592 0.10000000 
0.10000000 0.00000000 1.42326606 0.10000000 
0.11000000 0.00000000 1.41788731 0.10000000 
0.12000000 0.00000000 1.41203982 0.10000000 
0.13000000 0.00000000 1.40572420 0.10000000 
0.14000000 0.00000000 1.39894195 0.10000000 
0.15000000 0.00000000 1.39169586 0.10000000 
0.16000000 0.00000000 1.38773814 0.10000000 
0.17000000 0.00000000 1.37947641 0.10000000 
0.18000000 0.00000000 1.37103102 0.10000000 
0.19000000 0.00000000 1.36212503 0.10000000 
0.20000000 0.00000000 1.34868104 0.10000000 
0.21000000 0.00000000 1.33880744 0.10000000 
0.22000000 0.00000000 1.32854712 0.10000000 
0.23000000 0.00000000 1.31791889 0.10000000 
0.24000000 0.00000000 1.30694267 0.10000000 
0.25000000 0.00000000 1.29563899 0.10000000 
0.26000000 0.00000000 1.28402860 0.10000000 
0.27000000 0.00000000 1.27205876 0.10000000 
0.28000000 0.00000000 1.25984015 0.10000000 
0.29000000 0.00000000 1.24738450 0.10000000 
0.30000000 0.00000000 1.23470945 0.10000000 
0.31000000 0.00000000 1.22191177 0.10000000 
0.32000000 0.00000000 1.20891238 0.10000000 
0.33000000 0.00000000 1.19572784 0.10000000 
0.34000000 0.00000000 1.18237425 0.10000000 
0.35000000 0.00000000 1.16886719 0.10000000 
0.36000000 0.00000000 1.15522180 0.10000000 
0.37000000 0.00000000 1.14145272 0.10000000 
0.38000000 0.00000000 1.12757567 0.10000000 
0.39000000 0.00000000 1.11360393 0.10000000 
0.40000000 0.00000000 1.09955075 0.10000000 
0.41000000 0.00000000 1.08542922 0.10000000 
0.42000000 0.00000000 1.07125074 0.10000000 
0.43000000 0.00000000 1.05702879 0.10000000 
0.44000000 0.00000000 1.04277665 0.10000000 
0.45000000 0.00000000 1.02850736 0.10000000 
0.46000000 0.00000000 1.01423379 0.10000000 
0.47000000 0.00000000 0.99996863 0.10000000 
0.48000000 0.00000000 0.98572439 0.10000000 
0.49000000 0.00000000 0.97151341 0.10000000 
0.50000000 0.00000000 0.95734785 0.10000000 
0.51000000 0.00000000 0.94323976 0.10000000 
0.52000000 0.00000000 0.92920100 0.10000000 
0.53000000 0.00000000 0.91524330 0.10000000 
0.54000000 0.00000000 0.90137822 0.10000000 
0.55000000 0.00000000 0.88761710 0.10000000 
0.56000000 0.00000000 0.87397111 0.10000000 
0.57000000 0.00000000 0.86045120 0.10000000 
0.58000000 0.00000000 0.84706813 0.10000000 
0.59000000 0.00000000 0.83383246 0.10000000 
0.60000000 0.00000000 0.82075453 0.10000000 
0.61000000 0.00000000 0.80784450 0.10000000 
0.62000000 0.00000000 0.79511229 0.10000000 
0.63000000 0.00000000 0.78256759 0.10000000 
0.64000000 0.00000000 0.77021991 0.10000000 
0.65000000 0.00000000 0.75807851 0.10000000 
0.66000000 0.00000000 0.74615243 0.10000000 
0.67000000 0.00000000 0.73445048 0.10000000 
0.68000000 0.00000000 0.72298125 0.10000000 
0.69000000 0.00000000 0.71175310 0.10000000 
0.70000000 0.00000000 0.70077415 0.10000000 
0.71000000 0.00000000 0.69005229 0.10000000 
0.72000000 0.00000000 0.67959518 0.10000000 
0.73000000 0.00000000 0.66941024 0.10000000 
0.74000000 0.00000000 0.65950465 0.10000000 
0.75000000 0.00000000 0.64988536 0.10000000 
0.76000000 0.00000000 0.64055909 0.10000000 
0.77000000 0.00000000 0.63153230 0.10000000 
0.78000000 0.00000000 0.62281122 0.10000000 
0.79000000 0.00000000 0.61440183 0.10000000 
0.80000000 0.00000000 0.60630985 0.10000000 
0.81000000 0.00000000 0.59854077 0.10000000 
0.82000000 0.00000000 0.59109981 0.10000000 
0.83000000 0.00000000 0.58399201 0.10000000 
0.84000000 0.00000000 0.57722215 0.10000000 
0.85000000 0.00000000 0.57079478 0.10000000 
0.86000000 0.00000000 0.56471429 0.10000000 
0.87000000 0.00000000 0.55898483 0.10000000 
0.88000000 0.00000000 0.55360952 0.10000000 
0.89000000 0.00000000 0.54859175 0.10000000 
0.90000000 0.00000000 0.54393457 0.10000000 
0.91000000 0.00000000 0.53964077 0.10000000 
0.92000000 0.00000000 0.53571408 0.10000000 
0.93000000 0.00000000 0.53215740 0.10000000 
0.94000000 0.00000000 0.52897362 0.10000000 
0.95000000 0.00000000 0.52616562 0.10000000 
0.96000000 0.00000000 0.52373631 0.10000000 
0.97000000 0.00000000 0.52168867 0.10000000 
0.98000000 0.00000000 0.51999036 0.10000000 
0.99000000 0.00000000 0.51866836 0.10000000 

