-1.00000000 0.00000000 0.14326694 0.10000000 
-0.99000000 0.00000000 0.14142914 0.10000000 
-0.98000000 0.00000000 0.13985203 0.10000000 
-0.97000000 0.00000000 0.13852677 0.10000000 
-0.96000000 0.00000000 0.13745928 0.10000000 
-0.95000000 0.00000000 0.13665612 0.10000000 
-0.94000000 0.00000000 0.13612563 0.10000000 
-0.93000000 0.00000000 0.13587795 0.10000000 
-0.92000000 0.00000000 0.13556015 0.10000000 
-0.91000000 0.00000000 0.13572986 0.10000000 
-0.90000000 0.00000000 0.13618812 0.10000000 
-0.89000000 0.00000000 0.13695975 0.10000000 
-0.88000000 0.00000000 0.13893531 0.10000000 
-0.87000000 0.00000000 0.14055620 0.10000000 
-0.86000000 0.00000000 0.14263852 0.10000000 
-0.85000000 0.00000000 0.14514772 0.10000000 
-0.84000000 0.00000000 0.14811136 0.10000000 
-0.83000000 0.00000000 0.15155816 0.10000000 
-0.82000000 0.00000000 0.15327854 0.10000000 
-0.81000000 0.00000000 0.15766961 0.10000000 
-0.80000000 0.00000000 0.16248449 0.10000000 
-0.79000000 0.00000000 0.16790362 0.10000000 
-0.78000000 0.00000000 0.17394772 0.10000000 
-0.77000000 0.00000000 0.18063899 0.10000000 
-0.76000000 0.00000000 0.19169889 0.10000000 
-0.75000000 0.00000000 0.20007485 0.10000000 
-0.74000000 0.00000000 0.20918889 0.10000000 
-0.73000000 0.00000000 0.21906717 0.10000000 
-0.72000000 0.00000000 0.22974483 0.10000000 
-0.71000000 0.00000000 0.24129616 0.10000000 
-0.70000000 0.00000000 0.25370523 0.10000000 
-0.69000000 0.00000000 0.26701145 0.10000000 
-0.68000000 0.00000000 0.28095935 0.10000000 
-0.67000000 0.00000000 0.29582791 0.10000000 
-0.66000000 0.00000000 0.31163634 0.10000000 
-0.65000000 0.00000000 0.32835387 0.10000000 
-0.64000000 0.00000000 0.34610223 0.10000000 
-0.63000000 0.00000000 0.36492510 0.10000000 
-0.62000000 0.00000000 0.38521079 0.10000000 
-0.61000000 0.00000000 0.40673193 0.10000000 
-0.60000000 0.00000000 0.42954594 0.10000000 
-0.59000000 0.00000000 0.45369966 0.10000000 
-0.58000000 0.00000000 0.46697374 0.10000000 
-0.57000000 0.00000000 0.49421847 0.10000000 
-0.56000000 0.00000000 0.52204427 0.10000000 
-0.55000000 0.00000000 0.55139446 0.10000000 
-0.54000000 0.00000000 0.58220514 0.10000000 
-0.53000000 0.00000000 0.61446975 0.10000000 
-0.52000000 0.00000000 0.66222911 0.10000000 
-0.51000000 0.00000000 0.69720861 0.10000000 
-0.50000000 0.00000000 0.73385416 0.10000000 
-0.49000000 0.00000000 0.77174318 0.10000000 
-0.48000000 0.00000000 0.81081626 0.10000000 
-0.47000000 0.00000000 0.85124810 0.10000000 
-0.46000000 0.00000000 0.89267658 0.10000000 
-0.45000000 0.00000000 0.93505447 0.10000000 
-0.44000000 0.00000000 0.97830909 0.10000000 
-0.43000000 0.00000000 1.02236530 0.10000000 
-0.42000000 0.00000000 1.04754830 0.10000000 
-0.41000000 0.00000000 1.09420029 0.10000000 
-0.40000000 0.00000000 1.15813337 0.10000000 
-0.39000000 0.00000000 1.20438470 0.10000000 
-0.38000000 0.00000000 1.25101877 0.10000000 
-0.37000000 0.00000000 1.29792221 0.10000000 
-0.36000000 0.00000000 1.34497312 0.10000000 
-0.35000000 0.00000000 1.39205353 0.10000000 
-0.34000000 0.00000000 1.43904318 0.10000000 
-0.33000000 0.00000000 1.48582117 0.10000000 
-0.32000000 0.00000000 1.53226710 0.10000000 
-0.31000000 0.00000000 1.57864599 0.10000000 
-0.30000000 0.00000000 1.62435291 0.10000000 
-0.29000000 0.00000000 1.66896197 0.10000000 
-0.28000000 0.00000000 1.71280170 0.10000000 
-0.27000000 0.00000000 1.75576271 0.10000000 
-0.26000000 0.00000000 1.79773870 0.10000000 
-0.25000000 0.00000000 1.83862694 0.10000000 
-0.24000000 0.00000000 1.87832847 0.10000000 
-0.23000000 0.00000000 1.91674843 0.10000000 
-0.22000000 0.00000000 1.95379630 0.10000000 
-0.21000000 0.00000000 1.98938612 0.10000000 
-0.20000000 0.00000000 2.02342910 0.10000000 
-0.19000000 0.00000000 2.05585250 0.10000000 
-0.18000000 0.00000000 2.08659409 0.10000000 
-0.17000000 0.00000000 2.11558635 0.10000000 
-0.16000000 0.00000000 2.14276728 0.10000000 
-0.15000000 0.00000000 2.16808058 0.10000000 
-0.14000000 0.00000000 2.19147596 0.10000000 
-0.13000000 0.00000000 2.21290911 0.10000000 
-0.12000000 0.00000000 2.23234179 0.10000000 
-0.11000000 0.00000000 2.24974190 0.10000000 
-0.10000000 0.00000000 2.26508327 0.10000000 
-0.09000000 0.00000000 2.27834589 0.10000000 
-0.08000000 0.00000000 2.28951556 0.10000000 
-0.07000000 0.00000000 2.29858375 0.10000000 
-0.06000000 0.00000000 2.30554760 0.10000000 
-0.05000000 0.00000000 2.31040981 0.10000000 
-0.04000000 0.00000000 2.31318765 0.10000000 
-0.03000000 0.00000000 2.31389746 0.10000000 
-0.02000000 0.00000000 2.31256145 0.10000000 
-0.01000000 0.00000000 2.30920684 0.10000000 
0.00000000 0.00000000 2.30385616 0.10000000 
0.01000000 0.00000000 2.29654156 0.10000000 
0.02000000 0.00000000 2.28729827 0.10000000 
0.03000000 0.00000000 2.27616417 0.10000000 
0.04000000 0.00000000 2.26317944 0.10000000 
0.05000000 0.00000000 2.24838630 0.10000000 
0.06000000 0.00000000 2.23219537 0.10000000 
0.07000000 0.00000000 2.21434279 0.10000000 
0.08000000 0.00000000 2.19490356 0.10000000 
0.09000000 0.00000000 2.17392819 0.10000000 
0.10000000 0.00000000 2.15109779 0.10000000 
0.11000000 0.00000000 2.12675320 0.10000000 
0.12000000 0.00000000 2.10093887 0.10000000 
0.13000000 0.00000000 2.07370132 0.10000000 
0.14000000 0.00000000 2.04509046 0.10000000 
0.15000000 0.00000000 2.01516087 0.10000000 
0.16000000 0.00000000 1.99841408 0.10000000 
0.17000000 0.00000000 1.96532010 0.10000000 
0.18000000 0.00000000 1.93213054 0.10000000 
0.19000000 0.00000000 1.89778761 0.10000000 
0.20000000 0.00000000 1.84780545 0.10000000 
0.21000000 0.00000000 1.81144223 0.10000000 
0.22000000 0.00000000 1.77433630 0.10000000 
0.23000000 0.00000000 1.73659224 0.10000000 
0.24000000 0.00000000 1.69831636 0.10000000 
0.25000000 0.00000000 1.65961482 0.10000000 
0.26000000 0.00000000 1.62059190 0.10000000 
0.27000000 0.00000000 1.58106472 0.10000000 
0.28000000 0.00000000 1.54148657 0.10000000 
0.29000000 0.00000000 1.50191643 0.10000000 
0.30000000 0.00000000 1.46243423 0.10000000 
0.31000000 0.00000000 1.42339951 0.10000000 
0.32000000 0.00000000 1.38453320 0.10000000 
0.33000000 0.00000000 1.34590288 0.10000000 
0.34000000 0.00000000 1.30757120 0.10000000 
0.35000000 0.00000000 1.26959587 0.10000000 
0.36000000 0.00000000 1.23202978 0.10000000 
0.37000000 0.00000000 1.19492109 0.10000000 
0.38000000 0.00000000 1.15831911 0.10000000 
0.39000000 0.00000000 1.12226077 0.10000000 
0.40000000 0.00000000 1.08678016 0.10000000 
0.41000000 0.00000000 1.05190816 0.10000000 
0.42000000 0.00000000 1.01766696 0.10000000 
0.43000000 0.00000000 0.98408385 0.10000000 
0.44000000 0.00000000 0.95118289 0.10000000 
0.45000000 0.00000000 0.91898504 0.10000000 
0.46000000 0.00000000 0.88750837 0.10000000 
0.47000000 0.00000000 0.85676821 0.10000000 
0.48000000 0.00000000 0.82677730 0.10000000 
0.49000000 0.00000000 0.79754584 0.10000000 
0.50000000 0.00000000 0.76908180 0.10000000 
0.51000000 0.00000000 0.74139104 0.10000000 
0.52000000 0.00000000 0.71447737 0.10000000 
0.53000000 0.00000000 0.68834279 0.10000000 
0.54000000 0.00000000 0.66298742 0.10000000 
0.55000000 0.00000000 0.63840959 0.10000000 
0.56000000 0.00000000 0.61460598 0.10000000 
0.57000000 0.00000000 0.59157176 0.10000000 
0.58000000 0.00000000 0.56930063 0.10000000 
0.59000000 0.00000000 0.54778502 0.10000000 
0.60000000 0.00000000 0.52701612 0.10000000 
0.61000000 0.00000000 0.50698402 0.10000000 
0.62000000 0.00000000 0.48767777 0.10000000 
0.63000000 0.00000000 0.46908555 0.10000000 
0.64000000 0.00000000 0.45119466 0.10000000 
0.65000000 0.00000000 0.43399172 0.10000000 
0.66000000 0.00000000 0.41746265 0.10000000 
0.67000000 0.00000000 0.40159286 0.10000000 
0.68000000 0.00000000 0.38636725 0.10000000 
0.69000000 0.00000000 0.37177034 0.10000000 
0.70000000 0.00000000 0.35778632 0.10000000 
0.71000000 0.00000000 0.34439915 0.10000000 
0.72000000 0.00000000 0.33159259 0.10000000 
0.73000000 0.00000000 0.31935030 0.10000000 
0.74000000 0.00000000 0.30765589 0.10000000 
0.75000000 0.00000000 0.29649300 0.10000000 
0.76000000 0.00000000 0.28584533 0.10000000 
0.77000000 0.00000000 0.27569671 0.10000000 
0.78000000 0.00000000 0.26603117 0.10000000 
0.79000000 0.00000000 0.25683295 0.10000000 
0.80000000 0.00000000 0.24808658 0.10000000 
0.81000000 0.00000000 0.23977694 0.10000000 
0.82000000 0.00000000 0.23188927 0.10000000 
0.83000000 0.00000000 0.22440923 0.10000000 
0.84000000 0.00000000 0.21732295 0.10000000 
0.85000000 0.00000000 0.21061709 0.10000000 
0.86000000 0.00000000 0.20427885 0.10000000 
0.87000000 0.00000000 0.19829604 0.10000000 
0.88000000 0.00000000 0.19265696 0.10000000 
0.89000000 0.00000000 0.18735059 0.10000000 
0.90000000 0.00000000 0.18236659 0.10000000 
0.91000000 0.00000000 0.17769532 0.10000000 
0.92000000 0.00000000 0.17332831 0.10000000 
0.93000000 0.00000000 0.16925773 0.10000000 
0.94000000 0.00000000 0.16547669 0.10000000 
0.95000000 0.00000000 0.16197929 0.10000000 
0.96000000 0.00000000 0.15876069 0.10000000 
0.97000000 0.00000000 0.15581715 0.10000000 
0.98000000 0.00000000 0.15313765 0.10000000 
0.99000000 0.00000000 0.15072306 0.10000000 

