-1.00000000 0.00000000 0.62796207 0.10000000 
-0.99000000 0.00000000 0.62758389 0.10000000 
-0.98000000 0.00000000 0.62753083 0.10000000 
-0.97000000 0.00000000 0.62777769 0.10000000 
-0.96000000 0.00000000 0.62832834 0.10000000 
-0.95000000 0.00000000 0.62918569 0.10000000 
-0.94000000 0.00000000 0.63035269 0.10000000 
-0.93000000 0.00000000 0.63183228 0.10000000 
-0.92000000 0.00000000 0.63250515 0.10000000 
-0.91000000 0.00000000 0.63449151 0.10000000 
-0.90000000 0.00000000 0.63671613 0.10000000 
-0.89000000 0.00000000 0.63925106 0.10000000 
-0.88000000 0.00000000 0.64358004 0.10000000 
-0.87000000 0.00000000 0.64684723 0.10000000 
-0.86000000 0.00000000 0.65049096 0.10000000 
-0.85000000 0.00000000 0.65445728 0.10000000 
-0.84000000 0.00000000 0.65874715 0.10000000 
-0.83000000 0.00000000 0.66336066 0.10000000 
-0.82000000 0.00000000 0.66589042 0.10000000 
-0.81000000 0.00000000 0.67120015 0.10000000 
-0.80000000 0.00000000 0.67667789 0.10000000 
-0.79000000 0.00000000 0.68247997 0.10000000 
-0.78000000 0.00000000 0.68858979 0.10000000 
-0.77000000 0.00000000 0.69499619 0.10000000 
-0.76000000 0.00000000 0.70454261 0.10000000 
-0.75000000 0.00000000 0.71157367 0.10000000 
-0.74000000 0.00000000 0.71886159 0.10000000 
-0.73000000 0.00000000 0.72639208 0.10000000 
-0.72000000 0.00000000 0.73415325 0.10000000 
-0.71000000 0.00000000 0.74217914 0.10000000 
-0.70000000 0.00000000 0.75039984 0.10000000 
-0.69000000 0.00000000 0.75880909 0.10000000 
-0.68000000 0.00000000 0.76729069 0.10000000 
-0.67000000 0.00000000 0.77592964 0.10000000 
-0.66000000 0.00000000 0.78471261 0.10000000 
-0.65000000 0.00000000 0.79357950 0.10000000 
-0.64000000 0.00000000 0.80259356 0.10000000 
-0.63000000 0.00000000 0.81175245 0.10000000 
-0.62000000 0.00000000 0.82115812 0.10000000 
-0.61000000 0.00000000 0.83072666 0.10000000 
-0.60000000 0.00000000 0.84046100 0.10000000 
-0.59000000 0.00000000 0.85036336 0.10000000 
-0.58000000 0.00000000 0.85605694 0.10000000 
-0.57000000 0.00000000 0.86656624 0.10000000 
-0.56000000 0.00000000 0.87692418 0.10000000 
-0.55000000 0.00000000 0.88747202 0.10000000 
-0.54000000 0.00000000 0.89817686 0.10000000 
-0.53000000 0.00000000 0.90902980 0.10000000 
-0.52000000 0.00000000 0.92419609 0.10000000 
-0.51000000 0.00000000 0.93518275 0.10000000 
-0.50000000 0.00000000 0.94633866 0.10000000 
-0.49000000 0.00000000 0.95756203 0.10000000 
-0.48000000 0.00000000 0.96883388 0.10000000 
-0.47000000 0.00000000 0.98022097 0.10000000 
-0.46000000 0.00000000 0.99159622 0.10000000 
-0.45000000 0.00000000 1.00295174 0.10000000 
-0.44000000 0.00000000 1.01427210 0.10000000 
-0.43000000 0.00000000 1.02554312 0.10000000 
-0.42000000 0.00000000 1.03214421 0.10000000 
-0.41000000 0.00000000 1.04364524 0.10000000 
-0.40000000 0.00000000 1.05879579 0.10000000 
-0.39000000 0.00000000 1.06968908 0.10000000 
-0.38000000 0.00000000 1.08047733 0.10000000 
-0.37000000 0.00000000 1.09114455 0.10000000 
-0.36000000 0.00000000 1.10167321 0.10000000 
-0.35000000 0.00000000 1.11204855 0.10000000 
-0.34000000 0.00000000 1.12225596 0.10000000 
-0.33000000 0.00000000 1.13228131 0.10000000 
-0.32000000 0.00000000 1.14211112 0.10000000 
-0.31000000 0.00000000 1.15182275 0.10000000 
-0.30000000 0.00000000 1.16128827 0.10000000 
-0.29000000 0.00000000 1.17042760 0.10000000 
-0.28000000 0.00000000 1.17933083 0.10000000 
-0.27000000 0.00000000 1.18798796 0.10000000 
-0.26000000 0.00000000 1.19638967 0.10000000 
-0.25000000 0.00000000 1.20452732 0.10000000 
-0.24000000 0.00000000 1.21239284 0.10000000 
-0.23000000 0.00000000 1.21997878 0.10000000 
-0.22000000 0.00000000 1.22727823 0.10000000 
-0.21000000 0.00000000 1.23428480 0.10000000 
-0.20000000 0.00000000 1.24099083 0.10000000 
-0.19000000 0.00000000 1.24739174 0.10000000 
-0.18000000 0.00000000 1.25348456 0.10000000 
-0.17000000 0.00000000 1.25926431 0.10000000 
-0.16000000 0.00000000 1.26472643 0.10000000 
-0.15000000 0.00000000 1.26986679 0.10000000 
-0.14000000 0.00000000 1.27468163 0.10000000 
-0.13000000 0.00000000 1.27916761 0.10000000 
-0.12000000 0.00000000 1.28332175 0.10000000 
-0.11000000 0.00000000 1.28714143 0.10000000 
-0.10000000 0.00000000 1.29062438 0.10000000 
-0.09000000 0.00000000 1.29376864 0.10000000 
-0.08000000 0.00000000 1.29657259 0.10000000 
-0.07000000 0.00000000 1.29903482 0.10000000 
-0.06000000 0.00000000 1.30115423 0.10000000 
-0.05000000 0.00000000 1.30292996 0.10000000 
-0.04000000 0.00000000 1.30436297 0.10000000 
-0.03000000 0.00000000 1.30545349 0.10000000 
-0.02000000 0.00000000 1.30620213 0.10000000 
-0.01000000 0.00000000 1.30660979 0.10000000 
0.00000000 0.00000000 1.30667591 0.10000000 
0.01000000 0.00000000 1.30640109 0.10000000 
0.02000000 0.00000000 1.30578596 0.10000000 
0.03000000 0.00000000 1.30483116 0.10000000 
0.04000000 0.00000000 1.30353727 0.10000000 
0.05000000 0.00000000 1.30190488 0.10000000 
0.06000000 0.00000000 1.29999800 0.10000000 
0.07000000 0.00000000 1.29776534 0.10000000 
0.08000000 0.00000000 1.29521250 0.10000000 
0.09000000 0.00000000 1.29234083 0.10000000 
0.10000000 0.00000000 1.28908135 0.10000000 
0.11000000 0.00000000 1.28548842 0.10000000 
0.12000000 0.00000000 1.28156144 0.10000000 
0.13000000 0.00000000 1.27730014 0.10000000 
0.14000000 0.00000000 1.27270487 0.10000000 
0.15000000 0.00000000 1.26777684 0.10000000 
0.16000000 0.00000000 1.26509640 0.10000000 
0.17000000 0.00000000 1.25944795 0.10000000 
0.18000000 0.00000000 1.25365706 0.10000000 
0.19000000 0.00000000 1.24753327 0.10000000 
0.20000000 0.00000000 1.23824264 0.10000000 
0.21000000 0.00000000 1.23141135 0.10000000 
0.22000000 0.00000000 1.22429599 0.10000000 
0.23000000 0.00000000 1.21690902 0.10000000 
0.24000000 0.00000000 1.20926365 0.10000000 
0.25000000 0.00000000 1.20137360 0.10000000 
0.26000000 0.00000000 1.19325276 0.10000000 
0.27000000 0.00000000 1.18486453 0.10000000 
0.28000000 0.00000000 1.17628457 0.10000000 
0.29000000 0.00000000 1.16752075 0.10000000 
0.30000000 0.00000000 1.15858504 0.10000000 
0.31000000 0.00000000 1.14954440 0.10000000 
0.32000000 0.00000000 1.14034388 0.10000000 
0.33000000 0.00000000 1.13099482 0.10000000 
0.34000000 0.00000000 1.12150831 0.10000000 
0.35000000 0.00000000 1.11189515 0.10000000 
0.36000000 0.00000000 1.10216585 0.10000000 
0.37000000 0.00000000 1.09233068 0.10000000 
0.38000000 0.00000000 1.08240069 0.10000000 
0.39000000 0.00000000 1.07238531 0.10000000 
0.40000000 0.00000000 1.06229401 0.10000000 
0.41000000 0.00000000 1.05213620 0.10000000 
0.42000000 0.00000000 1.04192019 0.10000000 
0.43000000 0.00000000 1.03165577 0.10000000 
0.44000000 0.00000000 1.02135265 0.10000000 
0.45000000 0.00000000 1.01102042 0.10000000 
0.46000000 0.00000000 1.00066864 0.10000000 
0.47000000 0.00000000 0.99030674 0.10000000 
0.48000000 0.00000000 0.97994414 0.10000000 
0.49000000 0.00000000 0.96959014 0.10000000 
0.50000000 0.00000000 0.95925399 0.10000000 
0.51000000 0.00000000 0.94894489 0.10000000 
0.52000000 0.00000000 0.93867195 0.10000000 
0.53000000 0.00000000 0.92844426 0.10000000 
0.54000000 0.00000000 0.91827077 0.10000000 
0.55000000 0.00000000 0.90816038 0.10000000 
0.56000000 0.00000000 0.89812184 0.10000000 
0.57000000 0.00000000 0.88816381 0.10000000 
0.58000000 0.00000000 0.87829485 0.10000000 
0.59000000 0.00000000 0.86852338 0.10000000 
0.60000000 0.00000000 0.85885770 0.10000000 
0.61000000 0.00000000 0.84930599 0.10000000 
0.62000000 0.00000000 0.83987628 0.10000000 
0.63000000 0.00000000 0.83057645 0.10000000 
0.64000000 0.00000000 0.82141426 0.10000000 
0.65000000 0.00000000 0.81239730 0.10000000 
0.66000000 0.00000000 0.80353300 0.10000000 
0.67000000 0.00000000 0.79482862 0.10000000 
0.68000000 0.00000000 0.78629128 0.10000000 
0.69000000 0.00000000 0.77792791 0.10000000 
0.70000000 0.00000000 0.76974526 0.10000000 
0.71000000 0.00000000 0.76174990 0.10000000 
0.72000000 0.00000000 0.75394822 0.10000000 
0.73000000 0.00000000 0.74634643 0.10000000 
0.74000000 0.00000000 0.73895054 0.10000000 
0.75000000 0.00000000 0.73176635 0.10000000 
0.76000000 0.00000000 0.72479948 0.10000000 
0.77000000 0.00000000 0.71805534 0.10000000 
0.78000000 0.00000000 0.71153915 0.10000000 
0.79000000 0.00000000 0.70525587 0.10000000 
0.80000000 0.00000000 0.69921029 0.10000000 
0.81000000 0.00000000 0.69340694 0.10000000 
0.82000000 0.00000000 0.68785016 0.10000000 
0.83000000 0.00000000 0.68254410 0.10000000 
0.84000000 0.00000000 0.67749266 0.10000000 
0.85000000 0.00000000 0.67269958 0.10000000 
0.86000000 0.00000000 0.66816837 0.10000000 
0.87000000 0.00000000 0.66390238 0.10000000 
0.88000000 0.00000000 0.65990409 0.10000000 
0.89000000 0.00000000 0.65617618 0.10000000 
0.90000000 0.00000000 0.65272100 0.10000000 
0.91000000 0.00000000 0.64954070 0.10000000 
0.92000000 0.00000000 0.64663808 0.10000000 
0.93000000 0.00000000 0.64401527 0.10000000 
0.94000000 0.00000000 0.64167436 0.10000000 
0.95000000 0.00000000 0.63961737 0.10000000 
0.96000000 0.00000000 0.63784633 0.10000000 
0.97000000 0.00000000 0.63636326 0.10000000 
0.98000000 0.00000000 0.63514314 0.10000000 
0.99000000 0.00000000 0.63420644 0.10000000 

