-1.00000000 0.00000000 0.56001290 0.10000000 
-0.99000000 0.00000000 0.55952959 0.10000000 
-0.98000000 0.00000000 0.55943526 0.10000000 
-0.97000000 0.00000000 0.55970018 0.10000000 
-0.96000000 0.00000000 0.56032927 0.10000000 
-0.95000000 0.00000000 0.56132631 0.10000000 
-0.94000000 0.00000000 0.56269520 0.10000000 
-0.93000000 0.00000000 0.56443979 0.10000000 
-0.92000000 0.00000000 0.56522861 0.10000000 
-0.91000000 0.00000000 0.56758138 0.10000000 
-0.90000000 0.00000000 0.57022255 0.10000000 
-0.89000000 0.00000000 0.57323790 0.10000000 
-0.88000000 0.00000000 0.57840292 0.10000000 
-0.87000000 0.00000000 0.58230404 0.10000000 
-0.86000000 0.00000000 0.58666105 0.10000000 
-0.85000000 0.00000000 0.59140929 0.10000000 
-0.84000000 0.00000000 0.59655040 0.10000000 
-0.83000000 0.00000000 0.60208501 0.10000000 
-0.82000000 0.00000000 0.60511604 0.10000000 
-0.81000000 0.00000000 0.61149507 0.10000000 
-0.80000000 0.00000000 0.61808159 0.10000000 
-0.79000000 0.00000000 0.62506434 0.10000000 
-0.78000000 0.00000000 0.63242376 0.10000000 
-0.77000000 0.00000000 0.64014680 0.10000000 
-0.76000000 0.00000000 0.65167382 0.10000000 
-0.75000000 0.00000000 0.66016683 0.10000000 
-0.74000000 0.00000000 0.66897683 0.10000000 
-0.73000000 0.00000000 0.67808695 0.10000000 
-0.72000000 0.00000000 0.68748324 0.10000000 
-0.71000000 0.00000000 0.69720697 0.10000000 
-0.70000000 0.00000000 0.70717438 0.10000000 
-0.69000000 0.00000000 0.71737820 0.10000000 
-0.68000000 0.00000000 0.72767649 0.10000000 
-0.67000000 0.00000000 0.73817370 0.10000000 
-0.66000000 0.00000000 0.74885386 0.10000000 
-0.65000000 0.00000000 0.75964448 0.10000000 
-0.64000000 0.00000000 0.77062217 0.10000000 
-0.63000000 0.00000000 0.78178432 0.10000000 
-0.62000000 0.00000000 0.79325644 0.10000000 
-0.61000000 0.00000000 0.80493557 0.10000000 
-0.60000000 0.00000000 0.81682543 0.10000000 
-0.59000000 0.00000000 0.82892878 0.10000000 
-0.58000000 0.00000000 0.83588265 0.10000000 
-0.57000000 0.00000000 0.84874190 0.10000000 
-0.56000000 0.00000000 0.86142356 0.10000000 
-0.55000000 0.00000000 0.87434547 0.10000000 
-0.54000000 0.00000000 0.88746720 0.10000000 
-0.53000000 0.00000000 0.90077768 0.10000000 
-0.52000000 0.00000000 0.91939592 0.10000000 
-0.51000000 0.00000000 0.93288524 0.10000000 
-0.50000000 0.00000000 0.94658906 0.10000000 
-0.49000000 0.00000000 0.96038161 0.10000000 
-0.48000000 0.00000000 0.97423932 0.10000000 
-0.47000000 0.00000000 0.98824362 0.10000000 
-0.46000000 0.00000000 1.00223849 0.10000000 
-0.45000000 0.00000000 1.01621381 0.10000000 
-0.44000000 0.00000000 1.03015027 0.10000000 
-0.43000000 0.00000000 1.04403001 0.10000000 
-0.42000000 0.00000000 1.05215665 0.10000000 
-0.41000000 0.00000000 1.06632646 0.10000000 
-0.40000000 0.00000000 1.08500019 0.10000000 
-0.39000000 0.00000000 1.09842687 0.10000000 
-0.38000000 0.00000000 1.11172605 0.10000000 
-0.37000000 0.00000000 1.12487756 0.10000000 
-0.36000000 0.00000000 1.13785938 0.10000000 
-0.35000000 0.00000000 1.15065286 0.10000000 
-0.34000000 0.00000000 1.16323952 0.10000000 
-0.33000000 0.00000000 1.17560150 0.10000000 
-0.32000000 0.00000000 1.18772174 0.10000000 
-0.31000000 0.00000000 1.19969518 0.10000000 
-0.30000000 0.00000000 1.21136368 0.10000000 
-0.29000000 0.00000000 1.22262808 0.10000000 
-0.28000000 0.00000000 1.23359905 0.10000000 
-0.27000000 0.00000000 1.24426391 0.10000000 
-0.26000000 0.00000000 1.25461080 0.10000000 
-0.25000000 0.00000000 1.26462871 0.10000000 
-0.24000000 0.00000000 1.27430739 0.10000000 
-0.23000000 0.00000000 1.28363734 0.10000000 
-0.22000000 0.00000000 1.29260977 0.10000000 
-0.21000000 0.00000000 1.30121656 0.10000000 
-0.20000000 0.00000000 1.30944802 0.10000000 
-0.19000000 0.00000000 1.31729831 0.10000000 
-0.18000000 0.00000000 1.32476361 0.10000000 
-0.17000000 0.00000000 1.33183762 0.10000000 
-0.16000000 0.00000000 1.33851465 0.10000000 
-0.15000000 0.00000000 1.34478947 0.10000000 
-0.14000000 0.00000000 1.35065743 0.10000000 
-0.13000000 0.00000000 1.35611439 0.10000000 
-0.12000000 0.00000000 1.36115667 0.10000000 
-0.11000000 0.00000000 1.36578111 0.10000000 
-0.10000000 0.00000000 1.36998496 0.10000000 
-0.09000000 0.00000000 1.37376594 0.10000000 
-0.08000000 0.00000000 1.37712215 0.10000000 
-0.07000000 0.00000000 1.38005204 0.10000000 
-0.06000000 0.00000000 1.38255443 0.10000000 
-0.05000000 0.00000000 1.38462850 0.10000000 
-0.04000000 0.00000000 1.38627571 0.10000000 
-0.03000000 0.00000000 1.38749660 0.10000000 
-0.02000000 0.00000000 1.38829225 0.10000000 
-0.01000000 0.00000000 1.38866409 0.10000000 
0.00000000 0.00000000 1.38861176 0.10000000 
0.01000000 0.00000000 1.38813636 0.10000000 
0.02000000 0.00000000 1.38723904 0.10000000 
0.03000000 0.00000000 1.38592098 0.10000000 
0.04000000 0.00000000 1.38418332 0.10000000 
0.05000000 0.00000000 1.38202717 0.10000000 
0.06000000 0.00000000 1.37953317 0.10000000 
0.07000000 0.00000000 1.37663732 0.10000000 
0.08000000 0.00000000 1.37334706 0.10000000 
0.09000000 0.00000000 1.36966448 0.10000000 
0.10000000 0.00000000 1.36550405 0.10000000 
0.11000000 0.00000000 1.36093404 0.10000000 
0.12000000 0.00000000 1.35595414 0.10000000 
0.13000000 0.00000000 1.35056448 0.10000000 
0.14000000 0.00000000 1.34476590 0.10000000 
0.15000000 0.00000000 1.33856039 0.10000000 
0.16000000 0.00000000 1.33517731 0.10000000 
0.17000000 0.00000000 1.32808534 0.10000000 
0.18000000 0.00000000 1.32082615 0.10000000 
0.19000000 0.00000000 1.31316134 0.10000000 
0.20000000 0.00000000 1.30156435 0.10000000 
0.21000000 0.00000000 1.29304257 0.10000000 
0.22000000 0.00000000 1.28417752 0.10000000 
0.23000000 0.00000000 1.27498507 0.10000000 
0.24000000 0.00000000 1.26548205 0.10000000 
0.25000000 0.00000000 1.25568586 0.10000000 
0.26000000 0.00000000 1.24561413 0.10000000 
0.27000000 0.00000000 1.23522123 0.10000000 
0.28000000 0.00000000 1.22460213 0.10000000 
0.29000000 0.00000000 1.21376677 0.10000000 
0.30000000 0.00000000 1.20273023 0.10000000 
0.31000000 0.00000000 1.19157601 0.10000000 
0.32000000 0.00000000 1.18023567 0.10000000 
0.33000000 0.00000000 1.16872343 0.10000000 
0.34000000 0.00000000 1.15705313 0.10000000 
0.35000000 0.00000000 1.14523821 0.10000000 
0.36000000 0.00000000 1.13329173 0.10000000 
0.37000000 0.00000000 1.12122640 0.10000000 
0.38000000 0.00000000 1.10905586 0.10000000 
0.39000000 0.00000000 1.09679170 0.10000000 
0.40000000 0.00000000 1.08444551 0.10000000 
0.41000000 0.00000000 1.07202880 0.10000000 
0.42000000 0.00000000 1.05955162 0.10000000 
0.43000000 0.00000000 1.04702589 0.10000000 
0.44000000 0.00000000 1.03446335 0.10000000 
0.45000000 0.00000000 1.02187560 0.10000000 
0.46000000 0.00000000 1.00927410 0.10000000 
0.47000000 0.00000000 0.99667021 0.10000000 
0.48000000 0.00000000 0.98407514 0.10000000 
0.49000000 0.00000000 0.97150001 0.10000000 
0.50000000 0.00000000 0.95895581 0.10000000 
0.51000000 0.00000000 0.94645342 0.10000000 
0.52000000 0.00000000 0.93400365 0.10000000 
0.53000000 0.00000000 0.92161718 0.10000000 
0.54000000 0.00000000 0.90930456 0.10000000 
0.55000000 0.00000000 0.89707620 0.10000000 
0.56000000 0.00000000 0.88494236 0.10000000 
0.57000000 0.00000000 0.87291314 0.10000000 
0.58000000 0.00000000 0.86099850 0.10000000 
0.59000000 0.00000000 0.84920821 0.10000000 
0.60000000 0.00000000 0.83755190 0.10000000 
0.61000000 0.00000000 0.82603901 0.10000000 
0.62000000 0.00000000 0.81467884 0.10000000 
0.63000000 0.00000000 0.80348045 0.10000000 
0.64000000 0.00000000 0.79245277 0.10000000 
0.65000000 0.00000000 0.78160449 0.10000000 
0.66000000 0.00000000 0.77094416 0.10000000 
0.67000000 0.00000000 0.76048008 0.10000000 
0.68000000 0.00000000 0.75022038 0.10000000 
0.69000000 0.00000000 0.74017298 0.10000000 
0.70000000 0.00000000 0.73034558 0.10000000 
0.71000000 0.00000000 0.72074567 0.10000000 
0.72000000 0.00000000 0.71138054 0.10000000 
0.73000000 0.00000000 0.70225725 0.10000000 
0.74000000 0.00000000 0.69338264 0.10000000 
0.75000000 0.00000000 0.68476332 0.10000000 
0.76000000 0.00000000 0.67640570 0.10000000 
0.77000000 0.00000000 0.66831593 0.10000000 
0.78000000 0.00000000 0.66049996 0.10000000 
0.79000000 0.00000000 0.65296345 0.10000000 
0.80000000 0.00000000 0.64571186 0.10000000 
0.81000000 0.00000000 0.63875039 0.10000000 
0.82000000 0.00000000 0.63208401 0.10000000 
0.83000000 0.00000000 0.62571746 0.10000000 
0.84000000 0.00000000 0.61965527 0.10000000 
0.85000000 0.00000000 0.61390172 0.10000000 
0.86000000 0.00000000 0.60846091 0.10000000 
0.87000000 0.00000000 0.60333671 0.10000000 
0.88000000 0.00000000 0.59853205 0.10000000 
0.89000000 0.00000000 0.59405003 0.10000000 
0.90000000 0.00000000 0.58989348 0.10000000 
0.91000000 0.00000000 0.58606493 0.10000000 
0.92000000 0.00000000 0.58256775 0.10000000 
0.93000000 0.00000000 0.57940453 0.10000000 
0.94000000 0.00000000 0.57657782 0.10000000 
0.95000000 0.00000000 0.57409015 0.10000000 
0.96000000 0.00000000 0.57194405 0.10000000 
0.97000000 0.00000000 0.57014206 0.10000000 
0.98000000 0.00000000 0.56865459 0.10000000 
0.99000000 0.00000000 0.56750611 0.10000000 

