-1.00000000 0.00000000 0.63355228 0.10000000 
-0.99000000 0.00000000 0.63318128 0.10000000 
-0.98000000 0.00000000 0.63312993 0.10000000 
-0.97000000 0.00000000 0.63337347 0.10000000 
-0.96000000 0.00000000 0.63391566 0.10000000 
-0.95000000 0.00000000 0.63475935 0.10000000 
-0.94000000 0.00000000 0.63590744 0.10000000 
-0.93000000 0.00000000 0.63736277 0.10000000 
-0.92000000 0.00000000 0.63802475 0.10000000 
-0.91000000 0.00000000 0.63997824 0.10000000 
-0.90000000 0.00000000 0.64216586 0.10000000 
-0.89000000 0.00000000 0.64465841 0.10000000 
-0.88000000 0.00000000 0.64891449 0.10000000 
-0.87000000 0.00000000 0.65212652 0.10000000 
-0.86000000 0.00000000 0.65570850 0.10000000 
-0.85000000 0.00000000 0.65960739 0.10000000 
-0.84000000 0.00000000 0.66382410 0.10000000 
-0.83000000 0.00000000 0.66835869 0.10000000 
-0.82000000 0.00000000 0.67084535 0.10000000 
-0.81000000 0.00000000 0.67606388 0.10000000 
-0.80000000 0.00000000 0.68144728 0.10000000 
-0.79000000 0.00000000 0.68714917 0.10000000 
-0.78000000 0.00000000 0.69315321 0.10000000 
-0.77000000 0.00000000 0.69944841 0.10000000 
-0.76000000 0.00000000 0.70882828 0.10000000 
-0.75000000 0.00000000 0.71573653 0.10000000 
-0.74000000 0.00000000 0.72289685 0.10000000 
-0.73000000 0.00000000 0.73029517 0.10000000 
-0.72000000 0.00000000 0.73791981 0.10000000 
-0.71000000 0.00000000 0.74580417 0.10000000 
-0.70000000 0.00000000 0.75387956 0.10000000 
-0.69000000 0.00000000 0.76213981 0.10000000 
-0.68000000 0.00000000 0.77047082 0.10000000 
-0.67000000 0.00000000 0.77895602 0.10000000 
-0.66000000 0.00000000 0.78758232 0.10000000 
-0.65000000 0.00000000 0.79629065 0.10000000 
-0.64000000 0.00000000 0.80514314 0.10000000 
-0.63000000 0.00000000 0.81413750 0.10000000 
-0.62000000 0.00000000 0.82337377 0.10000000 
-0.61000000 0.00000000 0.83276961 0.10000000 
-0.60000000 0.00000000 0.84232787 0.10000000 
-0.59000000 0.00000000 0.85205072 0.10000000 
-0.58000000 0.00000000 0.85764135 0.10000000 
-0.57000000 0.00000000 0.86795950 0.10000000 
-0.56000000 0.00000000 0.87812871 0.10000000 
-0.55000000 0.00000000 0.88848400 0.10000000 
-0.54000000 0.00000000 0.89899310 0.10000000 
-0.53000000 0.00000000 0.90964728 0.10000000 
-0.52000000 0.00000000 0.92453503 0.10000000 
-0.51000000 0.00000000 0.93531982 0.10000000 
-0.50000000 0.00000000 0.94627047 0.10000000 
-0.49000000 0.00000000 0.95728710 0.10000000 
-0.48000000 0.00000000 0.96835108 0.10000000 
-0.47000000 0.00000000 0.97952797 0.10000000 
-0.46000000 0.00000000 0.99069305 0.10000000 
-0.45000000 0.00000000 1.00183856 0.10000000 
-0.44000000 0.00000000 1.01294940 0.10000000 
-0.43000000 0.00000000 1.02401167 0.10000000 
-0.42000000 0.00000000 1.03049058 0.10000000 
-0.41000000 0.00000000 1.04177836 0.10000000 
-0.40000000 0.00000000 1.05664777 0.10000000 
-0.39000000 0.00000000 1.06733893 0.10000000 
-0.38000000 0.00000000 1.07792697 0.10000000 
-0.37000000 0.00000000 1.08839621 0.10000000 
-0.36000000 0.00000000 1.09872947 0.10000000 
-0.35000000 0.00000000 1.10891229 0.10000000 
-0.34000000 0.00000000 1.11893035 0.10000000 
-0.33000000 0.00000000 1.12876981 0.10000000 
-0.32000000 0.00000000 1.13841745 0.10000000 
-0.31000000 0.00000000 1.14794923 0.10000000 
-0.30000000 0.00000000 1.15723960 0.10000000 
-0.29000000 0.00000000 1.16621001 0.10000000 
-0.28000000 0.00000000 1.17494888 0.10000000 
-0.27000000 0.00000000 1.18344642 0.10000000 
-0.26000000 0.00000000 1.19169349 0.10000000 
-0.25000000 0.00000000 1.19968163 0.10000000 
-0.24000000 0.00000000 1.20740295 0.10000000 
-0.23000000 0.00000000 1.21485013 0.10000000 
-0.22000000 0.00000000 1.22201642 0.10000000 
-0.21000000 0.00000000 1.22889555 0.10000000 
-0.20000000 0.00000000 1.23548002 0.10000000 
-0.19000000 0.00000000 1.24176533 0.10000000 
-0.18000000 0.00000000 1.24774856 0.10000000 
-0.17000000 0.00000000 1.25342486 0.10000000 
-0.16000000 0.00000000 1.25878975 0.10000000 
-0.15000000 0.00000000 1.26383916 0.10000000 
-0.14000000 0.00000000 1.26856942 0.10000000 
-0.13000000 0.00000000 1.27297723 0.10000000 
-0.12000000 0.00000000 1.27705968 0.10000000 
-0.11000000 0.00000000 1.28081419 0.10000000 
-0.10000000 0.00000000 1.28423852 0.10000000 
-0.09000000 0.00000000 1.28733075 0.10000000 
-0.08000000 0.00000000 1.29008926 0.10000000 
-0.07000000 0.00000000 1.29251267 0.10000000 
-0.06000000 0.00000000 1.29459988 0.10000000 
-0.05000000 0.00000000 1.29635005 0.10000000 
-0.04000000 0.00000000 1.29776409 0.10000000 
-0.03000000 0.00000000 1.29884220 0.10000000 
-0.02000000 0.00000000 1.29958498 0.10000000 
-0.01000000 0.00000000 1.29999328 0.10000000 
0.00000000 0.00000000 1.30006654 0.10000000 
0.01000000 0.00000000 1.29980532 0.10000000 
0.02000000 0.00000000 1.29921023 0.10000000 
0.03000000 0.00000000 1.29828185 0.10000000 
0.04000000 0.00000000 1.29702075 0.10000000 
0.05000000 0.00000000 1.29542748 0.10000000 
0.06000000 0.00000000 1.29356476 0.10000000 
0.07000000 0.00000000 1.29138230 0.10000000 
0.08000000 0.00000000 1.28888557 0.10000000 
0.09000000 0.00000000 1.28607586 0.10000000 
0.10000000 0.00000000 1.28288551 0.10000000 
0.11000000 0.00000000 1.27936779 0.10000000 
0.12000000 0.00000000 1.27552210 0.10000000 
0.13000000 0.00000000 1.27134816 0.10000000 
0.14000000 0.00000000 1.26684627 0.10000000 
0.15000000 0.00000000 1.26201761 0.10000000 
0.16000000 0.00000000 1.25939167 0.10000000 
0.17000000 0.00000000 1.25385586 0.10000000 
0.18000000 0.00000000 1.24817976 0.10000000 
0.19000000 0.00000000 1.24217666 0.10000000 
0.20000000 0.00000000 1.23306728 0.10000000 
0.21000000 0.00000000 1.22636894 0.10000000 
0.22000000 0.00000000 1.21939143 0.10000000 
0.23000000 0.00000000 1.21214692 0.10000000 
0.24000000 0.00000000 1.20464837 0.10000000 
0.25000000 0.00000000 1.19690920 0.10000000 
0.26000000 0.00000000 1.18894302 0.10000000 
0.27000000 0.00000000 1.18071395 0.10000000 
0.28000000 0.00000000 1.17229615 0.10000000 
0.29000000 0.00000000 1.16369731 0.10000000 
0.30000000 0.00000000 1.15492918 0.10000000 
0.31000000 0.00000000 1.14605742 0.10000000 
0.32000000 0.00000000 1.13702814 0.10000000 
0.33000000 0.00000000 1.12785246 0.10000000 
0.34000000 0.00000000 1.11854125 0.10000000 
0.35000000 0.00000000 1.10910511 0.10000000 
0.36000000 0.00000000 1.09955434 0.10000000 
0.37000000 0.00000000 1.08989904 0.10000000 
0.38000000 0.00000000 1.08015004 0.10000000 
0.39000000 0.00000000 1.07031659 0.10000000 
0.40000000 0.00000000 1.06040800 0.10000000 
0.41000000 0.00000000 1.05043351 0.10000000 
0.42000000 0.00000000 1.04040128 0.10000000 
0.43000000 0.00000000 1.03032094 0.10000000 
0.44000000 0.00000000 1.02020201 0.10000000 
0.45000000 0.00000000 1.01005395 0.10000000 
0.46000000 0.00000000 0.99988612 0.10000000 
0.47000000 0.00000000 0.98970783 0.10000000 
0.48000000 0.00000000 0.97952832 0.10000000 
0.49000000 0.00000000 0.96935674 0.10000000 
0.50000000 0.00000000 0.95920219 0.10000000 
0.51000000 0.00000000 0.94907373 0.10000000 
0.52000000 0.00000000 0.93898033 0.10000000 
0.53000000 0.00000000 0.92893092 0.10000000 
0.54000000 0.00000000 0.91893433 0.10000000 
0.55000000 0.00000000 0.90899931 0.10000000 
0.56000000 0.00000000 0.89913449 0.10000000 
0.57000000 0.00000000 0.88934839 0.10000000 
0.58000000 0.00000000 0.87964944 0.10000000 
0.59000000 0.00000000 0.87004595 0.10000000 
0.60000000 0.00000000 0.86054608 0.10000000 
0.61000000 0.00000000 0.85115790 0.10000000 
0.62000000 0.00000000 0.84188932 0.10000000 
0.63000000 0.00000000 0.83274812 0.10000000 
0.64000000 0.00000000 0.82374194 0.10000000 
0.65000000 0.00000000 0.81487826 0.10000000 
0.66000000 0.00000000 0.80616441 0.10000000 
0.67000000 0.00000000 0.79760755 0.10000000 
0.68000000 0.00000000 0.78921470 0.10000000 
0.69000000 0.00000000 0.78099269 0.10000000 
0.70000000 0.00000000 0.77294818 0.10000000 
0.71000000 0.00000000 0.76508765 0.10000000 
0.72000000 0.00000000 0.75741741 0.10000000 
0.73000000 0.00000000 0.74994357 0.10000000 
0.74000000 0.00000000 0.74267206 0.10000000 
0.75000000 0.00000000 0.73560861 0.10000000 
0.76000000 0.00000000 0.72875876 0.10000000 
0.77000000 0.00000000 0.72212785 0.10000000 
0.78000000 0.00000000 0.71572101 0.10000000 
0.79000000 0.00000000 0.70954315 0.10000000 
0.80000000 0.00000000 0.70359897 0.10000000 
0.81000000 0.00000000 0.69789297 0.10000000 
0.82000000 0.00000000 0.69242941 0.10000000 
0.83000000 0.00000000 0.68721237 0.10000000 
0.84000000 0.00000000 0.68224572 0.10000000 
0.85000000 0.00000000 0.67753312 0.10000000 
0.86000000 0.00000000 0.67307804 0.10000000 
0.87000000 0.00000000 0.66888376 0.10000000 
0.88000000 0.00000000 0.66495277 0.10000000 
0.89000000 0.00000000 0.66128765 0.10000000 
0.90000000 0.00000000 0.65789075 0.10000000 
0.91000000 0.00000000 0.65476418 0.10000000 
0.92000000 0.00000000 0.65191067 0.10000000 
0.93000000 0.00000000 0.64933234 0.10000000 
0.94000000 0.00000000 0.64703121 0.10000000 
0.95000000 0.00000000 0.64500930 0.10000000 
0.96000000 0.00000000 0.64326857 0.10000000 
0.97000000 0.00000000 0.64181100 0.10000000 
0.98000000 0.00000000 0.64061199 0.10000000 
0.99000000 0.00000000 0.63969166 0.10000000 

