-1.00000000 0.00000000 0.17311186 0.10000000 
-0.99000000 0.00000000 0.17113975 0.10000000 
-0.98000000 0.00000000 0.16953728 0.10000000 
-0.97000000 0.00000000 0.16828895 0.10000000 
-0.96000000 0.00000000 0.16740452 0.10000000 
-0.95000000 0.00000000 0.16689386 0.10000000 
-0.94000000 0.00000000 0.16676842 0.10000000 
-0.93000000 0.00000000 0.16704115 0.10000000 
-0.92000000 0.00000000 0.16695445 0.10000000 
-0.91000000 0.00000000 0.16783059 0.10000000 
-0.90000000 0.00000000 0.16908833 0.10000000 
-0.89000000 0.00000000 0.17077837 0.10000000 
-0.88000000 0.00000000 0.17434223 0.10000000 
-0.87000000 0.00000000 0.17716212 0.10000000 
-0.86000000 0.00000000 0.18058345 0.10000000 
-0.85000000 0.00000000 0.18455038 0.10000000 
-0.84000000 0.00000000 0.18908817 0.10000000 
-0.83000000 0.00000000 0.19422220 0.10000000 
-0.82000000 0.00000000 0.19686997 0.10000000 
-0.81000000 0.00000000 0.20319319 0.10000000 
-0.80000000 0.00000000 0.20998440 0.10000000 
-0.79000000 0.00000000 0.21747572 0.10000000 
-0.78000000 0.00000000 0.22567428 0.10000000 
-0.77000000 0.00000000 0.23459112 0.10000000 
-0.76000000 0.00000000 0.24884438 0.10000000 
-0.75000000 0.00000000 0.25953244 0.10000000 
-0.74000000 0.00000000 0.27098106 0.10000000 
-0.73000000 0.00000000 0.28319985 0.10000000 
-0.72000000 0.00000000 0.29620597 0.10000000 
-0.71000000 0.00000000 0.31007244 0.10000000 
-0.70000000 0.00000000 0.32474302 0.10000000 
-0.69000000 0.00000000 0.34023937 0.10000000 
-0.68000000 0.00000000 0.35628940 0.10000000 
-0.67000000 0.00000000 0.37315431 0.10000000 
-0.66000000 0.00000000 0.39083447 0.10000000 
-0.65000000 0.00000000 0.40926232 0.10000000 
-0.64000000 0.00000000 0.42856302 0.10000000 
-0.63000000 0.00000000 0.44876112 0.10000000 
-0.62000000 0.00000000 0.47020190 0.10000000 
-0.61000000 0.00000000 0.49265584 0.10000000 
-0.60000000 0.00000000 0.51615931 0.10000000 
-0.59000000 0.00000000 0.54074028 0.10000000 
-0.58000000 0.00000000 0.55444054 0.10000000 
-0.57000000 0.00000000 0.58167079 0.10000000 
-0.56000000 0.00000000 0.60917887 0.10000000 
-0.55000000 0.00000000 0.63788498 0.10000000 
-0.54000000 0.00000000 0.66771083 0.10000000 
-0.53000000 0.00000000 0.69863715 0.10000000 
-0.52000000 0.00000000 0.74361894 0.10000000 
-0.51000000 0.00000000 0.77644544 0.10000000 
-0.50000000 0.00000000 0.81050463 0.10000000 
-0.49000000 0.00000000 0.84542472 0.10000000 
-0.48000000 0.00000000 0.88114349 0.10000000 
-0.47000000 0.00000000 0.91782986 0.10000000 
-0.46000000 0.00000000 0.95512631 0.10000000 
-0.45000000 0.00000000 0.99298968 0.10000000 
-0.44000000 0.00000000 1.03135384 0.10000000 
-0.43000000 0.00000000 1.07015270 0.10000000 
-0.42000000 0.00000000 1.09250442 0.10000000 
-0.41000000 0.00000000 1.13312484 0.10000000 
-0.40000000 0.00000000 1.18809733 0.10000000 
-0.39000000 0.00000000 1.22778179 0.10000000 
-0.38000000 0.00000000 1.26756578 0.10000000 
-0.37000000 0.00000000 1.30736035 0.10000000 
-0.36000000 0.00000000 1.34707023 0.10000000 
-0.35000000 0.00000000 1.38660584 0.10000000 
-0.34000000 0.00000000 1.42587677 0.10000000 
-0.33000000 0.00000000 1.46479322 0.10000000 
-0.32000000 0.00000000 1.50326675 0.10000000 
-0.31000000 0.00000000 1.54154046 0.10000000 
-0.30000000 0.00000000 1.57910989 0.10000000 
-0.29000000 0.00000000 1.61563165 0.10000000 
-0.28000000 0.00000000 1.65140186 0.10000000 
-0.27000000 0.00000000 1.68634431 0.10000000 
-0.26000000 0.00000000 1.72038562 0.10000000 
-0.25000000 0.00000000 1.75345553 0.10000000 
-0.24000000 0.00000000 1.78548695 0.10000000 
-0.23000000 0.00000000 1.81641606 0.10000000 
-0.22000000 0.00000000 1.84618241 0.10000000 
-0.21000000 0.00000000 1.87472898 0.10000000 
-0.20000000 0.00000000 1.90199576 0.10000000 
-0.19000000 0.00000000 1.92793580 0.10000000 
-0.18000000 0.00000000 1.95251029 0.10000000 
-0.17000000 0.00000000 1.97567502 0.10000000 
-0.16000000 0.00000000 1.99738959 0.10000000 
-0.15000000 0.00000000 2.01761739 0.10000000 
-0.14000000 0.00000000 2.03632583 0.10000000 
-0.13000000 0.00000000 2.05348628 0.10000000 
-0.12000000 0.00000000 2.06907408 0.10000000 
-0.11000000 0.00000000 2.08306855 0.10000000 
-0.10000000 0.00000000 2.09545286 0.10000000 
-0.09000000 0.00000000 2.10621412 0.10000000 
-0.08000000 0.00000000 2.11534318 0.10000000 
-0.07000000 0.00000000 2.12283441 0.10000000 
-0.06000000 0.00000000 2.12868583 0.10000000 
-0.05000000 0.00000000 2.13289896 0.10000000 
-0.04000000 0.00000000 2.13548608 0.10000000 
-0.03000000 0.00000000 2.13645795 0.10000000 
-0.02000000 0.00000000 2.13582918 0.10000000 
-0.01000000 0.00000000 2.13361768 0.10000000 
0.00000000 0.00000000 2.12983675 0.10000000 
0.01000000 0.00000000 2.12450678 0.10000000 
0.02000000 0.00000000 2.11765001 0.10000000 
0.03000000 0.00000000 2.10929025 0.10000000 
0.04000000 0.00000000 2.09945265 0.10000000 
0.05000000 0.00000000 2.08816358 0.10000000 
0.06000000 0.00000000 2.07574529 0.10000000 
0.07000000 0.00000000 2.06197895 0.10000000 
0.08000000 0.00000000 2.04691656 0.10000000 
0.09000000 0.00000000 2.03059049 0.10000000 
0.10000000 0.00000000 2.01273046 0.10000000 
0.11000000 0.00000000 1.99360480 0.10000000 
0.12000000 0.00000000 1.97324041 0.10000000 
0.13000000 0.00000000 1.95166593 0.10000000 
0.14000000 0.00000000 1.92891287 0.10000000 
0.15000000 0.00000000 1.90501675 0.10000000 
0.16000000 0.00000000 1.89170805 0.10000000 
0.17000000 0.00000000 1.86512926 0.10000000 
0.18000000 0.00000000 1.83837007 0.10000000 
0.19000000 0.00000000 1.81057237 0.10000000 
0.20000000 0.00000000 1.76979999 0.10000000 
0.21000000 0.00000000 1.74007710 0.10000000 
0.22000000 0.00000000 1.70962661 0.10000000 
0.23000000 0.00000000 1.67852807 0.10000000 
0.24000000 0.00000000 1.64686304 0.10000000 
0.25000000 0.00000000 1.61471365 0.10000000 
0.26000000 0.00000000 1.58216111 0.10000000 
0.27000000 0.00000000 1.54905507 0.10000000 
0.28000000 0.00000000 1.51575914 0.10000000 
0.29000000 0.00000000 1.48232021 0.10000000 
0.30000000 0.00000000 1.44880259 0.10000000 
0.31000000 0.00000000 1.41550131 0.10000000 
0.32000000 0.00000000 1.38218797 0.10000000 
0.33000000 0.00000000 1.34891854 0.10000000 
0.34000000 0.00000000 1.31574563 0.10000000 
0.35000000 0.00000000 1.28271839 0.10000000 
0.36000000 0.00000000 1.24988261 0.10000000 
0.37000000 0.00000000 1.21728077 0.10000000 
0.38000000 0.00000000 1.18495673 0.10000000 
0.39000000 0.00000000 1.15294484 0.10000000 
0.40000000 0.00000000 1.12127754 0.10000000 
0.41000000 0.00000000 1.08998501 0.10000000 
0.42000000 0.00000000 1.05909071 0.10000000 
0.43000000 0.00000000 1.02862260 0.10000000 
0.44000000 0.00000000 0.99860626 0.10000000 
0.45000000 0.00000000 0.96906503 0.10000000 
0.46000000 0.00000000 0.94002012 0.10000000 
0.47000000 0.00000000 0.91149066 0.10000000 
0.48000000 0.00000000 0.88349382 0.10000000 
0.49000000 0.00000000 0.85604485 0.10000000 
0.50000000 0.00000000 0.82915722 0.10000000 
0.51000000 0.00000000 0.80284274 0.10000000 
0.52000000 0.00000000 0.77711157 0.10000000 
0.53000000 0.00000000 0.75197240 0.10000000 
0.54000000 0.00000000 0.72743230 0.10000000 
0.55000000 0.00000000 0.70349689 0.10000000 
0.56000000 0.00000000 0.68017031 0.10000000 
0.57000000 0.00000000 0.65745537 0.10000000 
0.58000000 0.00000000 0.63535358 0.10000000 
0.59000000 0.00000000 0.61386523 0.10000000 
0.60000000 0.00000000 0.59298947 0.10000000 
0.61000000 0.00000000 0.57272437 0.10000000 
0.62000000 0.00000000 0.55306698 0.10000000 
0.63000000 0.00000000 0.53401342 0.10000000 
0.64000000 0.00000000 0.51555893 0.10000000 
0.65000000 0.00000000 0.49769794 0.10000000 
0.66000000 0.00000000 0.48042414 0.10000000 
0.67000000 0.00000000 0.46373056 0.10000000 
0.68000000 0.00000000 0.44760964 0.10000000 
0.69000000 0.00000000 0.43205325 0.10000000 
0.70000000 0.00000000 0.41705283 0.10000000 
0.71000000 0.00000000 0.40259938 0.10000000 
0.72000000 0.00000000 0.38868358 0.10000000 
0.73000000 0.00000000 0.37529583 0.10000000 
0.74000000 0.00000000 0.36242629 0.10000000 
0.75000000 0.00000000 0.35006499 0.10000000 
0.76000000 0.00000000 0.33820182 0.10000000 
0.77000000 0.00000000 0.32682668 0.10000000 
0.78000000 0.00000000 0.31592943 0.10000000 
0.79000000 0.00000000 0.30550002 0.10000000 
0.80000000 0.00000000 0.29552852 0.10000000 
0.81000000 0.00000000 0.28600514 0.10000000 
0.82000000 0.00000000 0.27692036 0.10000000 
0.83000000 0.00000000 0.26826489 0.10000000 
0.84000000 0.00000000 0.26002981 0.10000000 
0.85000000 0.00000000 0.25220656 0.10000000 
0.86000000 0.00000000 0.24478702 0.10000000 
0.87000000 0.00000000 0.23776357 0.10000000 
0.88000000 0.00000000 0.23112873 0.10000000 
0.89000000 0.00000000 0.22487572 0.10000000 
0.90000000 0.00000000 0.21899828 0.10000000 
0.91000000 0.00000000 0.21349075 0.10000000 
0.92000000 0.00000000 0.20834884 0.10000000 
0.93000000 0.00000000 0.20356860 0.10000000 
0.94000000 0.00000000 0.19914700 0.10000000 
0.95000000 0.00000000 0.19508191 0.10000000 
0.96000000 0.00000000 0.19137220 0.10000000 
0.97000000 0.00000000 0.18801780 0.10000000 
0.98000000 0.00000000 0.18500147 0.10000000 
0.99000000 0.00000000 0.18233405 0.10000000 

