-1.00000000 0.00000000 0.31521864 0.10000000 
-0.99000000 0.00000000 0.31390885 0.10000000 
-0.98000000 0.00000000 0.31312547 0.10000000 
-0.97000000 0.00000000 0.31283470 0.10000000 
-0.96000000 0.00000000 0.31304662 0.10000000 
-0.95000000 0.00000000 0.31377010 0.10000000 
-0.94000000 0.00000000 0.31501456 0.10000000 
-0.93000000 0.00000000 0.31678985 0.10000000 
-0.92000000 0.00000000 0.31749927 0.10000000 
-0.91000000 0.00000000 0.32011619 0.10000000 
-0.90000000 0.00000000 0.32317474 0.10000000 
-0.89000000 0.00000000 0.32677805 0.10000000 
-0.88000000 0.00000000 0.33324144 0.10000000 
-0.87000000 0.00000000 0.33817571 0.10000000 
-0.86000000 0.00000000 0.34380006 0.10000000 
-0.85000000 0.00000000 0.35002784 0.10000000 
-0.84000000 0.00000000 0.35686927 0.10000000 
-0.83000000 0.00000000 0.36433326 0.10000000 
-0.82000000 0.00000000 0.36835531 0.10000000 
-0.81000000 0.00000000 0.37711921 0.10000000 
-0.80000000 0.00000000 0.38626593 0.10000000 
-0.79000000 0.00000000 0.39607060 0.10000000 
-0.78000000 0.00000000 0.40651336 0.10000000 
-0.77000000 0.00000000 0.41758251 0.10000000 
-0.76000000 0.00000000 0.43442654 0.10000000 
-0.75000000 0.00000000 0.44689433 0.10000000 
-0.74000000 0.00000000 0.45994512 0.10000000 
-0.73000000 0.00000000 0.47356153 0.10000000 
-0.72000000 0.00000000 0.48773135 0.10000000 
-0.71000000 0.00000000 0.50251876 0.10000000 
-0.70000000 0.00000000 0.51781361 0.10000000 
-0.69000000 0.00000000 0.53361162 0.10000000 
-0.68000000 0.00000000 0.54967600 0.10000000 
-0.67000000 0.00000000 0.56619426 0.10000000 
-0.66000000 0.00000000 0.58314603 0.10000000 
-0.65000000 0.00000000 0.60042847 0.10000000 
-0.64000000 0.00000000 0.61815959 0.10000000 
-0.63000000 0.00000000 0.63634048 0.10000000 
-0.62000000 0.00000000 0.65520230 0.10000000 
-0.61000000 0.00000000 0.67456460 0.10000000 
-0.60000000 0.00000000 0.69443839 0.10000000 
-0.59000000 0.00000000 0.71483134 0.10000000 
-0.58000000 0.00000000 0.72644456 0.10000000 
-0.57000000 0.00000000 0.74838646 0.10000000 
-0.56000000 0.00000000 0.77017974 0.10000000 
-0.55000000 0.00000000 0.79254426 0.10000000 
-0.54000000 0.00000000 0.81541009 0.10000000 
-0.53000000 0.00000000 0.83875674 0.10000000 
-0.52000000 0.00000000 0.87179478 0.10000000 
-0.51000000 0.00000000 0.89578020 0.10000000 
-0.50000000 0.00000000 0.92029854 0.10000000 
-0.49000000 0.00000000 0.94511073 0.10000000 
-0.48000000 0.00000000 0.97017166 0.10000000 
-0.47000000 0.00000000 0.99561775 0.10000000 
-0.46000000 0.00000000 1.02117451 0.10000000 
-0.45000000 0.00000000 1.04681810 0.10000000 
-0.44000000 0.00000000 1.07250840 0.10000000 
-0.43000000 0.00000000 1.09820727 0.10000000 
-0.42000000 0.00000000 1.11318592 0.10000000 
-0.41000000 0.00000000 1.13961471 0.10000000 
-0.40000000 0.00000000 1.17470316 0.10000000 
-0.39000000 0.00000000 1.19995731 0.10000000 
-0.38000000 0.00000000 1.22505425 0.10000000 
-0.37000000 0.00000000 1.24994913 0.10000000 
-0.36000000 0.00000000 1.27459351 0.10000000 
-0.35000000 0.00000000 1.29894463 0.10000000 
-0.34000000 0.00000000 1.32295989 0.10000000 
-0.33000000 0.00000000 1.34659780 0.10000000 
-0.32000000 0.00000000 1.36981823 0.10000000 
-0.31000000 0.00000000 1.39279212 0.10000000 
-0.30000000 0.00000000 1.41521415 0.10000000 
-0.29000000 0.00000000 1.43688792 0.10000000 
-0.28000000 0.00000000 1.45801550 0.10000000 
-0.27000000 0.00000000 1.47856544 0.10000000 
-0.26000000 0.00000000 1.49850804 0.10000000 
-0.25000000 0.00000000 1.51781540 0.10000000 
-0.24000000 0.00000000 1.53646131 0.10000000 
-0.23000000 0.00000000 1.55442125 0.10000000 
-0.22000000 0.00000000 1.57167234 0.10000000 
-0.21000000 0.00000000 1.58819332 0.10000000 
-0.20000000 0.00000000 1.60396033 0.10000000 
-0.19000000 0.00000000 1.61895714 0.10000000 
-0.18000000 0.00000000 1.63317176 0.10000000 
-0.17000000 0.00000000 1.64658798 0.10000000 
-0.16000000 0.00000000 1.65919109 0.10000000 
-0.15000000 0.00000000 1.67096781 0.10000000 
-0.14000000 0.00000000 1.68190639 0.10000000 
-0.13000000 0.00000000 1.69199650 0.10000000 
-0.12000000 0.00000000 1.70122925 0.10000000 
-0.11000000 0.00000000 1.70959716 0.10000000 
-0.10000000 0.00000000 1.71709407 0.10000000 
-0.09000000 0.00000000 1.72371519 0.10000000 
-0.08000000 0.00000000 1.72945697 0.10000000 
-0.07000000 0.00000000 1.73431697 0.10000000 
-0.06000000 0.00000000 1.73829398 0.10000000 
-0.05000000 0.00000000 1.74138792 0.10000000 
-0.04000000 0.00000000 1.74360386 0.10000000 
-0.03000000 0.00000000 1.74494535 0.10000000 
-0.02000000 0.00000000 1.74541735 0.10000000 
-0.01000000 0.00000000 1.74502598 0.10000000 
0.00000000 0.00000000 1.74377399 0.10000000 
0.01000000 0.00000000 1.74166755 0.10000000 
0.02000000 0.00000000 1.73871320 0.10000000 
0.03000000 0.00000000 1.73491784 0.10000000 
0.04000000 0.00000000 1.73028860 0.10000000 
0.05000000 0.00000000 1.72483282 0.10000000 
0.06000000 0.00000000 1.71872279 0.10000000 
0.07000000 0.00000000 1.71182991 0.10000000 
0.08000000 0.00000000 1.70417502 0.10000000 
0.09000000 0.00000000 1.69576793 0.10000000 
0.10000000 0.00000000 1.68644264 0.10000000 
0.11000000 0.00000000 1.67634357 0.10000000 
0.12000000 0.00000000 1.66547644 0.10000000 
0.13000000 0.00000000 1.65384787 0.10000000 
0.14000000 0.00000000 1.64146611 0.10000000 
0.15000000 0.00000000 1.62834166 0.10000000 
0.16000000 0.00000000 1.62110940 0.10000000 
0.17000000 0.00000000 1.60631315 0.10000000 
0.18000000 0.00000000 1.59128830 0.10000000 
0.19000000 0.00000000 1.57554646 0.10000000 
0.20000000 0.00000000 1.55206976 0.10000000 
0.21000000 0.00000000 1.53488046 0.10000000 
0.22000000 0.00000000 1.51712234 0.10000000 
0.23000000 0.00000000 1.49883332 0.10000000 
0.24000000 0.00000000 1.48005295 0.10000000 
0.25000000 0.00000000 1.46082166 0.10000000 
0.26000000 0.00000000 1.44117996 0.10000000 
0.27000000 0.00000000 1.42103802 0.10000000 
0.28000000 0.00000000 1.40059579 0.10000000 
0.29000000 0.00000000 1.37987657 0.10000000 
0.30000000 0.00000000 1.35891394 0.10000000 
0.31000000 0.00000000 1.33787746 0.10000000 
0.32000000 0.00000000 1.31663211 0.10000000 
0.33000000 0.00000000 1.29520854 0.10000000 
0.34000000 0.00000000 1.27363612 0.10000000 
0.35000000 0.00000000 1.25194296 0.10000000 
0.36000000 0.00000000 1.23015589 0.10000000 
0.37000000 0.00000000 1.20830052 0.10000000 
0.38000000 0.00000000 1.18640386 0.10000000 
0.39000000 0.00000000 1.16448817 0.10000000 
0.40000000 0.00000000 1.14257523 0.10000000 
0.41000000 0.00000000 1.12068612 0.10000000 
0.42000000 0.00000000 1.09883856 0.10000000 
0.43000000 0.00000000 1.07705344 0.10000000 
0.44000000 0.00000000 1.05535084 0.10000000 
0.45000000 0.00000000 1.03375005 0.10000000 
0.46000000 0.00000000 1.01226960 0.10000000 
0.47000000 0.00000000 0.99092732 0.10000000 
0.48000000 0.00000000 0.96974033 0.10000000 
0.49000000 0.00000000 0.94872501 0.10000000 
0.50000000 0.00000000 0.92789714 0.10000000 
0.51000000 0.00000000 0.90727186 0.10000000 
0.52000000 0.00000000 0.88686370 0.10000000 
0.53000000 0.00000000 0.86668660 0.10000000 
0.54000000 0.00000000 0.84675388 0.10000000 
0.55000000 0.00000000 0.82707820 0.10000000 
0.56000000 0.00000000 0.80767162 0.10000000 
0.57000000 0.00000000 0.78854560 0.10000000 
0.58000000 0.00000000 0.76971102 0.10000000 
0.59000000 0.00000000 0.75117816 0.10000000 
0.60000000 0.00000000 0.73295677 0.10000000 
0.61000000 0.00000000 0.71505607 0.10000000 
0.62000000 0.00000000 0.69748475 0.10000000 
0.63000000 0.00000000 0.68025098 0.10000000 
0.64000000 0.00000000 0.66336246 0.10000000 
0.65000000 0.00000000 0.64682645 0.10000000 
0.66000000 0.00000000 0.63064971 0.10000000 
0.67000000 0.00000000 0.61483864 0.10000000 
0.68000000 0.00000000 0.59939920 0.10000000 
0.69000000 0.00000000 0.58433699 0.10000000 
0.70000000 0.00000000 0.56965724 0.10000000 
0.71000000 0.00000000 0.55536487 0.10000000 
0.72000000 0.00000000 0.54146448 0.10000000 
0.73000000 0.00000000 0.52796036 0.10000000 
0.74000000 0.00000000 0.51485657 0.10000000 
0.75000000 0.00000000 0.50215690 0.10000000 
0.76000000 0.00000000 0.48986495 0.10000000 
0.77000000 0.00000000 0.47798409 0.10000000 
0.78000000 0.00000000 0.46651754 0.10000000 
0.79000000 0.00000000 0.45546832 0.10000000 
0.80000000 0.00000000 0.44483931 0.10000000 
0.81000000 0.00000000 0.43463327 0.10000000 
0.82000000 0.00000000 0.42485287 0.10000000 
0.83000000 0.00000000 0.41550071 0.10000000 
0.84000000 0.00000000 0.40657933 0.10000000 
0.85000000 0.00000000 0.39809126 0.10000000 
0.86000000 0.00000000 0.39003901 0.10000000 
0.87000000 0.00000000 0.38242516 0.10000000 
0.88000000 0.00000000 0.37525141 0.10000000 
0.89000000 0.00000000 0.36851995 0.10000000 
0.90000000 0.00000000 0.36223291 0.10000000 
0.91000000 0.00000000 0.35639240 0.10000000 
0.92000000 0.00000000 0.35100187 0.10000000 
0.93000000 0.00000000 0.34606416 0.10000000 
0.94000000 0.00000000 0.34158245 0.10000000 
0.95000000 0.00000000 0.33756017 0.10000000 
0.96000000 0.00000000 0.33400117 0.10000000 
0.97000000 0.00000000 0.33090968 0.10000000 
0.98000000 0.00000000 0.32825177 0.10000000 
0.99000000 0.00000000 0.32605705 0.10000000 

