-1.00000000 0.00000000 0.42209635 0.10000000 
-0.99000000 0.00000000 0.42125261 0.10000000 
-0.98000000 0.00000000 0.42090288 0.10000000 
-0.97000000 0.00000000 0.42101177 0.10000000 
-0.96000000 0.00000000 0.42158688 0.10000000 
-0.95000000 0.00000000 0.42263446 0.10000000 
-0.94000000 0.00000000 0.42416102 0.10000000 
-0.93000000 0.00000000 0.42617318 0.10000000 
-0.92000000 0.00000000 0.42705001 0.10000000 
-0.91000000 0.00000000 0.42984203 0.10000000 
-0.90000000 0.00000000 0.43301901 0.10000000 
-0.89000000 0.00000000 0.43668545 0.10000000 
-0.88000000 0.00000000 0.44306858 0.10000000 
-0.87000000 0.00000000 0.44790806 0.10000000 
-0.86000000 0.00000000 0.45335285 0.10000000 
-0.85000000 0.00000000 0.45932098 0.10000000 
-0.84000000 0.00000000 0.46581721 0.10000000 
-0.83000000 0.00000000 0.47284501 0.10000000 
-0.82000000 0.00000000 0.47667095 0.10000000 
-0.81000000 0.00000000 0.48482696 0.10000000 
-0.80000000 0.00000000 0.49328177 0.10000000 
-0.79000000 0.00000000 0.50228205 0.10000000 
-0.78000000 0.00000000 0.51180499 0.10000000 
-0.77000000 0.00000000 0.52183585 0.10000000 
-0.76000000 0.00000000 0.53691594 0.10000000 
-0.75000000 0.00000000 0.54804559 0.10000000 
-0.74000000 0.00000000 0.55962975 0.10000000 
-0.73000000 0.00000000 0.57164857 0.10000000 
-0.72000000 0.00000000 0.58408629 0.10000000 
-0.71000000 0.00000000 0.59699792 0.10000000 
-0.70000000 0.00000000 0.61027774 0.10000000 
-0.69000000 0.00000000 0.62391806 0.10000000 
-0.68000000 0.00000000 0.63772358 0.10000000 
-0.67000000 0.00000000 0.65184195 0.10000000 
-0.66000000 0.00000000 0.66625299 0.10000000 
-0.65000000 0.00000000 0.68086260 0.10000000 
-0.64000000 0.00000000 0.69577276 0.10000000 
-0.63000000 0.00000000 0.71098137 0.10000000 
-0.62000000 0.00000000 0.72666750 0.10000000 
-0.61000000 0.00000000 0.74268671 0.10000000 
-0.60000000 0.00000000 0.75904541 0.10000000 
-0.59000000 0.00000000 0.77574810 0.10000000 
-0.58000000 0.00000000 0.78531258 0.10000000 
-0.57000000 0.00000000 0.80314360 0.10000000 
-0.56000000 0.00000000 0.82077549 0.10000000 
-0.55000000 0.00000000 0.83878958 0.10000000 
-0.54000000 0.00000000 0.85712928 0.10000000 
-0.53000000 0.00000000 0.87577846 0.10000000 
-0.52000000 0.00000000 0.90197821 0.10000000 
-0.51000000 0.00000000 0.92097460 0.10000000 
-0.50000000 0.00000000 0.94031761 0.10000000 
-0.49000000 0.00000000 0.95982542 0.10000000 
-0.48000000 0.00000000 0.97946361 0.10000000 
-0.47000000 0.00000000 0.99934412 0.10000000 
-0.46000000 0.00000000 1.01924786 0.10000000 
-0.45000000 0.00000000 1.03915861 0.10000000 
-0.44000000 0.00000000 1.05904721 0.10000000 
-0.43000000 0.00000000 1.07888641 0.10000000 
-0.42000000 0.00000000 1.09048357 0.10000000 
-0.41000000 0.00000000 1.11079105 0.10000000 
-0.40000000 0.00000000 1.13762274 0.10000000 
-0.39000000 0.00000000 1.15692107 0.10000000 
-0.38000000 0.00000000 1.17605758 0.10000000 
-0.37000000 0.00000000 1.19500109 0.10000000 
-0.36000000 0.00000000 1.21371770 0.10000000 
-0.35000000 0.00000000 1.23217819 0.10000000 
-0.34000000 0.00000000 1.25035357 0.10000000 
-0.33000000 0.00000000 1.26821574 0.10000000 
-0.32000000 0.00000000 1.28573770 0.10000000 
-0.31000000 0.00000000 1.30305360 0.10000000 
-0.30000000 0.00000000 1.31993370 0.10000000 
-0.29000000 0.00000000 1.33623255 0.10000000 
-0.28000000 0.00000000 1.35210740 0.10000000 
-0.27000000 0.00000000 1.36753775 0.10000000 
-0.26000000 0.00000000 1.38250437 0.10000000 
-0.25000000 0.00000000 1.39698932 0.10000000 
-0.24000000 0.00000000 1.41097585 0.10000000 
-0.23000000 0.00000000 1.42444839 0.10000000 
-0.22000000 0.00000000 1.43739248 0.10000000 
-0.21000000 0.00000000 1.44979474 0.10000000 
-0.20000000 0.00000000 1.46163967 0.10000000 
-0.19000000 0.00000000 1.47291741 0.10000000 
-0.18000000 0.00000000 1.48362113 0.10000000 
-0.17000000 0.00000000 1.49374065 0.10000000 
-0.16000000 0.00000000 1.50326669 0.10000000 
-0.15000000 0.00000000 1.51219088 0.10000000 
-0.14000000 0.00000000 1.52050578 0.10000000 
-0.13000000 0.00000000 1.52820483 0.10000000 
-0.12000000 0.00000000 1.53528235 0.10000000 
-0.11000000 0.00000000 1.54173351 0.10000000 
-0.10000000 0.00000000 1.54755423 0.10000000 
-0.09000000 0.00000000 1.55274128 0.10000000 
-0.08000000 0.00000000 1.55729214 0.10000000 
-0.07000000 0.00000000 1.56120493 0.10000000 
-0.06000000 0.00000000 1.56447845 0.10000000 
-0.05000000 0.00000000 1.56711216 0.10000000 
-0.04000000 0.00000000 1.56910910 0.10000000 
-0.03000000 0.00000000 1.57047101 0.10000000 
-0.02000000 0.00000000 1.57120056 0.10000000 
-0.01000000 0.00000000 1.57130105 0.10000000 
0.00000000 0.00000000 1.57077319 0.10000000 
0.01000000 0.00000000 1.56962003 0.10000000 
0.02000000 0.00000000 1.56784476 0.10000000 
0.03000000 0.00000000 1.56545068 0.10000000 
0.04000000 0.00000000 1.56244114 0.10000000 
0.05000000 0.00000000 1.55881956 0.10000000 
0.06000000 0.00000000 1.55470891 0.10000000 
0.07000000 0.00000000 1.55001429 0.10000000 
0.08000000 0.00000000 1.54474873 0.10000000 
0.09000000 0.00000000 1.53891717 0.10000000 
0.10000000 0.00000000 1.53239488 0.10000000 
0.11000000 0.00000000 1.52528539 0.10000000 
0.12000000 0.00000000 1.51759034 0.10000000 
0.13000000 0.00000000 1.50931202 0.10000000 
0.14000000 0.00000000 1.50045382 0.10000000 
0.15000000 0.00000000 1.49102082 0.10000000 
0.16000000 0.00000000 1.48584972 0.10000000 
0.17000000 0.00000000 1.47514448 0.10000000 
0.18000000 0.00000000 1.46423063 0.10000000 
0.19000000 0.00000000 1.45275141 0.10000000 
0.20000000 0.00000000 1.43550578 0.10000000 
0.21000000 0.00000000 1.42285509 0.10000000 
0.22000000 0.00000000 1.40973885 0.10000000 
0.23000000 0.00000000 1.39618252 0.10000000 
0.24000000 0.00000000 1.38221289 0.10000000 
0.25000000 0.00000000 1.36785749 0.10000000 
0.26000000 0.00000000 1.35314404 0.10000000 
0.27000000 0.00000000 1.33800543 0.10000000 
0.28000000 0.00000000 1.32258543 0.10000000 
0.29000000 0.00000000 1.30689979 0.10000000 
0.30000000 0.00000000 1.29097184 0.10000000 
0.31000000 0.00000000 1.27492577 0.10000000 
0.32000000 0.00000000 1.25866095 0.10000000 
0.33000000 0.00000000 1.24219903 0.10000000 
0.34000000 0.00000000 1.22556093 0.10000000 
0.35000000 0.00000000 1.20876685 0.10000000 
0.36000000 0.00000000 1.19183622 0.10000000 
0.37000000 0.00000000 1.17478780 0.10000000 
0.38000000 0.00000000 1.15764156 0.10000000 
0.39000000 0.00000000 1.14041420 0.10000000 
0.40000000 0.00000000 1.12312230 0.10000000 
0.41000000 0.00000000 1.10578209 0.10000000 
0.42000000 0.00000000 1.08840752 0.10000000 
0.43000000 0.00000000 1.07101511 0.10000000 
0.44000000 0.00000000 1.05362096 0.10000000 
0.45000000 0.00000000 1.03624077 0.10000000 
0.46000000 0.00000000 1.01888991 0.10000000 
0.47000000 0.00000000 1.00158340 0.10000000 
0.48000000 0.00000000 0.98433591 0.10000000 
0.49000000 0.00000000 0.96716180 0.10000000 
0.50000000 0.00000000 0.95007510 0.10000000 
0.51000000 0.00000000 0.93308956 0.10000000 
0.52000000 0.00000000 0.91621865 0.10000000 
0.53000000 0.00000000 0.89947555 0.10000000 
0.54000000 0.00000000 0.88287312 0.10000000 
0.55000000 0.00000000 0.86642391 0.10000000 
0.56000000 0.00000000 0.85014011 0.10000000 
0.57000000 0.00000000 0.83403363 0.10000000 
0.58000000 0.00000000 0.81811603 0.10000000 
0.59000000 0.00000000 0.80239856 0.10000000 
0.60000000 0.00000000 0.78689216 0.10000000 
0.61000000 0.00000000 0.77160746 0.10000000 
0.62000000 0.00000000 0.75655478 0.10000000 
0.63000000 0.00000000 0.74174411 0.10000000 
0.64000000 0.00000000 0.72718517 0.10000000 
0.65000000 0.00000000 0.71288735 0.10000000 
0.66000000 0.00000000 0.69885976 0.10000000 
0.67000000 0.00000000 0.68511121 0.10000000 
0.68000000 0.00000000 0.67165024 0.10000000 
0.69000000 0.00000000 0.65848509 0.10000000 
0.70000000 0.00000000 0.64562373 0.10000000 
0.71000000 0.00000000 0.63307386 0.10000000 
0.72000000 0.00000000 0.62084291 0.10000000 
0.73000000 0.00000000 0.60893807 0.10000000 
0.74000000 0.00000000 0.59736625 0.10000000 
0.75000000 0.00000000 0.58613413 0.10000000 
0.76000000 0.00000000 0.57524813 0.10000000 
0.77000000 0.00000000 0.56471447 0.10000000 
0.78000000 0.00000000 0.55453908 0.10000000 
0.79000000 0.00000000 0.54472769 0.10000000 
0.80000000 0.00000000 0.53528578 0.10000000 
0.81000000 0.00000000 0.52621860 0.10000000 
0.82000000 0.00000000 0.51753122 0.10000000 
0.83000000 0.00000000 0.50922850 0.10000000 
0.84000000 0.00000000 0.50131509 0.10000000 
0.85000000 0.00000000 0.49379550 0.10000000 
0.86000000 0.00000000 0.48667406 0.10000000 
0.87000000 0.00000000 0.47995497 0.10000000 
0.88000000 0.00000000 0.47364135 0.10000000 
0.89000000 0.00000000 0.46773667 0.10000000 
0.90000000 0.00000000 0.46224411 0.10000000 
0.91000000 0.00000000 0.45716668 0.10000000 
0.92000000 0.00000000 0.45250846 0.10000000 
0.93000000 0.00000000 0.44827274 0.10000000 
0.94000000 0.00000000 0.44446287 0.10000000 
0.95000000 0.00000000 0.44108229 0.10000000 
0.96000000 0.00000000 0.43813456 0.10000000 
0.97000000 0.00000000 0.43562338 0.10000000 
0.98000000 0.00000000 0.43351348 0.10000000 
0.99000000 0.00000000 0.43183489 0.10000000 

