-1.00000000 0.00000000 0.23501041 0.10000000 
-0.99000000 0.00000000 0.23326310 0.10000000 
-0.98000000 0.00000000 0.23200169 0.10000000 
-0.97000000 0.00000000 0.23119970 0.10000000 
-0.96000000 0.00000000 0.23086852 0.10000000 
-0.95000000 0.00000000 0.23101882 0.10000000 
-0.94000000 0.00000000 0.23166229 0.10000000 
-0.93000000 0.00000000 0.23281151 0.10000000 
-0.92000000 0.00000000 0.23316983 0.10000000 
-0.91000000 0.00000000 0.23510673 0.10000000 
-0.90000000 0.00000000 0.23749093 0.10000000 
-0.89000000 0.00000000 0.24040685 0.10000000 
-0.88000000 0.00000000 0.24591014 0.10000000 
-0.87000000 0.00000000 0.25016068 0.10000000 
-0.86000000 0.00000000 0.25510930 0.10000000 
-0.85000000 0.00000000 0.26067764 0.10000000 
-0.84000000 0.00000000 0.26688318 0.10000000 
-0.83000000 0.00000000 0.27374254 0.10000000 
-0.82000000 0.00000000 0.27738069 0.10000000 
-0.81000000 0.00000000 0.28557796 0.10000000 
-0.80000000 0.00000000 0.29422294 0.10000000 
-0.79000000 0.00000000 0.30358809 0.10000000 
-0.78000000 0.00000000 0.31366320 0.10000000 
-0.77000000 0.00000000 0.32444487 0.10000000 
-0.76000000 0.00000000 0.34115440 0.10000000 
-0.75000000 0.00000000 0.35357982 0.10000000 
-0.74000000 0.00000000 0.36669811 0.10000000 
-0.73000000 0.00000000 0.38050090 0.10000000 
-0.72000000 0.00000000 0.39498601 0.10000000 
-0.71000000 0.00000000 0.41022312 0.10000000 
-0.70000000 0.00000000 0.42611682 0.10000000 
-0.69000000 0.00000000 0.44267145 0.10000000 
-0.68000000 0.00000000 0.45962262 0.10000000 
-0.67000000 0.00000000 0.47719517 0.10000000 
-0.66000000 0.00000000 0.49537413 0.10000000 
-0.65000000 0.00000000 0.51406317 0.10000000 
-0.64000000 0.00000000 0.53338764 0.10000000 
-0.63000000 0.00000000 0.55335602 0.10000000 
-0.62000000 0.00000000 0.57425262 0.10000000 
-0.61000000 0.00000000 0.59586744 0.10000000 
-0.60000000 0.00000000 0.61821979 0.10000000 
-0.59000000 0.00000000 0.64132353 0.10000000 
-0.58000000 0.00000000 0.65437355 0.10000000 
-0.57000000 0.00000000 0.67951447 0.10000000 
-0.56000000 0.00000000 0.70464732 0.10000000 
-0.55000000 0.00000000 0.73060539 0.10000000 
-0.54000000 0.00000000 0.75730982 0.10000000 
-0.53000000 0.00000000 0.78473768 0.10000000 
-0.52000000 0.00000000 0.82396236 0.10000000 
-0.51000000 0.00000000 0.85249436 0.10000000 
-0.50000000 0.00000000 0.88182671 0.10000000 
-0.49000000 0.00000000 0.91165944 0.10000000 
-0.48000000 0.00000000 0.94193742 0.10000000 
-0.47000000 0.00000000 0.97281581 0.10000000 
-0.46000000 0.00000000 1.00397302 0.10000000 
-0.45000000 0.00000000 1.03537613 0.10000000 
-0.44000000 0.00000000 1.06697274 0.10000000 
-0.43000000 0.00000000 1.09871205 0.10000000 
-0.42000000 0.00000000 1.11713027 0.10000000 
-0.41000000 0.00000000 1.14999606 0.10000000 
-0.40000000 0.00000000 1.19394858 0.10000000 
-0.39000000 0.00000000 1.22561732 0.10000000 
-0.38000000 0.00000000 1.25719333 0.10000000 
-0.37000000 0.00000000 1.28861402 0.10000000 
-0.36000000 0.00000000 1.31981219 0.10000000 
-0.35000000 0.00000000 1.35072679 0.10000000 
-0.34000000 0.00000000 1.38129677 0.10000000 
-0.33000000 0.00000000 1.41146214 0.10000000 
-0.32000000 0.00000000 1.44116451 0.10000000 
-0.31000000 0.00000000 1.47061024 0.10000000 
-0.30000000 0.00000000 1.49940861 0.10000000 
-0.29000000 0.00000000 1.52730256 0.10000000 
-0.28000000 0.00000000 1.55453896 0.10000000 
-0.27000000 0.00000000 1.58107019 0.10000000 
-0.26000000 0.00000000 1.60685087 0.10000000 
-0.25000000 0.00000000 1.63183804 0.10000000 
-0.24000000 0.00000000 1.65599104 0.10000000 
-0.23000000 0.00000000 1.67927156 0.10000000 
-0.22000000 0.00000000 1.70164360 0.10000000 
-0.21000000 0.00000000 1.72307351 0.10000000 
-0.20000000 0.00000000 1.74352472 0.10000000 
-0.19000000 0.00000000 1.76297057 0.10000000 
-0.18000000 0.00000000 1.78139016 0.10000000 
-0.17000000 0.00000000 1.79875772 0.10000000 
-0.16000000 0.00000000 1.81504977 0.10000000 
-0.15000000 0.00000000 1.83024510 0.10000000 
-0.14000000 0.00000000 1.84432490 0.10000000 
-0.13000000 0.00000000 1.85727265 0.10000000 
-0.12000000 0.00000000 1.86907419 0.10000000 
-0.11000000 0.00000000 1.87971761 0.10000000 
-0.10000000 0.00000000 1.88919318 0.10000000 
-0.09000000 0.00000000 1.89749346 0.10000000 
-0.08000000 0.00000000 1.90461306 0.10000000 
-0.07000000 0.00000000 1.91054852 0.10000000 
-0.06000000 0.00000000 1.91529843 0.10000000 
-0.05000000 0.00000000 1.91886330 0.10000000 
-0.04000000 0.00000000 1.92125096 0.10000000 
-0.03000000 0.00000000 1.92246753 0.10000000 
-0.02000000 0.00000000 1.92252141 0.10000000 
-0.01000000 0.00000000 1.92142289 0.10000000 
0.00000000 0.00000000 1.91917824 0.10000000 
0.01000000 0.00000000 1.91579851 0.10000000 
0.02000000 0.00000000 1.91129565 0.10000000 
0.03000000 0.00000000 1.90568232 0.10000000 
0.04000000 0.00000000 1.89897182 0.10000000 
0.05000000 0.00000000 1.89117796 0.10000000 
0.06000000 0.00000000 1.88253381 0.10000000 
0.07000000 0.00000000 1.87287202 0.10000000 
0.08000000 0.00000000 1.86222484 0.10000000 
0.09000000 0.00000000 1.85060986 0.10000000 
0.10000000 0.00000000 1.83781525 0.10000000 
0.11000000 0.00000000 1.82403577 0.10000000 
0.12000000 0.00000000 1.80928426 0.10000000 
0.13000000 0.00000000 1.79357485 0.10000000 
0.14000000 0.00000000 1.77692382 0.10000000 
0.15000000 0.00000000 1.75935050 0.10000000 
0.16000000 0.00000000 1.74961859 0.10000000 
0.17000000 0.00000000 1.72993123 0.10000000 
0.18000000 0.00000000 1.71001809 0.10000000 
0.19000000 0.00000000 1.68923580 0.10000000 
0.20000000 0.00000000 1.65847396 0.10000000 
0.21000000 0.00000000 1.63599484 0.10000000 
0.22000000 0.00000000 1.61285881 0.10000000 
0.23000000 0.00000000 1.58912028 0.10000000 
0.24000000 0.00000000 1.56483556 0.10000000 
0.25000000 0.00000000 1.54006182 0.10000000 
0.26000000 0.00000000 1.51485605 0.10000000 
0.27000000 0.00000000 1.48910276 0.10000000 
0.28000000 0.00000000 1.46306977 0.10000000 
0.29000000 0.00000000 1.43679014 0.10000000 
0.30000000 0.00000000 1.41031031 0.10000000 
0.31000000 0.00000000 1.38385307 0.10000000 
0.32000000 0.00000000 1.35724403 0.10000000 
0.33000000 0.00000000 1.33052477 0.10000000 
0.34000000 0.00000000 1.30373481 0.10000000 
0.35000000 0.00000000 1.27691163 0.10000000 
0.36000000 0.00000000 1.25009063 0.10000000 
0.37000000 0.00000000 1.22330522 0.10000000 
0.38000000 0.00000000 1.19659029 0.10000000 
0.39000000 0.00000000 1.16997409 0.10000000 
0.40000000 0.00000000 1.14348385 0.10000000 
0.41000000 0.00000000 1.11714550 0.10000000 
0.42000000 0.00000000 1.09098026 0.10000000 
0.43000000 0.00000000 1.06501312 0.10000000 
0.44000000 0.00000000 1.03926767 0.10000000 
0.45000000 0.00000000 1.01376612 0.10000000 
0.46000000 0.00000000 0.98852937 0.10000000 
0.47000000 0.00000000 0.96357704 0.10000000 
0.48000000 0.00000000 0.93892756 0.10000000 
0.49000000 0.00000000 0.91459810 0.10000000 
0.50000000 0.00000000 0.89060475 0.10000000 
0.51000000 0.00000000 0.86696248 0.10000000 
0.52000000 0.00000000 0.84368524 0.10000000 
0.53000000 0.00000000 0.82078597 0.10000000 
0.54000000 0.00000000 0.79827654 0.10000000 
0.55000000 0.00000000 0.77616779 0.10000000 
0.56000000 0.00000000 0.75446958 0.10000000 
0.57000000 0.00000000 0.73319077 0.10000000 
0.58000000 0.00000000 0.71233932 0.10000000 
0.59000000 0.00000000 0.69192227 0.10000000 
0.60000000 0.00000000 0.67194585 0.10000000 
0.61000000 0.00000000 0.65241541 0.10000000 
0.62000000 0.00000000 0.63333556 0.10000000 
0.63000000 0.00000000 0.61471015 0.10000000 
0.64000000 0.00000000 0.59654234 0.10000000 
0.65000000 0.00000000 0.57883461 0.10000000 
0.66000000 0.00000000 0.56158882 0.10000000 
0.67000000 0.00000000 0.54480626 0.10000000 
0.68000000 0.00000000 0.52848769 0.10000000 
0.69000000 0.00000000 0.51263337 0.10000000 
0.70000000 0.00000000 0.49724312 0.10000000 
0.71000000 0.00000000 0.48231636 0.10000000 
0.72000000 0.00000000 0.46785213 0.10000000 
0.73000000 0.00000000 0.45384919 0.10000000 
0.74000000 0.00000000 0.44030599 0.10000000 
0.75000000 0.00000000 0.42722077 0.10000000 
0.76000000 0.00000000 0.41459159 0.10000000 
0.77000000 0.00000000 0.40241637 0.10000000 
0.78000000 0.00000000 0.39069290 0.10000000 
0.79000000 0.00000000 0.37941892 0.10000000 
0.80000000 0.00000000 0.36859213 0.10000000 
0.81000000 0.00000000 0.35821022 0.10000000 
0.82000000 0.00000000 0.34827098 0.10000000 
0.83000000 0.00000000 0.33877227 0.10000000 
0.84000000 0.00000000 0.32971209 0.10000000 
0.85000000 0.00000000 0.32108861 0.10000000 
0.86000000 0.00000000 0.31290025 0.10000000 
0.87000000 0.00000000 0.30514565 0.10000000 
0.88000000 0.00000000 0.29782309 0.10000000 
0.89000000 0.00000000 0.29093144 0.10000000 
0.90000000 0.00000000 0.28446980 0.10000000 
0.91000000 0.00000000 0.27843754 0.10000000 
0.92000000 0.00000000 0.27283552 0.10000000 
0.93000000 0.00000000 0.26766439 0.10000000 
0.94000000 0.00000000 0.26292541 0.10000000 
0.95000000 0.00000000 0.25862050 0.10000000 
0.96000000 0.00000000 0.25475222 0.10000000 
0.97000000 0.00000000 0.25132388 0.10000000 
0.98000000 0.00000000 0.24830828 0.10000000 
0.99000000 0.00000000 0.24572864 0.10000000 

