-1.00000000 0.00000000 0.49516362 0.10000000 
-0.99000000 0.00000000 0.49454003 0.10000000 
-0.98000000 0.00000000 0.49436031 0.10000000 
-0.97000000 0.00000000 0.49459129 0.10000000 
-0.96000000 0.00000000 0.49523906 0.10000000 
-0.95000000 0.00000000 0.49630843 0.10000000 
-0.94000000 0.00000000 0.49780440 0.10000000 
-0.93000000 0.00000000 0.49973193 0.10000000 
-0.92000000 0.00000000 0.50059305 0.10000000 
-0.91000000 0.00000000 0.50321722 0.10000000 
-0.90000000 0.00000000 0.50617662 0.10000000 
-0.89000000 0.00000000 0.50956780 0.10000000 
-0.88000000 0.00000000 0.51540939 0.10000000 
-0.87000000 0.00000000 0.51982740 0.10000000 
-0.86000000 0.00000000 0.52477440 0.10000000 
-0.85000000 0.00000000 0.53017664 0.10000000 
-0.84000000 0.00000000 0.53603685 0.10000000 
-0.83000000 0.00000000 0.54235660 0.10000000 
-0.82000000 0.00000000 0.54581028 0.10000000 
-0.81000000 0.00000000 0.55311217 0.10000000 
-0.80000000 0.00000000 0.56066231 0.10000000 
-0.79000000 0.00000000 0.56867844 0.10000000 
-0.78000000 0.00000000 0.57713887 0.10000000 
-0.77000000 0.00000000 0.58602928 0.10000000 
-0.76000000 0.00000000 0.59933328 0.10000000 
-0.75000000 0.00000000 0.60914149 0.10000000 
-0.74000000 0.00000000 0.61932823 0.10000000 
-0.73000000 0.00000000 0.62987468 0.10000000 
-0.72000000 0.00000000 0.64076556 0.10000000 
-0.71000000 0.00000000 0.65204875 0.10000000 
-0.70000000 0.00000000 0.66362880 0.10000000 
-0.69000000 0.00000000 0.67549786 0.10000000 
-0.68000000 0.00000000 0.68748908 0.10000000 
-0.67000000 0.00000000 0.69972645 0.10000000 
-0.66000000 0.00000000 0.71219171 0.10000000 
-0.65000000 0.00000000 0.72480140 0.10000000 
-0.64000000 0.00000000 0.73764447 0.10000000 
-0.63000000 0.00000000 0.75071829 0.10000000 
-0.62000000 0.00000000 0.76417231 0.10000000 
-0.61000000 0.00000000 0.77788462 0.10000000 
-0.60000000 0.00000000 0.79185997 0.10000000 
-0.59000000 0.00000000 0.80610179 0.10000000 
-0.58000000 0.00000000 0.81427445 0.10000000 
-0.57000000 0.00000000 0.82943201 0.10000000 
-0.56000000 0.00000000 0.84439469 0.10000000 
-0.55000000 0.00000000 0.85965556 0.10000000 
-0.54000000 0.00000000 0.87516676 0.10000000 
-0.53000000 0.00000000 0.89091496 0.10000000 
-0.52000000 0.00000000 0.91297744 0.10000000 
-0.51000000 0.00000000 0.92896637 0.10000000 
-0.50000000 0.00000000 0.94522288 0.10000000 
-0.49000000 0.00000000 0.96159644 0.10000000 
-0.48000000 0.00000000 0.97805870 0.10000000 
-0.47000000 0.00000000 0.99470529 0.10000000 
-0.46000000 0.00000000 1.01135142 0.10000000 
-0.45000000 0.00000000 1.02798445 0.10000000 
-0.44000000 0.00000000 1.04458085 0.10000000 
-0.43000000 0.00000000 1.06111875 0.10000000 
-0.42000000 0.00000000 1.07079641 0.10000000 
-0.41000000 0.00000000 1.08769531 0.10000000 
-0.40000000 0.00000000 1.10998478 0.10000000 
-0.39000000 0.00000000 1.12601267 0.10000000 
-0.38000000 0.00000000 1.14189409 0.10000000 
-0.37000000 0.00000000 1.15760429 0.10000000 
-0.36000000 0.00000000 1.17311622 0.10000000 
-0.35000000 0.00000000 1.18840688 0.10000000 
-0.34000000 0.00000000 1.20345342 0.10000000 
-0.33000000 0.00000000 1.21823378 0.10000000 
-0.32000000 0.00000000 1.23272679 0.10000000 
-0.31000000 0.00000000 1.24704509 0.10000000 
-0.30000000 0.00000000 1.26099911 0.10000000 
-0.29000000 0.00000000 1.27446960 0.10000000 
-0.28000000 0.00000000 1.28758811 0.10000000 
-0.27000000 0.00000000 1.30033880 0.10000000 
-0.26000000 0.00000000 1.31270683 0.10000000 
-0.25000000 0.00000000 1.32467843 0.10000000 
-0.24000000 0.00000000 1.33624076 0.10000000 
-0.23000000 0.00000000 1.34738190 0.10000000 
-0.22000000 0.00000000 1.35809080 0.10000000 
-0.21000000 0.00000000 1.36835727 0.10000000 
-0.20000000 0.00000000 1.37816928 0.10000000 
-0.19000000 0.00000000 1.38751945 0.10000000 
-0.18000000 0.00000000 1.39640281 0.10000000 
-0.17000000 0.00000000 1.40481156 0.10000000 
-0.16000000 0.00000000 1.41273856 0.10000000 
-0.15000000 0.00000000 1.42017737 0.10000000 
-0.14000000 0.00000000 1.42712225 0.10000000 
-0.13000000 0.00000000 1.43356809 0.10000000 
-0.12000000 0.00000000 1.43951044 0.10000000 
-0.11000000 0.00000000 1.44494548 0.10000000 
-0.10000000 0.00000000 1.44986993 0.10000000 
-0.09000000 0.00000000 1.45428115 0.10000000 
-0.08000000 0.00000000 1.45817697 0.10000000 
-0.07000000 0.00000000 1.46155571 0.10000000 
-0.06000000 0.00000000 1.46441617 0.10000000 
-0.05000000 0.00000000 1.46675763 0.10000000 
-0.04000000 0.00000000 1.46858216 0.10000000 
-0.03000000 0.00000000 1.46989080 0.10000000 
-0.02000000 0.00000000 1.47068520 0.10000000 
-0.01000000 0.00000000 1.47096754 0.10000000 
0.00000000 0.00000000 1.47073782 0.10000000 
0.01000000 0.00000000 1.46999787 0.10000000 
0.02000000 0.00000000 1.46874959 0.10000000 
0.03000000 0.00000000 1.46699493 0.10000000 
0.04000000 0.00000000 1.46473586 0.10000000 
0.05000000 0.00000000 1.46197430 0.10000000 
0.06000000 0.00000000 1.45880895 0.10000000 
0.07000000 0.00000000 1.45516239 0.10000000 
0.08000000 0.00000000 1.45104428 0.10000000 
0.09000000 0.00000000 1.44645776 0.10000000 
0.10000000 0.00000000 1.44130012 0.10000000 
0.11000000 0.00000000 1.43565467 0.10000000 
0.12000000 0.00000000 1.42952172 0.10000000 
0.13000000 0.00000000 1.42290212 0.10000000 
0.14000000 0.00000000 1.41579760 0.10000000 
0.15000000 0.00000000 1.40821124 0.10000000 
0.16000000 0.00000000 1.40406521 0.10000000 
0.17000000 0.00000000 1.39542205 0.10000000 
0.18000000 0.00000000 1.38659055 0.10000000 
0.19000000 0.00000000 1.37728124 0.10000000 
0.20000000 0.00000000 1.36323901 0.10000000 
0.21000000 0.00000000 1.35292794 0.10000000 
0.22000000 0.00000000 1.34221682 0.10000000 
0.23000000 0.00000000 1.33112547 0.10000000 
0.24000000 0.00000000 1.31967482 0.10000000 
0.25000000 0.00000000 1.30788647 0.10000000 
0.26000000 0.00000000 1.29578223 0.10000000 
0.27000000 0.00000000 1.28330704 0.10000000 
0.28000000 0.00000000 1.27057674 0.10000000 
0.29000000 0.00000000 1.25760365 0.10000000 
0.30000000 0.00000000 1.24440629 0.10000000 
0.31000000 0.00000000 1.23108572 0.10000000 
0.32000000 0.00000000 1.21755943 0.10000000 
0.33000000 0.00000000 1.20384476 0.10000000 
0.34000000 0.00000000 1.18995856 0.10000000 
0.35000000 0.00000000 1.17591713 0.10000000 
0.36000000 0.00000000 1.16173624 0.10000000 
0.37000000 0.00000000 1.14743121 0.10000000 
0.38000000 0.00000000 1.13301840 0.10000000 
0.39000000 0.00000000 1.11851165 0.10000000 
0.40000000 0.00000000 1.10392472 0.10000000 
0.41000000 0.00000000 1.08927122 0.10000000 
0.42000000 0.00000000 1.07456298 0.10000000 
0.43000000 0.00000000 1.05981395 0.10000000 
0.44000000 0.00000000 1.04503789 0.10000000 
0.45000000 0.00000000 1.03024829 0.10000000 
0.46000000 0.00000000 1.01545845 0.10000000 
0.47000000 0.00000000 1.00068145 0.10000000 
0.48000000 0.00000000 0.98593019 0.10000000 
0.49000000 0.00000000 0.97121736 0.10000000 
0.50000000 0.00000000 0.95655549 0.10000000 
0.51000000 0.00000000 0.94195692 0.10000000 
0.52000000 0.00000000 0.92743384 0.10000000 
0.53000000 0.00000000 0.91299827 0.10000000 
0.54000000 0.00000000 0.89866201 0.10000000 
0.55000000 0.00000000 0.88443669 0.10000000 
0.56000000 0.00000000 0.87033368 0.10000000 
0.57000000 0.00000000 0.85636418 0.10000000 
0.58000000 0.00000000 0.84253914 0.10000000 
0.59000000 0.00000000 0.82886930 0.10000000 
0.60000000 0.00000000 0.81536519 0.10000000 
0.61000000 0.00000000 0.80203710 0.10000000 
0.62000000 0.00000000 0.78889512 0.10000000 
0.63000000 0.00000000 0.77594907 0.10000000 
0.64000000 0.00000000 0.76320856 0.10000000 
0.65000000 0.00000000 0.75068298 0.10000000 
0.66000000 0.00000000 0.73838146 0.10000000 
0.67000000 0.00000000 0.72631291 0.10000000 
0.68000000 0.00000000 0.71448599 0.10000000 
0.69000000 0.00000000 0.70290912 0.10000000 
0.70000000 0.00000000 0.69159051 0.10000000 
0.71000000 0.00000000 0.68053810 0.10000000 
0.72000000 0.00000000 0.66975961 0.10000000 
0.73000000 0.00000000 0.65926249 0.10000000 
0.74000000 0.00000000 0.64905398 0.10000000 
0.75000000 0.00000000 0.63914107 0.10000000 
0.76000000 0.00000000 0.62953052 0.10000000 
0.77000000 0.00000000 0.62022883 0.10000000 
0.78000000 0.00000000 0.61124226 0.10000000 
0.79000000 0.00000000 0.60257683 0.10000000 
0.80000000 0.00000000 0.59423831 0.10000000 
0.81000000 0.00000000 0.58623219 0.10000000 
0.82000000 0.00000000 0.57856377 0.10000000 
0.83000000 0.00000000 0.57123811 0.10000000 
0.84000000 0.00000000 0.56426003 0.10000000 
0.85000000 0.00000000 0.55763414 0.10000000 
0.86000000 0.00000000 0.55136487 0.10000000 
0.87000000 0.00000000 0.54545643 0.10000000 
0.88000000 0.00000000 0.53991199 0.10000000 
0.89000000 0.00000000 0.53473497 0.10000000 
0.90000000 0.00000000 0.52992850 0.10000000 
0.91000000 0.00000000 0.52549543 0.10000000 
0.92000000 0.00000000 0.52143957 0.10000000 
0.93000000 0.00000000 0.51776392 0.10000000 
0.94000000 0.00000000 0.51447146 0.10000000 
0.95000000 0.00000000 0.51156517 0.10000000 
0.96000000 0.00000000 0.50904810 0.10000000 
0.97000000 0.00000000 0.50692332 0.10000000 
0.98000000 0.00000000 0.50515784 0.10000000 
0.99000000 0.00000000 0.50377927 0.10000000 

