-1.00000000 0.00000000 0.56669576 0.10000000 
-0.99000000 0.00000000 0.56622446 0.10000000 
-0.98000000 0.00000000 0.56613611 0.10000000 
-0.97000000 0.00000000 0.56640137 0.10000000 
-0.96000000 0.00000000 0.56702505 0.10000000 
-0.95000000 0.00000000 0.56801085 0.10000000 
-0.94000000 0.00000000 0.56936256 0.10000000 
-0.93000000 0.00000000 0.57108393 0.10000000 
-0.92000000 0.00000000 0.57186292 0.10000000 
-0.91000000 0.00000000 0.57418281 0.10000000 
-0.90000000 0.00000000 0.57678621 0.10000000 
-0.89000000 0.00000000 0.57975763 0.10000000 
-0.88000000 0.00000000 0.58484528 0.10000000 
-0.87000000 0.00000000 0.58868758 0.10000000 
-0.86000000 0.00000000 0.59297804 0.10000000 
-0.85000000 0.00000000 0.59765304 0.10000000 
-0.84000000 0.00000000 0.60271413 0.10000000 
-0.83000000 0.00000000 0.60816186 0.10000000 
-0.82000000 0.00000000 0.61114580 0.10000000 
-0.81000000 0.00000000 0.61742350 0.10000000 
-0.80000000 0.00000000 0.62390469 0.10000000 
-0.79000000 0.00000000 0.63077496 0.10000000 
-0.78000000 0.00000000 0.63801505 0.10000000 
-0.77000000 0.00000000 0.64561207 0.10000000 
-0.76000000 0.00000000 0.65694865 0.10000000 
-0.75000000 0.00000000 0.66530095 0.10000000 
-0.74000000 0.00000000 0.67396417 0.10000000 
-0.73000000 0.00000000 0.68292163 0.10000000 
-0.72000000 0.00000000 0.69215961 0.10000000 
-0.71000000 0.00000000 0.70171864 0.10000000 
-0.70000000 0.00000000 0.71151627 0.10000000 
-0.69000000 0.00000000 0.72154533 0.10000000 
-0.68000000 0.00000000 0.73166642 0.10000000 
-0.67000000 0.00000000 0.74198204 0.10000000 
-0.66000000 0.00000000 0.75247646 0.10000000 
-0.65000000 0.00000000 0.76307838 0.10000000 
-0.64000000 0.00000000 0.77386312 0.10000000 
-0.63000000 0.00000000 0.78482809 0.10000000 
-0.62000000 0.00000000 0.79609641 0.10000000 
-0.61000000 0.00000000 0.80756703 0.10000000 
-0.60000000 0.00000000 0.81924359 0.10000000 
-0.59000000 0.00000000 0.83112879 0.10000000 
-0.58000000 0.00000000 0.83795796 0.10000000 
-0.57000000 0.00000000 0.85058370 0.10000000 
-0.56000000 0.00000000 0.86303413 0.10000000 
-0.55000000 0.00000000 0.87571945 0.10000000 
-0.54000000 0.00000000 0.88860002 0.10000000 
-0.53000000 0.00000000 0.90166495 0.10000000 
-0.52000000 0.00000000 0.91993751 0.10000000 
-0.51000000 0.00000000 0.93317612 0.10000000 
-0.50000000 0.00000000 0.94662438 0.10000000 
-0.49000000 0.00000000 0.96015898 0.10000000 
-0.48000000 0.00000000 0.97375680 0.10000000 
-0.47000000 0.00000000 0.98749781 0.10000000 
-0.46000000 0.00000000 1.00122890 0.10000000 
-0.45000000 0.00000000 1.01494019 0.10000000 
-0.44000000 0.00000000 1.02861277 0.10000000 
-0.43000000 0.00000000 1.04222915 0.10000000 
-0.42000000 0.00000000 1.05020191 0.10000000 
-0.41000000 0.00000000 1.06410193 0.10000000 
-0.40000000 0.00000000 1.08241901 0.10000000 
-0.39000000 0.00000000 1.09558920 0.10000000 
-0.38000000 0.00000000 1.10863400 0.10000000 
-0.37000000 0.00000000 1.12153370 0.10000000 
-0.36000000 0.00000000 1.13426673 0.10000000 
-0.35000000 0.00000000 1.14681486 0.10000000 
-0.34000000 0.00000000 1.15916002 0.10000000 
-0.33000000 0.00000000 1.17128473 0.10000000 
-0.32000000 0.00000000 1.18317232 0.10000000 
-0.31000000 0.00000000 1.19491597 0.10000000 
-0.30000000 0.00000000 1.20636059 0.10000000 
-0.29000000 0.00000000 1.21740899 0.10000000 
-0.28000000 0.00000000 1.22816977 0.10000000 
-0.27000000 0.00000000 1.23863053 0.10000000 
-0.26000000 0.00000000 1.24877968 0.10000000 
-0.25000000 0.00000000 1.25860646 0.10000000 
-0.24000000 0.00000000 1.26810086 0.10000000 
-0.23000000 0.00000000 1.27725360 0.10000000 
-0.22000000 0.00000000 1.28605610 0.10000000 
-0.21000000 0.00000000 1.29450040 0.10000000 
-0.20000000 0.00000000 1.30257706 0.10000000 
-0.19000000 0.00000000 1.31028036 0.10000000 
-0.18000000 0.00000000 1.31760656 0.10000000 
-0.17000000 0.00000000 1.32454954 0.10000000 
-0.16000000 0.00000000 1.33110369 0.10000000 
-0.15000000 0.00000000 1.33726392 0.10000000 
-0.14000000 0.00000000 1.34302568 0.10000000 
-0.13000000 0.00000000 1.34838489 0.10000000 
-0.12000000 0.00000000 1.35333797 0.10000000 
-0.11000000 0.00000000 1.35788181 0.10000000 
-0.10000000 0.00000000 1.36201370 0.10000000 
-0.09000000 0.00000000 1.36573141 0.10000000 
-0.08000000 0.00000000 1.36903305 0.10000000 
-0.07000000 0.00000000 1.37191710 0.10000000 
-0.06000000 0.00000000 1.37438237 0.10000000 
-0.05000000 0.00000000 1.37642804 0.10000000 
-0.04000000 0.00000000 1.37805550 0.10000000 
-0.03000000 0.00000000 1.37926528 0.10000000 
-0.02000000 0.00000000 1.38005838 0.10000000 
-0.01000000 0.00000000 1.38043620 0.10000000 
0.00000000 0.00000000 1.38039831 0.10000000 
0.01000000 0.00000000 1.37994579 0.10000000 
0.02000000 0.00000000 1.37907971 0.10000000 
0.03000000 0.00000000 1.37780118 0.10000000 
0.04000000 0.00000000 1.37611128 0.10000000 
0.05000000 0.00000000 1.37401106 0.10000000 
0.06000000 0.00000000 1.37157943 0.10000000 
0.07000000 0.00000000 1.36875370 0.10000000 
0.08000000 0.00000000 1.36554110 0.10000000 
0.09000000 0.00000000 1.36194363 0.10000000 
0.10000000 0.00000000 1.35787746 0.10000000 
0.11000000 0.00000000 1.35340941 0.10000000 
0.12000000 0.00000000 1.34853912 0.10000000 
0.13000000 0.00000000 1.34326668 0.10000000 
0.14000000 0.00000000 1.33759286 0.10000000 
0.15000000 0.00000000 1.33151956 0.10000000 
0.16000000 0.00000000 1.32820934 0.10000000 
0.17000000 0.00000000 1.32126637 0.10000000 
0.18000000 0.00000000 1.31415850 0.10000000 
0.19000000 0.00000000 1.30665226 0.10000000 
0.20000000 0.00000000 1.29529193 0.10000000 
0.21000000 0.00000000 1.28694348 0.10000000 
0.22000000 0.00000000 1.27825758 0.10000000 
0.23000000 0.00000000 1.26924974 0.10000000 
0.24000000 0.00000000 1.25993641 0.10000000 
0.25000000 0.00000000 1.25033461 0.10000000 
0.26000000 0.00000000 1.24046155 0.10000000 
0.27000000 0.00000000 1.23027253 0.10000000 
0.28000000 0.00000000 1.21986054 0.10000000 
0.29000000 0.00000000 1.20923529 0.10000000 
0.30000000 0.00000000 1.19841154 0.10000000 
0.31000000 0.00000000 1.18747107 0.10000000 
0.32000000 0.00000000 1.17634685 0.10000000 
0.33000000 0.00000000 1.16505279 0.10000000 
0.34000000 0.00000000 1.15360243 0.10000000 
0.35000000 0.00000000 1.14200894 0.10000000 
0.36000000 0.00000000 1.13028513 0.10000000 
0.37000000 0.00000000 1.11844346 0.10000000 
0.38000000 0.00000000 1.10649729 0.10000000 
0.39000000 0.00000000 1.09445801 0.10000000 
0.40000000 0.00000000 1.08233698 0.10000000 
0.41000000 0.00000000 1.07014551 0.10000000 
0.42000000 0.00000000 1.05789348 0.10000000 
0.43000000 0.00000000 1.04559259 0.10000000 
0.44000000 0.00000000 1.03325438 0.10000000 
0.45000000 0.00000000 1.02089024 0.10000000 
0.46000000 0.00000000 1.00851148 0.10000000 
0.47000000 0.00000000 0.99612924 0.10000000 
0.48000000 0.00000000 0.98375458 0.10000000 
0.49000000 0.00000000 0.97139842 0.10000000 
0.50000000 0.00000000 0.95907161 0.10000000 
0.51000000 0.00000000 0.94678487 0.10000000 
0.52000000 0.00000000 0.93454884 0.10000000 
0.53000000 0.00000000 0.92237405 0.10000000 
0.54000000 0.00000000 0.91027092 0.10000000 
0.55000000 0.00000000 0.89824971 0.10000000 
0.56000000 0.00000000 0.88632055 0.10000000 
0.57000000 0.00000000 0.87449340 0.10000000 
0.58000000 0.00000000 0.86277810 0.10000000 
0.59000000 0.00000000 0.85118432 0.10000000 
0.60000000 0.00000000 0.83972155 0.10000000 
0.61000000 0.00000000 0.82839915 0.10000000 
0.62000000 0.00000000 0.81722627 0.10000000 
0.63000000 0.00000000 0.80621190 0.10000000 
0.64000000 0.00000000 0.79536486 0.10000000 
0.65000000 0.00000000 0.78469376 0.10000000 
0.66000000 0.00000000 0.77420704 0.10000000 
0.67000000 0.00000000 0.76391293 0.10000000 
0.68000000 0.00000000 0.75381947 0.10000000 
0.69000000 0.00000000 0.74393450 0.10000000 
0.70000000 0.00000000 0.73426564 0.10000000 
0.71000000 0.00000000 0.72482032 0.10000000 
0.72000000 0.00000000 0.71560576 0.10000000 
0.73000000 0.00000000 0.70662893 0.10000000 
0.74000000 0.00000000 0.69789662 0.10000000 
0.75000000 0.00000000 0.68941538 0.10000000 
0.76000000 0.00000000 0.68119154 0.10000000 
0.77000000 0.00000000 0.67323121 0.10000000 
0.78000000 0.00000000 0.66554027 0.10000000 
0.79000000 0.00000000 0.65812434 0.10000000 
0.80000000 0.00000000 0.65098882 0.10000000 
0.81000000 0.00000000 0.64413884 0.10000000 
0.82000000 0.00000000 0.63757935 0.10000000 
0.83000000 0.00000000 0.63131502 0.10000000 
0.84000000 0.00000000 0.62535033 0.10000000 
0.85000000 0.00000000 0.61968952 0.10000000 
0.86000000 0.00000000 0.61433663 0.10000000 
0.87000000 0.00000000 0.60929551 0.10000000 
0.88000000 0.00000000 0.60456903 0.10000000 
0.89000000 0.00000000 0.60016026 0.10000000 
0.90000000 0.00000000 0.59607198 0.10000000 
0.91000000 0.00000000 0.59230670 0.10000000 
0.92000000 0.00000000 0.58886772 0.10000000 
0.93000000 0.00000000 0.58575759 0.10000000 
0.94000000 0.00000000 0.58297882 0.10000000 
0.95000000 0.00000000 0.58053389 0.10000000 
0.96000000 0.00000000 0.57842528 0.10000000 
0.97000000 0.00000000 0.57665546 0.10000000 
0.98000000 0.00000000 0.57519528 0.10000000 
0.99000000 0.00000000 0.57406882 0.10000000 

