-1.00000000 0.00000000 0.15421816 0.10000000 
-0.99000000 0.00000000 0.15229063 0.10000000 
-0.98000000 0.00000000 0.15066945 0.10000000 
-0.97000000 0.00000000 0.14934334 0.10000000 
-0.96000000 0.00000000 0.14832003 0.10000000 
-0.95000000 0.00000000 0.14760773 0.10000000 
-0.94000000 0.00000000 0.14721638 0.10000000 
-0.93000000 0.00000000 0.14715764 0.10000000 
-0.92000000 0.00000000 0.14691868 0.10000000 
-0.91000000 0.00000000 0.14735660 0.10000000 
-0.90000000 0.00000000 0.14812522 0.10000000 
-0.89000000 0.00000000 0.14925972 0.10000000 
-0.88000000 0.00000000 0.15187985 0.10000000 
-0.87000000 0.00000000 0.15399063 0.10000000 
-0.86000000 0.00000000 0.15662691 0.10000000 
-0.85000000 0.00000000 0.15974521 0.10000000 
-0.84000000 0.00000000 0.16337269 0.10000000 
-0.83000000 0.00000000 0.16753726 0.10000000 
-0.82000000 0.00000000 0.16964794 0.10000000 
-0.81000000 0.00000000 0.17487118 0.10000000 
-0.80000000 0.00000000 0.18054380 0.10000000 
-0.79000000 0.00000000 0.18686951 0.10000000 
-0.78000000 0.00000000 0.19386368 0.10000000 
-0.77000000 0.00000000 0.20154410 0.10000000 
-0.76000000 0.00000000 0.21404647 0.10000000 
-0.75000000 0.00000000 0.22347117 0.10000000 
-0.74000000 0.00000000 0.23365308 0.10000000 
-0.73000000 0.00000000 0.24461140 0.10000000 
-0.72000000 0.00000000 0.25637369 0.10000000 
-0.71000000 0.00000000 0.26901386 0.10000000 
-0.70000000 0.00000000 0.28249854 0.10000000 
-0.69000000 0.00000000 0.29685941 0.10000000 
-0.68000000 0.00000000 0.31183138 0.10000000 
-0.67000000 0.00000000 0.32768755 0.10000000 
-0.66000000 0.00000000 0.34443851 0.10000000 
-0.65000000 0.00000000 0.36203675 0.10000000 
-0.64000000 0.00000000 0.38060556 0.10000000 
-0.63000000 0.00000000 0.40017988 0.10000000 
-0.62000000 0.00000000 0.42113078 0.10000000 
-0.61000000 0.00000000 0.44322768 0.10000000 
-0.60000000 0.00000000 0.46651823 0.10000000 
-0.59000000 0.00000000 0.49104033 0.10000000 
-0.58000000 0.00000000 0.50460314 0.10000000 
-0.57000000 0.00000000 0.53204000 0.10000000 
-0.56000000 0.00000000 0.55992326 0.10000000 
-0.55000000 0.00000000 0.58919202 0.10000000 
-0.54000000 0.00000000 0.61977439 0.10000000 
-0.53000000 0.00000000 0.65165704 0.10000000 
-0.52000000 0.00000000 0.69847757 0.10000000 
-0.51000000 0.00000000 0.73271248 0.10000000 
-0.50000000 0.00000000 0.76842087 0.10000000 
-0.49000000 0.00000000 0.80520047 0.10000000 
-0.48000000 0.00000000 0.84298937 0.10000000 
-0.47000000 0.00000000 0.88196019 0.10000000 
-0.46000000 0.00000000 0.92174955 0.10000000 
-0.45000000 0.00000000 0.96231116 0.10000000 
-0.44000000 0.00000000 1.00357429 0.10000000 
-0.43000000 0.00000000 1.04546700 0.10000000 
-0.42000000 0.00000000 1.06949885 0.10000000 
-0.41000000 0.00000000 1.11363258 0.10000000 
-0.40000000 0.00000000 1.17377032 0.10000000 
-0.39000000 0.00000000 1.21723335 0.10000000 
-0.38000000 0.00000000 1.26094203 0.10000000 
-0.37000000 0.00000000 1.30479361 0.10000000 
-0.36000000 0.00000000 1.34867786 0.10000000 
-0.35000000 0.00000000 1.39248942 0.10000000 
-0.34000000 0.00000000 1.43612141 0.10000000 
-0.33000000 0.00000000 1.47946695 0.10000000 
-0.32000000 0.00000000 1.52242014 0.10000000 
-0.31000000 0.00000000 1.56523775 0.10000000 
-0.30000000 0.00000000 1.60735846 0.10000000 
-0.29000000 0.00000000 1.64839296 0.10000000 
-0.28000000 0.00000000 1.68865713 0.10000000 
-0.27000000 0.00000000 1.72805699 0.10000000 
-0.26000000 0.00000000 1.76650158 0.10000000 
-0.25000000 0.00000000 1.80390339 0.10000000 
-0.24000000 0.00000000 1.84017840 0.10000000 
-0.23000000 0.00000000 1.87524636 0.10000000 
-0.22000000 0.00000000 1.90903093 0.10000000 
-0.21000000 0.00000000 1.94145984 0.10000000 
-0.20000000 0.00000000 1.97245789 0.10000000 
-0.19000000 0.00000000 2.00196459 0.10000000 
-0.18000000 0.00000000 2.02992892 0.10000000 
-0.17000000 0.00000000 2.05629443 0.10000000 
-0.16000000 0.00000000 2.08100941 0.10000000 
-0.15000000 0.00000000 2.10402696 0.10000000 
-0.14000000 0.00000000 2.12530521 0.10000000 
-0.13000000 0.00000000 2.14480736 0.10000000 
-0.12000000 0.00000000 2.16250165 0.10000000 
-0.11000000 0.00000000 2.17836146 0.10000000 
-0.10000000 0.00000000 2.19236507 0.10000000 
-0.09000000 0.00000000 2.20449591 0.10000000 
-0.08000000 0.00000000 2.21474220 0.10000000 
-0.07000000 0.00000000 2.22309681 0.10000000 
-0.06000000 0.00000000 2.22955731 0.10000000 
-0.05000000 0.00000000 2.23412585 0.10000000 
-0.04000000 0.00000000 2.23681739 0.10000000 
-0.03000000 0.00000000 2.23764564 0.10000000 
-0.02000000 0.00000000 2.23662924 0.10000000 
-0.01000000 0.00000000 2.23379100 0.10000000 
0.00000000 0.00000000 2.22914903 0.10000000 
0.01000000 0.00000000 2.22272992 0.10000000 
0.02000000 0.00000000 2.21456270 0.10000000 
0.03000000 0.00000000 2.20467859 0.10000000 
0.04000000 0.00000000 2.19311062 0.10000000 
0.05000000 0.00000000 2.17989350 0.10000000 
0.06000000 0.00000000 2.16539820 0.10000000 
0.07000000 0.00000000 2.14938033 0.10000000 
0.08000000 0.00000000 2.13190419 0.10000000 
0.09000000 0.00000000 2.11301173 0.10000000 
0.10000000 0.00000000 2.09240479 0.10000000 
0.11000000 0.00000000 2.07039172 0.10000000 
0.12000000 0.00000000 2.04700870 0.10000000 
0.13000000 0.00000000 2.02229383 0.10000000 
0.14000000 0.00000000 1.99628841 0.10000000 
0.15000000 0.00000000 1.96903813 0.10000000 
0.16000000 0.00000000 1.95382107 0.10000000 
0.17000000 0.00000000 1.92361312 0.10000000 
0.18000000 0.00000000 1.89326707 0.10000000 
0.19000000 0.00000000 1.86181322 0.10000000 
0.20000000 0.00000000 1.81588094 0.10000000 
0.21000000 0.00000000 1.78243494 0.10000000 
0.22000000 0.00000000 1.74824698 0.10000000 
0.23000000 0.00000000 1.71341046 0.10000000 
0.24000000 0.00000000 1.67802067 0.10000000 
0.25000000 0.00000000 1.64217312 0.10000000 
0.26000000 0.00000000 1.60596191 0.10000000 
0.27000000 0.00000000 1.56921858 0.10000000 
0.28000000 0.00000000 1.53235684 0.10000000 
0.29000000 0.00000000 1.49543050 0.10000000 
0.30000000 0.00000000 1.45851276 0.10000000 
0.31000000 0.00000000 1.42193511 0.10000000 
0.32000000 0.00000000 1.38544090 0.10000000 
0.33000000 0.00000000 1.34909288 0.10000000 
0.34000000 0.00000000 1.31294955 0.10000000 
0.35000000 0.00000000 1.27706519 0.10000000 
0.36000000 0.00000000 1.24148988 0.10000000 
0.37000000 0.00000000 1.20626966 0.10000000 
0.38000000 0.00000000 1.17145181 0.10000000 
0.39000000 0.00000000 1.13707251 0.10000000 
0.40000000 0.00000000 1.10316554 0.10000000 
0.41000000 0.00000000 1.06976188 0.10000000 
0.42000000 0.00000000 1.03688469 0.10000000 
0.43000000 0.00000000 1.00456197 0.10000000 
0.44000000 0.00000000 0.97281886 0.10000000 
0.45000000 0.00000000 0.94167779 0.10000000 
0.46000000 0.00000000 0.91115860 0.10000000 
0.47000000 0.00000000 0.88127870 0.10000000 
0.48000000 0.00000000 0.85205315 0.10000000 
0.49000000 0.00000000 0.82349475 0.10000000 
0.50000000 0.00000000 0.79561424 0.10000000 
0.51000000 0.00000000 0.76842044 0.10000000 
0.52000000 0.00000000 0.74192027 0.10000000 
0.53000000 0.00000000 0.71611896 0.10000000 
0.54000000 0.00000000 0.69101998 0.10000000 
0.55000000 0.00000000 0.66662511 0.10000000 
0.56000000 0.00000000 0.64293455 0.10000000 
0.57000000 0.00000000 0.61994702 0.10000000 
0.58000000 0.00000000 0.59765987 0.10000000 
0.59000000 0.00000000 0.57606912 0.10000000 
0.60000000 0.00000000 0.55516959 0.10000000 
0.61000000 0.00000000 0.53495500 0.10000000 
0.62000000 0.00000000 0.51541801 0.10000000 
0.63000000 0.00000000 0.49655033 0.10000000 
0.64000000 0.00000000 0.47834279 0.10000000 
0.65000000 0.00000000 0.46078546 0.10000000 
0.66000000 0.00000000 0.44386767 0.10000000 
0.67000000 0.00000000 0.42757813 0.10000000 
0.68000000 0.00000000 0.41190500 0.10000000 
0.69000000 0.00000000 0.39683595 0.10000000 
0.70000000 0.00000000 0.38235827 0.10000000 
0.71000000 0.00000000 0.36845889 0.10000000 
0.72000000 0.00000000 0.35512447 0.10000000 
0.73000000 0.00000000 0.34234148 0.10000000 
0.74000000 0.00000000 0.33009625 0.10000000 
0.75000000 0.00000000 0.31837504 0.10000000 
0.76000000 0.00000000 0.30716407 0.10000000 
0.77000000 0.00000000 0.29644964 0.10000000 
0.78000000 0.00000000 0.28621812 0.10000000 
0.79000000 0.00000000 0.27645604 0.10000000 
0.80000000 0.00000000 0.26715012 0.10000000 
0.81000000 0.00000000 0.25828737 0.10000000 
0.82000000 0.00000000 0.24985506 0.10000000 
0.83000000 0.00000000 0.24184086 0.10000000 
0.84000000 0.00000000 0.23423282 0.10000000 
0.85000000 0.00000000 0.22701947 0.10000000 
0.86000000 0.00000000 0.22018984 0.10000000 
0.87000000 0.00000000 0.21373350 0.10000000 
0.88000000 0.00000000 0.20764042 0.10000000 
0.89000000 0.00000000 0.20190124 0.10000000 
0.90000000 0.00000000 0.19650722 0.10000000 
0.91000000 0.00000000 0.19145029 0.10000000 
0.92000000 0.00000000 0.18672366 0.10000000 
0.93000000 0.00000000 0.18232106 0.10000000 
0.94000000 0.00000000 0.17823717 0.10000000 
0.95000000 0.00000000 0.17446766 0.10000000 
0.96000000 0.00000000 0.17100923 0.10000000 
0.97000000 0.00000000 0.16785971 0.10000000 
0.98000000 0.00000000 0.16500576 0.10000000 
0.99000000 0.00000000 0.16245225 0.10000000 

