-1.00000000 0.00000000 0.32432643 0.10000000 
-0.99000000 0.00000000 0.32306313 0.10000000 
-0.98000000 0.00000000 0.32232634 0.10000000 
-0.97000000 0.00000000 0.32208183 0.10000000 
-0.96000000 0.00000000 0.32233946 0.10000000 
-0.95000000 0.00000000 0.32310788 0.10000000 
-0.94000000 0.00000000 0.32439622 0.10000000 
-0.93000000 0.00000000 0.32621402 0.10000000 
-0.92000000 0.00000000 0.32694924 0.10000000 
-0.91000000 0.00000000 0.32960773 0.10000000 
-0.90000000 0.00000000 0.33270440 0.10000000 
-0.89000000 0.00000000 0.33634334 0.10000000 
-0.88000000 0.00000000 0.34284706 0.10000000 
-0.87000000 0.00000000 0.34780799 0.10000000 
-0.86000000 0.00000000 0.35345392 0.10000000 
-0.85000000 0.00000000 0.35969811 0.10000000 
-0.84000000 0.00000000 0.36655013 0.10000000 
-0.83000000 0.00000000 0.37401828 0.10000000 
-0.82000000 0.00000000 0.37804740 0.10000000 
-0.81000000 0.00000000 0.38680426 0.10000000 
-0.80000000 0.00000000 0.39593638 0.10000000 
-0.79000000 0.00000000 0.40571748 0.10000000 
-0.78000000 0.00000000 0.41612711 0.10000000 
-0.77000000 0.00000000 0.42715305 0.10000000 
-0.76000000 0.00000000 0.44390766 0.10000000 
-0.75000000 0.00000000 0.45630498 0.10000000 
-0.74000000 0.00000000 0.46927343 0.10000000 
-0.73000000 0.00000000 0.48279513 0.10000000 
-0.72000000 0.00000000 0.49685726 0.10000000 
-0.71000000 0.00000000 0.51152329 0.10000000 
-0.70000000 0.00000000 0.52668266 0.10000000 
-0.69000000 0.00000000 0.54233059 0.10000000 
-0.68000000 0.00000000 0.55823374 0.10000000 
-0.67000000 0.00000000 0.57457586 0.10000000 
-0.66000000 0.00000000 0.59133641 0.10000000 
-0.65000000 0.00000000 0.60841275 0.10000000 
-0.64000000 0.00000000 0.62592176 0.10000000 
-0.63000000 0.00000000 0.64386405 0.10000000 
-0.62000000 0.00000000 0.66246573 0.10000000 
-0.61000000 0.00000000 0.68154958 0.10000000 
-0.60000000 0.00000000 0.70112605 0.10000000 
-0.59000000 0.00000000 0.72120242 0.10000000 
-0.58000000 0.00000000 0.73264265 0.10000000 
-0.57000000 0.00000000 0.75422452 0.10000000 
-0.56000000 0.00000000 0.77564928 0.10000000 
-0.55000000 0.00000000 0.79762441 0.10000000 
-0.54000000 0.00000000 0.82008115 0.10000000 
-0.53000000 0.00000000 0.84299938 0.10000000 
-0.52000000 0.00000000 0.87540409 0.10000000 
-0.51000000 0.00000000 0.89892620 0.10000000 
-0.50000000 0.00000000 0.92296013 0.10000000 
-0.49000000 0.00000000 0.94727250 0.10000000 
-0.48000000 0.00000000 0.97181921 0.10000000 
-0.47000000 0.00000000 0.99673458 0.10000000 
-0.46000000 0.00000000 1.02174912 0.10000000 
-0.45000000 0.00000000 1.04683983 0.10000000 
-0.44000000 0.00000000 1.07196769 0.10000000 
-0.43000000 0.00000000 1.09709570 0.10000000 
-0.42000000 0.00000000 1.11174662 0.10000000 
-0.41000000 0.00000000 1.13757432 0.10000000 
-0.40000000 0.00000000 1.17184534 0.10000000 
-0.39000000 0.00000000 1.19650910 0.10000000 
-0.38000000 0.00000000 1.22101304 0.10000000 
-0.37000000 0.00000000 1.24531376 0.10000000 
-0.36000000 0.00000000 1.26936440 0.10000000 
-0.35000000 0.00000000 1.29312367 0.10000000 
-0.34000000 0.00000000 1.31655049 0.10000000 
-0.33000000 0.00000000 1.33960482 0.10000000 
-0.32000000 0.00000000 1.36224801 0.10000000 
-0.31000000 0.00000000 1.38464749 0.10000000 
-0.30000000 0.00000000 1.40650561 0.10000000 
-0.29000000 0.00000000 1.42763121 0.10000000 
-0.28000000 0.00000000 1.44822204 0.10000000 
-0.27000000 0.00000000 1.46824792 0.10000000 
-0.26000000 0.00000000 1.48768032 0.10000000 
-0.25000000 0.00000000 1.50649251 0.10000000 
-0.24000000 0.00000000 1.52465936 0.10000000 
-0.23000000 0.00000000 1.54215738 0.10000000 
-0.22000000 0.00000000 1.55896469 0.10000000 
-0.21000000 0.00000000 1.57506093 0.10000000 
-0.20000000 0.00000000 1.59042321 0.10000000 
-0.19000000 0.00000000 1.60503607 0.10000000 
-0.18000000 0.00000000 1.61888812 0.10000000 
-0.17000000 0.00000000 1.63196389 0.10000000 
-0.16000000 0.00000000 1.64424930 0.10000000 
-0.15000000 0.00000000 1.65573166 0.10000000 
-0.14000000 0.00000000 1.66639970 0.10000000 
-0.13000000 0.00000000 1.67624357 0.10000000 
-0.12000000 0.00000000 1.68525476 0.10000000 
-0.11000000 0.00000000 1.69342610 0.10000000 
-0.10000000 0.00000000 1.70075168 0.10000000 
-0.09000000 0.00000000 1.70722691 0.10000000 
-0.08000000 0.00000000 1.71284837 0.10000000 
-0.07000000 0.00000000 1.71761368 0.10000000 
-0.06000000 0.00000000 1.72152163 0.10000000 
-0.05000000 0.00000000 1.72457211 0.10000000 
-0.04000000 0.00000000 1.72676996 0.10000000 
-0.03000000 0.00000000 1.72811852 0.10000000 
-0.02000000 0.00000000 1.72862249 0.10000000 
-0.01000000 0.00000000 1.72828768 0.10000000 
0.00000000 0.00000000 1.72711659 0.10000000 
0.01000000 0.00000000 1.72511501 0.10000000 
0.02000000 0.00000000 1.72228909 0.10000000 
0.03000000 0.00000000 1.71864531 0.10000000 
0.04000000 0.00000000 1.71419035 0.10000000 
0.05000000 0.00000000 1.70893108 0.10000000 
0.06000000 0.00000000 1.70303460 0.10000000 
0.07000000 0.00000000 1.69637574 0.10000000 
0.08000000 0.00000000 1.68897448 0.10000000 
0.09000000 0.00000000 1.68084004 0.10000000 
0.10000000 0.00000000 1.67181057 0.10000000 
0.11000000 0.00000000 1.66202621 0.10000000 
0.12000000 0.00000000 1.65149216 0.10000000 
0.13000000 0.00000000 1.64021452 0.10000000 
0.14000000 0.00000000 1.62820092 0.10000000 
0.15000000 0.00000000 1.61546125 0.10000000 
0.16000000 0.00000000 1.60844444 0.10000000 
0.17000000 0.00000000 1.59407306 0.10000000 
0.18000000 0.00000000 1.57947409 0.10000000 
0.19000000 0.00000000 1.56417275 0.10000000 
0.20000000 0.00000000 1.54133672 0.10000000 
0.21000000 0.00000000 1.52461342 0.10000000 
0.22000000 0.00000000 1.50733064 0.10000000 
0.23000000 0.00000000 1.48952492 0.10000000 
0.24000000 0.00000000 1.47123445 0.10000000 
0.25000000 0.00000000 1.45249824 0.10000000 
0.26000000 0.00000000 1.43335544 0.10000000 
0.27000000 0.00000000 1.41371850 0.10000000 
0.28000000 0.00000000 1.39378151 0.10000000 
0.29000000 0.00000000 1.37356694 0.10000000 
0.30000000 0.00000000 1.35310728 0.10000000 
0.31000000 0.00000000 1.33256741 0.10000000 
0.32000000 0.00000000 1.31181580 0.10000000 
0.33000000 0.00000000 1.29088214 0.10000000 
0.34000000 0.00000000 1.26979494 0.10000000 
0.35000000 0.00000000 1.24858145 0.10000000 
0.36000000 0.00000000 1.22726775 0.10000000 
0.37000000 0.00000000 1.20587873 0.10000000 
0.38000000 0.00000000 1.18444069 0.10000000 
0.39000000 0.00000000 1.16297532 0.10000000 
0.40000000 0.00000000 1.14150390 0.10000000 
0.41000000 0.00000000 1.12004701 0.10000000 
0.42000000 0.00000000 1.09862201 0.10000000 
0.43000000 0.00000000 1.07724939 0.10000000 
0.44000000 0.00000000 1.05594884 0.10000000 
0.45000000 0.00000000 1.03473933 0.10000000 
0.46000000 0.00000000 1.01363912 0.10000000 
0.47000000 0.00000000 0.99266579 0.10000000 
0.48000000 0.00000000 0.97183627 0.10000000 
0.49000000 0.00000000 0.95116679 0.10000000 
0.50000000 0.00000000 0.93067303 0.10000000 
0.51000000 0.00000000 0.91037004 0.10000000 
0.52000000 0.00000000 0.89027231 0.10000000 
0.53000000 0.00000000 0.87039380 0.10000000 
0.54000000 0.00000000 0.85074783 0.10000000 
0.55000000 0.00000000 0.83134716 0.10000000 
0.56000000 0.00000000 0.81220395 0.10000000 
0.57000000 0.00000000 0.79332978 0.10000000 
0.58000000 0.00000000 0.77473568 0.10000000 
0.59000000 0.00000000 0.75643215 0.10000000 
0.60000000 0.00000000 0.73842916 0.10000000 
0.61000000 0.00000000 0.72073616 0.10000000 
0.62000000 0.00000000 0.70336209 0.10000000 
0.63000000 0.00000000 0.68631544 0.10000000 
0.64000000 0.00000000 0.66960422 0.10000000 
0.65000000 0.00000000 0.65323599 0.10000000 
0.66000000 0.00000000 0.63721788 0.10000000 
0.67000000 0.00000000 0.62155663 0.10000000 
0.68000000 0.00000000 0.60625858 0.10000000 
0.69000000 0.00000000 0.59132971 0.10000000 
0.70000000 0.00000000 0.57677565 0.10000000 
0.71000000 0.00000000 0.56260169 0.10000000 
0.72000000 0.00000000 0.54881285 0.10000000 
0.73000000 0.00000000 0.53541382 0.10000000 
0.74000000 0.00000000 0.52240907 0.10000000 
0.75000000 0.00000000 0.50980280 0.10000000 
0.76000000 0.00000000 0.49759899 0.10000000 
0.77000000 0.00000000 0.48580143 0.10000000 
0.78000000 0.00000000 0.47441371 0.10000000 
0.79000000 0.00000000 0.46343924 0.10000000 
0.80000000 0.00000000 0.45288127 0.10000000 
0.81000000 0.00000000 0.44274292 0.10000000 
0.82000000 0.00000000 0.43302721 0.10000000 
0.83000000 0.00000000 0.42373706 0.10000000 
0.84000000 0.00000000 0.41487533 0.10000000 
0.85000000 0.00000000 0.40644484 0.10000000 
0.86000000 0.00000000 0.39844840 0.10000000 
0.87000000 0.00000000 0.39088882 0.10000000 
0.88000000 0.00000000 0.38376803 0.10000000 
0.89000000 0.00000000 0.37708843 0.10000000 
0.90000000 0.00000000 0.37085233 0.10000000 
0.91000000 0.00000000 0.36506201 0.10000000 
0.92000000 0.00000000 0.35972105 0.10000000 
0.93000000 0.00000000 0.35483242 0.10000000 
0.94000000 0.00000000 0.35039936 0.10000000 
0.95000000 0.00000000 0.34642537 0.10000000 
0.96000000 0.00000000 0.34291432 0.10000000 
0.97000000 0.00000000 0.33987044 0.10000000 
0.98000000 0.00000000 0.33725941 0.10000000 
0.99000000 0.00000000 0.33511114 0.10000000 

