-1.00000000 0.00000000 0.10217340 0.10000000 
-0.99000000 0.00000000 0.10194843 0.10000000 
-0.98000000 0.00000000 0.10174623 0.10000000 
-0.97000000 0.00000000 0.10156480 0.10000000 
-0.96000000 0.00000000 0.10140212 0.10000000 
-0.95000000 0.00000000 0.10125639 0.10000000 
-0.94000000 0.00000000 0.10112598 0.10000000 
-0.93000000 0.00000000 0.10100949 0.10000000 
-0.92000000 0.00000000 0.10093457 0.10000000 
-0.91000000 0.00000000 0.10083728 0.10000000 
-0.90000000 0.00000000 0.10075279 0.10000000 
-0.89000000 0.00000000 0.10067798 0.10000000 
-0.88000000 0.00000000 0.10059798 0.10000000 
-0.87000000 0.00000000 0.10054401 0.10000000 
-0.86000000 0.00000000 0.10049987 0.10000000 
-0.85000000 0.00000000 0.10046532 0.10000000 
-0.84000000 0.00000000 0.10044102 0.10000000 
-0.83000000 0.00000000 0.10042806 0.10000000 
-0.82000000 0.00000000 0.10041372 0.10000000 
-0.81000000 0.00000000 0.10042052 0.10000000 
-0.80000000 0.00000000 0.10044244 0.10000000 
-0.79000000 0.00000000 0.10048388 0.10000000 
-0.78000000 0.00000000 0.10054906 0.10000000 
-0.77000000 0.00000000 0.10064226 0.10000000 
-0.76000000 0.00000000 0.10087108 0.10000000 
-0.75000000 0.00000000 0.10107236 0.10000000 
-0.74000000 0.00000000 0.10133273 0.10000000 
-0.73000000 0.00000000 0.10166559 0.10000000 
-0.72000000 0.00000000 0.10209001 0.10000000 
-0.71000000 0.00000000 0.10262755 0.10000000 
-0.70000000 0.00000000 0.10330404 0.10000000 
-0.69000000 0.00000000 0.10415071 0.10000000 
-0.68000000 0.00000000 0.10513644 0.10000000 
-0.67000000 0.00000000 0.10634758 0.10000000 
-0.66000000 0.00000000 0.10782634 0.10000000 
-0.65000000 0.00000000 0.10962426 0.10000000 
-0.64000000 0.00000000 0.11180492 0.10000000 
-0.63000000 0.00000000 0.11444011 0.10000000 
-0.62000000 0.00000000 0.11776974 0.10000000 
-0.61000000 0.00000000 0.12177782 0.10000000 
-0.60000000 0.00000000 0.12658815 0.10000000 
-0.59000000 0.00000000 0.13232855 0.10000000 
-0.58000000 0.00000000 0.13508641 0.10000000 
-0.57000000 0.00000000 0.14264342 0.10000000 
-0.56000000 0.00000000 0.15127372 0.10000000 
-0.55000000 0.00000000 0.16139660 0.10000000 
-0.54000000 0.00000000 0.17317872 0.10000000 
-0.53000000 0.00000000 0.18681330 0.10000000 
-0.52000000 0.00000000 0.21081490 0.10000000 
-0.51000000 0.00000000 0.22929802 0.10000000 
-0.50000000 0.00000000 0.25079750 0.10000000 
-0.49000000 0.00000000 0.27505826 0.10000000 
-0.48000000 0.00000000 0.30230119 0.10000000 
-0.47000000 0.00000000 0.33282189 0.10000000 
-0.46000000 0.00000000 0.36675452 0.10000000 
-0.45000000 0.00000000 0.40431128 0.10000000 
-0.44000000 0.00000000 0.44568539 0.10000000 
-0.43000000 0.00000000 0.49105192 0.10000000 
-0.42000000 0.00000000 0.51484480 0.10000000 
-0.41000000 0.00000000 0.56833313 0.10000000 
-0.40000000 0.00000000 0.65206020 0.10000000 
-0.39000000 0.00000000 0.71450943 0.10000000 
-0.38000000 0.00000000 0.78138922 0.10000000 
-0.37000000 0.00000000 0.85266632 0.10000000 
-0.36000000 0.00000000 0.92826085 0.10000000 
-0.35000000 0.00000000 1.00804836 0.10000000 
-0.34000000 0.00000000 1.09185744 0.10000000 
-0.33000000 0.00000000 1.17946989 0.10000000 
-0.32000000 0.00000000 1.27062138 0.10000000 
-0.31000000 0.00000000 1.36549967 0.10000000 
-0.30000000 0.00000000 1.46316120 0.10000000 
-0.29000000 0.00000000 1.56272159 0.10000000 
-0.28000000 0.00000000 1.66436064 0.10000000 
-0.27000000 0.00000000 1.76760914 0.10000000 
-0.26000000 0.00000000 1.87196516 0.10000000 
-0.25000000 0.00000000 1.97689888 0.10000000 
-0.24000000 0.00000000 2.08185776 0.10000000 
-0.23000000 0.00000000 2.18627225 0.10000000 
-0.22000000 0.00000000 2.28956173 0.10000000 
-0.21000000 0.00000000 2.39114081 0.10000000 
-0.20000000 0.00000000 2.49041601 0.10000000 
-0.19000000 0.00000000 2.58681515 0.10000000 
-0.18000000 0.00000000 2.67978921 0.10000000 
-0.17000000 0.00000000 2.76879522 0.10000000 
-0.16000000 0.00000000 2.85331676 0.10000000 
-0.15000000 0.00000000 2.93286944 0.10000000 
-0.14000000 0.00000000 3.00700652 0.10000000 
-0.13000000 0.00000000 3.07532303 0.10000000 
-0.12000000 0.00000000 3.13745969 0.10000000 
-0.11000000 0.00000000 3.19310598 0.10000000 
-0.10000000 0.00000000 3.24200216 0.10000000 
-0.09000000 0.00000000 3.28394127 0.10000000 
-0.08000000 0.00000000 3.31876972 0.10000000 
-0.07000000 0.00000000 3.34638719 0.10000000 
-0.06000000 0.00000000 3.36674635 0.10000000 
-0.05000000 0.00000000 3.37985149 0.10000000 
-0.04000000 0.00000000 3.38578070 0.10000000 
-0.03000000 0.00000000 3.38464260 0.10000000 
-0.02000000 0.00000000 3.37659246 0.10000000 
-0.01000000 0.00000000 3.36182718 0.10000000 
0.00000000 0.00000000 3.34056050 0.10000000 
0.01000000 0.00000000 3.31305235 0.10000000 
0.02000000 0.00000000 3.27959010 0.10000000 
0.03000000 0.00000000 3.24048404 0.10000000 
0.04000000 0.00000000 3.19606294 0.10000000 
0.05000000 0.00000000 3.14666989 0.10000000 
0.06000000 0.00000000 3.09357126 0.10000000 
0.07000000 0.00000000 3.03632111 0.10000000 
0.08000000 0.00000000 2.97534800 0.10000000 
0.09000000 0.00000000 2.91101276 0.10000000 
0.10000000 0.00000000 2.84286520 0.10000000 
0.11000000 0.00000000 2.77191300 0.10000000 
0.12000000 0.00000000 2.69848333 0.10000000 
0.13000000 0.00000000 2.62289556 0.10000000 
0.14000000 0.00000000 2.54546260 0.10000000 
0.15000000 0.00000000 2.46649262 0.10000000 
0.16000000 0.00000000 2.42091065 0.10000000 
0.17000000 0.00000000 2.33696936 0.10000000 
0.18000000 0.00000000 2.25494597 0.10000000 
0.19000000 0.00000000 2.17229987 0.10000000 
0.20000000 0.00000000 2.05829838 0.10000000 
0.21000000 0.00000000 1.97637516 0.10000000 
0.22000000 0.00000000 1.89502122 0.10000000 
0.23000000 0.00000000 1.81451251 0.10000000 
0.24000000 0.00000000 1.73511081 0.10000000 
0.25000000 0.00000000 1.65706019 0.10000000 
0.26000000 0.00000000 1.58058378 0.10000000 
0.27000000 0.00000000 1.50519729 0.10000000 
0.28000000 0.00000000 1.43195975 0.10000000 
0.29000000 0.00000000 1.36093598 0.10000000 
0.30000000 0.00000000 1.29223340 0.10000000 
0.31000000 0.00000000 1.22654531 0.10000000 
0.32000000 0.00000000 1.16316923 0.10000000 
0.33000000 0.00000000 1.10216016 0.10000000 
0.34000000 0.00000000 1.04355475 0.10000000 
0.35000000 0.00000000 0.98737249 0.10000000 
0.36000000 0.00000000 0.93361711 0.10000000 
0.37000000 0.00000000 0.88227808 0.10000000 
0.38000000 0.00000000 0.83334575 0.10000000 
0.39000000 0.00000000 0.78677907 0.10000000 
0.40000000 0.00000000 0.74253053 0.10000000 
0.41000000 0.00000000 0.70054574 0.10000000 
0.42000000 0.00000000 0.66075270 0.10000000 
0.43000000 0.00000000 0.62309241 0.10000000 
0.44000000 0.00000000 0.58750103 0.10000000 
0.45000000 0.00000000 0.55391080 0.10000000 
0.46000000 0.00000000 0.52225100 0.10000000 
0.47000000 0.00000000 0.49244877 0.10000000 
0.48000000 0.00000000 0.46442984 0.10000000 
0.49000000 0.00000000 0.43811893 0.10000000 
0.50000000 0.00000000 0.41344072 0.10000000 
0.51000000 0.00000000 0.39032034 0.10000000 
0.52000000 0.00000000 0.36868364 0.10000000 
0.53000000 0.00000000 0.34845782 0.10000000 
0.54000000 0.00000000 0.32957128 0.10000000 
0.55000000 0.00000000 0.31195390 0.10000000 
0.56000000 0.00000000 0.29553732 0.10000000 
0.57000000 0.00000000 0.28025506 0.10000000 
0.58000000 0.00000000 0.26604278 0.10000000 
0.59000000 0.00000000 0.25283830 0.10000000 
0.60000000 0.00000000 0.24058177 0.10000000 
0.61000000 0.00000000 0.22921568 0.10000000 
0.62000000 0.00000000 0.21868493 0.10000000 
0.63000000 0.00000000 0.20893683 0.10000000 
0.64000000 0.00000000 0.19992109 0.10000000 
0.65000000 0.00000000 0.19158985 0.10000000 
0.66000000 0.00000000 0.18389762 0.10000000 
0.67000000 0.00000000 0.17680124 0.10000000 
0.68000000 0.00000000 0.17025987 0.10000000 
0.69000000 0.00000000 0.16423489 0.10000000 
0.70000000 0.00000000 0.15868988 0.10000000 
0.71000000 0.00000000 0.15359051 0.10000000 
0.72000000 0.00000000 0.14890451 0.10000000 
0.73000000 0.00000000 0.14460156 0.10000000 
0.74000000 0.00000000 0.14065322 0.10000000 
0.75000000 0.00000000 0.13703286 0.10000000 
0.76000000 0.00000000 0.13371557 0.10000000 
0.77000000 0.00000000 0.13067808 0.10000000 
0.78000000 0.00000000 0.12789869 0.10000000 
0.79000000 0.00000000 0.12535716 0.10000000 
0.80000000 0.00000000 0.12303467 0.10000000 
0.81000000 0.00000000 0.12091371 0.10000000 
0.82000000 0.00000000 0.11897804 0.10000000 
0.83000000 0.00000000 0.11721257 0.10000000 
0.84000000 0.00000000 0.11560334 0.10000000 
0.85000000 0.00000000 0.11413741 0.10000000 
0.86000000 0.00000000 0.11280283 0.10000000 
0.87000000 0.00000000 0.11158855 0.10000000 
0.88000000 0.00000000 0.11048438 0.10000000 
0.89000000 0.00000000 0.10948091 0.10000000 
0.90000000 0.00000000 0.10856950 0.10000000 
0.91000000 0.00000000 0.10774218 0.10000000 
0.92000000 0.00000000 0.10699160 0.10000000 
0.93000000 0.00000000 0.10631104 0.10000000 
0.94000000 0.00000000 0.10569430 0.10000000 
0.95000000 0.00000000 0.10513573 0.10000000 
0.96000000 0.00000000 0.10463012 0.10000000 
0.97000000 0.00000000 0.10417271 0.10000000 
0.98000000 0.00000000 0.10375982 0.10000000 
0.99000000 0.00000000 0.10338685 0.10000000 

