-1.00000000 0.00000000 0.54633494 0.10000000 
-0.99000000 0.00000000 0.54582572 0.10000000 
-0.98000000 0.00000000 0.54571766 0.10000000 
-0.97000000 0.00000000 0.54598020 0.10000000 
-0.96000000 0.00000000 0.54661851 0.10000000 
-0.95000000 0.00000000 0.54763656 0.10000000 
-0.94000000 0.00000000 0.54903846 0.10000000 
-0.93000000 0.00000000 0.55082829 0.10000000 
-0.92000000 0.00000000 0.55163599 0.10000000 
-0.91000000 0.00000000 0.55405347 0.10000000 
-0.90000000 0.00000000 0.55676935 0.10000000 
-0.89000000 0.00000000 0.55987190 0.10000000 
-0.88000000 0.00000000 0.56519132 0.10000000 
-0.87000000 0.00000000 0.56920997 0.10000000 
-0.86000000 0.00000000 0.57370019 0.10000000 
-0.85000000 0.00000000 0.57859532 0.10000000 
-0.84000000 0.00000000 0.58389717 0.10000000 
-0.83000000 0.00000000 0.58960652 0.10000000 
-0.82000000 0.00000000 0.59273212 0.10000000 
-0.81000000 0.00000000 0.59931534 0.10000000 
-0.80000000 0.00000000 0.60611437 0.10000000 
-0.79000000 0.00000000 0.61332426 0.10000000 
-0.78000000 0.00000000 0.62092492 0.10000000 
-0.77000000 0.00000000 0.62890300 0.10000000 
-0.76000000 0.00000000 0.64081608 0.10000000 
-0.75000000 0.00000000 0.64959446 0.10000000 
-0.74000000 0.00000000 0.65870243 0.10000000 
-0.73000000 0.00000000 0.66812265 0.10000000 
-0.72000000 0.00000000 0.67784084 0.10000000 
-0.71000000 0.00000000 0.68789967 0.10000000 
-0.70000000 0.00000000 0.69821279 0.10000000 
-0.69000000 0.00000000 0.70877275 0.10000000 
-0.68000000 0.00000000 0.71943239 0.10000000 
-0.67000000 0.00000000 0.73030019 0.10000000 
-0.66000000 0.00000000 0.74135967 0.10000000 
-0.65000000 0.00000000 0.75253594 0.10000000 
-0.64000000 0.00000000 0.76390827 0.10000000 
-0.63000000 0.00000000 0.77547400 0.10000000 
-0.62000000 0.00000000 0.78736356 0.10000000 
-0.61000000 0.00000000 0.79947005 0.10000000 
-0.60000000 0.00000000 0.81179740 0.10000000 
-0.59000000 0.00000000 0.82434850 0.10000000 
-0.58000000 0.00000000 0.83155809 0.10000000 
-0.57000000 0.00000000 0.84489710 0.10000000 
-0.56000000 0.00000000 0.85805410 0.10000000 
-0.55000000 0.00000000 0.87146261 0.10000000 
-0.54000000 0.00000000 0.88508066 0.10000000 
-0.53000000 0.00000000 0.89889670 0.10000000 
-0.52000000 0.00000000 0.91822734 0.10000000 
-0.51000000 0.00000000 0.93223344 0.10000000 
-0.50000000 0.00000000 0.94646425 0.10000000 
-0.49000000 0.00000000 0.96078899 0.10000000 
-0.48000000 0.00000000 0.97518309 0.10000000 
-0.47000000 0.00000000 0.98973096 0.10000000 
-0.46000000 0.00000000 1.00427063 0.10000000 
-0.45000000 0.00000000 1.01879149 0.10000000 
-0.44000000 0.00000000 1.03327337 0.10000000 
-0.43000000 0.00000000 1.04769764 0.10000000 
-0.42000000 0.00000000 1.05614232 0.10000000 
-0.41000000 0.00000000 1.07087026 0.10000000 
-0.40000000 0.00000000 1.09028221 0.10000000 
-0.39000000 0.00000000 1.10423985 0.10000000 
-0.38000000 0.00000000 1.11806572 0.10000000 
-0.37000000 0.00000000 1.13173876 0.10000000 
-0.36000000 0.00000000 1.14523593 0.10000000 
-0.35000000 0.00000000 1.15853775 0.10000000 
-0.34000000 0.00000000 1.17162487 0.10000000 
-0.33000000 0.00000000 1.18447861 0.10000000 
-0.32000000 0.00000000 1.19708111 0.10000000 
-0.31000000 0.00000000 1.20953096 0.10000000 
-0.30000000 0.00000000 1.22166364 0.10000000 
-0.29000000 0.00000000 1.23337592 0.10000000 
-0.28000000 0.00000000 1.24478278 0.10000000 
-0.27000000 0.00000000 1.25587092 0.10000000 
-0.26000000 0.00000000 1.26662790 0.10000000 
-0.25000000 0.00000000 1.27704218 0.10000000 
-0.24000000 0.00000000 1.28710302 0.10000000 
-0.23000000 0.00000000 1.29680046 0.10000000 
-0.22000000 0.00000000 1.30612527 0.10000000 
-0.21000000 0.00000000 1.31506893 0.10000000 
-0.20000000 0.00000000 1.32362130 0.10000000 
-0.19000000 0.00000000 1.33177627 0.10000000 
-0.18000000 0.00000000 1.33952977 0.10000000 
-0.17000000 0.00000000 1.34687525 0.10000000 
-0.16000000 0.00000000 1.35380671 0.10000000 
-0.15000000 0.00000000 1.36031872 0.10000000 
-0.14000000 0.00000000 1.36640641 0.10000000 
-0.13000000 0.00000000 1.37206544 0.10000000 
-0.12000000 0.00000000 1.37729201 0.10000000 
-0.11000000 0.00000000 1.38208281 0.10000000 
-0.10000000 0.00000000 1.38643500 0.10000000 
-0.09000000 0.00000000 1.39034622 0.10000000 
-0.08000000 0.00000000 1.39381453 0.10000000 
-0.07000000 0.00000000 1.39683835 0.10000000 
-0.06000000 0.00000000 1.39941648 0.10000000 
-0.05000000 0.00000000 1.40154812 0.10000000 
-0.04000000 0.00000000 1.40323484 0.10000000 
-0.03000000 0.00000000 1.40447729 0.10000000 
-0.02000000 0.00000000 1.40527664 0.10000000 
-0.01000000 0.00000000 1.40563448 0.10000000 
0.00000000 0.00000000 1.40555048 0.10000000 
0.01000000 0.00000000 1.40502588 0.10000000 
0.02000000 0.00000000 1.40406198 0.10000000 
0.03000000 0.00000000 1.40266008 0.10000000 
0.04000000 0.00000000 1.40082147 0.10000000 
0.05000000 0.00000000 1.39854741 0.10000000 
0.06000000 0.00000000 1.39592214 0.10000000 
0.07000000 0.00000000 1.39287895 0.10000000 
0.08000000 0.00000000 1.38942571 0.10000000 
0.09000000 0.00000000 1.38556468 0.10000000 
0.10000000 0.00000000 1.38120687 0.10000000 
0.11000000 0.00000000 1.37642352 0.10000000 
0.12000000 0.00000000 1.37121445 0.10000000 
0.13000000 0.00000000 1.36557988 0.10000000 
0.14000000 0.00000000 1.35952082 0.10000000 
0.15000000 0.00000000 1.35303945 0.10000000 
0.16000000 0.00000000 1.34950423 0.10000000 
0.17000000 0.00000000 1.34210164 0.10000000 
0.18000000 0.00000000 1.33452717 0.10000000 
0.19000000 0.00000000 1.32653214 0.10000000 
0.20000000 0.00000000 1.31444284 0.10000000 
0.21000000 0.00000000 1.30556057 0.10000000 
0.22000000 0.00000000 1.29632309 0.10000000 
0.23000000 0.00000000 1.28674706 0.10000000 
0.24000000 0.00000000 1.27685010 0.10000000 
0.25000000 0.00000000 1.26665044 0.10000000 
0.26000000 0.00000000 1.25616652 0.10000000 
0.27000000 0.00000000 1.24535080 0.10000000 
0.28000000 0.00000000 1.23430242 0.10000000 
0.29000000 0.00000000 1.22303180 0.10000000 
0.30000000 0.00000000 1.21155467 0.10000000 
0.31000000 0.00000000 1.19995807 0.10000000 
0.32000000 0.00000000 1.18817072 0.10000000 
0.33000000 0.00000000 1.17620745 0.10000000 
0.34000000 0.00000000 1.16408271 0.10000000 
0.35000000 0.00000000 1.15181048 0.10000000 
0.36000000 0.00000000 1.13940440 0.10000000 
0.37000000 0.00000000 1.12687768 0.10000000 
0.38000000 0.00000000 1.11424451 0.10000000 
0.39000000 0.00000000 1.10151695 0.10000000 
0.40000000 0.00000000 1.08870702 0.10000000 
0.41000000 0.00000000 1.07582667 0.10000000 
0.42000000 0.00000000 1.06288631 0.10000000 
0.43000000 0.00000000 1.04989828 0.10000000 
0.44000000 0.00000000 1.03687474 0.10000000 
0.45000000 0.00000000 1.02382769 0.10000000 
0.46000000 0.00000000 1.01076898 0.10000000 
0.47000000 0.00000000 0.99771034 0.10000000 
0.48000000 0.00000000 0.98466334 0.10000000 
0.49000000 0.00000000 0.97163944 0.10000000 
0.50000000 0.00000000 0.95864996 0.10000000 
0.51000000 0.00000000 0.94570612 0.10000000 
0.52000000 0.00000000 0.93281903 0.10000000 
0.53000000 0.00000000 0.91999966 0.10000000 
0.54000000 0.00000000 0.90725887 0.10000000 
0.55000000 0.00000000 0.89460733 0.10000000 
0.56000000 0.00000000 0.88205557 0.10000000 
0.57000000 0.00000000 0.86961395 0.10000000 
0.58000000 0.00000000 0.85729265 0.10000000 
0.59000000 0.00000000 0.84510171 0.10000000 
0.60000000 0.00000000 0.83305097 0.10000000 
0.61000000 0.00000000 0.82115009 0.10000000 
0.62000000 0.00000000 0.80940854 0.10000000 
0.63000000 0.00000000 0.79783562 0.10000000 
0.64000000 0.00000000 0.78644041 0.10000000 
0.65000000 0.00000000 0.77523182 0.10000000 
0.66000000 0.00000000 0.76421852 0.10000000 
0.67000000 0.00000000 0.75340901 0.10000000 
0.68000000 0.00000000 0.74281156 0.10000000 
0.69000000 0.00000000 0.73243424 0.10000000 
0.70000000 0.00000000 0.72228490 0.10000000 
0.71000000 0.00000000 0.71237116 0.10000000 
0.72000000 0.00000000 0.70270045 0.10000000 
0.73000000 0.00000000 0.69327994 0.10000000 
0.74000000 0.00000000 0.68411660 0.10000000 
0.75000000 0.00000000 0.67521716 0.10000000 
0.76000000 0.00000000 0.66658813 0.10000000 
0.77000000 0.00000000 0.65823579 0.10000000 
0.78000000 0.00000000 0.65016618 0.10000000 
0.79000000 0.00000000 0.64238507 0.10000000 
0.80000000 0.00000000 0.63489801 0.10000000 
0.81000000 0.00000000 0.62771030 0.10000000 
0.82000000 0.00000000 0.62082702 0.10000000 
0.83000000 0.00000000 0.61425298 0.10000000 
0.84000000 0.00000000 0.60799281 0.10000000 
0.85000000 0.00000000 0.60205089 0.10000000 
0.86000000 0.00000000 0.59643140 0.10000000 
0.87000000 0.00000000 0.59113830 0.10000000 
0.88000000 0.00000000 0.58617459 0.10000000 
0.89000000 0.00000000 0.58154346 0.10000000 
0.90000000 0.00000000 0.57724779 0.10000000 
0.91000000 0.00000000 0.57329021 0.10000000 
0.92000000 0.00000000 0.56967418 0.10000000 
0.93000000 0.00000000 0.56640239 0.10000000 
0.94000000 0.00000000 0.56347748 0.10000000 
0.95000000 0.00000000 0.56090208 0.10000000 
0.96000000 0.00000000 0.55867881 0.10000000 
0.97000000 0.00000000 0.55681035 0.10000000 
0.98000000 0.00000000 0.55526629 0.10000000 
0.99000000 0.00000000 0.55407181 0.10000000 

