-1.00000000 0.00000000 0.38733977 0.10000000 
-0.99000000 0.00000000 0.38636401 0.10000000 
-0.98000000 0.00000000 0.38589962 0.10000000 
-0.97000000 0.00000000 0.38591097 0.10000000 
-0.96000000 0.00000000 0.38640643 0.10000000 
-0.95000000 0.00000000 0.38739306 0.10000000 
-0.94000000 0.00000000 0.38887822 0.10000000 
-0.93000000 0.00000000 0.39086948 0.10000000 
-0.92000000 0.00000000 0.39172115 0.10000000 
-0.91000000 0.00000000 0.39452248 0.10000000 
-0.90000000 0.00000000 0.39773022 0.10000000 
-0.89000000 0.00000000 0.40145048 0.10000000 
-0.88000000 0.00000000 0.40797457 0.10000000 
-0.87000000 0.00000000 0.41292926 0.10000000 
-0.86000000 0.00000000 0.41852164 0.10000000 
-0.85000000 0.00000000 0.42466701 0.10000000 
-0.84000000 0.00000000 0.43137151 0.10000000 
-0.83000000 0.00000000 0.43863995 0.10000000 
-0.82000000 0.00000000 0.44258679 0.10000000 
-0.81000000 0.00000000 0.45104689 0.10000000 
-0.80000000 0.00000000 0.45983184 0.10000000 
-0.79000000 0.00000000 0.46919990 0.10000000 
-0.78000000 0.00000000 0.47912844 0.10000000 
-0.77000000 0.00000000 0.48960312 0.10000000 
-0.76000000 0.00000000 0.50539862 0.10000000 
-0.75000000 0.00000000 0.51706470 0.10000000 
-0.74000000 0.00000000 0.52922459 0.10000000 
-0.73000000 0.00000000 0.54185851 0.10000000 
-0.72000000 0.00000000 0.55495118 0.10000000 
-0.71000000 0.00000000 0.56856077 0.10000000 
-0.70000000 0.00000000 0.58257830 0.10000000 
-0.69000000 0.00000000 0.59699668 0.10000000 
-0.68000000 0.00000000 0.61160698 0.10000000 
-0.67000000 0.00000000 0.62656898 0.10000000 
-0.66000000 0.00000000 0.64186197 0.10000000 
-0.65000000 0.00000000 0.65738782 0.10000000 
-0.64000000 0.00000000 0.67325421 0.10000000 
-0.63000000 0.00000000 0.68945968 0.10000000 
-0.62000000 0.00000000 0.70619875 0.10000000 
-0.61000000 0.00000000 0.72331575 0.10000000 
-0.60000000 0.00000000 0.74081818 0.10000000 
-0.59000000 0.00000000 0.75871127 0.10000000 
-0.58000000 0.00000000 0.76894305 0.10000000 
-0.57000000 0.00000000 0.78808317 0.10000000 
-0.56000000 0.00000000 0.80703088 0.10000000 
-0.55000000 0.00000000 0.82641115 0.10000000 
-0.54000000 0.00000000 0.84616310 0.10000000 
-0.53000000 0.00000000 0.86626921 0.10000000 
-0.52000000 0.00000000 0.89456795 0.10000000 
-0.51000000 0.00000000 0.91509288 0.10000000 
-0.50000000 0.00000000 0.93601295 0.10000000 
-0.49000000 0.00000000 0.95712962 0.10000000 
-0.48000000 0.00000000 0.97840528 0.10000000 
-0.47000000 0.00000000 0.99995975 0.10000000 
-0.46000000 0.00000000 1.02155670 0.10000000 
-0.45000000 0.00000000 1.04317783 0.10000000 
-0.44000000 0.00000000 1.06479087 0.10000000 
-0.43000000 0.00000000 1.08636549 0.10000000 
-0.42000000 0.00000000 1.09896791 0.10000000 
-0.41000000 0.00000000 1.12107779 0.10000000 
-0.40000000 0.00000000 1.15032597 0.10000000 
-0.39000000 0.00000000 1.17136576 0.10000000 
-0.38000000 0.00000000 1.19224033 0.10000000 
-0.37000000 0.00000000 1.21291475 0.10000000 
-0.36000000 0.00000000 1.23335117 0.10000000 
-0.35000000 0.00000000 1.25351672 0.10000000 
-0.34000000 0.00000000 1.27337878 0.10000000 
-0.33000000 0.00000000 1.29290564 0.10000000 
-0.32000000 0.00000000 1.31206685 0.10000000 
-0.31000000 0.00000000 1.33100765 0.10000000 
-0.30000000 0.00000000 1.34947653 0.10000000 
-0.29000000 0.00000000 1.36731362 0.10000000 
-0.28000000 0.00000000 1.38468956 0.10000000 
-0.27000000 0.00000000 1.40158099 0.10000000 
-0.26000000 0.00000000 1.41796598 0.10000000 
-0.25000000 0.00000000 1.43382403 0.10000000 
-0.24000000 0.00000000 1.44913596 0.10000000 
-0.23000000 0.00000000 1.46388391 0.10000000 
-0.22000000 0.00000000 1.47805128 0.10000000 
-0.21000000 0.00000000 1.49162267 0.10000000 
-0.20000000 0.00000000 1.50458046 0.10000000 
-0.19000000 0.00000000 1.51691319 0.10000000 
-0.18000000 0.00000000 1.52861279 0.10000000 
-0.17000000 0.00000000 1.53966754 0.10000000 
-0.16000000 0.00000000 1.55006682 0.10000000 
-0.15000000 0.00000000 1.55980101 0.10000000 
-0.14000000 0.00000000 1.56886160 0.10000000 
-0.13000000 0.00000000 1.57724110 0.10000000 
-0.12000000 0.00000000 1.58493303 0.10000000 
-0.11000000 0.00000000 1.59193189 0.10000000 
-0.10000000 0.00000000 1.59823312 0.10000000 
-0.09000000 0.00000000 1.60383309 0.10000000 
-0.08000000 0.00000000 1.60872904 0.10000000 
-0.07000000 0.00000000 1.61291895 0.10000000 
-0.06000000 0.00000000 1.61640164 0.10000000 
-0.05000000 0.00000000 1.61917668 0.10000000 
-0.04000000 0.00000000 1.62124767 0.10000000 
-0.03000000 0.00000000 1.62261683 0.10000000 
-0.02000000 0.00000000 1.62328740 0.10000000 
-0.01000000 0.00000000 1.62326342 0.10000000 
0.00000000 0.00000000 1.62254611 0.10000000 
0.01000000 0.00000000 1.62113929 0.10000000 
0.02000000 0.00000000 1.61904698 0.10000000 
0.03000000 0.00000000 1.61627340 0.10000000 
0.04000000 0.00000000 1.61282282 0.10000000 
0.05000000 0.00000000 1.60869962 0.10000000 
0.06000000 0.00000000 1.60404052 0.10000000 
0.07000000 0.00000000 1.59874102 0.10000000 
0.08000000 0.00000000 1.59281617 0.10000000 
0.09000000 0.00000000 1.58627213 0.10000000 
0.10000000 0.00000000 1.57897225 0.10000000 
0.11000000 0.00000000 1.57103147 0.10000000 
0.12000000 0.00000000 1.56245239 0.10000000 
0.13000000 0.00000000 1.55323832 0.10000000 
0.14000000 0.00000000 1.54339383 0.10000000 
0.15000000 0.00000000 1.53292534 0.10000000 
0.16000000 0.00000000 1.52717748 0.10000000 
0.17000000 0.00000000 1.51532102 0.10000000 
0.18000000 0.00000000 1.50324787 0.10000000 
0.19000000 0.00000000 1.49056403 0.10000000 
0.20000000 0.00000000 1.47154996 0.10000000 
0.21000000 0.00000000 1.45760963 0.10000000 
0.22000000 0.00000000 1.44317147 0.10000000 
0.23000000 0.00000000 1.42826427 0.10000000 
0.24000000 0.00000000 1.41291828 0.10000000 
0.25000000 0.00000000 1.39716451 0.10000000 
0.26000000 0.00000000 1.38103416 0.10000000 
0.27000000 0.00000000 1.36445358 0.10000000 
0.28000000 0.00000000 1.34758226 0.10000000 
0.29000000 0.00000000 1.33043798 0.10000000 
0.30000000 0.00000000 1.31304687 0.10000000 
0.31000000 0.00000000 1.29554596 0.10000000 
0.32000000 0.00000000 1.27782475 0.10000000 
0.33000000 0.00000000 1.25990737 0.10000000 
0.34000000 0.00000000 1.24181710 0.10000000 
0.35000000 0.00000000 1.22357632 0.10000000 
0.36000000 0.00000000 1.20520655 0.10000000 
0.37000000 0.00000000 1.18672848 0.10000000 
0.38000000 0.00000000 1.16816405 0.10000000 
0.39000000 0.00000000 1.14953159 0.10000000 
0.40000000 0.00000000 1.13084916 0.10000000 
0.41000000 0.00000000 1.11213441 0.10000000 
0.42000000 0.00000000 1.09340243 0.10000000 
0.43000000 0.00000000 1.07467103 0.10000000 
0.44000000 0.00000000 1.05595752 0.10000000 
0.45000000 0.00000000 1.03727873 0.10000000 
0.46000000 0.00000000 1.01865102 0.10000000 
0.47000000 0.00000000 1.00009032 0.10000000 
0.48000000 0.00000000 0.98161213 0.10000000 
0.49000000 0.00000000 0.96323152 0.10000000 
0.50000000 0.00000000 0.94496317 0.10000000 
0.51000000 0.00000000 0.92682139 0.10000000 
0.52000000 0.00000000 0.90882012 0.10000000 
0.53000000 0.00000000 0.89097294 0.10000000 
0.54000000 0.00000000 0.87329302 0.10000000 
0.55000000 0.00000000 0.85579315 0.10000000 
0.56000000 0.00000000 0.83848570 0.10000000 
0.57000000 0.00000000 0.82138264 0.10000000 
0.58000000 0.00000000 0.80449558 0.10000000 
0.59000000 0.00000000 0.78783573 0.10000000 
0.60000000 0.00000000 0.77141392 0.10000000 
0.61000000 0.00000000 0.75524062 0.10000000 
0.62000000 0.00000000 0.73932592 0.10000000 
0.63000000 0.00000000 0.72367958 0.10000000 
0.64000000 0.00000000 0.70831098 0.10000000 
0.65000000 0.00000000 0.69322917 0.10000000 
0.66000000 0.00000000 0.67844287 0.10000000 
0.67000000 0.00000000 0.66396046 0.10000000 
0.68000000 0.00000000 0.64979001 0.10000000 
0.69000000 0.00000000 0.63593929 0.10000000 
0.70000000 0.00000000 0.62241578 0.10000000 
0.71000000 0.00000000 0.60922664 0.10000000 
0.72000000 0.00000000 0.59637878 0.10000000 
0.73000000 0.00000000 0.58387885 0.10000000 
0.74000000 0.00000000 0.57173320 0.10000000 
0.75000000 0.00000000 0.55994798 0.10000000 
0.76000000 0.00000000 0.54852908 0.10000000 
0.77000000 0.00000000 0.53748216 0.10000000 
0.78000000 0.00000000 0.52681266 0.10000000 
0.79000000 0.00000000 0.51652578 0.10000000 
0.80000000 0.00000000 0.50662653 0.10000000 
0.81000000 0.00000000 0.49711970 0.10000000 
0.82000000 0.00000000 0.48800992 0.10000000 
0.83000000 0.00000000 0.47930163 0.10000000 
0.84000000 0.00000000 0.47099914 0.10000000 
0.85000000 0.00000000 0.46310659 0.10000000 
0.86000000 0.00000000 0.45562802 0.10000000 
0.87000000 0.00000000 0.44856738 0.10000000 
0.88000000 0.00000000 0.44192755 0.10000000 
0.89000000 0.00000000 0.43571184 0.10000000 
0.90000000 0.00000000 0.42992328 0.10000000 
0.91000000 0.00000000 0.42456478 0.10000000 
0.92000000 0.00000000 0.41964042 0.10000000 
0.93000000 0.00000000 0.41515350 0.10000000 
0.94000000 0.00000000 0.41110746 0.10000000 
0.95000000 0.00000000 0.40750586 0.10000000 
0.96000000 0.00000000 0.40435245 0.10000000 
0.97000000 0.00000000 0.40165119 0.10000000 
0.98000000 0.00000000 0.39936654 0.10000000 
0.99000000 0.00000000 0.39752902 0.10000000 

