-1.00000000 0.00000000 0.16019837 0.10000000 
-0.99000000 0.00000000 0.15824480 0.10000000 
-0.98000000 0.00000000 0.15661956 0.10000000 
-0.97000000 0.00000000 0.15531002 0.10000000 
-0.96000000 0.00000000 0.15432469 0.10000000 
-0.95000000 0.00000000 0.15367244 0.10000000 
-0.94000000 0.00000000 0.15336382 0.10000000 
-0.93000000 0.00000000 0.15341105 0.10000000 
-0.92000000 0.00000000 0.15321932 0.10000000 
-0.91000000 0.00000000 0.15380071 0.10000000 
-0.90000000 0.00000000 0.15473151 0.10000000 
-0.89000000 0.00000000 0.15605209 0.10000000 
-0.88000000 0.00000000 0.15899344 0.10000000 
-0.87000000 0.00000000 0.16134658 0.10000000 
-0.86000000 0.00000000 0.16425325 0.10000000 
-0.85000000 0.00000000 0.16766567 0.10000000 
-0.84000000 0.00000000 0.17161052 0.10000000 
-0.83000000 0.00000000 0.17611499 0.10000000 
-0.82000000 0.00000000 0.17841267 0.10000000 
-0.81000000 0.00000000 0.18402471 0.10000000 
-0.80000000 0.00000000 0.19009470 0.10000000 
-0.79000000 0.00000000 0.19683671 0.10000000 
-0.78000000 0.00000000 0.20426334 0.10000000 
-0.77000000 0.00000000 0.21239010 0.10000000 
-0.76000000 0.00000000 0.22553170 0.10000000 
-0.75000000 0.00000000 0.23541897 0.10000000 
-0.74000000 0.00000000 0.24606748 0.10000000 
-0.73000000 0.00000000 0.25749307 0.10000000 
-0.72000000 0.00000000 0.26971968 0.10000000 
-0.71000000 0.00000000 0.28282095 0.10000000 
-0.70000000 0.00000000 0.29675540 0.10000000 
-0.69000000 0.00000000 0.31155114 0.10000000 
-0.68000000 0.00000000 0.32693988 0.10000000 
-0.67000000 0.00000000 0.34319103 0.10000000 
-0.66000000 0.00000000 0.36031145 0.10000000 
-0.65000000 0.00000000 0.37824627 0.10000000 
-0.64000000 0.00000000 0.39711949 0.10000000 
-0.63000000 0.00000000 0.41696224 0.10000000 
-0.62000000 0.00000000 0.43813690 0.10000000 
-0.61000000 0.00000000 0.46041260 0.10000000 
-0.60000000 0.00000000 0.48383283 0.10000000 
-0.59000000 0.00000000 0.50843175 0.10000000 
-0.58000000 0.00000000 0.52207499 0.10000000 
-0.57000000 0.00000000 0.54949935 0.10000000 
-0.56000000 0.00000000 0.57730952 0.10000000 
-0.55000000 0.00000000 0.60643975 0.10000000 
-0.54000000 0.00000000 0.63681536 0.10000000 
-0.53000000 0.00000000 0.66842057 0.10000000 
-0.52000000 0.00000000 0.71467262 0.10000000 
-0.51000000 0.00000000 0.74846779 0.10000000 
-0.50000000 0.00000000 0.78365016 0.10000000 
-0.49000000 0.00000000 0.81982769 0.10000000 
-0.48000000 0.00000000 0.85693803 0.10000000 
-0.47000000 0.00000000 0.89515265 0.10000000 
-0.46000000 0.00000000 0.93410929 0.10000000 
-0.45000000 0.00000000 0.97376252 0.10000000 
-0.44000000 0.00000000 1.01404303 0.10000000 
-0.43000000 0.00000000 1.05488074 0.10000000 
-0.42000000 0.00000000 1.07834358 0.10000000 
-0.41000000 0.00000000 1.12126908 0.10000000 
-0.40000000 0.00000000 1.17961526 0.10000000 
-0.39000000 0.00000000 1.22176579 0.10000000 
-0.38000000 0.00000000 1.26410644 0.10000000 
-0.37000000 0.00000000 1.30653937 0.10000000 
-0.36000000 0.00000000 1.34895963 0.10000000 
-0.35000000 0.00000000 1.39126754 0.10000000 
-0.34000000 0.00000000 1.43336212 0.10000000 
-0.33000000 0.00000000 1.47514269 0.10000000 
-0.32000000 0.00000000 1.51650967 0.10000000 
-0.31000000 0.00000000 1.55771539 0.10000000 
-0.30000000 0.00000000 1.59821855 0.10000000 
-0.29000000 0.00000000 1.63764625 0.10000000 
-0.28000000 0.00000000 1.67630779 0.10000000 
-0.27000000 0.00000000 1.71411574 0.10000000 
-0.26000000 0.00000000 1.75098564 0.10000000 
-0.25000000 0.00000000 1.78683635 0.10000000 
-0.24000000 0.00000000 1.82159015 0.10000000 
-0.23000000 0.00000000 1.85517287 0.10000000 
-0.22000000 0.00000000 1.88751409 0.10000000 
-0.21000000 0.00000000 1.91854723 0.10000000 
-0.20000000 0.00000000 1.94820271 0.10000000 
-0.19000000 0.00000000 1.97642515 0.10000000 
-0.18000000 0.00000000 2.00316808 0.10000000 
-0.17000000 0.00000000 2.02837965 0.10000000 
-0.16000000 0.00000000 2.05201236 0.10000000 
-0.15000000 0.00000000 2.07402318 0.10000000 
-0.14000000 0.00000000 2.09437372 0.10000000 
-0.13000000 0.00000000 2.11303023 0.10000000 
-0.12000000 0.00000000 2.12996363 0.10000000 
-0.11000000 0.00000000 2.14514953 0.10000000 
-0.10000000 0.00000000 2.15856804 0.10000000 
-0.09000000 0.00000000 2.17020398 0.10000000 
-0.08000000 0.00000000 2.18004655 0.10000000 
-0.07000000 0.00000000 2.18808920 0.10000000 
-0.06000000 0.00000000 2.19432966 0.10000000 
-0.05000000 0.00000000 2.19876986 0.10000000 
-0.04000000 0.00000000 2.20142378 0.10000000 
-0.03000000 0.00000000 2.20230402 0.10000000 
-0.02000000 0.00000000 2.20142772 0.10000000 
-0.01000000 0.00000000 2.19881588 0.10000000 
0.00000000 0.00000000 2.19448479 0.10000000 
0.01000000 0.00000000 2.18845873 0.10000000 
0.02000000 0.00000000 2.18076420 0.10000000 
0.03000000 0.00000000 2.17142964 0.10000000 
0.04000000 0.00000000 2.16048514 0.10000000 
0.05000000 0.00000000 2.14796230 0.10000000 
0.06000000 0.00000000 2.13421455 0.10000000 
0.07000000 0.00000000 2.11900652 0.10000000 
0.08000000 0.00000000 2.10239795 0.10000000 
0.09000000 0.00000000 2.08442723 0.10000000 
0.10000000 0.00000000 2.06480591 0.10000000 
0.11000000 0.00000000 2.04382798 0.10000000 
0.12000000 0.00000000 2.02152614 0.10000000 
0.13000000 0.00000000 1.99793500 0.10000000 
0.14000000 0.00000000 1.97309222 0.10000000 
0.15000000 0.00000000 1.94703972 0.10000000 
0.16000000 0.00000000 1.93250502 0.10000000 
0.17000000 0.00000000 1.90359099 0.10000000 
0.18000000 0.00000000 1.87452234 0.10000000 
0.19000000 0.00000000 1.84436906 0.10000000 
0.20000000 0.00000000 1.80026781 0.10000000 
0.21000000 0.00000000 1.76814217 0.10000000 
0.22000000 0.00000000 1.73527794 0.10000000 
0.23000000 0.00000000 1.70176357 0.10000000 
0.24000000 0.00000000 1.66768942 0.10000000 
0.25000000 0.00000000 1.63314622 0.10000000 
0.26000000 0.00000000 1.59822349 0.10000000 
0.27000000 0.00000000 1.56275921 0.10000000 
0.28000000 0.00000000 1.52714928 0.10000000 
0.29000000 0.00000000 1.49144508 0.10000000 
0.30000000 0.00000000 1.45571669 0.10000000 
0.31000000 0.00000000 1.42028275 0.10000000 
0.32000000 0.00000000 1.38489668 0.10000000 
0.33000000 0.00000000 1.34961889 0.10000000 
0.34000000 0.00000000 1.31450586 0.10000000 
0.35000000 0.00000000 1.27961014 0.10000000 
0.36000000 0.00000000 1.24498037 0.10000000 
0.37000000 0.00000000 1.21066145 0.10000000 
0.38000000 0.00000000 1.17669954 0.10000000 
0.39000000 0.00000000 1.14313028 0.10000000 
0.40000000 0.00000000 1.10998709 0.10000000 
0.41000000 0.00000000 1.07730079 0.10000000 
0.42000000 0.00000000 1.04509476 0.10000000 
0.43000000 0.00000000 1.01339710 0.10000000 
0.44000000 0.00000000 0.98223324 0.10000000 
0.45000000 0.00000000 0.95162606 0.10000000 
0.46000000 0.00000000 0.92159598 0.10000000 
0.47000000 0.00000000 0.89216114 0.10000000 
0.48000000 0.00000000 0.86333749 0.10000000 
0.49000000 0.00000000 0.83513878 0.10000000 
0.50000000 0.00000000 0.80757685 0.10000000 
0.51000000 0.00000000 0.78066166 0.10000000 
0.52000000 0.00000000 0.75440138 0.10000000 
0.53000000 0.00000000 0.72880257 0.10000000 
0.54000000 0.00000000 0.70387007 0.10000000 
0.55000000 0.00000000 0.67960707 0.10000000 
0.56000000 0.00000000 0.65601527 0.10000000 
0.57000000 0.00000000 0.63309490 0.10000000 
0.58000000 0.00000000 0.61084483 0.10000000 
0.59000000 0.00000000 0.58926266 0.10000000 
0.60000000 0.00000000 0.56834479 0.10000000 
0.61000000 0.00000000 0.54808651 0.10000000 
0.62000000 0.00000000 0.52848207 0.10000000 
0.63000000 0.00000000 0.50952477 0.10000000 
0.64000000 0.00000000 0.49120702 0.10000000 
0.65000000 0.00000000 0.47352043 0.10000000 
0.66000000 0.00000000 0.45645589 0.10000000 
0.67000000 0.00000000 0.44000364 0.10000000 
0.68000000 0.00000000 0.42415333 0.10000000 
0.69000000 0.00000000 0.40889411 0.10000000 
0.70000000 0.00000000 0.39421471 0.10000000 
0.71000000 0.00000000 0.38010348 0.10000000 
0.72000000 0.00000000 0.36654847 0.10000000 
0.73000000 0.00000000 0.35353748 0.10000000 
0.74000000 0.00000000 0.34105818 0.10000000 
0.75000000 0.00000000 0.32909809 0.10000000 
0.76000000 0.00000000 0.31764470 0.10000000 
0.77000000 0.00000000 0.30668551 0.10000000 
0.78000000 0.00000000 0.29620808 0.10000000 
0.79000000 0.00000000 0.28620008 0.10000000 
0.80000000 0.00000000 0.27664936 0.10000000 
0.81000000 0.00000000 0.26754398 0.10000000 
0.82000000 0.00000000 0.25887231 0.10000000 
0.83000000 0.00000000 0.25062301 0.10000000 
0.84000000 0.00000000 0.24278516 0.10000000 
0.85000000 0.00000000 0.23534823 0.10000000 
0.86000000 0.00000000 0.22830221 0.10000000 
0.87000000 0.00000000 0.22163761 0.10000000 
0.88000000 0.00000000 0.21534524 0.10000000 
0.89000000 0.00000000 0.20941661 0.10000000 
0.90000000 0.00000000 0.20384380 0.10000000 
0.91000000 0.00000000 0.19861958 0.10000000 
0.92000000 0.00000000 0.19373797 0.10000000 
0.93000000 0.00000000 0.18919351 0.10000000 
0.94000000 0.00000000 0.18498166 0.10000000 
0.95000000 0.00000000 0.18109885 0.10000000 
0.96000000 0.00000000 0.17754255 0.10000000 
0.97000000 0.00000000 0.17431132 0.10000000 
0.98000000 0.00000000 0.17139057 0.10000000 
0.99000000 0.00000000 0.16878718 0.10000000 

