-1.00000000 0.00000000 0.40486780 0.10000000 
-0.99000000 0.00000000 0.40396095 0.10000000 
-0.98000000 0.00000000 0.40355737 0.10000000 
-0.97000000 0.00000000 0.40362145 0.10000000 
-0.96000000 0.00000000 0.40416119 0.10000000 
-0.95000000 0.00000000 0.40518322 0.10000000 
-0.94000000 0.00000000 0.40669448 0.10000000 
-0.93000000 0.00000000 0.40870201 0.10000000 
-0.92000000 0.00000000 0.40956940 0.10000000 
-0.91000000 0.00000000 0.41237271 0.10000000 
-0.90000000 0.00000000 0.41557186 0.10000000 
-0.89000000 0.00000000 0.41927236 0.10000000 
-0.88000000 0.00000000 0.42573660 0.10000000 
-0.87000000 0.00000000 0.43064144 0.10000000 
-0.86000000 0.00000000 0.43616804 0.10000000 
-0.85000000 0.00000000 0.44223298 0.10000000 
-0.84000000 0.00000000 0.44884166 0.10000000 
-0.83000000 0.00000000 0.45599818 0.10000000 
-0.82000000 0.00000000 0.45988954 0.10000000 
-0.81000000 0.00000000 0.46820636 0.10000000 
-0.80000000 0.00000000 0.47683473 0.10000000 
-0.79000000 0.00000000 0.48602728 0.10000000 
-0.78000000 0.00000000 0.49576122 0.10000000 
-0.77000000 0.00000000 0.50602194 0.10000000 
-0.76000000 0.00000000 0.52146969 0.10000000 
-0.75000000 0.00000000 0.53287453 0.10000000 
-0.74000000 0.00000000 0.54475308 0.10000000 
-0.73000000 0.00000000 0.55708547 0.10000000 
-0.72000000 0.00000000 0.56985611 0.10000000 
-0.71000000 0.00000000 0.58312158 0.10000000 
-0.70000000 0.00000000 0.59677439 0.10000000 
-0.69000000 0.00000000 0.61080710 0.10000000 
-0.68000000 0.00000000 0.62501765 0.10000000 
-0.67000000 0.00000000 0.63955962 0.10000000 
-0.66000000 0.00000000 0.65441253 0.10000000 
-0.65000000 0.00000000 0.66948017 0.10000000 
-0.64000000 0.00000000 0.68486740 0.10000000 
-0.63000000 0.00000000 0.70057240 0.10000000 
-0.62000000 0.00000000 0.71678176 0.10000000 
-0.61000000 0.00000000 0.73334552 0.10000000 
-0.60000000 0.00000000 0.75027058 0.10000000 
-0.59000000 0.00000000 0.76756181 0.10000000 
-0.58000000 0.00000000 0.77745680 0.10000000 
-0.57000000 0.00000000 0.79593348 0.10000000 
-0.56000000 0.00000000 0.81421347 0.10000000 
-0.55000000 0.00000000 0.83289960 0.10000000 
-0.54000000 0.00000000 0.85193314 0.10000000 
-0.53000000 0.00000000 0.87129730 0.10000000 
-0.52000000 0.00000000 0.89852505 0.10000000 
-0.51000000 0.00000000 0.91826979 0.10000000 
-0.50000000 0.00000000 0.93838411 0.10000000 
-0.49000000 0.00000000 0.95867806 0.10000000 
-0.48000000 0.00000000 0.97911569 0.10000000 
-0.47000000 0.00000000 0.99981282 0.10000000 
-0.46000000 0.00000000 1.02054191 0.10000000 
-0.45000000 0.00000000 1.04128573 0.10000000 
-0.44000000 0.00000000 1.06201364 0.10000000 
-0.43000000 0.00000000 1.08269691 0.10000000 
-0.42000000 0.00000000 1.09478336 0.10000000 
-0.41000000 0.00000000 1.11596647 0.10000000 
-0.40000000 0.00000000 1.14397075 0.10000000 
-0.39000000 0.00000000 1.16411396 0.10000000 
-0.38000000 0.00000000 1.18409325 0.10000000 
-0.37000000 0.00000000 1.20387565 0.10000000 
-0.36000000 0.00000000 1.22342536 0.10000000 
-0.35000000 0.00000000 1.24271144 0.10000000 
-0.34000000 0.00000000 1.26170316 0.10000000 
-0.33000000 0.00000000 1.28037070 0.10000000 
-0.32000000 0.00000000 1.29868543 0.10000000 
-0.31000000 0.00000000 1.31678690 0.10000000 
-0.30000000 0.00000000 1.33443485 0.10000000 
-0.29000000 0.00000000 1.35147689 0.10000000 
-0.28000000 0.00000000 1.36807677 0.10000000 
-0.27000000 0.00000000 1.38421266 0.10000000 
-0.26000000 0.00000000 1.39986404 0.10000000 
-0.25000000 0.00000000 1.41501176 0.10000000 
-0.24000000 0.00000000 1.42963793 0.10000000 
-0.23000000 0.00000000 1.44372590 0.10000000 
-0.22000000 0.00000000 1.45726019 0.10000000 
-0.21000000 0.00000000 1.47022649 0.10000000 
-0.20000000 0.00000000 1.48260828 0.10000000 
-0.19000000 0.00000000 1.49439496 0.10000000 
-0.18000000 0.00000000 1.50557912 0.10000000 
-0.17000000 0.00000000 1.51614986 0.10000000 
-0.16000000 0.00000000 1.52609727 0.10000000 
-0.15000000 0.00000000 1.53541238 0.10000000 
-0.14000000 0.00000000 1.54408727 0.10000000 
-0.13000000 0.00000000 1.55211493 0.10000000 
-0.12000000 0.00000000 1.55948930 0.10000000 
-0.11000000 0.00000000 1.56620525 0.10000000 
-0.10000000 0.00000000 1.57225847 0.10000000 
-0.09000000 0.00000000 1.57764554 0.10000000 
-0.08000000 0.00000000 1.58236384 0.10000000 
-0.07000000 0.00000000 1.58641141 0.10000000 
-0.06000000 0.00000000 1.58978706 0.10000000 
-0.05000000 0.00000000 1.59249033 0.10000000 
-0.04000000 0.00000000 1.59452449 0.10000000 
-0.03000000 0.00000000 1.59589152 0.10000000 
-0.02000000 0.00000000 1.59659437 0.10000000 
-0.01000000 0.00000000 1.59663668 0.10000000 
0.00000000 0.00000000 1.59601940 0.10000000 
0.01000000 0.00000000 1.59474593 0.10000000 
0.02000000 0.00000000 1.59281987 0.10000000 
0.03000000 0.00000000 1.59024493 0.10000000 
0.04000000 0.00000000 1.58702492 0.10000000 
0.05000000 0.00000000 1.58316366 0.10000000 
0.06000000 0.00000000 1.57879077 0.10000000 
0.07000000 0.00000000 1.57380668 0.10000000 
0.08000000 0.00000000 1.56822540 0.10000000 
0.09000000 0.00000000 1.56205243 0.10000000 
0.10000000 0.00000000 1.55515729 0.10000000 
0.11000000 0.00000000 1.54764896 0.10000000 
0.12000000 0.00000000 1.53952955 0.10000000 
0.13000000 0.00000000 1.53080181 0.10000000 
0.14000000 0.00000000 1.52146968 0.10000000 
0.15000000 0.00000000 1.51153885 0.10000000 
0.16000000 0.00000000 1.50609062 0.10000000 
0.17000000 0.00000000 1.49483152 0.10000000 
0.18000000 0.00000000 1.48335965 0.10000000 
0.19000000 0.00000000 1.47130033 0.10000000 
0.20000000 0.00000000 1.45320225 0.10000000 
0.21000000 0.00000000 1.43992975 0.10000000 
0.22000000 0.00000000 1.42617582 0.10000000 
0.23000000 0.00000000 1.41196751 0.10000000 
0.24000000 0.00000000 1.39733324 0.10000000 
0.25000000 0.00000000 1.38230222 0.10000000 
0.26000000 0.00000000 1.36690383 0.10000000 
0.27000000 0.00000000 1.35106778 0.10000000 
0.28000000 0.00000000 1.33494541 0.10000000 
0.29000000 0.00000000 1.31855343 0.10000000 
0.30000000 0.00000000 1.30191651 0.10000000 
0.31000000 0.00000000 1.28516502 0.10000000 
0.32000000 0.00000000 1.26819355 0.10000000 
0.33000000 0.00000000 1.25102496 0.10000000 
0.34000000 0.00000000 1.23368129 0.10000000 
0.35000000 0.00000000 1.21618378 0.10000000 
0.36000000 0.00000000 1.19855287 0.10000000 
0.37000000 0.00000000 1.18080825 0.10000000 
0.38000000 0.00000000 1.16297083 0.10000000 
0.39000000 0.00000000 1.14505810 0.10000000 
0.40000000 0.00000000 1.12708736 0.10000000 
0.41000000 0.00000000 1.10907553 0.10000000 
0.42000000 0.00000000 1.09103711 0.10000000 
0.43000000 0.00000000 1.07298924 0.10000000 
0.44000000 0.00000000 1.05494862 0.10000000 
0.45000000 0.00000000 1.03693151 0.10000000 
0.46000000 0.00000000 1.01895376 0.10000000 
0.47000000 0.00000000 1.00103084 0.10000000 
0.48000000 0.00000000 0.98317784 0.10000000 
0.49000000 0.00000000 0.96540947 0.10000000 
0.50000000 0.00000000 0.94774010 0.10000000 
0.51000000 0.00000000 0.93018376 0.10000000 
0.52000000 0.00000000 0.91275416 0.10000000 
0.53000000 0.00000000 0.89546470 0.10000000 
0.54000000 0.00000000 0.87832842 0.10000000 
0.55000000 0.00000000 0.86135799 0.10000000 
0.56000000 0.00000000 0.84456573 0.10000000 
0.57000000 0.00000000 0.82796358 0.10000000 
0.58000000 0.00000000 0.81156316 0.10000000 
0.59000000 0.00000000 0.79537574 0.10000000 
0.60000000 0.00000000 0.77941221 0.10000000 
0.61000000 0.00000000 0.76368317 0.10000000 
0.62000000 0.00000000 0.74819884 0.10000000 
0.63000000 0.00000000 0.73296914 0.10000000 
0.64000000 0.00000000 0.71800366 0.10000000 
0.65000000 0.00000000 0.70331164 0.10000000 
0.66000000 0.00000000 0.68890205 0.10000000 
0.67000000 0.00000000 0.67478351 0.10000000 
0.68000000 0.00000000 0.66096438 0.10000000 
0.69000000 0.00000000 0.64745268 0.10000000 
0.70000000 0.00000000 0.63425620 0.10000000 
0.71000000 0.00000000 0.62138240 0.10000000 
0.72000000 0.00000000 0.60883849 0.10000000 
0.73000000 0.00000000 0.59663143 0.10000000 
0.74000000 0.00000000 0.58476789 0.10000000 
0.75000000 0.00000000 0.57325433 0.10000000 
0.76000000 0.00000000 0.56209695 0.10000000 
0.77000000 0.00000000 0.55130171 0.10000000 
0.78000000 0.00000000 0.54087436 0.10000000 
0.79000000 0.00000000 0.53082039 0.10000000 
0.80000000 0.00000000 0.52114507 0.10000000 
0.81000000 0.00000000 0.51185348 0.10000000 
0.82000000 0.00000000 0.50295048 0.10000000 
0.83000000 0.00000000 0.49444077 0.10000000 
0.84000000 0.00000000 0.48632886 0.10000000 
0.85000000 0.00000000 0.47861909 0.10000000 
0.86000000 0.00000000 0.47131569 0.10000000 
0.87000000 0.00000000 0.46442275 0.10000000 
0.88000000 0.00000000 0.45794331 0.10000000 
0.89000000 0.00000000 0.45188075 0.10000000 
0.90000000 0.00000000 0.44623822 0.10000000 
0.91000000 0.00000000 0.44101869 0.10000000 
0.92000000 0.00000000 0.43622626 0.10000000 
0.93000000 0.00000000 0.43186423 0.10000000 
0.94000000 0.00000000 0.42793602 0.10000000 
0.95000000 0.00000000 0.42444512 0.10000000 
0.96000000 0.00000000 0.42139520 0.10000000 
0.97000000 0.00000000 0.41879010 0.10000000 
0.98000000 0.00000000 0.41659433 0.10000000 
0.99000000 0.00000000 0.41483824 0.10000000 

