-1.00000000 0.00000000 0.16650081 0.10000000 
-0.99000000 0.00000000 0.16453270 0.10000000 
-0.98000000 0.00000000 0.16291406 0.10000000 
-0.97000000 0.00000000 0.16163087 0.10000000 
-0.96000000 0.00000000 0.16069230 0.10000000 
-0.95000000 0.00000000 0.16010778 0.10000000 
-0.94000000 0.00000000 0.15988835 0.10000000 
-0.93000000 0.00000000 0.16004667 0.10000000 
-0.92000000 0.00000000 0.15990600 0.10000000 
-0.91000000 0.00000000 0.16063415 0.10000000 
-0.90000000 0.00000000 0.16172866 0.10000000 
-0.89000000 0.00000000 0.16323512 0.10000000 
-0.88000000 0.00000000 0.16649206 0.10000000 
-0.87000000 0.00000000 0.16908228 0.10000000 
-0.86000000 0.00000000 0.17225134 0.10000000 
-0.85000000 0.00000000 0.17594732 0.10000000 
-0.84000000 0.00000000 0.18019626 0.10000000 
-0.83000000 0.00000000 0.18502449 0.10000000 
-0.82000000 0.00000000 0.18750159 0.10000000 
-0.81000000 0.00000000 0.19348085 0.10000000 
-0.80000000 0.00000000 0.19992416 0.10000000 
-0.79000000 0.00000000 0.20705509 0.10000000 
-0.78000000 0.00000000 0.21488345 0.10000000 
-0.77000000 0.00000000 0.22342251 0.10000000 
-0.76000000 0.00000000 0.23714759 0.10000000 
-0.75000000 0.00000000 0.24745581 0.10000000 
-0.74000000 0.00000000 0.25852623 0.10000000 
-0.73000000 0.00000000 0.27037150 0.10000000 
-0.72000000 0.00000000 0.28301208 0.10000000 
-0.71000000 0.00000000 0.29652131 0.10000000 
-0.70000000 0.00000000 0.31085008 0.10000000 
-0.69000000 0.00000000 0.32602316 0.10000000 
-0.68000000 0.00000000 0.34176996 0.10000000 
-0.67000000 0.00000000 0.35835590 0.10000000 
-0.66000000 0.00000000 0.37578442 0.10000000 
-0.65000000 0.00000000 0.39399400 0.10000000 
-0.64000000 0.00000000 0.41310924 0.10000000 
-0.63000000 0.00000000 0.43315784 0.10000000 
-0.62000000 0.00000000 0.45449355 0.10000000 
-0.61000000 0.00000000 0.47688591 0.10000000 
-0.60000000 0.00000000 0.50037463 0.10000000 
-0.59000000 0.00000000 0.52499060 0.10000000 
-0.58000000 0.00000000 0.53867822 0.10000000 
-0.57000000 0.00000000 0.56603089 0.10000000 
-0.56000000 0.00000000 0.59371324 0.10000000 
-0.55000000 0.00000000 0.62265312 0.10000000 
-0.54000000 0.00000000 0.65277377 0.10000000 
-0.53000000 0.00000000 0.68405745 0.10000000 
-0.52000000 0.00000000 0.72969300 0.10000000 
-0.51000000 0.00000000 0.76301618 0.10000000 
-0.50000000 0.00000000 0.79764642 0.10000000 
-0.49000000 0.00000000 0.83320188 0.10000000 
-0.48000000 0.00000000 0.86962013 0.10000000 
-0.47000000 0.00000000 0.90707140 0.10000000 
-0.46000000 0.00000000 0.94519545 0.10000000 
-0.45000000 0.00000000 0.98394791 0.10000000 
-0.44000000 0.00000000 1.02326101 0.10000000 
-0.43000000 0.00000000 1.06306663 0.10000000 
-0.42000000 0.00000000 1.08596877 0.10000000 
-0.41000000 0.00000000 1.12772284 0.10000000 
-0.40000000 0.00000000 1.18434774 0.10000000 
-0.39000000 0.00000000 1.22523922 0.10000000 
-0.38000000 0.00000000 1.26627243 0.10000000 
-0.37000000 0.00000000 1.30735412 0.10000000 
-0.36000000 0.00000000 1.34838434 0.10000000 
-0.35000000 0.00000000 1.38926863 0.10000000 
-0.34000000 0.00000000 1.42991153 0.10000000 
-0.33000000 0.00000000 1.47021800 0.10000000 
-0.32000000 0.00000000 1.51009429 0.10000000 
-0.31000000 0.00000000 1.54978814 0.10000000 
-0.30000000 0.00000000 1.58877719 0.10000000 
-0.29000000 0.00000000 1.62670379 0.10000000 
-0.28000000 0.00000000 1.66387068 0.10000000 
-0.27000000 0.00000000 1.70019629 0.10000000 
-0.26000000 0.00000000 1.73560200 0.10000000 
-0.25000000 0.00000000 1.77001241 0.10000000 
-0.24000000 0.00000000 1.80335538 0.10000000 
-0.23000000 0.00000000 1.83556222 0.10000000 
-0.22000000 0.00000000 1.86656777 0.10000000 
-0.21000000 0.00000000 1.89631049 0.10000000 
-0.20000000 0.00000000 1.92472586 0.10000000 
-0.19000000 0.00000000 1.95176296 0.10000000 
-0.18000000 0.00000000 1.97737937 0.10000000 
-0.17000000 0.00000000 2.00152731 0.10000000 
-0.16000000 0.00000000 2.02416302 0.10000000 
-0.15000000 0.00000000 2.04524687 0.10000000 
-0.14000000 0.00000000 2.06474356 0.10000000 
-0.13000000 0.00000000 2.08262203 0.10000000 
-0.12000000 0.00000000 2.09885556 0.10000000 
-0.11000000 0.00000000 2.11342172 0.10000000 
-0.10000000 0.00000000 2.12630225 0.10000000 
-0.09000000 0.00000000 2.13748318 0.10000000 
-0.08000000 0.00000000 2.14695458 0.10000000 
-0.07000000 0.00000000 2.15471041 0.10000000 
-0.06000000 0.00000000 2.16074854 0.10000000 
-0.05000000 0.00000000 2.16507068 0.10000000 
-0.04000000 0.00000000 2.16768994 0.10000000 
-0.03000000 0.00000000 2.16861792 0.10000000 
-0.02000000 0.00000000 2.16787045 0.10000000 
-0.01000000 0.00000000 2.16546689 0.10000000 
0.00000000 0.00000000 2.16142193 0.10000000 
0.01000000 0.00000000 2.15575782 0.10000000 
0.02000000 0.00000000 2.14849878 0.10000000 
0.03000000 0.00000000 2.13967082 0.10000000 
0.04000000 0.00000000 2.12930140 0.10000000 
0.05000000 0.00000000 2.11741937 0.10000000 
0.06000000 0.00000000 2.10436198 0.10000000 
0.07000000 0.00000000 2.08990232 0.10000000 
0.08000000 0.00000000 2.07409609 0.10000000 
0.09000000 0.00000000 2.05697851 0.10000000 
0.10000000 0.00000000 2.03827039 0.10000000 
0.11000000 0.00000000 2.01825243 0.10000000 
0.12000000 0.00000000 1.99695425 0.10000000 
0.13000000 0.00000000 1.97440733 0.10000000 
0.14000000 0.00000000 1.95064608 0.10000000 
0.15000000 0.00000000 1.92570904 0.10000000 
0.16000000 0.00000000 1.91180893 0.10000000 
0.17000000 0.00000000 1.88410195 0.10000000 
0.18000000 0.00000000 1.85622638 0.10000000 
0.19000000 0.00000000 1.82728932 0.10000000 
0.20000000 0.00000000 1.78490479 0.10000000 
0.21000000 0.00000000 1.75401790 0.10000000 
0.22000000 0.00000000 1.72239731 0.10000000 
0.23000000 0.00000000 1.69012684 0.10000000 
0.24000000 0.00000000 1.65729232 0.10000000 
0.25000000 0.00000000 1.62398000 0.10000000 
0.26000000 0.00000000 1.59027512 0.10000000 
0.27000000 0.00000000 1.55602168 0.10000000 
0.28000000 0.00000000 1.52159893 0.10000000 
0.29000000 0.00000000 1.48705592 0.10000000 
0.30000000 0.00000000 1.45245978 0.10000000 
0.31000000 0.00000000 1.41811701 0.10000000 
0.32000000 0.00000000 1.38379042 0.10000000 
0.33000000 0.00000000 1.34953816 0.10000000 
0.34000000 0.00000000 1.31541476 0.10000000 
0.35000000 0.00000000 1.28147104 0.10000000 
0.36000000 0.00000000 1.24775421 0.10000000 
0.37000000 0.00000000 1.21430797 0.10000000 
0.38000000 0.00000000 1.18117735 0.10000000 
0.39000000 0.00000000 1.14839737 0.10000000 
0.40000000 0.00000000 1.11600098 0.10000000 
0.41000000 0.00000000 1.08401875 0.10000000 
0.42000000 0.00000000 1.05247413 0.10000000 
0.43000000 0.00000000 1.02139521 0.10000000 
0.44000000 0.00000000 0.99080756 0.10000000 
0.45000000 0.00000000 0.96073435 0.10000000 
0.46000000 0.00000000 0.93119645 0.10000000 
0.47000000 0.00000000 0.90221258 0.10000000 
0.48000000 0.00000000 0.87379936 0.10000000 
0.49000000 0.00000000 0.84597136 0.10000000 
0.50000000 0.00000000 0.81874132 0.10000000 
0.51000000 0.00000000 0.79212019 0.10000000 
0.52000000 0.00000000 0.76611723 0.10000000 
0.53000000 0.00000000 0.74074012 0.10000000 
0.54000000 0.00000000 0.71599491 0.10000000 
0.55000000 0.00000000 0.69188606 0.10000000 
0.56000000 0.00000000 0.66841657 0.10000000 
0.57000000 0.00000000 0.64558803 0.10000000 
0.58000000 0.00000000 0.62340071 0.10000000 
0.59000000 0.00000000 0.60185360 0.10000000 
0.60000000 0.00000000 0.58094456 0.10000000 
0.61000000 0.00000000 0.56067032 0.10000000 
0.62000000 0.00000000 0.54102659 0.10000000 
0.63000000 0.00000000 0.52200814 0.10000000 
0.64000000 0.00000000 0.50360883 0.10000000 
0.65000000 0.00000000 0.48582175 0.10000000 
0.66000000 0.00000000 0.46863923 0.10000000 
0.67000000 0.00000000 0.45205294 0.10000000 
0.68000000 0.00000000 0.43605396 0.10000000 
0.69000000 0.00000000 0.42063285 0.10000000 
0.70000000 0.00000000 0.40577970 0.10000000 
0.71000000 0.00000000 0.39148424 0.10000000 
0.72000000 0.00000000 0.37773585 0.10000000 
0.73000000 0.00000000 0.36452365 0.10000000 
0.74000000 0.00000000 0.35183657 0.10000000 
0.75000000 0.00000000 0.33966341 0.10000000 
0.76000000 0.00000000 0.32799287 0.10000000 
0.77000000 0.00000000 0.31681366 0.10000000 
0.78000000 0.00000000 0.30611450 0.10000000 
0.79000000 0.00000000 0.29588421 0.10000000 
0.80000000 0.00000000 0.28611175 0.10000000 
0.81000000 0.00000000 0.27678627 0.10000000 
0.82000000 0.00000000 0.26789718 0.10000000 
0.83000000 0.00000000 0.25943419 0.10000000 
0.84000000 0.00000000 0.25138737 0.10000000 
0.85000000 0.00000000 0.24374718 0.10000000 
0.86000000 0.00000000 0.23650456 0.10000000 
0.87000000 0.00000000 0.22965095 0.10000000 
0.88000000 0.00000000 0.22317803 0.10000000 
0.89000000 0.00000000 0.21707816 0.10000000 
0.90000000 0.00000000 0.21134427 0.10000000 
0.91000000 0.00000000 0.20596990 0.10000000 
0.92000000 0.00000000 0.20094995 0.10000000 
0.93000000 0.00000000 0.19627971 0.10000000 
0.94000000 0.00000000 0.19195542 0.10000000 
0.95000000 0.00000000 0.18797424 0.10000000 
0.96000000 0.00000000 0.18433436 0.10000000 
0.97000000 0.00000000 0.18103505 0.10000000 
0.98000000 0.00000000 0.17806040 0.10000000 
0.99000000 0.00000000 0.17541932 0.10000000 

