-1.00000000 0.00000000 0.10413366 0.10000000 
-0.99000000 0.00000000 0.10373794 0.10000000 
-0.98000000 0.00000000 0.10337977 0.10000000 
-0.97000000 0.00000000 0.10305633 0.10000000 
-0.96000000 0.00000000 0.10276481 0.10000000 
-0.95000000 0.00000000 0.10250267 0.10000000 
-0.94000000 0.00000000 0.10226774 0.10000000 
-0.93000000 0.00000000 0.10205819 0.10000000 
-0.92000000 0.00000000 0.10192262 0.10000000 
-0.91000000 0.00000000 0.10174791 0.10000000 
-0.90000000 0.00000000 0.10159834 0.10000000 
-0.89000000 0.00000000 0.10146901 0.10000000 
-0.88000000 0.00000000 0.10134393 0.10000000 
-0.87000000 0.00000000 0.10126474 0.10000000 
-0.86000000 0.00000000 0.10121254 0.10000000 
-0.85000000 0.00000000 0.10118710 0.10000000 
-0.84000000 0.00000000 0.10119162 0.10000000 
-0.83000000 0.00000000 0.10123027 0.10000000 
-0.82000000 0.00000000 0.10123190 0.10000000 
-0.81000000 0.00000000 0.10133228 0.10000000 
-0.80000000 0.00000000 0.10147744 0.10000000 
-0.79000000 0.00000000 0.10168116 0.10000000 
-0.78000000 0.00000000 0.10195402 0.10000000 
-0.77000000 0.00000000 0.10230657 0.10000000 
-0.76000000 0.00000000 0.10306473 0.10000000 
-0.75000000 0.00000000 0.10369879 0.10000000 
-0.74000000 0.00000000 0.10447754 0.10000000 
-0.73000000 0.00000000 0.10542653 0.10000000 
-0.72000000 0.00000000 0.10658000 0.10000000 
-0.71000000 0.00000000 0.10797616 0.10000000 
-0.70000000 0.00000000 0.10965680 0.10000000 
-0.69000000 0.00000000 0.11167159 0.10000000 
-0.68000000 0.00000000 0.11395749 0.10000000 
-0.67000000 0.00000000 0.11666036 0.10000000 
-0.66000000 0.00000000 0.11983943 0.10000000 
-0.65000000 0.00000000 0.12356300 0.10000000 
-0.64000000 0.00000000 0.12791923 0.10000000 
-0.63000000 0.00000000 0.13300051 0.10000000 
-0.62000000 0.00000000 0.13913695 0.10000000 
-0.61000000 0.00000000 0.14627539 0.10000000 
-0.60000000 0.00000000 0.15455729 0.10000000 
-0.59000000 0.00000000 0.16412303 0.10000000 
-0.58000000 0.00000000 0.16888209 0.10000000 
-0.57000000 0.00000000 0.18099389 0.10000000 
-0.56000000 0.00000000 0.19440274 0.10000000 
-0.55000000 0.00000000 0.20967755 0.10000000 
-0.54000000 0.00000000 0.22695560 0.10000000 
-0.53000000 0.00000000 0.24640273 0.10000000 
-0.52000000 0.00000000 0.27906675 0.10000000 
-0.51000000 0.00000000 0.30381510 0.10000000 
-0.50000000 0.00000000 0.33174247 0.10000000 
-0.49000000 0.00000000 0.36248883 0.10000000 
-0.48000000 0.00000000 0.39619468 0.10000000 
-0.47000000 0.00000000 0.43310967 0.10000000 
-0.46000000 0.00000000 0.47322131 0.10000000 
-0.45000000 0.00000000 0.51664403 0.10000000 
-0.44000000 0.00000000 0.56346501 0.10000000 
-0.43000000 0.00000000 0.61375041 0.10000000 
-0.42000000 0.00000000 0.64077608 0.10000000 
-0.41000000 0.00000000 0.69840931 0.10000000 
-0.40000000 0.00000000 0.78528501 0.10000000 
-0.39000000 0.00000000 0.84941691 0.10000000 
-0.38000000 0.00000000 0.91693076 0.10000000 
-0.37000000 0.00000000 0.98770513 0.10000000 
-0.36000000 0.00000000 1.06158212 0.10000000 
-0.35000000 0.00000000 1.13837351 0.10000000 
-0.34000000 0.00000000 1.21785892 0.10000000 
-0.33000000 0.00000000 1.29978776 0.10000000 
-0.32000000 0.00000000 1.38388123 0.10000000 
-0.31000000 0.00000000 1.47035520 0.10000000 
-0.30000000 0.00000000 1.55824828 0.10000000 
-0.29000000 0.00000000 1.64672389 0.10000000 
-0.28000000 0.00000000 1.73604310 0.10000000 
-0.27000000 0.00000000 1.82581971 0.10000000 
-0.26000000 0.00000000 1.91565323 0.10000000 
-0.25000000 0.00000000 2.00513251 0.10000000 
-0.24000000 0.00000000 2.09383920 0.10000000 
-0.23000000 0.00000000 2.18135155 0.10000000 
-0.22000000 0.00000000 2.26724809 0.10000000 
-0.21000000 0.00000000 2.35111144 0.10000000 
-0.20000000 0.00000000 2.43252186 0.10000000 
-0.19000000 0.00000000 2.51108540 0.10000000 
-0.18000000 0.00000000 2.58643184 0.10000000 
-0.17000000 0.00000000 2.65819439 0.10000000 
-0.16000000 0.00000000 2.72602797 0.10000000 
-0.15000000 0.00000000 2.78961217 0.10000000 
-0.14000000 0.00000000 2.84865435 0.10000000 
-0.13000000 0.00000000 2.90289162 0.10000000 
-0.12000000 0.00000000 2.95209285 0.10000000 
-0.11000000 0.00000000 2.99606018 0.10000000 
-0.10000000 0.00000000 3.03462971 0.10000000 
-0.09000000 0.00000000 3.06767262 0.10000000 
-0.08000000 0.00000000 3.09509509 0.10000000 
-0.07000000 0.00000000 3.11683798 0.10000000 
-0.06000000 0.00000000 3.13287662 0.10000000 
-0.05000000 0.00000000 3.14321980 0.10000000 
-0.04000000 0.00000000 3.14792908 0.10000000 
-0.03000000 0.00000000 3.14708269 0.10000000 
-0.02000000 0.00000000 3.14078985 0.10000000 
-0.01000000 0.00000000 3.12918730 0.10000000 
0.00000000 0.00000000 3.11241844 0.10000000 
0.01000000 0.00000000 3.09066033 0.10000000 
0.02000000 0.00000000 3.06410842 0.10000000 
0.03000000 0.00000000 3.03297373 0.10000000 
0.04000000 0.00000000 2.99748026 0.10000000 
0.05000000 0.00000000 2.95786241 0.10000000 
0.06000000 0.00000000 2.91514533 0.10000000 
0.07000000 0.00000000 2.86889357 0.10000000 
0.08000000 0.00000000 2.81941594 0.10000000 
0.09000000 0.00000000 2.76696577 0.10000000 
0.10000000 0.00000000 2.71108040 0.10000000 
0.11000000 0.00000000 2.65258686 0.10000000 
0.12000000 0.00000000 2.59171832 0.10000000 
0.13000000 0.00000000 2.52870559 0.10000000 
0.14000000 0.00000000 2.46377873 0.10000000 
0.15000000 0.00000000 2.39716878 0.10000000 
0.16000000 0.00000000 2.35900532 0.10000000 
0.17000000 0.00000000 2.28752758 0.10000000 
0.18000000 0.00000000 2.21725233 0.10000000 
0.19000000 0.00000000 2.14599325 0.10000000 
0.20000000 0.00000000 2.04642998 0.10000000 
0.21000000 0.00000000 1.97469233 0.10000000 
0.22000000 0.00000000 1.90299181 0.10000000 
0.23000000 0.00000000 1.83157239 0.10000000 
0.24000000 0.00000000 1.76066987 0.10000000 
0.25000000 0.00000000 1.69050847 0.10000000 
0.26000000 0.00000000 1.62129763 0.10000000 
0.27000000 0.00000000 1.55263937 0.10000000 
0.28000000 0.00000000 1.48546471 0.10000000 
0.29000000 0.00000000 1.41985540 0.10000000 
0.30000000 0.00000000 1.35593083 0.10000000 
0.31000000 0.00000000 1.29433245 0.10000000 
0.32000000 0.00000000 1.23446785 0.10000000 
0.33000000 0.00000000 1.17641297 0.10000000 
0.34000000 0.00000000 1.12022823 0.10000000 
0.35000000 0.00000000 1.06595921 0.10000000 
0.36000000 0.00000000 1.01363756 0.10000000 
0.37000000 0.00000000 0.96328212 0.10000000 
0.38000000 0.00000000 0.91491172 0.10000000 
0.39000000 0.00000000 0.86851731 0.10000000 
0.40000000 0.00000000 0.82408310 0.10000000 
0.41000000 0.00000000 0.78158614 0.10000000 
0.42000000 0.00000000 0.74098663 0.10000000 
0.43000000 0.00000000 0.70225493 0.10000000 
0.44000000 0.00000000 0.66535575 0.10000000 
0.45000000 0.00000000 0.63024892 0.10000000 
0.46000000 0.00000000 0.59689019 0.10000000 
0.47000000 0.00000000 0.56523192 0.10000000 
0.48000000 0.00000000 0.53522373 0.10000000 
0.49000000 0.00000000 0.50681284 0.10000000 
0.50000000 0.00000000 0.47994502 0.10000000 
0.51000000 0.00000000 0.45456493 0.10000000 
0.52000000 0.00000000 0.43061654 0.10000000 
0.53000000 0.00000000 0.40804363 0.10000000 
0.54000000 0.00000000 0.38678978 0.10000000 
0.55000000 0.00000000 0.36679869 0.10000000 
0.56000000 0.00000000 0.34801441 0.10000000 
0.57000000 0.00000000 0.33038167 0.10000000 
0.58000000 0.00000000 0.31384601 0.10000000 
0.59000000 0.00000000 0.29835399 0.10000000 
0.60000000 0.00000000 0.28385338 0.10000000 
0.61000000 0.00000000 0.27029323 0.10000000 
0.62000000 0.00000000 0.25762402 0.10000000 
0.63000000 0.00000000 0.24579773 0.10000000 
0.64000000 0.00000000 0.23476790 0.10000000 
0.65000000 0.00000000 0.22448971 0.10000000 
0.66000000 0.00000000 0.21491998 0.10000000 
0.67000000 0.00000000 0.20601725 0.10000000 
0.68000000 0.00000000 0.19774176 0.10000000 
0.69000000 0.00000000 0.19005545 0.10000000 
0.70000000 0.00000000 0.18292200 0.10000000 
0.71000000 0.00000000 0.17630673 0.10000000 
0.72000000 0.00000000 0.17017667 0.10000000 
0.73000000 0.00000000 0.16450048 0.10000000 
0.74000000 0.00000000 0.15924841 0.10000000 
0.75000000 0.00000000 0.15439228 0.10000000 
0.76000000 0.00000000 0.14990546 0.10000000 
0.77000000 0.00000000 0.14576274 0.10000000 
0.78000000 0.00000000 0.14194040 0.10000000 
0.79000000 0.00000000 0.13841604 0.10000000 
0.80000000 0.00000000 0.13516861 0.10000000 
0.81000000 0.00000000 0.13217834 0.10000000 
0.82000000 0.00000000 0.12942665 0.10000000 
0.83000000 0.00000000 0.12689612 0.10000000 
0.84000000 0.00000000 0.12457047 0.10000000 
0.85000000 0.00000000 0.12243445 0.10000000 
0.86000000 0.00000000 0.12047380 0.10000000 
0.87000000 0.00000000 0.11867523 0.10000000 
0.88000000 0.00000000 0.11702636 0.10000000 
0.89000000 0.00000000 0.11551566 0.10000000 
0.90000000 0.00000000 0.11413239 0.10000000 
0.91000000 0.00000000 0.11286657 0.10000000 
0.92000000 0.00000000 0.11170893 0.10000000 
0.93000000 0.00000000 0.11065089 0.10000000 
0.94000000 0.00000000 0.10968449 0.10000000 
0.95000000 0.00000000 0.10880236 0.10000000 
0.96000000 0.00000000 0.10799772 0.10000000 
0.97000000 0.00000000 0.10726430 0.10000000 
0.98000000 0.00000000 0.10659751 0.10000000 
0.99000000 0.00000000 0.10599089 0.10000000 

