-1.00000000 0.00000000 0.66012617 0.10000000 
-0.99000000 0.00000000 0.65978687 0.10000000 
-0.98000000 0.00000000 0.65974097 0.10000000 
-0.97000000 0.00000000 0.65996570 0.10000000 
-0.96000000 0.00000000 0.66046445 0.10000000 
-0.95000000 0.00000000 0.66123975 0.10000000 
-0.94000000 0.00000000 0.66229419 0.10000000 
-0.93000000 0.00000000 0.66363032 0.10000000 
-0.92000000 0.00000000 0.66423836 0.10000000 
-0.91000000 0.00000000 0.66603130 0.10000000 
-0.90000000 0.00000000 0.66803864 0.10000000 
-0.89000000 0.00000000 0.67032528 0.10000000 
-0.88000000 0.00000000 0.67422824 0.10000000 
-0.87000000 0.00000000 0.67717339 0.10000000 
-0.86000000 0.00000000 0.68045703 0.10000000 
-0.85000000 0.00000000 0.68403052 0.10000000 
-0.84000000 0.00000000 0.68789459 0.10000000 
-0.83000000 0.00000000 0.69204923 0.10000000 
-0.82000000 0.00000000 0.69432804 0.10000000 
-0.81000000 0.00000000 0.69910807 0.10000000 
-0.80000000 0.00000000 0.70403828 0.10000000 
-0.79000000 0.00000000 0.70925925 0.10000000 
-0.78000000 0.00000000 0.71475592 0.10000000 
-0.77000000 0.00000000 0.72051816 0.10000000 
-0.76000000 0.00000000 0.72910099 0.10000000 
-0.75000000 0.00000000 0.73542168 0.10000000 
-0.74000000 0.00000000 0.74197192 0.10000000 
-0.73000000 0.00000000 0.74873877 0.10000000 
-0.72000000 0.00000000 0.75571146 0.10000000 
-0.71000000 0.00000000 0.76292052 0.10000000 
-0.70000000 0.00000000 0.77030298 0.10000000 
-0.69000000 0.00000000 0.77785315 0.10000000 
-0.68000000 0.00000000 0.78546689 0.10000000 
-0.67000000 0.00000000 0.79322023 0.10000000 
-0.66000000 0.00000000 0.80110117 0.10000000 
-0.65000000 0.00000000 0.80905567 0.10000000 
-0.64000000 0.00000000 0.81714051 0.10000000 
-0.63000000 0.00000000 0.82535359 0.10000000 
-0.62000000 0.00000000 0.83378604 0.10000000 
-0.61000000 0.00000000 0.84236279 0.10000000 
-0.60000000 0.00000000 0.85108644 0.10000000 
-0.59000000 0.00000000 0.85995895 0.10000000 
-0.58000000 0.00000000 0.86506148 0.10000000 
-0.57000000 0.00000000 0.87447494 0.10000000 
-0.56000000 0.00000000 0.88375128 0.10000000 
-0.55000000 0.00000000 0.89319615 0.10000000 
-0.54000000 0.00000000 0.90278012 0.10000000 
-0.53000000 0.00000000 0.91249527 0.10000000 
-0.52000000 0.00000000 0.92606815 0.10000000 
-0.51000000 0.00000000 0.93590016 0.10000000 
-0.50000000 0.00000000 0.94588241 0.10000000 
-0.49000000 0.00000000 0.95592395 0.10000000 
-0.48000000 0.00000000 0.96600788 0.10000000 
-0.47000000 0.00000000 0.97619405 0.10000000 
-0.46000000 0.00000000 0.98636880 0.10000000 
-0.45000000 0.00000000 0.99652512 0.10000000 
-0.44000000 0.00000000 1.00664934 0.10000000 
-0.43000000 0.00000000 1.01672886 0.10000000 
-0.42000000 0.00000000 1.02263244 0.10000000 
-0.41000000 0.00000000 1.03291671 0.10000000 
-0.40000000 0.00000000 1.04646375 0.10000000 
-0.39000000 0.00000000 1.05620423 0.10000000 
-0.38000000 0.00000000 1.06585076 0.10000000 
-0.37000000 0.00000000 1.07538914 0.10000000 
-0.36000000 0.00000000 1.08480380 0.10000000 
-0.35000000 0.00000000 1.09408167 0.10000000 
-0.34000000 0.00000000 1.10320977 0.10000000 
-0.33000000 0.00000000 1.11217559 0.10000000 
-0.32000000 0.00000000 1.12096717 0.10000000 
-0.31000000 0.00000000 1.12965378 0.10000000 
-0.30000000 0.00000000 1.13812114 0.10000000 
-0.29000000 0.00000000 1.14629776 0.10000000 
-0.28000000 0.00000000 1.15426426 0.10000000 
-0.27000000 0.00000000 1.16201178 0.10000000 
-0.26000000 0.00000000 1.16953207 0.10000000 
-0.25000000 0.00000000 1.17681748 0.10000000 
-0.24000000 0.00000000 1.18386086 0.10000000 
-0.23000000 0.00000000 1.19065562 0.10000000 
-0.22000000 0.00000000 1.19719563 0.10000000 
-0.21000000 0.00000000 1.20347523 0.10000000 
-0.20000000 0.00000000 1.20948760 0.10000000 
-0.19000000 0.00000000 1.21522869 0.10000000 
-0.18000000 0.00000000 1.22069587 0.10000000 
-0.17000000 0.00000000 1.22588470 0.10000000 
-0.16000000 0.00000000 1.23079112 0.10000000 
-0.15000000 0.00000000 1.23541144 0.10000000 
-0.14000000 0.00000000 1.23974230 0.10000000 
-0.13000000 0.00000000 1.24378068 0.10000000 
-0.12000000 0.00000000 1.24752392 0.10000000 
-0.11000000 0.00000000 1.25096964 0.10000000 
-0.10000000 0.00000000 1.25411576 0.10000000 
-0.09000000 0.00000000 1.25696051 0.10000000 
-0.08000000 0.00000000 1.25950237 0.10000000 
-0.07000000 0.00000000 1.26174002 0.10000000 
-0.06000000 0.00000000 1.26367242 0.10000000 
-0.05000000 0.00000000 1.26529874 0.10000000 
-0.04000000 0.00000000 1.26661973 0.10000000 
-0.03000000 0.00000000 1.26763552 0.10000000 
-0.02000000 0.00000000 1.26834655 0.10000000 
-0.01000000 0.00000000 1.26875354 0.10000000 
0.00000000 0.00000000 1.26885589 0.10000000 
0.01000000 0.00000000 1.26865403 0.10000000 
0.02000000 0.00000000 1.26814841 0.10000000 
0.03000000 0.00000000 1.26733949 0.10000000 
0.04000000 0.00000000 1.26622770 0.10000000 
0.05000000 0.00000000 1.26481342 0.10000000 
0.06000000 0.00000000 1.26315339 0.10000000 
0.07000000 0.00000000 1.26120199 0.10000000 
0.08000000 0.00000000 1.25896409 0.10000000 
0.09000000 0.00000000 1.25644077 0.10000000 
0.10000000 0.00000000 1.25357053 0.10000000 
0.11000000 0.00000000 1.25040161 0.10000000 
0.12000000 0.00000000 1.24693337 0.10000000 
0.13000000 0.00000000 1.24316544 0.10000000 
0.14000000 0.00000000 1.23909803 0.10000000 
0.15000000 0.00000000 1.23473209 0.10000000 
0.16000000 0.00000000 1.23235977 0.10000000 
0.17000000 0.00000000 1.22734921 0.10000000 
0.18000000 0.00000000 1.22220879 0.10000000 
0.19000000 0.00000000 1.21676936 0.10000000 
0.20000000 0.00000000 1.20850759 0.10000000 
0.21000000 0.00000000 1.20243126 0.10000000 
0.22000000 0.00000000 1.19609901 0.10000000 
0.23000000 0.00000000 1.18952181 0.10000000 
0.24000000 0.00000000 1.18271137 0.10000000 
0.25000000 0.00000000 1.17567979 0.10000000 
0.26000000 0.00000000 1.16843939 0.10000000 
0.27000000 0.00000000 1.16095760 0.10000000 
0.28000000 0.00000000 1.15330159 0.10000000 
0.29000000 0.00000000 1.14547831 0.10000000 
0.30000000 0.00000000 1.13749840 0.10000000 
0.31000000 0.00000000 1.12942146 0.10000000 
0.32000000 0.00000000 1.12119857 0.10000000 
0.33000000 0.00000000 1.11283983 0.10000000 
0.34000000 0.00000000 1.10435510 0.10000000 
0.35000000 0.00000000 1.09575400 0.10000000 
0.36000000 0.00000000 1.08704593 0.10000000 
0.37000000 0.00000000 1.07824006 0.10000000 
0.38000000 0.00000000 1.06934625 0.10000000 
0.39000000 0.00000000 1.06037297 0.10000000 
0.40000000 0.00000000 1.05132869 0.10000000 
0.41000000 0.00000000 1.04222188 0.10000000 
0.42000000 0.00000000 1.03306000 0.10000000 
0.43000000 0.00000000 1.02385186 0.10000000 
0.44000000 0.00000000 1.01460619 0.10000000 
0.45000000 0.00000000 1.00533167 0.10000000 
0.46000000 0.00000000 0.99603688 0.10000000 
0.47000000 0.00000000 0.98673037 0.10000000 
0.48000000 0.00000000 0.97742064 0.10000000 
0.49000000 0.00000000 0.96811611 0.10000000 
0.50000000 0.00000000 0.95882516 0.10000000 
0.51000000 0.00000000 0.94955612 0.10000000 
0.52000000 0.00000000 0.94031729 0.10000000 
0.53000000 0.00000000 0.93111688 0.10000000 
0.54000000 0.00000000 0.92196307 0.10000000 
0.55000000 0.00000000 0.91286392 0.10000000 
0.56000000 0.00000000 0.90382741 0.10000000 
0.57000000 0.00000000 0.89486145 0.10000000 
0.58000000 0.00000000 0.88597382 0.10000000 
0.59000000 0.00000000 0.87717221 0.10000000 
0.60000000 0.00000000 0.86846420 0.10000000 
0.61000000 0.00000000 0.85985725 0.10000000 
0.62000000 0.00000000 0.85135872 0.10000000 
0.63000000 0.00000000 0.84297582 0.10000000 
0.64000000 0.00000000 0.83471563 0.10000000 
0.65000000 0.00000000 0.82658511 0.10000000 
0.66000000 0.00000000 0.81859107 0.10000000 
0.67000000 0.00000000 0.81074016 0.10000000 
0.68000000 0.00000000 0.80303891 0.10000000 
0.69000000 0.00000000 0.79549365 0.10000000 
0.70000000 0.00000000 0.78811060 0.10000000 
0.71000000 0.00000000 0.78089577 0.10000000 
0.72000000 0.00000000 0.77385504 0.10000000 
0.73000000 0.00000000 0.76699408 0.10000000 
0.74000000 0.00000000 0.76031842 0.10000000 
0.75000000 0.00000000 0.75383338 0.10000000 
0.76000000 0.00000000 0.74754411 0.10000000 
0.77000000 0.00000000 0.74145559 0.10000000 
0.78000000 0.00000000 0.73557257 0.10000000 
0.79000000 0.00000000 0.72989963 0.10000000 
0.80000000 0.00000000 0.72444113 0.10000000 
0.81000000 0.00000000 0.71920125 0.10000000 
0.82000000 0.00000000 0.71418395 0.10000000 
0.83000000 0.00000000 0.70939301 0.10000000 
0.84000000 0.00000000 0.70483201 0.10000000 
0.85000000 0.00000000 0.70050436 0.10000000 
0.86000000 0.00000000 0.69641325 0.10000000 
0.87000000 0.00000000 0.69256173 0.10000000 
0.88000000 0.00000000 0.68895208 0.10000000 
0.89000000 0.00000000 0.68558670 0.10000000 
0.90000000 0.00000000 0.68246775 0.10000000 
0.91000000 0.00000000 0.67959715 0.10000000 
0.92000000 0.00000000 0.67697742 0.10000000 
0.93000000 0.00000000 0.67461048 0.10000000 
0.94000000 0.00000000 0.67249819 0.10000000 
0.95000000 0.00000000 0.67064237 0.10000000 
0.96000000 0.00000000 0.66904480 0.10000000 
0.97000000 0.00000000 0.66770727 0.10000000 
0.98000000 0.00000000 0.66660717 0.10000000 
0.99000000 0.00000000 0.66576294 0.10000000 

