-1.00000000 0.00000000 0.53933909 0.10000000 
-0.99000000 0.00000000 0.53881591 0.10000000 
-0.98000000 0.00000000 0.53870000 0.10000000 
-0.97000000 0.00000000 0.53896041 0.10000000 
-0.96000000 0.00000000 0.53960242 0.10000000 
-0.95000000 0.00000000 0.54063012 0.10000000 
-0.94000000 0.00000000 0.54204773 0.10000000 
-0.93000000 0.00000000 0.54385944 0.10000000 
-0.92000000 0.00000000 0.54467611 0.10000000 
-0.91000000 0.00000000 0.54712528 0.10000000 
-0.90000000 0.00000000 0.54987794 0.10000000 
-0.89000000 0.00000000 0.55302360 0.10000000 
-0.88000000 0.00000000 0.55841980 0.10000000 
-0.87000000 0.00000000 0.56249697 0.10000000 
-0.86000000 0.00000000 0.56705369 0.10000000 
-0.85000000 0.00000000 0.57202227 0.10000000 
-0.84000000 0.00000000 0.57740465 0.10000000 
-0.83000000 0.00000000 0.58320168 0.10000000 
-0.82000000 0.00000000 0.58637463 0.10000000 
-0.81000000 0.00000000 0.59306052 0.10000000 
-0.80000000 0.00000000 0.59996654 0.10000000 
-0.79000000 0.00000000 0.60729090 0.10000000 
-0.78000000 0.00000000 0.61501329 0.10000000 
-0.77000000 0.00000000 0.62312018 0.10000000 
-0.76000000 0.00000000 0.63522866 0.10000000 
-0.75000000 0.00000000 0.64415153 0.10000000 
-0.74000000 0.00000000 0.65341052 0.10000000 
-0.73000000 0.00000000 0.66298805 0.10000000 
-0.72000000 0.00000000 0.67286967 0.10000000 
-0.71000000 0.00000000 0.68309878 0.10000000 
-0.70000000 0.00000000 0.69358771 0.10000000 
-0.69000000 0.00000000 0.70432895 0.10000000 
-0.68000000 0.00000000 0.71517265 0.10000000 
-0.67000000 0.00000000 0.72622937 0.10000000 
-0.66000000 0.00000000 0.73748238 0.10000000 
-0.65000000 0.00000000 0.74885557 0.10000000 
-0.64000000 0.00000000 0.76042956 0.10000000 
-0.63000000 0.00000000 0.77220168 0.10000000 
-0.62000000 0.00000000 0.78430490 0.10000000 
-0.61000000 0.00000000 0.79663030 0.10000000 
-0.60000000 0.00000000 0.80918190 0.10000000 
-0.59000000 0.00000000 0.82196266 0.10000000 
-0.58000000 0.00000000 0.82930332 0.10000000 
-0.57000000 0.00000000 0.84288868 0.10000000 
-0.56000000 0.00000000 0.85628992 0.10000000 
-0.55000000 0.00000000 0.86994861 0.10000000 
-0.54000000 0.00000000 0.88382199 0.10000000 
-0.53000000 0.00000000 0.89789825 0.10000000 
-0.52000000 0.00000000 0.91759593 0.10000000 
-0.51000000 0.00000000 0.93186833 0.10000000 
-0.50000000 0.00000000 0.94637084 0.10000000 
-0.49000000 0.00000000 0.96097008 0.10000000 
-0.48000000 0.00000000 0.97564097 0.10000000 
-0.47000000 0.00000000 0.99046945 0.10000000 
-0.46000000 0.00000000 1.00529049 0.10000000 
-0.45000000 0.00000000 1.02009319 0.10000000 
-0.44000000 0.00000000 1.03485697 0.10000000 
-0.43000000 0.00000000 1.04956277 0.10000000 
-0.42000000 0.00000000 1.05817183 0.10000000 
-0.41000000 0.00000000 1.07318851 0.10000000 
-0.40000000 0.00000000 1.09298259 0.10000000 
-0.39000000 0.00000000 1.10721510 0.10000000 
-0.38000000 0.00000000 1.12131371 0.10000000 
-0.37000000 0.00000000 1.13525687 0.10000000 
-0.36000000 0.00000000 1.14902104 0.10000000 
-0.35000000 0.00000000 1.16258627 0.10000000 
-0.34000000 0.00000000 1.17593278 0.10000000 
-0.33000000 0.00000000 1.18904144 0.10000000 
-0.32000000 0.00000000 1.20189399 0.10000000 
-0.31000000 0.00000000 1.21459087 0.10000000 
-0.30000000 0.00000000 1.22696427 0.10000000 
-0.29000000 0.00000000 1.23890886 0.10000000 
-0.28000000 0.00000000 1.25054181 0.10000000 
-0.27000000 0.00000000 1.26184952 0.10000000 
-0.26000000 0.00000000 1.27281924 0.10000000 
-0.25000000 0.00000000 1.28343915 0.10000000 
-0.24000000 0.00000000 1.29369824 0.10000000 
-0.23000000 0.00000000 1.30358630 0.10000000 
-0.22000000 0.00000000 1.31309388 0.10000000 
-0.21000000 0.00000000 1.32221226 0.10000000 
-0.20000000 0.00000000 1.33093105 0.10000000 
-0.19000000 0.00000000 1.33924397 0.10000000 
-0.18000000 0.00000000 1.34714686 0.10000000 
-0.17000000 0.00000000 1.35463301 0.10000000 
-0.16000000 0.00000000 1.36169628 0.10000000 
-0.15000000 0.00000000 1.36833110 0.10000000 
-0.14000000 0.00000000 1.37453250 0.10000000 
-0.13000000 0.00000000 1.38029605 0.10000000 
-0.12000000 0.00000000 1.38561786 0.10000000 
-0.11000000 0.00000000 1.39049455 0.10000000 
-0.10000000 0.00000000 1.39492324 0.10000000 
-0.09000000 0.00000000 1.39890152 0.10000000 
-0.08000000 0.00000000 1.40242743 0.10000000 
-0.07000000 0.00000000 1.40549936 0.10000000 
-0.06000000 0.00000000 1.40811614 0.10000000 
-0.05000000 0.00000000 1.41027695 0.10000000 
-0.04000000 0.00000000 1.41198344 0.10000000 
-0.03000000 0.00000000 1.41323629 0.10000000 
-0.02000000 0.00000000 1.41403675 0.10000000 
-0.01000000 0.00000000 1.41438645 0.10000000 
0.00000000 0.00000000 1.41428513 0.10000000 
0.01000000 0.00000000 1.41373409 0.10000000 
0.02000000 0.00000000 1.41273469 0.10000000 
0.03000000 0.00000000 1.41128833 0.10000000 
0.04000000 0.00000000 1.40939636 0.10000000 
0.05000000 0.00000000 1.40706013 0.10000000 
0.06000000 0.00000000 1.40436575 0.10000000 
0.07000000 0.00000000 1.40124510 0.10000000 
0.08000000 0.00000000 1.39770629 0.10000000 
0.09000000 0.00000000 1.39375169 0.10000000 
0.10000000 0.00000000 1.38929046 0.10000000 
0.11000000 0.00000000 1.38439545 0.10000000 
0.12000000 0.00000000 1.37906652 0.10000000 
0.13000000 0.00000000 1.37330395 0.10000000 
0.14000000 0.00000000 1.36710885 0.10000000 
0.15000000 0.00000000 1.36048349 0.10000000 
0.16000000 0.00000000 1.35686880 0.10000000 
0.17000000 0.00000000 1.34930424 0.10000000 
0.18000000 0.00000000 1.34156544 0.10000000 
0.19000000 0.00000000 1.33339839 0.10000000 
0.20000000 0.00000000 1.32105290 0.10000000 
0.21000000 0.00000000 1.31198309 0.10000000 
0.22000000 0.00000000 1.30255197 0.10000000 
0.23000000 0.00000000 1.29277658 0.10000000 
0.24000000 0.00000000 1.28267499 0.10000000 
0.25000000 0.00000000 1.27226585 0.10000000 
0.26000000 0.00000000 1.26156803 0.10000000 
0.27000000 0.00000000 1.25053301 0.10000000 
0.28000000 0.00000000 1.23926210 0.10000000 
0.29000000 0.00000000 1.22776594 0.10000000 
0.30000000 0.00000000 1.21606065 0.10000000 
0.31000000 0.00000000 1.20423509 0.10000000 
0.32000000 0.00000000 1.19221651 0.10000000 
0.33000000 0.00000000 1.18002006 0.10000000 
0.34000000 0.00000000 1.16766049 0.10000000 
0.35000000 0.00000000 1.15515210 0.10000000 
0.36000000 0.00000000 1.14250879 0.10000000 
0.37000000 0.00000000 1.12974407 0.10000000 
0.38000000 0.00000000 1.11687239 0.10000000 
0.39000000 0.00000000 1.10390606 0.10000000 
0.40000000 0.00000000 1.09085732 0.10000000 
0.41000000 0.00000000 1.07773835 0.10000000 
0.42000000 0.00000000 1.06455974 0.10000000 
0.43000000 0.00000000 1.05133407 0.10000000 
0.44000000 0.00000000 1.03807369 0.10000000 
0.45000000 0.00000000 1.02479081 0.10000000 
0.46000000 0.00000000 1.01149748 0.10000000 
0.47000000 0.00000000 0.99820562 0.10000000 
0.48000000 0.00000000 0.98492699 0.10000000 
0.49000000 0.00000000 0.97167321 0.10000000 
0.50000000 0.00000000 0.95845577 0.10000000 
0.51000000 0.00000000 0.94528607 0.10000000 
0.52000000 0.00000000 0.93217534 0.10000000 
0.53000000 0.00000000 0.91913474 0.10000000 
0.54000000 0.00000000 0.90617524 0.10000000 
0.55000000 0.00000000 0.89330768 0.10000000 
0.56000000 0.00000000 0.88054269 0.10000000 
0.57000000 0.00000000 0.86789077 0.10000000 
0.58000000 0.00000000 0.85536222 0.10000000 
0.59000000 0.00000000 0.84296719 0.10000000 
0.60000000 0.00000000 0.83071562 0.10000000 
0.61000000 0.00000000 0.81861728 0.10000000 
0.62000000 0.00000000 0.80668175 0.10000000 
0.63000000 0.00000000 0.79491840 0.10000000 
0.64000000 0.00000000 0.78333642 0.10000000 
0.65000000 0.00000000 0.77194478 0.10000000 
0.66000000 0.00000000 0.76075225 0.10000000 
0.67000000 0.00000000 0.74976739 0.10000000 
0.68000000 0.00000000 0.73899856 0.10000000 
0.69000000 0.00000000 0.72845389 0.10000000 
0.70000000 0.00000000 0.71814128 0.10000000 
0.71000000 0.00000000 0.70806844 0.10000000 
0.72000000 0.00000000 0.69824284 0.10000000 
0.73000000 0.00000000 0.68867171 0.10000000 
0.74000000 0.00000000 0.67936208 0.10000000 
0.75000000 0.00000000 0.67032074 0.10000000 
0.76000000 0.00000000 0.66155423 0.10000000 
0.77000000 0.00000000 0.65306889 0.10000000 
0.78000000 0.00000000 0.64487080 0.10000000 
0.79000000 0.00000000 0.63696579 0.10000000 
0.80000000 0.00000000 0.62935946 0.10000000 
0.81000000 0.00000000 0.62205713 0.10000000 
0.82000000 0.00000000 0.61506393 0.10000000 
0.83000000 0.00000000 0.60838473 0.10000000 
0.84000000 0.00000000 0.60202418 0.10000000 
0.85000000 0.00000000 0.59598672 0.10000000 
0.86000000 0.00000000 0.59027655 0.10000000 
0.87000000 0.00000000 0.58489770 0.10000000 
0.88000000 0.00000000 0.57985318 0.10000000 
0.89000000 0.00000000 0.57514623 0.10000000 
0.90000000 0.00000000 0.57077977 0.10000000 
0.91000000 0.00000000 0.56675645 0.10000000 
0.92000000 0.00000000 0.56307981 0.10000000 
0.93000000 0.00000000 0.55975255 0.10000000 
0.94000000 0.00000000 0.55677738 0.10000000 
0.95000000 0.00000000 0.55415698 0.10000000 
0.96000000 0.00000000 0.55189402 0.10000000 
0.97000000 0.00000000 0.54999123 0.10000000 
0.98000000 0.00000000 0.54841782 0.10000000 
0.99000000 0.00000000 0.54719932 0.10000000 

