-1.00000000 0.00000000 0.13798846 0.10000000 
-0.99000000 0.00000000 0.13609944 0.10000000 
-0.98000000 0.00000000 0.13438525 0.10000000 
-0.97000000 0.00000000 0.13284732 0.10000000 
-0.96000000 0.00000000 0.13148842 0.10000000 
-0.95000000 0.00000000 0.13031274 0.10000000 
-0.94000000 0.00000000 0.12932686 0.10000000 
-0.93000000 0.00000000 0.12853643 0.10000000 
-0.92000000 0.00000000 0.12795012 0.10000000 
-0.91000000 0.00000000 0.12758099 0.10000000 
-0.90000000 0.00000000 0.12744090 0.10000000 
-0.89000000 0.00000000 0.12754482 0.10000000 
-0.88000000 0.00000000 0.12791172 0.10000000 
-0.87000000 0.00000000 0.12855770 0.10000000 
-0.86000000 0.00000000 0.12950631 0.10000000 
-0.85000000 0.00000000 0.13078206 0.10000000 
-0.84000000 0.00000000 0.13241208 0.10000000 
-0.83000000 0.00000000 0.13442627 0.10000000 
-0.82000000 0.00000000 0.13685441 0.10000000 
-0.81000000 0.00000000 0.13973758 0.10000000 
-0.80000000 0.00000000 0.14311162 0.10000000 
-0.79000000 0.00000000 0.14701793 0.10000000 
-0.78000000 0.00000000 0.15150077 0.10000000 
-0.77000000 0.00000000 0.15660717 0.10000000 
-0.76000000 0.00000000 0.16238719 0.10000000 
-0.75000000 0.00000000 0.16889324 0.10000000 
-0.74000000 0.00000000 0.17618027 0.10000000 
-0.73000000 0.00000000 0.18430551 0.10000000 
-0.72000000 0.00000000 0.19333441 0.10000000 
-0.71000000 0.00000000 0.20331586 0.10000000 
-0.70000000 0.00000000 0.21431825 0.10000000 
-0.69000000 0.00000000 0.22640434 0.10000000 
-0.68000000 0.00000000 0.23963804 0.10000000 
-0.67000000 0.00000000 0.25408306 0.10000000 
-0.66000000 0.00000000 0.26980254 0.10000000 
-0.65000000 0.00000000 0.28685848 0.10000000 
-0.64000000 0.00000000 0.30530129 0.10000000 
-0.63000000 0.00000000 0.32520783 0.10000000 
-0.62000000 0.00000000 0.34662448 0.10000000 
-0.61000000 0.00000000 0.36959989 0.10000000 
-0.60000000 0.00000000 0.39418112 0.10000000 
-0.59000000 0.00000000 0.42041926 0.10000000 
-0.58000000 0.00000000 0.44831617 0.10000000 
-0.57000000 0.00000000 0.47793403 0.10000000 
-0.56000000 0.00000000 0.50928127 0.10000000 
-0.55000000 0.00000000 0.54237003 0.10000000 
-0.54000000 0.00000000 0.57720365 0.10000000 
-0.53000000 0.00000000 0.61377611 0.10000000 
-0.52000000 0.00000000 0.65207457 0.10000000 
-0.51000000 0.00000000 0.69206709 0.10000000 
-0.50000000 0.00000000 0.73371967 0.10000000 
-0.49000000 0.00000000 0.77698465 0.10000000 
-0.48000000 0.00000000 0.82180341 0.10000000 
-0.47000000 0.00000000 0.86810623 0.10000000 
-0.46000000 0.00000000 0.91582350 0.10000000 
-0.45000000 0.00000000 0.96484140 0.10000000 
-0.44000000 0.00000000 1.01506920 0.10000000 
-0.43000000 0.00000000 1.06639479 0.10000000 
-0.42000000 0.00000000 1.11868032 0.10000000 
-0.41000000 0.00000000 1.17182737 0.10000000 
-0.40000000 0.00000000 1.22568074 0.10000000 
-0.39000000 0.00000000 1.28009390 0.10000000 
-0.38000000 0.00000000 1.33491366 0.10000000 
-0.37000000 0.00000000 1.38998112 0.10000000 
-0.36000000 0.00000000 1.44513270 0.10000000 
-0.35000000 0.00000000 1.50020119 0.10000000 
-0.34000000 0.00000000 1.55503230 0.10000000 
-0.33000000 0.00000000 1.60942356 0.10000000 
-0.32000000 0.00000000 1.66321917 0.10000000 
-0.31000000 0.00000000 1.71624839 0.10000000 
-0.30000000 0.00000000 1.76834238 0.10000000 
-0.29000000 0.00000000 1.81932116 0.10000000 
-0.28000000 0.00000000 1.86906159 0.10000000 
-0.27000000 0.00000000 1.91737231 0.10000000 
-0.26000000 0.00000000 1.96411228 0.10000000 
-0.25000000 0.00000000 2.00913737 0.10000000 
-0.24000000 0.00000000 2.05231105 0.10000000 
-0.23000000 0.00000000 2.09350513 0.10000000 
-0.22000000 0.00000000 2.13260036 0.10000000 
-0.21000000 0.00000000 2.16948698 0.10000000 
-0.20000000 0.00000000 2.20406525 0.10000000 
-0.19000000 0.00000000 2.23624575 0.10000000 
-0.18000000 0.00000000 2.26594971 0.10000000 
-0.17000000 0.00000000 2.29310922 0.10000000 
-0.16000000 0.00000000 2.31765683 0.10000000 
-0.15000000 0.00000000 2.33956785 0.10000000 
-0.14000000 0.00000000 2.35879271 0.10000000 
-0.13000000 0.00000000 2.37531464 0.10000000 
-0.12000000 0.00000000 2.38912645 0.10000000 
-0.11000000 0.00000000 2.40020539 0.10000000 
-0.10000000 0.00000000 2.40856860 0.10000000 
-0.09000000 0.00000000 2.41423296 0.10000000 
-0.08000000 0.00000000 2.41722474 0.10000000 
-0.07000000 0.00000000 2.41757910 0.10000000 
-0.06000000 0.00000000 2.41533965 0.10000000 
-0.05000000 0.00000000 2.41055794 0.10000000 
-0.04000000 0.00000000 2.40329342 0.10000000 
-0.03000000 0.00000000 2.39361151 0.10000000 
-0.02000000 0.00000000 2.38158406 0.10000000 
-0.01000000 0.00000000 2.36728880 0.10000000 
0.00000000 0.00000000 2.35080856 0.10000000 
0.01000000 0.00000000 2.33223508 0.10000000 
0.02000000 0.00000000 2.31165038 0.10000000 
0.03000000 0.00000000 2.28915407 0.10000000 
0.04000000 0.00000000 2.26484367 0.10000000 
0.05000000 0.00000000 2.23881895 0.10000000 
0.06000000 0.00000000 2.21118145 0.10000000 
0.07000000 0.00000000 2.18203395 0.10000000 
0.08000000 0.00000000 2.15147995 0.10000000 
0.09000000 0.00000000 2.11962327 0.10000000 
0.10000000 0.00000000 2.08656754 0.10000000 
0.11000000 0.00000000 2.05240736 0.10000000 
0.12000000 0.00000000 2.01726193 0.10000000 
0.13000000 0.00000000 1.98122348 0.10000000 
0.14000000 0.00000000 1.94439115 0.10000000 
0.15000000 0.00000000 1.90686213 0.10000000 
0.16000000 0.00000000 1.86874259 0.10000000 
0.17000000 0.00000000 1.83010291 0.10000000 
0.18000000 0.00000000 1.79104378 0.10000000 
0.19000000 0.00000000 1.75165213 0.10000000 
0.20000000 0.00000000 1.71201181 0.10000000 
0.21000000 0.00000000 1.67220347 0.10000000 
0.22000000 0.00000000 1.63230445 0.10000000 
0.23000000 0.00000000 1.59238866 0.10000000 
0.24000000 0.00000000 1.55252652 0.10000000 
0.25000000 0.00000000 1.51278491 0.10000000 
0.26000000 0.00000000 1.47322068 0.10000000 
0.27000000 0.00000000 1.43390620 0.10000000 
0.28000000 0.00000000 1.39489133 0.10000000 
0.29000000 0.00000000 1.35622854 0.10000000 
0.30000000 0.00000000 1.31796677 0.10000000 
0.31000000 0.00000000 1.28015142 0.10000000 
0.32000000 0.00000000 1.24282443 0.10000000 
0.33000000 0.00000000 1.20602434 0.10000000 
0.34000000 0.00000000 1.16978636 0.10000000 
0.35000000 0.00000000 1.13414247 0.10000000 
0.36000000 0.00000000 1.09912147 0.10000000 
0.37000000 0.00000000 1.06474428 0.10000000 
0.38000000 0.00000000 1.03104362 0.10000000 
0.39000000 0.00000000 0.99803444 0.10000000 
0.40000000 0.00000000 0.96573402 0.10000000 
0.41000000 0.00000000 0.93416924 0.10000000 
0.42000000 0.00000000 0.90332759 0.10000000 
0.43000000 0.00000000 0.87323132 0.10000000 
0.44000000 0.00000000 0.84388798 0.10000000 
0.45000000 0.00000000 0.81530302 0.10000000 
0.46000000 0.00000000 0.78747209 0.10000000 
0.47000000 0.00000000 0.76041238 0.10000000 
0.48000000 0.00000000 0.73411579 0.10000000 
0.49000000 0.00000000 0.70858043 0.10000000 
0.50000000 0.00000000 0.68380288 0.10000000 
0.51000000 0.00000000 0.65977827 0.10000000 
0.52000000 0.00000000 0.63650044 0.10000000 
0.53000000 0.00000000 0.61396198 0.10000000 
0.54000000 0.00000000 0.59215437 0.10000000 
0.55000000 0.00000000 0.57106808 0.10000000 
0.56000000 0.00000000 0.55069265 0.10000000 
0.57000000 0.00000000 0.53101677 0.10000000 
0.58000000 0.00000000 0.51202843 0.10000000 
0.59000000 0.00000000 0.49371490 0.10000000 
0.60000000 0.00000000 0.47606292 0.10000000 
0.61000000 0.00000000 0.45905870 0.10000000 
0.62000000 0.00000000 0.44268627 0.10000000 
0.63000000 0.00000000 0.42693460 0.10000000 
0.64000000 0.00000000 0.41178700 0.10000000 
0.65000000 0.00000000 0.39722835 0.10000000 
0.66000000 0.00000000 0.38324335 0.10000000 
0.67000000 0.00000000 0.36982299 0.10000000 
0.68000000 0.00000000 0.35693874 0.10000000 
0.69000000 0.00000000 0.34458171 0.10000000 
0.70000000 0.00000000 0.33273640 0.10000000 
0.71000000 0.00000000 0.32138292 0.10000000 
0.72000000 0.00000000 0.31051499 0.10000000 
0.73000000 0.00000000 0.30011282 0.10000000 
0.74000000 0.00000000 0.29016139 0.10000000 
0.75000000 0.00000000 0.28064587 0.10000000 
0.76000000 0.00000000 0.27155171 0.10000000 
0.77000000 0.00000000 0.26286458 0.10000000 
0.78000000 0.00000000 0.25456974 0.10000000 
0.79000000 0.00000000 0.24665500 0.10000000 
0.80000000 0.00000000 0.23910623 0.10000000 
0.81000000 0.00000000 0.23191045 0.10000000 
0.82000000 0.00000000 0.22505508 0.10000000 
0.83000000 0.00000000 0.21852796 0.10000000 
0.84000000 0.00000000 0.21231738 0.10000000 
0.85000000 0.00000000 0.20641211 0.10000000 
0.86000000 0.00000000 0.20080142 0.10000000 
0.87000000 0.00000000 0.19547511 0.10000000 
0.88000000 0.00000000 0.19042355 0.10000000 
0.89000000 0.00000000 0.18563772 0.10000000 
0.90000000 0.00000000 0.18110920 0.10000000 
0.91000000 0.00000000 0.17683028 0.10000000 
0.92000000 0.00000000 0.17279597 0.10000000 
0.93000000 0.00000000 0.16899583 0.10000000 
0.94000000 0.00000000 0.16542658 0.10000000 
0.95000000 0.00000000 0.16208363 0.10000000 
0.96000000 0.00000000 0.15896332 0.10000000 
0.97000000 0.00000000 0.15606139 0.10000000 
0.98000000 0.00000000 0.15337937 0.10000000 
0.99000000 0.00000000 0.15091510 0.10000000 

