-1.00000000 0.00000000 0.19043459 0.10000000 
-0.99000000 0.00000000 0.19057915 0.10000000 
-0.98000000 0.00000000 0.19101289 0.10000000 
-0.97000000 0.00000000 0.19173602 0.10000000 
-0.96000000 0.00000000 0.19274888 0.10000000 
-0.95000000 0.00000000 0.19405197 0.10000000 
-0.94000000 0.00000000 0.19564588 0.10000000 
-0.93000000 0.00000000 0.19753134 0.10000000 
-0.92000000 0.00000000 0.19970920 0.10000000 
-0.91000000 0.00000000 0.20218039 0.10000000 
-0.90000000 0.00000000 0.20494595 0.10000000 
-0.89000000 0.00000000 0.20800699 0.10000000 
-0.88000000 0.00000000 0.21136468 0.10000000 
-0.87000000 0.00000000 0.21502026 0.10000000 
-0.86000000 0.00000000 0.21897497 0.10000000 
-0.85000000 0.00000000 0.22323008 0.10000000 
-0.84000000 0.00000000 0.22778686 0.10000000 
-0.83000000 0.00000000 0.23264655 0.10000000 
-0.82000000 0.00000000 0.23781033 0.10000000 
-0.81000000 0.00000000 0.24327934 0.10000000 
-0.80000000 0.00000000 0.24905459 0.10000000 
-0.79000000 0.00000000 0.25513701 0.10000000 
-0.78000000 0.00000000 0.26152738 0.10000000 
-0.77000000 0.00000000 0.26822629 0.10000000 
-0.76000000 0.00000000 0.27523418 0.10000000 
-0.75000000 0.00000000 0.28255125 0.10000000 
-0.74000000 0.00000000 0.29017745 0.10000000 
-0.73000000 0.00000000 0.29811249 0.10000000 
-0.72000000 0.00000000 0.30635576 0.10000000 
-0.71000000 0.00000000 0.31490633 0.10000000 
-0.70000000 0.00000000 0.32376294 0.10000000 
-0.69000000 0.00000000 0.33292395 0.10000000 
-0.68000000 0.00000000 0.34238730 0.10000000 
-0.67000000 0.00000000 0.35215055 0.10000000 
-0.66000000 0.00000000 0.36221077 0.10000000 
-0.65000000 0.00000000 0.37256458 0.10000000 
-0.64000000 0.00000000 0.38320810 0.10000000 
-0.63000000 0.00000000 0.39413695 0.10000000 
-0.62000000 0.00000000 0.40534620 0.10000000 
-0.61000000 0.00000000 0.41683036 0.10000000 
-0.60000000 0.00000000 0.42858338 0.10000000 
-0.59000000 0.00000000 0.44059863 0.10000000 
-0.58000000 0.00000000 0.45286885 0.10000000 
-0.57000000 0.00000000 0.46538620 0.10000000 
-0.56000000 0.00000000 0.47814219 0.10000000 
-0.55000000 0.00000000 0.49112770 0.10000000 
-0.54000000 0.00000000 0.50433297 0.10000000 
-0.53000000 0.00000000 0.51774760 0.10000000 
-0.52000000 0.00000000 0.53136052 0.10000000 
-0.51000000 0.00000000 0.54516004 0.10000000 
-0.50000000 0.00000000 0.55913381 0.10000000 
-0.49000000 0.00000000 0.57326881 0.10000000 
-0.48000000 0.00000000 0.58755144 0.10000000 
-0.47000000 0.00000000 0.60196742 0.10000000 
-0.46000000 0.00000000 0.61650190 0.10000000 
-0.45000000 0.00000000 0.63113938 0.10000000 
-0.44000000 0.00000000 0.64586383 0.10000000 
-0.43000000 0.00000000 0.66065863 0.10000000 
-0.42000000 0.00000000 0.67550661 0.10000000 
-0.41000000 0.00000000 0.69039010 0.10000000 
-0.40000000 0.00000000 0.70529094 0.10000000 
-0.39000000 0.00000000 0.72019050 0.10000000 
-0.38000000 0.00000000 0.73506974 0.10000000 
-0.37000000 0.00000000 0.74990921 0.10000000 
-0.36000000 0.00000000 0.76468911 0.10000000 
-0.35000000 0.00000000 0.77938933 0.10000000 
-0.34000000 0.00000000 0.79398947 0.10000000 
-0.33000000 0.00000000 0.80846890 0.10000000 
-0.32000000 0.00000000 0.82280681 0.10000000 
-0.31000000 0.00000000 0.83698224 0.10000000 
-0.30000000 0.00000000 0.85097413 0.10000000 
-0.29000000 0.00000000 0.86476138 0.10000000 
-0.28000000 0.00000000 0.87832289 0.10000000 
-0.27000000 0.00000000 0.89163763 0.10000000 
-0.26000000 0.00000000 0.90468465 0.10000000 
-0.25000000 0.00000000 0.91744318 0.10000000 
-0.24000000 0.00000000 0.92989266 0.10000000 
-0.23000000 0.00000000 0.94201279 0.10000000 
-0.22000000 0.00000000 0.95378361 0.10000000 
-0.21000000 0.00000000 0.96518551 0.10000000 
-0.20000000 0.00000000 0.97619932 0.10000000 
-0.19000000 0.00000000 0.98680635 0.10000000 
-0.18000000 0.00000000 0.99698845 0.10000000 
-0.17000000 0.00000000 1.00672803 0.10000000 
-0.16000000 0.00000000 1.01600816 0.10000000 
-0.15000000 0.00000000 1.02481257 0.10000000 
-0.14000000 0.00000000 1.03312573 0.10000000 
-0.13000000 0.00000000 1.04093288 0.10000000 
-0.12000000 0.00000000 1.04822008 0.10000000 
-0.11000000 0.00000000 1.05497424 0.10000000 
-0.10000000 0.00000000 1.06118318 0.10000000 
-0.09000000 0.00000000 1.06683563 0.10000000 
-0.08000000 0.00000000 1.07192132 0.10000000 
-0.07000000 0.00000000 1.07643094 0.10000000 
-0.06000000 0.00000000 1.08035623 0.10000000 
-0.05000000 0.00000000 1.08368997 0.10000000 
-0.04000000 0.00000000 1.08642602 0.10000000 
-0.03000000 0.00000000 1.08855933 0.10000000 
-0.02000000 0.00000000 1.09008595 0.10000000 
-0.01000000 0.00000000 1.09100306 0.10000000 
0.00000000 0.00000000 1.09130895 0.10000000 
0.01000000 0.00000000 1.09100306 0.10000000 
0.02000000 0.00000000 1.09008595 0.10000000 
0.03000000 0.00000000 1.08855933 0.10000000 
0.04000000 0.00000000 1.08642602 0.10000000 
0.05000000 0.00000000 1.08368997 0.10000000 
0.06000000 0.00000000 1.08035623 0.10000000 
0.07000000 0.00000000 1.07643094 0.10000000 
0.08000000 0.00000000 1.07192132 0.10000000 
0.09000000 0.00000000 1.06683563 0.10000000 
0.10000000 0.00000000 1.06118318 0.10000000 
0.11000000 0.00000000 1.05497424 0.10000000 
0.12000000 0.00000000 1.04822008 0.10000000 
0.13000000 0.00000000 1.04093288 0.10000000 
0.14000000 0.00000000 1.03312573 0.10000000 
0.15000000 0.00000000 1.02481257 0.10000000 
0.16000000 0.00000000 1.01600816 0.10000000 
0.17000000 0.00000000 1.00672803 0.10000000 
0.18000000 0.00000000 0.99698845 0.10000000 
0.19000000 0.00000000 0.98680635 0.10000000 
0.20000000 0.00000000 0.97619932 0.10000000 
0.21000000 0.00000000 0.96518551 0.10000000 
0.22000000 0.00000000 0.95378361 0.10000000 
0.23000000 0.00000000 0.94201279 0.10000000 
0.24000000 0.00000000 0.92989266 0.10000000 
0.25000000 0.00000000 0.91744318 0.10000000 
0.26000000 0.00000000 0.90468465 0.10000000 
0.27000000 0.00000000 0.89163763 0.10000000 
0.28000000 0.00000000 0.87832289 0.10000000 
0.29000000 0.00000000 0.86476138 0.10000000 
0.30000000 0.00000000 0.85097413 0.10000000 
0.31000000 0.00000000 0.83698224 0.10000000 
0.32000000 0.00000000 0.82280681 0.10000000 
0.33000000 0.00000000 0.80846890 0.10000000 
0.34000000 0.00000000 0.79398947 0.10000000 
0.35000000 0.00000000 0.77938933 0.10000000 
0.36000000 0.00000000 0.76468911 0.10000000 
0.37000000 0.00000000 0.74990921 0.10000000 
0.38000000 0.00000000 0.73506974 0.10000000 
0.39000000 0.00000000 0.72019050 0.10000000 
0.40000000 0.00000000 0.70529094 0.10000000 
0.41000000 0.00000000 0.69039010 0.10000000 
0.42000000 0.00000000 0.67550661 0.10000000 
0.43000000 0.00000000 0.66065863 0.10000000 
0.44000000 0.00000000 0.64586383 0.10000000 
0.45000000 0.00000000 0.63113938 0.10000000 
0.46000000 0.00000000 0.61650190 0.10000000 
0.47000000 0.00000000 0.60196742 0.10000000 
0.48000000 0.00000000 0.58755144 0.10000000 
0.49000000 0.00000000 0.57326881 0.10000000 
0.50000000 0.00000000 0.55913381 0.10000000 
0.51000000 0.00000000 0.54516004 0.10000000 
0.52000000 0.00000000 0.53136052 0.10000000 
0.53000000 0.00000000 0.51774760 0.10000000 
0.54000000 0.00000000 0.50433297 0.10000000 
0.55000000 0.00000000 0.49112770 0.10000000 
0.56000000 0.00000000 0.47814219 0.10000000 
0.57000000 0.00000000 0.46538620 0.10000000 
0.58000000 0.00000000 0.45286885 0.10000000 
0.59000000 0.00000000 0.44059863 0.10000000 
0.60000000 0.00000000 0.42858338 0.10000000 
0.61000000 0.00000000 0.41683036 0.10000000 
0.62000000 0.00000000 0.40534620 0.10000000 
0.63000000 0.00000000 0.39413695 0.10000000 
0.64000000 0.00000000 0.38320810 0.10000000 
0.65000000 0.00000000 0.37256458 0.10000000 
0.66000000 0.00000000 0.36221077 0.10000000 
0.67000000 0.00000000 0.35215055 0.10000000 
0.68000000 0.00000000 0.34238730 0.10000000 
0.69000000 0.00000000 0.33292395 0.10000000 
0.70000000 0.00000000 0.32376294 0.10000000 
0.71000000 0.00000000 0.31490633 0.10000000 
0.72000000 0.00000000 0.30635576 0.10000000 
0.73000000 0.00000000 0.29811249 0.10000000 
0.74000000 0.00000000 0.29017745 0.10000000 
0.75000000 0.00000000 0.28255125 0.10000000 
0.76000000 0.00000000 0.27523418 0.10000000 
0.77000000 0.00000000 0.26822629 0.10000000 
0.78000000 0.00000000 0.26152738 0.10000000 
0.79000000 0.00000000 0.25513701 0.10000000 
0.80000000 0.00000000 0.24905459 0.10000000 
0.81000000 0.00000000 0.24327934 0.10000000 
0.82000000 0.00000000 0.23781033 0.10000000 
0.83000000 0.00000000 0.23264655 0.10000000 
0.84000000 0.00000000 0.22778686 0.10000000 
0.85000000 0.00000000 0.22323008 0.10000000 
0.86000000 0.00000000 0.21897497 0.10000000 
0.87000000 0.00000000 0.21502026 0.10000000 
0.88000000 0.00000000 0.21136468 0.10000000 
0.89000000 0.00000000 0.20800699 0.10000000 
0.90000000 0.00000000 0.20494595 0.10000000 
0.91000000 0.00000000 0.20218039 0.10000000 
0.92000000 0.00000000 0.19970920 0.10000000 
0.93000000 0.00000000 0.19753134 0.10000000 
0.94000000 0.00000000 0.19564588 0.10000000 
0.95000000 0.00000000 0.19405197 0.10000000 
0.96000000 0.00000000 0.19274888 0.10000000 
0.97000000 0.00000000 0.19173602 0.10000000 
0.98000000 0.00000000 0.19101289 0.10000000 
0.99000000 0.00000000 0.19057915 0.10000000 

