-1.00000000 0.00000000 0.46365193 0.10000000 
-0.99000000 0.00000000 0.46294235 0.10000000 
-0.98000000 0.00000000 0.46270014 0.10000000 
-0.97000000 0.00000000 0.46289093 0.10000000 
-0.96000000 0.00000000 0.46352143 0.10000000 
-0.95000000 0.00000000 0.46459704 0.10000000 
-0.94000000 0.00000000 0.46612336 0.10000000 
-0.93000000 0.00000000 0.46810601 0.10000000 
-0.92000000 0.00000000 0.46898392 0.10000000 
-0.91000000 0.00000000 0.47170177 0.10000000 
-0.90000000 0.00000000 0.47477687 0.10000000 
-0.89000000 0.00000000 0.47830984 0.10000000 
-0.88000000 0.00000000 0.48441960 0.10000000 
-0.87000000 0.00000000 0.48904464 0.10000000 
-0.86000000 0.00000000 0.49423265 0.10000000 
-0.85000000 0.00000000 0.49990598 0.10000000 
-0.84000000 0.00000000 0.50606812 0.10000000 
-0.83000000 0.00000000 0.51272132 0.10000000 
-0.82000000 0.00000000 0.51635202 0.10000000 
-0.81000000 0.00000000 0.52405196 0.10000000 
-0.80000000 0.00000000 0.53202129 0.10000000 
-0.79000000 0.00000000 0.54049084 0.10000000 
-0.78000000 0.00000000 0.54943822 0.10000000 
-0.77000000 0.00000000 0.55884878 0.10000000 
-0.76000000 0.00000000 0.57295561 0.10000000 
-0.75000000 0.00000000 0.58335991 0.10000000 
-0.74000000 0.00000000 0.59417453 0.10000000 
-0.73000000 0.00000000 0.60538001 0.10000000 
-0.72000000 0.00000000 0.61696068 0.10000000 
-0.71000000 0.00000000 0.62896757 0.10000000 
-0.70000000 0.00000000 0.64130032 0.10000000 
-0.69000000 0.00000000 0.65395102 0.10000000 
-0.68000000 0.00000000 0.66674058 0.10000000 
-0.67000000 0.00000000 0.67980294 0.10000000 
-0.66000000 0.00000000 0.69311891 0.10000000 
-0.65000000 0.00000000 0.70660016 0.10000000 
-0.64000000 0.00000000 0.72034139 0.10000000 
-0.63000000 0.00000000 0.73434011 0.10000000 
-0.62000000 0.00000000 0.74875811 0.10000000 
-0.61000000 0.00000000 0.76346397 0.10000000 
-0.60000000 0.00000000 0.77846305 0.10000000 
-0.59000000 0.00000000 0.79375918 0.10000000 
-0.58000000 0.00000000 0.80252984 0.10000000 
-0.57000000 0.00000000 0.81882826 0.10000000 
-0.56000000 0.00000000 0.83492748 0.10000000 
-0.55000000 0.00000000 0.85135813 0.10000000 
-0.54000000 0.00000000 0.86806862 0.10000000 
-0.53000000 0.00000000 0.88504444 0.10000000 
-0.52000000 0.00000000 0.90885173 0.10000000 
-0.51000000 0.00000000 0.92610824 0.10000000 
-0.50000000 0.00000000 0.94366329 0.10000000 
-0.49000000 0.00000000 0.96135342 0.10000000 
-0.48000000 0.00000000 0.97914773 0.10000000 
-0.47000000 0.00000000 0.99714886 0.10000000 
-0.46000000 0.00000000 1.01515752 0.10000000 
-0.45000000 0.00000000 1.03315961 0.10000000 
-0.44000000 0.00000000 1.05112933 0.10000000 
-0.43000000 0.00000000 1.06904263 0.10000000 
-0.42000000 0.00000000 1.07952104 0.10000000 
-0.41000000 0.00000000 1.09783711 0.10000000 
-0.40000000 0.00000000 1.12201108 0.10000000 
-0.39000000 0.00000000 1.13939540 0.10000000 
-0.38000000 0.00000000 1.15662560 0.10000000 
-0.37000000 0.00000000 1.17367432 0.10000000 
-0.36000000 0.00000000 1.19051178 0.10000000 
-0.35000000 0.00000000 1.20711250 0.10000000 
-0.34000000 0.00000000 1.22345118 0.10000000 
-0.33000000 0.00000000 1.23950335 0.10000000 
-0.32000000 0.00000000 1.25524554 0.10000000 
-0.31000000 0.00000000 1.27079941 0.10000000 
-0.30000000 0.00000000 1.28595882 0.10000000 
-0.29000000 0.00000000 1.30059381 0.10000000 
-0.28000000 0.00000000 1.31484665 0.10000000 
-0.27000000 0.00000000 1.32869967 0.10000000 
-0.26000000 0.00000000 1.34213633 0.10000000 
-0.25000000 0.00000000 1.35514121 0.10000000 
-0.24000000 0.00000000 1.36769995 0.10000000 
-0.23000000 0.00000000 1.37979921 0.10000000 
-0.22000000 0.00000000 1.39142662 0.10000000 
-0.21000000 0.00000000 1.40257073 0.10000000 
-0.20000000 0.00000000 1.41321819 0.10000000 
-0.19000000 0.00000000 1.42336063 0.10000000 
-0.18000000 0.00000000 1.43299240 0.10000000 
-0.17000000 0.00000000 1.44210477 0.10000000 
-0.16000000 0.00000000 1.45068978 0.10000000 
-0.15000000 0.00000000 1.45874024 0.10000000 
-0.14000000 0.00000000 1.46624975 0.10000000 
-0.13000000 0.00000000 1.47321265 0.10000000 
-0.12000000 0.00000000 1.47962401 0.10000000 
-0.11000000 0.00000000 1.48547962 0.10000000 
-0.10000000 0.00000000 1.49077591 0.10000000 
-0.09000000 0.00000000 1.49550999 0.10000000 
-0.08000000 0.00000000 1.49967957 0.10000000 
-0.07000000 0.00000000 1.50328289 0.10000000 
-0.06000000 0.00000000 1.50631874 0.10000000 
-0.05000000 0.00000000 1.50878647 0.10000000 
-0.04000000 0.00000000 1.51068855 0.10000000 
-0.03000000 0.00000000 1.51202627 0.10000000 
-0.02000000 0.00000000 1.51280168 0.10000000 
-0.01000000 0.00000000 1.51301740 0.10000000 
0.00000000 0.00000000 1.51267369 0.10000000 
0.01000000 0.00000000 1.51177283 0.10000000 
0.02000000 0.00000000 1.51031723 0.10000000 
0.03000000 0.00000000 1.50830933 0.10000000 
0.04000000 0.00000000 1.50575164 0.10000000 
0.05000000 0.00000000 1.50264663 0.10000000 
0.06000000 0.00000000 1.49910283 0.10000000 
0.07000000 0.00000000 1.49503567 0.10000000 
0.08000000 0.00000000 1.49045613 0.10000000 
0.09000000 0.00000000 1.48536803 0.10000000 
0.10000000 0.00000000 1.47965957 0.10000000 
0.11000000 0.00000000 1.47342228 0.10000000 
0.12000000 0.00000000 1.46665693 0.10000000 
0.13000000 0.00000000 1.45936490 0.10000000 
0.14000000 0.00000000 1.45154853 0.10000000 
0.15000000 0.00000000 1.44321164 0.10000000 
0.16000000 0.00000000 1.43864959 0.10000000 
0.17000000 0.00000000 1.42916680 0.10000000 
0.18000000 0.00000000 1.41948643 0.10000000 
0.19000000 0.00000000 1.40929152 0.10000000 
0.20000000 0.00000000 1.39393893 0.10000000 
0.21000000 0.00000000 1.38267024 0.10000000 
0.22000000 0.00000000 1.37097356 0.10000000 
0.23000000 0.00000000 1.35887094 0.10000000 
0.24000000 0.00000000 1.34638563 0.10000000 
0.25000000 0.00000000 1.33354161 0.10000000 
0.26000000 0.00000000 1.32036305 0.10000000 
0.27000000 0.00000000 1.30678991 0.10000000 
0.28000000 0.00000000 1.29294939 0.10000000 
0.29000000 0.00000000 1.27885515 0.10000000 
0.30000000 0.00000000 1.26452765 0.10000000 
0.31000000 0.00000000 1.25007738 0.10000000 
0.32000000 0.00000000 1.23541438 0.10000000 
0.33000000 0.00000000 1.22055774 0.10000000 
0.34000000 0.00000000 1.20552593 0.10000000 
0.35000000 0.00000000 1.19033682 0.10000000 
0.36000000 0.00000000 1.17500769 0.10000000 
0.37000000 0.00000000 1.15955524 0.10000000 
0.38000000 0.00000000 1.14399731 0.10000000 
0.39000000 0.00000000 1.12834891 0.10000000 
0.40000000 0.00000000 1.11262496 0.10000000 
0.41000000 0.00000000 1.09684016 0.10000000 
0.42000000 0.00000000 1.08100722 0.10000000 
0.43000000 0.00000000 1.06514118 0.10000000 
0.44000000 0.00000000 1.04925676 0.10000000 
0.45000000 0.00000000 1.03336842 0.10000000 
0.46000000 0.00000000 1.01749032 0.10000000 
0.47000000 0.00000000 1.00163639 0.10000000 
0.48000000 0.00000000 0.98582032 0.10000000 
0.49000000 0.00000000 0.97005551 0.10000000 
0.50000000 0.00000000 0.95435519 0.10000000 
0.51000000 0.00000000 0.93873233 0.10000000 
0.52000000 0.00000000 0.92319971 0.10000000 
0.53000000 0.00000000 0.90776991 0.10000000 
0.54000000 0.00000000 0.89245524 0.10000000 
0.55000000 0.00000000 0.87726779 0.10000000 
0.56000000 0.00000000 0.86221935 0.10000000 
0.57000000 0.00000000 0.84732150 0.10000000 
0.58000000 0.00000000 0.83258553 0.10000000 
0.59000000 0.00000000 0.81802250 0.10000000 
0.60000000 0.00000000 0.80364320 0.10000000 
0.61000000 0.00000000 0.78945816 0.10000000 
0.62000000 0.00000000 0.77547767 0.10000000 
0.63000000 0.00000000 0.76171174 0.10000000 
0.64000000 0.00000000 0.74817012 0.10000000 
0.65000000 0.00000000 0.73486231 0.10000000 
0.66000000 0.00000000 0.72179755 0.10000000 
0.67000000 0.00000000 0.70898482 0.10000000 
0.68000000 0.00000000 0.69643285 0.10000000 
0.69000000 0.00000000 0.68415010 0.10000000 
0.70000000 0.00000000 0.67214479 0.10000000 
0.71000000 0.00000000 0.66042488 0.10000000 
0.72000000 0.00000000 0.64899808 0.10000000 
0.73000000 0.00000000 0.63787185 0.10000000 
0.74000000 0.00000000 0.62705341 0.10000000 
0.75000000 0.00000000 0.61654972 0.10000000 
0.76000000 0.00000000 0.60636752 0.10000000 
0.77000000 0.00000000 0.59651329 0.10000000 
0.78000000 0.00000000 0.58699327 0.10000000 
0.79000000 0.00000000 0.57781345 0.10000000 
0.80000000 0.00000000 0.56897958 0.10000000 
0.81000000 0.00000000 0.56049715 0.10000000 
0.82000000 0.00000000 0.55237145 0.10000000 
0.83000000 0.00000000 0.54460754 0.10000000 
0.84000000 0.00000000 0.53721026 0.10000000 
0.85000000 0.00000000 0.53018426 0.10000000 
0.86000000 0.00000000 0.52353398 0.10000000 
0.87000000 0.00000000 0.51726371 0.10000000 
0.88000000 0.00000000 0.51137665 0.10000000 
0.89000000 0.00000000 0.50587629 0.10000000 
0.90000000 0.00000000 0.50076585 0.10000000 
0.91000000 0.00000000 0.49604826 0.10000000 
0.92000000 0.00000000 0.49172751 0.10000000 
0.93000000 0.00000000 0.48780674 0.10000000 
0.94000000 0.00000000 0.48428913 0.10000000 
0.95000000 0.00000000 0.48117786 0.10000000 
0.96000000 0.00000000 0.47847620 0.10000000 
0.97000000 0.00000000 0.47618753 0.10000000 
0.98000000 0.00000000 0.47427761 0.10000000 
0.99000000 0.00000000 0.47277529 0.10000000 

