-1.00000000 0.00000000 0.37847624 0.10000000 
-0.99000000 0.00000000 0.37746380 0.10000000 
-0.98000000 0.00000000 0.37696627 0.10000000 
-0.97000000 0.00000000 0.37694805 0.10000000 
-0.96000000 0.00000000 0.37741775 0.10000000 
-0.95000000 0.00000000 0.37838261 0.10000000 
-0.94000000 0.00000000 0.37985026 0.10000000 
-0.93000000 0.00000000 0.38182849 0.10000000 
-0.92000000 0.00000000 0.38266968 0.10000000 
-0.91000000 0.00000000 0.38546441 0.10000000 
-0.90000000 0.00000000 0.38867065 0.10000000 
-0.89000000 0.00000000 0.39239466 0.10000000 
-0.88000000 0.00000000 0.39893945 0.10000000 
-0.87000000 0.00000000 0.40391234 0.10000000 
-0.86000000 0.00000000 0.40953060 0.10000000 
-0.85000000 0.00000000 0.41570898 0.10000000 
-0.84000000 0.00000000 0.42245404 0.10000000 
-0.83000000 0.00000000 0.42977097 0.10000000 
-0.82000000 0.00000000 0.43374116 0.10000000 
-0.81000000 0.00000000 0.44226504 0.10000000 
-0.80000000 0.00000000 0.45112060 0.10000000 
-0.79000000 0.00000000 0.46056880 0.10000000 
-0.78000000 0.00000000 0.47058714 0.10000000 
-0.77000000 0.00000000 0.48116145 0.10000000 
-0.76000000 0.00000000 0.49712144 0.10000000 
-0.75000000 0.00000000 0.50891152 0.10000000 
-0.74000000 0.00000000 0.52120578 0.10000000 
-0.73000000 0.00000000 0.53398459 0.10000000 
-0.72000000 0.00000000 0.54723285 0.10000000 
-0.71000000 0.00000000 0.56100951 0.10000000 
-0.70000000 0.00000000 0.57520501 0.10000000 
-0.69000000 0.00000000 0.58981245 0.10000000 
-0.68000000 0.00000000 0.60461945 0.10000000 
-0.67000000 0.00000000 0.61978899 0.10000000 
-0.66000000 0.00000000 0.63530028 0.10000000 
-0.65000000 0.00000000 0.65105430 0.10000000 
-0.64000000 0.00000000 0.66716014 0.10000000 
-0.63000000 0.00000000 0.68361653 0.10000000 
-0.62000000 0.00000000 0.70062215 0.10000000 
-0.61000000 0.00000000 0.71801837 0.10000000 
-0.60000000 0.00000000 0.73581302 0.10000000 
-0.59000000 0.00000000 0.75401157 0.10000000 
-0.58000000 0.00000000 0.76441377 0.10000000 
-0.57000000 0.00000000 0.78389196 0.10000000 
-0.56000000 0.00000000 0.80318068 0.10000000 
-0.55000000 0.00000000 0.82291623 0.10000000 
-0.54000000 0.00000000 0.84303661 0.10000000 
-0.53000000 0.00000000 0.86352394 0.10000000 
-0.52000000 0.00000000 0.89237476 0.10000000 
-0.51000000 0.00000000 0.91330210 0.10000000 
-0.50000000 0.00000000 0.93463847 0.10000000 
-0.49000000 0.00000000 0.95618082 0.10000000 
-0.48000000 0.00000000 0.97789069 0.10000000 
-0.47000000 0.00000000 0.99988992 0.10000000 
-0.46000000 0.00000000 1.02193768 0.10000000 
-0.45000000 0.00000000 1.04401507 0.10000000 
-0.44000000 0.00000000 1.06608898 0.10000000 
-0.43000000 0.00000000 1.08812825 0.10000000 
-0.42000000 0.00000000 1.10099932 0.10000000 
-0.41000000 0.00000000 1.12359316 0.10000000 
-0.40000000 0.00000000 1.15349215 0.10000000 
-0.39000000 0.00000000 1.17500117 0.10000000 
-0.38000000 0.00000000 1.19634467 0.10000000 
-0.37000000 0.00000000 1.21748671 0.10000000 
-0.36000000 0.00000000 1.23838830 0.10000000 
-0.35000000 0.00000000 1.25901557 0.10000000 
-0.34000000 0.00000000 1.27933485 0.10000000 
-0.33000000 0.00000000 1.29931344 0.10000000 
-0.32000000 0.00000000 1.31891989 0.10000000 
-0.31000000 0.00000000 1.33830238 0.10000000 
-0.30000000 0.00000000 1.35720351 0.10000000 
-0.29000000 0.00000000 1.37545945 0.10000000 
-0.28000000 0.00000000 1.39324440 0.10000000 
-0.27000000 0.00000000 1.41053421 0.10000000 
-0.26000000 0.00000000 1.42730614 0.10000000 
-0.25000000 0.00000000 1.44353897 0.10000000 
-0.24000000 0.00000000 1.45921282 0.10000000 
-0.23000000 0.00000000 1.47430917 0.10000000 
-0.22000000 0.00000000 1.48881079 0.10000000 
-0.21000000 0.00000000 1.50270173 0.10000000 
-0.20000000 0.00000000 1.51596372 0.10000000 
-0.19000000 0.00000000 1.52858485 0.10000000 
-0.18000000 0.00000000 1.54055666 0.10000000 
-0.17000000 0.00000000 1.55186702 0.10000000 
-0.16000000 0.00000000 1.56250489 0.10000000 
-0.15000000 0.00000000 1.57246031 0.10000000 
-0.14000000 0.00000000 1.58172444 0.10000000 
-0.13000000 0.00000000 1.59028951 0.10000000 
-0.12000000 0.00000000 1.59814882 0.10000000 
-0.11000000 0.00000000 1.60529669 0.10000000 
-0.10000000 0.00000000 1.61172838 0.10000000 
-0.09000000 0.00000000 1.61744017 0.10000000 
-0.08000000 0.00000000 1.62242921 0.10000000 
-0.07000000 0.00000000 1.62669346 0.10000000 
-0.06000000 0.00000000 1.63023172 0.10000000 
-0.05000000 0.00000000 1.63304361 0.10000000 
-0.04000000 0.00000000 1.63513288 0.10000000 
-0.03000000 0.00000000 1.63650188 0.10000000 
-0.02000000 0.00000000 1.63715403 0.10000000 
-0.01000000 0.00000000 1.63709358 0.10000000 
0.00000000 0.00000000 1.63632189 0.10000000 
0.01000000 0.00000000 1.63484300 0.10000000 
0.02000000 0.00000000 1.63266121 0.10000000 
0.03000000 0.00000000 1.62978095 0.10000000 
0.04000000 0.00000000 1.62620682 0.10000000 
0.05000000 0.00000000 1.62194345 0.10000000 
0.06000000 0.00000000 1.61713137 0.10000000 
0.07000000 0.00000000 1.61166344 0.10000000 
0.08000000 0.00000000 1.60555531 0.10000000 
0.09000000 0.00000000 1.59881349 0.10000000 
0.10000000 0.00000000 1.59129810 0.10000000 
0.11000000 0.00000000 1.58312723 0.10000000 
0.12000000 0.00000000 1.57430376 0.10000000 
0.13000000 0.00000000 1.56483133 0.10000000 
0.14000000 0.00000000 1.55471484 0.10000000 
0.15000000 0.00000000 1.54396111 0.10000000 
0.16000000 0.00000000 1.53805417 0.10000000 
0.17000000 0.00000000 1.52588114 0.10000000 
0.18000000 0.00000000 1.51348956 0.10000000 
0.19000000 0.00000000 1.50047524 0.10000000 
0.20000000 0.00000000 1.48097709 0.10000000 
0.21000000 0.00000000 1.46668398 0.10000000 
0.22000000 0.00000000 1.45188463 0.10000000 
0.23000000 0.00000000 1.43660879 0.10000000 
0.24000000 0.00000000 1.42088766 0.10000000 
0.25000000 0.00000000 1.40475325 0.10000000 
0.26000000 0.00000000 1.38823773 0.10000000 
0.27000000 0.00000000 1.37126567 0.10000000 
0.28000000 0.00000000 1.35400089 0.10000000 
0.29000000 0.00000000 1.33646175 0.10000000 
0.30000000 0.00000000 1.31867517 0.10000000 
0.31000000 0.00000000 1.30078168 0.10000000 
0.32000000 0.00000000 1.28266812 0.10000000 
0.33000000 0.00000000 1.26435929 0.10000000 
0.34000000 0.00000000 1.24587914 0.10000000 
0.35000000 0.00000000 1.22725065 0.10000000 
0.36000000 0.00000000 1.20849590 0.10000000 
0.37000000 0.00000000 1.18963613 0.10000000 
0.38000000 0.00000000 1.17069383 0.10000000 
0.39000000 0.00000000 1.15168775 0.10000000 
0.40000000 0.00000000 1.13263636 0.10000000 
0.41000000 0.00000000 1.11355771 0.10000000 
0.42000000 0.00000000 1.09446717 0.10000000 
0.43000000 0.00000000 1.07538291 0.10000000 
0.44000000 0.00000000 1.05632256 0.10000000 
0.45000000 0.00000000 1.03730323 0.10000000 
0.46000000 0.00000000 1.01834156 0.10000000 
0.47000000 0.00000000 0.99945369 0.10000000 
0.48000000 0.00000000 0.98065535 0.10000000 
0.49000000 0.00000000 0.96196176 0.10000000 
0.50000000 0.00000000 0.94338778 0.10000000 
0.51000000 0.00000000 0.92494784 0.10000000 
0.52000000 0.00000000 0.90665597 0.10000000 
0.53000000 0.00000000 0.88852584 0.10000000 
0.54000000 0.00000000 0.87057070 0.10000000 
0.55000000 0.00000000 0.85280334 0.10000000 
0.56000000 0.00000000 0.83523616 0.10000000 
0.57000000 0.00000000 0.81788112 0.10000000 
0.58000000 0.00000000 0.80074981 0.10000000 
0.59000000 0.00000000 0.78385338 0.10000000 
0.60000000 0.00000000 0.76720261 0.10000000 
0.61000000 0.00000000 0.75080788 0.10000000 
0.62000000 0.00000000 0.73467919 0.10000000 
0.63000000 0.00000000 0.71882617 0.10000000 
0.64000000 0.00000000 0.70325810 0.10000000 
0.65000000 0.00000000 0.68798388 0.10000000 
0.66000000 0.00000000 0.67301208 0.10000000 
0.67000000 0.00000000 0.65835093 0.10000000 
0.68000000 0.00000000 0.64400833 0.10000000 
0.69000000 0.00000000 0.62999188 0.10000000 
0.70000000 0.00000000 0.61630886 0.10000000 
0.71000000 0.00000000 0.60296627 0.10000000 
0.72000000 0.00000000 0.58997083 0.10000000 
0.73000000 0.00000000 0.57732898 0.10000000 
0.74000000 0.00000000 0.56504691 0.10000000 
0.75000000 0.00000000 0.55313055 0.10000000 
0.76000000 0.00000000 0.54158560 0.10000000 
0.77000000 0.00000000 0.53041756 0.10000000 
0.78000000 0.00000000 0.51963167 0.10000000 
0.79000000 0.00000000 0.50923296 0.10000000 
0.80000000 0.00000000 0.49922627 0.10000000 
0.81000000 0.00000000 0.48961622 0.10000000 
0.82000000 0.00000000 0.48040728 0.10000000 
0.83000000 0.00000000 0.47160376 0.10000000 
0.84000000 0.00000000 0.46320982 0.10000000 
0.85000000 0.00000000 0.45522948 0.10000000 
0.86000000 0.00000000 0.44766667 0.10000000 
0.87000000 0.00000000 0.44052522 0.10000000 
0.88000000 0.00000000 0.43380796 0.10000000 
0.89000000 0.00000000 0.42751809 0.10000000 
0.90000000 0.00000000 0.42165860 0.10000000 
0.91000000 0.00000000 0.41623234 0.10000000 
0.92000000 0.00000000 0.41124337 0.10000000 
0.93000000 0.00000000 0.40669498 0.10000000 
0.94000000 0.00000000 0.40259060 0.10000000 
0.95000000 0.00000000 0.39893382 0.10000000 
0.96000000 0.00000000 0.39572843 0.10000000 
0.97000000 0.00000000 0.39297845 0.10000000 
0.98000000 0.00000000 0.39064834 0.10000000 
0.99000000 0.00000000 0.38876871 0.10000000 

