-1.00000000 0.00000000 0.10949967 0.10000000 
-0.99000000 0.00000000 0.10878691 0.10000000 
-0.98000000 0.00000000 0.10812732 0.10000000 
-0.97000000 0.00000000 0.10751745 0.10000000 
-0.96000000 0.00000000 0.10695418 0.10000000 
-0.95000000 0.00000000 0.10643469 0.10000000 
-0.94000000 0.00000000 0.10595654 0.10000000 
-0.93000000 0.00000000 0.10551747 0.10000000 
-0.92000000 0.00000000 0.10511559 0.10000000 
-0.91000000 0.00000000 0.10474964 0.10000000 
-0.90000000 0.00000000 0.10441849 0.10000000 
-0.89000000 0.00000000 0.10412154 0.10000000 
-0.88000000 0.00000000 0.10385896 0.10000000 
-0.87000000 0.00000000 0.10363077 0.10000000 
-0.86000000 0.00000000 0.10343829 0.10000000 
-0.85000000 0.00000000 0.10328339 0.10000000 
-0.84000000 0.00000000 0.10316878 0.10000000 
-0.83000000 0.00000000 0.10309817 0.10000000 
-0.82000000 0.00000000 0.10307581 0.10000000 
-0.81000000 0.00000000 0.10310900 0.10000000 
-0.80000000 0.00000000 0.10320502 0.10000000 
-0.79000000 0.00000000 0.10337341 0.10000000 
-0.78000000 0.00000000 0.10362580 0.10000000 
-0.77000000 0.00000000 0.10397613 0.10000000 
-0.76000000 0.00000000 0.10444127 0.10000000 
-0.75000000 0.00000000 0.10504101 0.10000000 
-0.74000000 0.00000000 0.10579878 0.10000000 
-0.73000000 0.00000000 0.10674199 0.10000000 
-0.72000000 0.00000000 0.10790558 0.10000000 
-0.71000000 0.00000000 0.10932096 0.10000000 
-0.70000000 0.00000000 0.11103328 0.10000000 
-0.69000000 0.00000000 0.11309142 0.10000000 
-0.68000000 0.00000000 0.11555094 0.10000000 
-0.67000000 0.00000000 0.11847484 0.10000000 
-0.66000000 0.00000000 0.12193416 0.10000000 
-0.65000000 0.00000000 0.12600851 0.10000000 
-0.64000000 0.00000000 0.13077953 0.10000000 
-0.63000000 0.00000000 0.13635903 0.10000000 
-0.62000000 0.00000000 0.14284910 0.10000000 
-0.61000000 0.00000000 0.15036823 0.10000000 
-0.60000000 0.00000000 0.15904555 0.10000000 
-0.59000000 0.00000000 0.16903109 0.10000000 
-0.58000000 0.00000000 0.18044265 0.10000000 
-0.57000000 0.00000000 0.19347160 0.10000000 
-0.56000000 0.00000000 0.20827572 0.10000000 
-0.55000000 0.00000000 0.22503155 0.10000000 
-0.54000000 0.00000000 0.24392243 0.10000000 
-0.53000000 0.00000000 0.26513688 0.10000000 
-0.52000000 0.00000000 0.28886743 0.10000000 
-0.51000000 0.00000000 0.31530558 0.10000000 
-0.50000000 0.00000000 0.34464304 0.10000000 
-0.49000000 0.00000000 0.37706640 0.10000000 
-0.48000000 0.00000000 0.41275437 0.10000000 
-0.47000000 0.00000000 0.45187434 0.10000000 
-0.46000000 0.00000000 0.49459714 0.10000000 
-0.45000000 0.00000000 0.54101905 0.10000000 
-0.44000000 0.00000000 0.59126867 0.10000000 
-0.43000000 0.00000000 0.64542927 0.10000000 
-0.42000000 0.00000000 0.70353112 0.10000000 
-0.41000000 0.00000000 0.76563580 0.10000000 
-0.40000000 0.00000000 0.83170104 0.10000000 
-0.39000000 0.00000000 0.90166518 0.10000000 
-0.38000000 0.00000000 0.97542287 0.10000000 
-0.37000000 0.00000000 1.05282310 0.10000000 
-0.36000000 0.00000000 1.13366799 0.10000000 
-0.35000000 0.00000000 1.21771231 0.10000000 
-0.34000000 0.00000000 1.30468645 0.10000000 
-0.33000000 0.00000000 1.39420719 0.10000000 
-0.32000000 0.00000000 1.48591616 0.10000000 
-0.31000000 0.00000000 1.57939183 0.10000000 
-0.30000000 0.00000000 1.67417632 0.10000000 
-0.29000000 0.00000000 1.76975922 0.10000000 
-0.28000000 0.00000000 1.86567884 0.10000000 
-0.27000000 0.00000000 1.96135714 0.10000000 
-0.26000000 0.00000000 2.05625605 0.10000000 
-0.25000000 0.00000000 2.14982113 0.10000000 
-0.24000000 0.00000000 2.24149903 0.10000000 
-0.23000000 0.00000000 2.33074472 0.10000000 
-0.22000000 0.00000000 2.41702855 0.10000000 
-0.21000000 0.00000000 2.49984304 0.10000000 
-0.20000000 0.00000000 2.57870917 0.10000000 
-0.19000000 0.00000000 2.65318206 0.10000000 
-0.18000000 0.00000000 2.72285600 0.10000000 
-0.17000000 0.00000000 2.78736861 0.10000000 
-0.16000000 0.00000000 2.84638651 0.10000000 
-0.15000000 0.00000000 2.89967816 0.10000000 
-0.14000000 0.00000000 2.94700270 0.10000000 
-0.13000000 0.00000000 2.98820872 0.10000000 
-0.12000000 0.00000000 3.02319368 0.10000000 
-0.11000000 0.00000000 3.05185725 0.10000000 
-0.10000000 0.00000000 3.07420148 0.10000000 
-0.09000000 0.00000000 3.09025617 0.10000000 
-0.08000000 0.00000000 3.10009414 0.10000000 
-0.07000000 0.00000000 3.10382804 0.10000000 
-0.06000000 0.00000000 3.10160681 0.10000000 
-0.05000000 0.00000000 3.09361202 0.10000000 
-0.04000000 0.00000000 3.08005324 0.10000000 
-0.03000000 0.00000000 3.06116839 0.10000000 
-0.02000000 0.00000000 3.03721205 0.10000000 
-0.01000000 0.00000000 3.00845811 0.10000000 
0.00000000 0.00000000 2.97519439 0.10000000 
0.01000000 0.00000000 2.93772910 0.10000000 
0.02000000 0.00000000 2.89634702 0.10000000 
0.03000000 0.00000000 2.85136940 0.10000000 
0.04000000 0.00000000 2.80310818 0.10000000 
0.05000000 0.00000000 2.75187459 0.10000000 
0.06000000 0.00000000 2.69797693 0.10000000 
0.07000000 0.00000000 2.64171857 0.10000000 
0.08000000 0.00000000 2.58339625 0.10000000 
0.09000000 0.00000000 2.52329848 0.10000000 
0.10000000 0.00000000 2.46170429 0.10000000 
0.11000000 0.00000000 2.39886938 0.10000000 
0.12000000 0.00000000 2.33507643 0.10000000 
0.13000000 0.00000000 2.27055693 0.10000000 
0.14000000 0.00000000 2.20554267 0.10000000 
0.15000000 0.00000000 2.14025214 0.10000000 
0.16000000 0.00000000 2.07490711 0.10000000 
0.17000000 0.00000000 2.00966574 0.10000000 
0.18000000 0.00000000 1.94472206 0.10000000 
0.19000000 0.00000000 1.88024015 0.10000000 
0.20000000 0.00000000 1.81637067 0.10000000 
0.21000000 0.00000000 1.75325114 0.10000000 
0.22000000 0.00000000 1.69100625 0.10000000 
0.23000000 0.00000000 1.62974823 0.10000000 
0.24000000 0.00000000 1.56957730 0.10000000 
0.25000000 0.00000000 1.51058217 0.10000000 
0.26000000 0.00000000 1.45282888 0.10000000 
0.27000000 0.00000000 1.39640763 0.10000000 
0.28000000 0.00000000 1.34136421 0.10000000 
0.29000000 0.00000000 1.28774642 0.10000000 
0.30000000 0.00000000 1.23559320 0.10000000 
0.31000000 0.00000000 1.18493524 0.10000000 
0.32000000 0.00000000 1.13579549 0.10000000 
0.33000000 0.00000000 1.08818975 0.10000000 
0.34000000 0.00000000 1.04212723 0.10000000 
0.35000000 0.00000000 0.99761100 0.10000000 
0.36000000 0.00000000 0.95463860 0.10000000 
0.37000000 0.00000000 0.91319809 0.10000000 
0.38000000 0.00000000 0.87328631 0.10000000 
0.39000000 0.00000000 0.83488239 0.10000000 
0.40000000 0.00000000 0.79796632 0.10000000 
0.41000000 0.00000000 0.76253027 0.10000000 
0.42000000 0.00000000 0.72851677 0.10000000 
0.43000000 0.00000000 0.69591301 0.10000000 
0.44000000 0.00000000 0.66468813 0.10000000 
0.45000000 0.00000000 0.63480943 0.10000000 
0.46000000 0.00000000 0.60623192 0.10000000 
0.47000000 0.00000000 0.57894180 0.10000000 
0.48000000 0.00000000 0.55289148 0.10000000 
0.49000000 0.00000000 0.52804364 0.10000000 
0.50000000 0.00000000 0.50436038 0.10000000 
0.51000000 0.00000000 0.48180347 0.10000000 
0.52000000 0.00000000 0.46033446 0.10000000 
0.53000000 0.00000000 0.43991491 0.10000000 
0.54000000 0.00000000 0.42050654 0.10000000 
0.55000000 0.00000000 0.40207129 0.10000000 
0.56000000 0.00000000 0.38457152 0.10000000 
0.57000000 0.00000000 0.36797008 0.10000000 
0.58000000 0.00000000 0.35223038 0.10000000 
0.59000000 0.00000000 0.33731654 0.10000000 
0.60000000 0.00000000 0.32319337 0.10000000 
0.61000000 0.00000000 0.30982652 0.10000000 
0.62000000 0.00000000 0.29718148 0.10000000 
0.63000000 0.00000000 0.28522761 0.10000000 
0.64000000 0.00000000 0.27393217 0.10000000 
0.65000000 0.00000000 0.26326439 0.10000000 
0.66000000 0.00000000 0.25319449 0.10000000 
0.67000000 0.00000000 0.24369922 0.10000000 
0.68000000 0.00000000 0.23473935 0.10000000 
0.69000000 0.00000000 0.22629389 0.10000000 
0.70000000 0.00000000 0.21833699 0.10000000 
0.71000000 0.00000000 0.21083976 0.10000000 
0.72000000 0.00000000 0.20378658 0.10000000 
0.73000000 0.00000000 0.19715029 0.10000000 
0.74000000 0.00000000 0.19090894 0.10000000 
0.75000000 0.00000000 0.18504150 0.10000000 
0.76000000 0.00000000 0.17952783 0.10000000 
0.77000000 0.00000000 0.17434871 0.10000000 
0.78000000 0.00000000 0.16948546 0.10000000 
0.79000000 0.00000000 0.16492121 0.10000000 
0.80000000 0.00000000 0.16063893 0.10000000 
0.81000000 0.00000000 0.15662271 0.10000000 
0.82000000 0.00000000 0.15285743 0.10000000 
0.83000000 0.00000000 0.14932870 0.10000000 
0.84000000 0.00000000 0.14602285 0.10000000 
0.85000000 0.00000000 0.14292690 0.10000000 
0.86000000 0.00000000 0.14002856 0.10000000 
0.87000000 0.00000000 0.13731615 0.10000000 
0.88000000 0.00000000 0.13477863 0.10000000 
0.89000000 0.00000000 0.13240556 0.10000000 
0.90000000 0.00000000 0.13018707 0.10000000 
0.91000000 0.00000000 0.12811382 0.10000000 
0.92000000 0.00000000 0.12617838 0.10000000 
0.93000000 0.00000000 0.12436969 0.10000000 
0.94000000 0.00000000 0.12268140 0.10000000 
0.95000000 0.00000000 0.12110619 0.10000000 
0.96000000 0.00000000 0.11963722 0.10000000 
0.97000000 0.00000000 0.11826720 0.10000000 
0.98000000 0.00000000 0.11699204 0.10000000 
0.99000000 0.00000000 0.11580530 0.10000000 

