-1.00000000 0.00000000 0.21020589 0.10000000 
-0.99000000 0.00000000 0.20833552 0.10000000 
-0.98000000 0.00000000 0.20691728 0.10000000 
-0.97000000 0.00000000 0.20592849 0.10000000 
-0.96000000 0.00000000 0.20538042 0.10000000 
-0.95000000 0.00000000 0.20528389 0.10000000 
-0.94000000 0.00000000 0.20565097 0.10000000 
-0.93000000 0.00000000 0.20649482 0.10000000 
-0.92000000 0.00000000 0.20669260 0.10000000 
-0.91000000 0.00000000 0.20827264 0.10000000 
-0.90000000 0.00000000 0.21028585 0.10000000 
-0.89000000 0.00000000 0.21280583 0.10000000 
-0.88000000 0.00000000 0.21770417 0.10000000 
-0.87000000 0.00000000 0.22151262 0.10000000 
-0.86000000 0.00000000 0.22599840 0.10000000 
-0.85000000 0.00000000 0.23108971 0.10000000 
-0.84000000 0.00000000 0.23680700 0.10000000 
-0.83000000 0.00000000 0.24317016 0.10000000 
-0.82000000 0.00000000 0.24651727 0.10000000 
-0.81000000 0.00000000 0.25419065 0.10000000 
-0.80000000 0.00000000 0.26232711 0.10000000 
-0.79000000 0.00000000 0.27118937 0.10000000 
-0.78000000 0.00000000 0.28077269 0.10000000 
-0.77000000 0.00000000 0.29107825 0.10000000 
-0.76000000 0.00000000 0.30719978 0.10000000 
-0.75000000 0.00000000 0.31921739 0.10000000 
-0.74000000 0.00000000 0.33196076 0.10000000 
-0.73000000 0.00000000 0.34542690 0.10000000 
-0.72000000 0.00000000 0.35961948 0.10000000 
-0.71000000 0.00000000 0.37460961 0.10000000 
-0.70000000 0.00000000 0.39031301 0.10000000 
-0.69000000 0.00000000 0.40673911 0.10000000 
-0.68000000 0.00000000 0.42361755 0.10000000 
-0.67000000 0.00000000 0.44118685 0.10000000 
-0.66000000 0.00000000 0.45943613 0.10000000 
-0.65000000 0.00000000 0.47827638 0.10000000 
-0.64000000 0.00000000 0.49783377 0.10000000 
-0.63000000 0.00000000 0.51812125 0.10000000 
-0.62000000 0.00000000 0.53944443 0.10000000 
-0.61000000 0.00000000 0.56158436 0.10000000 
-0.60000000 0.00000000 0.58456516 0.10000000 
-0.59000000 0.00000000 0.60840449 0.10000000 
-0.58000000 0.00000000 0.62181512 0.10000000 
-0.57000000 0.00000000 0.64790061 0.10000000 
-0.56000000 0.00000000 0.67406173 0.10000000 
-0.55000000 0.00000000 0.70116791 0.10000000 
-0.54000000 0.00000000 0.72913878 0.10000000 
-0.53000000 0.00000000 0.75795159 0.10000000 
-0.52000000 0.00000000 0.79937203 0.10000000 
-0.51000000 0.00000000 0.82953084 0.10000000 
-0.50000000 0.00000000 0.86062331 0.10000000 
-0.49000000 0.00000000 0.89232455 0.10000000 
-0.48000000 0.00000000 0.92457617 0.10000000 
-0.47000000 0.00000000 0.95753903 0.10000000 
-0.46000000 0.00000000 0.99087629 0.10000000 
-0.45000000 0.00000000 1.02455130 0.10000000 
-0.44000000 0.00000000 1.05850667 0.10000000 
-0.43000000 0.00000000 1.09268625 0.10000000 
-0.42000000 0.00000000 1.11247671 0.10000000 
-0.41000000 0.00000000 1.14798973 0.10000000 
-0.40000000 0.00000000 1.19565545 0.10000000 
-0.39000000 0.00000000 1.23001928 0.10000000 
-0.38000000 0.00000000 1.26433951 0.10000000 
-0.37000000 0.00000000 1.29854521 0.10000000 
-0.36000000 0.00000000 1.33256029 0.10000000 
-0.35000000 0.00000000 1.36631484 0.10000000 
-0.34000000 0.00000000 1.39973875 0.10000000 
-0.33000000 0.00000000 1.43276290 0.10000000 
-0.32000000 0.00000000 1.46531977 0.10000000 
-0.31000000 0.00000000 1.49762909 0.10000000 
-0.30000000 0.00000000 1.52926284 0.10000000 
-0.29000000 0.00000000 1.55993641 0.10000000 
-0.28000000 0.00000000 1.58991418 0.10000000 
-0.27000000 0.00000000 1.61914007 0.10000000 
-0.26000000 0.00000000 1.64756048 0.10000000 
-0.25000000 0.00000000 1.67512449 0.10000000 
-0.24000000 0.00000000 1.70178373 0.10000000 
-0.23000000 0.00000000 1.72749250 0.10000000 
-0.22000000 0.00000000 1.75220775 0.10000000 
-0.21000000 0.00000000 1.77588909 0.10000000 
-0.20000000 0.00000000 1.79849317 0.10000000 
-0.19000000 0.00000000 1.81998756 0.10000000 
-0.18000000 0.00000000 1.84034632 0.10000000 
-0.17000000 0.00000000 1.85953842 0.10000000 
-0.16000000 0.00000000 1.87753555 0.10000000 
-0.15000000 0.00000000 1.89431213 0.10000000 
-0.14000000 0.00000000 1.90984545 0.10000000 
-0.13000000 0.00000000 1.92411555 0.10000000 
-0.12000000 0.00000000 1.93710529 0.10000000 
-0.11000000 0.00000000 1.94880031 0.10000000 
-0.10000000 0.00000000 1.95918888 0.10000000 
-0.09000000 0.00000000 1.96826201 0.10000000 
-0.08000000 0.00000000 1.97601327 0.10000000 
-0.07000000 0.00000000 1.98243862 0.10000000 
-0.06000000 0.00000000 1.98753647 0.10000000 
-0.05000000 0.00000000 1.99130765 0.10000000 
-0.04000000 0.00000000 1.99376134 0.10000000 
-0.03000000 0.00000000 1.99490499 0.10000000 
-0.02000000 0.00000000 1.99474884 0.10000000 
-0.01000000 0.00000000 1.99330537 0.10000000 
0.00000000 0.00000000 1.99058283 0.10000000 
0.01000000 0.00000000 1.98659494 0.10000000 
0.02000000 0.00000000 1.98135659 0.10000000 
0.03000000 0.00000000 1.97488363 0.10000000 
0.04000000 0.00000000 1.96719274 0.10000000 
0.05000000 0.00000000 1.95830130 0.10000000 
0.06000000 0.00000000 1.94847055 0.10000000 
0.07000000 0.00000000 1.93751619 0.10000000 
0.08000000 0.00000000 1.92547634 0.10000000 
0.09000000 0.00000000 1.91237284 0.10000000 
0.10000000 0.00000000 1.89797433 0.10000000 
0.11000000 0.00000000 1.88249882 0.10000000 
0.12000000 0.00000000 1.86596317 0.10000000 
0.13000000 0.00000000 1.84838566 0.10000000 
0.14000000 0.00000000 1.82978698 0.10000000 
0.15000000 0.00000000 1.81019118 0.10000000 
0.16000000 0.00000000 1.79931814 0.10000000 
0.17000000 0.00000000 1.77741910 0.10000000 
0.18000000 0.00000000 1.75530376 0.10000000 
0.19000000 0.00000000 1.73225941 0.10000000 
0.20000000 0.00000000 1.69825380 0.10000000 
0.21000000 0.00000000 1.67342439 0.10000000 
0.22000000 0.00000000 1.64790893 0.10000000 
0.23000000 0.00000000 1.62176969 0.10000000 
0.24000000 0.00000000 1.59507094 0.10000000 
0.25000000 0.00000000 1.56787772 0.10000000 
0.26000000 0.00000000 1.54025474 0.10000000 
0.27000000 0.00000000 1.51207519 0.10000000 
0.28000000 0.00000000 1.48363767 0.10000000 
0.29000000 0.00000000 1.45497974 0.10000000 
0.30000000 0.00000000 1.42615365 0.10000000 
0.31000000 0.00000000 1.39740580 0.10000000 
0.32000000 0.00000000 1.36854431 0.10000000 
0.33000000 0.00000000 1.33961559 0.10000000 
0.34000000 0.00000000 1.31066356 0.10000000 
0.35000000 0.00000000 1.28172970 0.10000000 
0.36000000 0.00000000 1.25285302 0.10000000 
0.37000000 0.00000000 1.22407013 0.10000000 
0.38000000 0.00000000 1.19541914 0.10000000 
0.39000000 0.00000000 1.16693057 0.10000000 
0.40000000 0.00000000 1.13863370 0.10000000 
0.41000000 0.00000000 1.11055620 0.10000000 
0.42000000 0.00000000 1.08272037 0.10000000 
0.43000000 0.00000000 1.05515256 0.10000000 
0.44000000 0.00000000 1.02787740 0.10000000 
0.45000000 0.00000000 1.00091787 0.10000000 
0.46000000 0.00000000 0.97429536 0.10000000 
0.47000000 0.00000000 0.94802975 0.10000000 
0.48000000 0.00000000 0.92213947 0.10000000 
0.49000000 0.00000000 0.89664146 0.10000000 
0.50000000 0.00000000 0.87155135 0.10000000 
0.51000000 0.00000000 0.84688348 0.10000000 
0.52000000 0.00000000 0.82265093 0.10000000 
0.53000000 0.00000000 0.79886563 0.10000000 
0.54000000 0.00000000 0.77553825 0.10000000 
0.55000000 0.00000000 0.75267825 0.10000000 
0.56000000 0.00000000 0.73029395 0.10000000 
0.57000000 0.00000000 0.70839255 0.10000000 
0.58000000 0.00000000 0.68698018 0.10000000 
0.59000000 0.00000000 0.66606196 0.10000000 
0.60000000 0.00000000 0.64564202 0.10000000 
0.61000000 0.00000000 0.62572357 0.10000000 
0.62000000 0.00000000 0.60630896 0.10000000 
0.63000000 0.00000000 0.58739968 0.10000000 
0.64000000 0.00000000 0.56899647 0.10000000 
0.65000000 0.00000000 0.55109929 0.10000000 
0.66000000 0.00000000 0.53370747 0.10000000 
0.67000000 0.00000000 0.51681968 0.10000000 
0.68000000 0.00000000 0.50043403 0.10000000 
0.69000000 0.00000000 0.48454809 0.10000000 
0.70000000 0.00000000 0.46915897 0.10000000 
0.71000000 0.00000000 0.45426336 0.10000000 
0.72000000 0.00000000 0.43985757 0.10000000 
0.73000000 0.00000000 0.42593760 0.10000000 
0.74000000 0.00000000 0.41249917 0.10000000 
0.75000000 0.00000000 0.39953780 0.10000000 
0.76000000 0.00000000 0.38704884 0.10000000 
0.77000000 0.00000000 0.37502753 0.10000000 
0.78000000 0.00000000 0.36346901 0.10000000 
0.79000000 0.00000000 0.35236841 0.10000000 
0.80000000 0.00000000 0.34172088 0.10000000 
0.81000000 0.00000000 0.33152162 0.10000000 
0.82000000 0.00000000 0.32176595 0.10000000 
0.83000000 0.00000000 0.31244937 0.10000000 
0.84000000 0.00000000 0.30356757 0.10000000 
0.85000000 0.00000000 0.29511649 0.10000000 
0.86000000 0.00000000 0.28709239 0.10000000 
0.87000000 0.00000000 0.27949188 0.10000000 
0.88000000 0.00000000 0.27231135 0.10000000 
0.89000000 0.00000000 0.26554786 0.10000000 
0.90000000 0.00000000 0.25919881 0.10000000 
0.91000000 0.00000000 0.25326199 0.10000000 
0.92000000 0.00000000 0.24773665 0.10000000 
0.93000000 0.00000000 0.24262208 0.10000000 
0.94000000 0.00000000 0.23791825 0.10000000 
0.95000000 0.00000000 0.23362592 0.10000000 
0.96000000 0.00000000 0.22974662 0.10000000 
0.97000000 0.00000000 0.22628279 0.10000000 
0.98000000 0.00000000 0.22321063 0.10000000 
0.99000000 0.00000000 0.22054952 0.10000000 

