-1.00000000 0.00000000 0.10098478 0.10000000 
-0.99000000 0.00000000 0.10099704 0.10000000 
-0.98000000 0.00000000 0.10103403 0.10000000 
-0.97000000 0.00000000 0.10109642 0.10000000 
-0.96000000 0.00000000 0.10118530 0.10000000 
-0.95000000 0.00000000 0.10130224 0.10000000 
-0.94000000 0.00000000 0.10144927 0.10000000 
-0.93000000 0.00000000 0.10162892 0.10000000 
-0.92000000 0.00000000 0.10184422 0.10000000 
-0.91000000 0.00000000 0.10209875 0.10000000 
-0.90000000 0.00000000 0.10239666 0.10000000 
-0.89000000 0.00000000 0.10274269 0.10000000 
-0.88000000 0.00000000 0.10314225 0.10000000 
-0.87000000 0.00000000 0.10360141 0.10000000 
-0.86000000 0.00000000 0.10412700 0.10000000 
-0.85000000 0.00000000 0.10472659 0.10000000 
-0.84000000 0.00000000 0.10540861 0.10000000 
-0.83000000 0.00000000 0.10618234 0.10000000 
-0.82000000 0.00000000 0.10705802 0.10000000 
-0.81000000 0.00000000 0.10804687 0.10000000 
-0.80000000 0.00000000 0.10916113 0.10000000 
-0.79000000 0.00000000 0.11041417 0.10000000 
-0.78000000 0.00000000 0.11182050 0.10000000 
-0.77000000 0.00000000 0.11339583 0.10000000 
-0.76000000 0.00000000 0.11515714 0.10000000 
-0.75000000 0.00000000 0.11712271 0.10000000 
-0.74000000 0.00000000 0.11931215 0.10000000 
-0.73000000 0.00000000 0.12174648 0.10000000 
-0.72000000 0.00000000 0.12444812 0.10000000 
-0.71000000 0.00000000 0.12744093 0.10000000 
-0.70000000 0.00000000 0.13075022 0.10000000 
-0.69000000 0.00000000 0.13440275 0.10000000 
-0.68000000 0.00000000 0.13842675 0.10000000 
-0.67000000 0.00000000 0.14285183 0.10000000 
-0.66000000 0.00000000 0.14770904 0.10000000 
-0.65000000 0.00000000 0.15303072 0.10000000 
-0.64000000 0.00000000 0.15885049 0.10000000 
-0.63000000 0.00000000 0.16520317 0.10000000 
-0.62000000 0.00000000 0.17212462 0.10000000 
-0.61000000 0.00000000 0.17965165 0.10000000 
-0.60000000 0.00000000 0.18782189 0.10000000 
-0.59000000 0.00000000 0.19667354 0.10000000 
-0.58000000 0.00000000 0.20624526 0.10000000 
-0.57000000 0.00000000 0.21657592 0.10000000 
-0.56000000 0.00000000 0.22770433 0.10000000 
-0.55000000 0.00000000 0.23966901 0.10000000 
-0.54000000 0.00000000 0.25250789 0.10000000 
-0.53000000 0.00000000 0.26625800 0.10000000 
-0.52000000 0.00000000 0.28095514 0.10000000 
-0.51000000 0.00000000 0.29663352 0.10000000 
-0.50000000 0.00000000 0.31332538 0.10000000 
-0.49000000 0.00000000 0.33106065 0.10000000 
-0.48000000 0.00000000 0.34986650 0.10000000 
-0.47000000 0.00000000 0.36976695 0.10000000 
-0.46000000 0.00000000 0.39078244 0.10000000 
-0.45000000 0.00000000 0.41292946 0.10000000 
-0.44000000 0.00000000 0.43622005 0.10000000 
-0.43000000 0.00000000 0.46066144 0.10000000 
-0.42000000 0.00000000 0.48625563 0.10000000 
-0.41000000 0.00000000 0.51299900 0.10000000 
-0.40000000 0.00000000 0.54088191 0.10000000 
-0.39000000 0.00000000 0.56988838 0.10000000 
-0.38000000 0.00000000 0.59999575 0.10000000 
-0.37000000 0.00000000 0.63117441 0.10000000 
-0.36000000 0.00000000 0.66338753 0.10000000 
-0.35000000 0.00000000 0.69659085 0.10000000 
-0.34000000 0.00000000 0.73073256 0.10000000 
-0.33000000 0.00000000 0.76575316 0.10000000 
-0.32000000 0.00000000 0.80158545 0.10000000 
-0.31000000 0.00000000 0.83815449 0.10000000 
-0.30000000 0.00000000 0.87537777 0.10000000 
-0.29000000 0.00000000 0.91316526 0.10000000 
-0.28000000 0.00000000 0.95141970 0.10000000 
-0.27000000 0.00000000 0.99003686 0.10000000 
-0.26000000 0.00000000 1.02890589 0.10000000 
-0.25000000 0.00000000 1.06790979 0.10000000 
-0.24000000 0.00000000 1.10692585 0.10000000 
-0.23000000 0.00000000 1.14582628 0.10000000 
-0.22000000 0.00000000 1.18447880 0.10000000 
-0.21000000 0.00000000 1.22274738 0.10000000 
-0.20000000 0.00000000 1.26049294 0.10000000 
-0.19000000 0.00000000 1.29757419 0.10000000 
-0.18000000 0.00000000 1.33384848 0.10000000 
-0.17000000 0.00000000 1.36917267 0.10000000 
-0.16000000 0.00000000 1.40340408 0.10000000 
-0.15000000 0.00000000 1.43640141 0.10000000 
-0.14000000 0.00000000 1.46802571 0.10000000 
-0.13000000 0.00000000 1.49814136 0.10000000 
-0.12000000 0.00000000 1.52661701 0.10000000 
-0.11000000 0.00000000 1.55332653 0.10000000 
-0.10000000 0.00000000 1.57814997 0.10000000 
-0.09000000 0.00000000 1.60097442 0.10000000 
-0.08000000 0.00000000 1.62169487 0.10000000 
-0.07000000 0.00000000 1.64021502 0.10000000 
-0.06000000 0.00000000 1.65644805 0.10000000 
-0.05000000 0.00000000 1.67031724 0.10000000 
-0.04000000 0.00000000 1.68175664 0.10000000 
-0.03000000 0.00000000 1.69071153 0.10000000 
-0.02000000 0.00000000 1.69713890 0.10000000 
-0.01000000 0.00000000 1.70100778 0.10000000 
0.00000000 0.00000000 1.70229949 0.10000000 
0.01000000 0.00000000 1.70100778 0.10000000 
0.02000000 0.00000000 1.69713890 0.10000000 
0.03000000 0.00000000 1.69071153 0.10000000 
0.04000000 0.00000000 1.68175664 0.10000000 
0.05000000 0.00000000 1.67031724 0.10000000 
0.06000000 0.00000000 1.65644805 0.10000000 
0.07000000 0.00000000 1.64021502 0.10000000 
0.08000000 0.00000000 1.62169487 0.10000000 
0.09000000 0.00000000 1.60097442 0.10000000 
0.10000000 0.00000000 1.57814997 0.10000000 
0.11000000 0.00000000 1.55332653 0.10000000 
0.12000000 0.00000000 1.52661701 0.10000000 
0.13000000 0.00000000 1.49814136 0.10000000 
0.14000000 0.00000000 1.46802571 0.10000000 
0.15000000 0.00000000 1.43640141 0.10000000 
0.16000000 0.00000000 1.40340408 0.10000000 
0.17000000 0.00000000 1.36917267 0.10000000 
0.18000000 0.00000000 1.33384848 0.10000000 
0.19000000 0.00000000 1.29757419 0.10000000 
0.20000000 0.00000000 1.26049294 0.10000000 
0.21000000 0.00000000 1.22274738 0.10000000 
0.22000000 0.00000000 1.18447880 0.10000000 
0.23000000 0.00000000 1.14582628 0.10000000 
0.24000000 0.00000000 1.10692585 0.10000000 
0.25000000 0.00000000 1.06790979 0.10000000 
0.26000000 0.00000000 1.02890589 0.10000000 
0.27000000 0.00000000 0.99003686 0.10000000 
0.28000000 0.00000000 0.95141970 0.10000000 
0.29000000 0.00000000 0.91316526 0.10000000 
0.30000000 0.00000000 0.87537777 0.10000000 
0.31000000 0.00000000 0.83815449 0.10000000 
0.32000000 0.00000000 0.80158545 0.10000000 
0.33000000 0.00000000 0.76575316 0.10000000 
0.34000000 0.00000000 0.73073256 0.10000000 
0.35000000 0.00000000 0.69659085 0.10000000 
0.36000000 0.00000000 0.66338753 0.10000000 
0.37000000 0.00000000 0.63117441 0.10000000 
0.38000000 0.00000000 0.59999575 0.10000000 
0.39000000 0.00000000 0.56988838 0.10000000 
0.40000000 0.00000000 0.54088191 0.10000000 
0.41000000 0.00000000 0.51299900 0.10000000 
