-1.00000000 0.00000000 0.59857252 0.10000000 
-0.99000000 0.00000000 0.59815323 0.10000000 
-0.98000000 0.00000000 0.59808729 0.10000000 
-0.97000000 0.00000000 0.59834745 0.10000000 
-0.96000000 0.00000000 0.59893800 0.10000000 
-0.95000000 0.00000000 0.59986222 0.10000000 
-0.94000000 0.00000000 0.60112344 0.10000000 
-0.93000000 0.00000000 0.60272497 0.10000000 
-0.92000000 0.00000000 0.60345203 0.10000000 
-0.91000000 0.00000000 0.60560500 0.10000000 
-0.90000000 0.00000000 0.60801801 0.10000000 
-0.89000000 0.00000000 0.61076925 0.10000000 
-0.88000000 0.00000000 0.61547227 0.10000000 
-0.87000000 0.00000000 0.61902266 0.10000000 
-0.86000000 0.00000000 0.62298413 0.10000000 
-0.85000000 0.00000000 0.62729801 0.10000000 
-0.84000000 0.00000000 0.63196549 0.10000000 
-0.83000000 0.00000000 0.63698685 0.10000000 
-0.82000000 0.00000000 0.63973906 0.10000000 
-0.81000000 0.00000000 0.64552106 0.10000000 
-0.80000000 0.00000000 0.65148780 0.10000000 
-0.79000000 0.00000000 0.65780981 0.10000000 
-0.78000000 0.00000000 0.66446916 0.10000000 
-0.77000000 0.00000000 0.67145380 0.10000000 
-0.76000000 0.00000000 0.68186788 0.10000000 
-0.75000000 0.00000000 0.68953902 0.10000000 
-0.74000000 0.00000000 0.69749258 0.10000000 
-0.73000000 0.00000000 0.70571308 0.10000000 
-0.72000000 0.00000000 0.71418772 0.10000000 
-0.71000000 0.00000000 0.72295365 0.10000000 
-0.70000000 0.00000000 0.73193484 0.10000000 
-0.69000000 0.00000000 0.74112455 0.10000000 
-0.68000000 0.00000000 0.75039550 0.10000000 
-0.67000000 0.00000000 0.75984099 0.10000000 
-0.66000000 0.00000000 0.76944654 0.10000000 
-0.65000000 0.00000000 0.77914659 0.10000000 
-0.64000000 0.00000000 0.78901022 0.10000000 
-0.63000000 0.00000000 0.79903496 0.10000000 
-0.62000000 0.00000000 0.80933278 0.10000000 
-0.61000000 0.00000000 0.81981162 0.10000000 
-0.60000000 0.00000000 0.83047473 0.10000000 
-0.59000000 0.00000000 0.84132456 0.10000000 
-0.58000000 0.00000000 0.84756123 0.10000000 
-0.57000000 0.00000000 0.85908059 0.10000000 
-0.56000000 0.00000000 0.87043649 0.10000000 
-0.55000000 0.00000000 0.88200306 0.10000000 
-0.54000000 0.00000000 0.89374419 0.10000000 
-0.53000000 0.00000000 0.90565004 0.10000000 
-0.52000000 0.00000000 0.92229330 0.10000000 
-0.51000000 0.00000000 0.93435052 0.10000000 
-0.50000000 0.00000000 0.94659557 0.10000000 
-0.49000000 0.00000000 0.95891649 0.10000000 
-0.48000000 0.00000000 0.97129236 0.10000000 
-0.47000000 0.00000000 0.98379624 0.10000000 
-0.46000000 0.00000000 0.99628869 0.10000000 
-0.45000000 0.00000000 1.00876089 0.10000000 
-0.44000000 0.00000000 1.02119577 0.10000000 
-0.43000000 0.00000000 1.03357763 0.10000000 
-0.42000000 0.00000000 1.04082865 0.10000000 
-0.41000000 0.00000000 1.05346517 0.10000000 
-0.40000000 0.00000000 1.07011353 0.10000000 
-0.39000000 0.00000000 1.08208373 0.10000000 
-0.38000000 0.00000000 1.09393897 0.10000000 
-0.37000000 0.00000000 1.10566152 0.10000000 
-0.36000000 0.00000000 1.11723197 0.10000000 
-0.35000000 0.00000000 1.12863395 0.10000000 
-0.34000000 0.00000000 1.13985125 0.10000000 
-0.33000000 0.00000000 1.15086818 0.10000000 
-0.32000000 0.00000000 1.16166979 0.10000000 
-0.31000000 0.00000000 1.17234096 0.10000000 
-0.30000000 0.00000000 1.18274093 0.10000000 
-0.29000000 0.00000000 1.19278159 0.10000000 
-0.28000000 0.00000000 1.20256178 0.10000000 
-0.27000000 0.00000000 1.21207042 0.10000000 
-0.26000000 0.00000000 1.22129713 0.10000000 
-0.25000000 0.00000000 1.23023230 0.10000000 
-0.24000000 0.00000000 1.23886698 0.10000000 
-0.23000000 0.00000000 1.24719286 0.10000000 
-0.22000000 0.00000000 1.25520228 0.10000000 
-0.21000000 0.00000000 1.26288813 0.10000000 
-0.20000000 0.00000000 1.27024192 0.10000000 
-0.19000000 0.00000000 1.27725855 0.10000000 
-0.18000000 0.00000000 1.28393471 0.10000000 
-0.17000000 0.00000000 1.29026490 0.10000000 
-0.16000000 0.00000000 1.29624407 0.10000000 
-0.15000000 0.00000000 1.30186765 0.10000000 
-0.14000000 0.00000000 1.30713152 0.10000000 
-0.13000000 0.00000000 1.31203200 0.10000000 
-0.12000000 0.00000000 1.31656582 0.10000000 
-0.11000000 0.00000000 1.32073015 0.10000000 
-0.10000000 0.00000000 1.32452249 0.10000000 
-0.09000000 0.00000000 1.32794078 0.10000000 
-0.08000000 0.00000000 1.33098325 0.10000000 
-0.07000000 0.00000000 1.33364844 0.10000000 
-0.06000000 0.00000000 1.33593520 0.10000000 
-0.05000000 0.00000000 1.33784268 0.10000000 
-0.04000000 0.00000000 1.33937204 0.10000000 
-0.03000000 0.00000000 1.34052363 0.10000000 
-0.02000000 0.00000000 1.34129823 0.10000000 
-0.01000000 0.00000000 1.34169697 0.10000000 
0.00000000 0.00000000 1.34171933 0.10000000 
0.01000000 0.00000000 1.34136611 0.10000000 
0.02000000 0.00000000 1.34063814 0.10000000 
0.03000000 0.00000000 1.33953625 0.10000000 
0.04000000 0.00000000 1.33806125 0.10000000 
0.05000000 0.00000000 1.33621391 0.10000000 
0.06000000 0.00000000 1.33406520 0.10000000 
0.07000000 0.00000000 1.33155848 0.10000000 
0.08000000 0.00000000 1.32870009 0.10000000 
0.09000000 0.00000000 1.32549166 0.10000000 
0.10000000 0.00000000 1.32185719 0.10000000 
0.11000000 0.00000000 1.31785688 0.10000000 
0.12000000 0.00000000 1.31349022 0.10000000 
0.13000000 0.00000000 1.30875707 0.10000000 
0.14000000 0.00000000 1.30365796 0.10000000 
0.15000000 0.00000000 1.29819439 0.10000000 
0.16000000 0.00000000 1.29521978 0.10000000 
0.17000000 0.00000000 1.28896514 0.10000000 
0.18000000 0.00000000 1.28255702 0.10000000 
0.19000000 0.00000000 1.27578481 0.10000000 
0.20000000 0.00000000 1.26552192 0.10000000 
0.21000000 0.00000000 1.25797767 0.10000000 
0.22000000 0.00000000 1.25012373 0.10000000 
0.23000000 0.00000000 1.24197396 0.10000000 
0.24000000 0.00000000 1.23354307 0.10000000 
0.25000000 0.00000000 1.22484631 0.10000000 
0.26000000 0.00000000 1.21589912 0.10000000 
0.27000000 0.00000000 1.20666108 0.10000000 
0.28000000 0.00000000 1.19721595 0.10000000 
0.29000000 0.00000000 1.18757245 0.10000000 
0.30000000 0.00000000 1.17774385 0.10000000 
0.31000000 0.00000000 1.16780408 0.10000000 
0.32000000 0.00000000 1.15769249 0.10000000 
0.33000000 0.00000000 1.14742163 0.10000000 
0.34000000 0.00000000 1.13700372 0.10000000 
0.35000000 0.00000000 1.12645069 0.10000000 
0.36000000 0.00000000 1.11577411 0.10000000 
0.37000000 0.00000000 1.10498529 0.10000000 
0.38000000 0.00000000 1.09409637 0.10000000 
0.39000000 0.00000000 1.08311771 0.10000000 
0.40000000 0.00000000 1.07205967 0.10000000 
0.41000000 0.00000000 1.06093256 0.10000000 
0.42000000 0.00000000 1.04974544 0.10000000 
0.43000000 0.00000000 1.03850902 0.10000000 
0.44000000 0.00000000 1.02723388 0.10000000 
0.45000000 0.00000000 1.01593049 0.10000000 
0.46000000 0.00000000 1.00460922 0.10000000 
0.47000000 0.00000000 0.99328037 0.10000000 
0.48000000 0.00000000 0.98195412 0.10000000 
0.49000000 0.00000000 0.97064058 0.10000000 
0.50000000 0.00000000 0.95934978 0.10000000 
0.51000000 0.00000000 0.94809165 0.10000000 
0.52000000 0.00000000 0.93687607 0.10000000 
0.53000000 0.00000000 0.92571283 0.10000000 
0.54000000 0.00000000 0.91461161 0.10000000 
0.55000000 0.00000000 0.90358199 0.10000000 
0.56000000 0.00000000 0.89263340 0.10000000 
0.57000000 0.00000000 0.88177517 0.10000000 
0.58000000 0.00000000 0.87101648 0.10000000 
0.59000000 0.00000000 0.86036638 0.10000000 
0.60000000 0.00000000 0.84983380 0.10000000 
0.61000000 0.00000000 0.83942748 0.10000000 
0.62000000 0.00000000 0.82915605 0.10000000 
0.63000000 0.00000000 0.81902795 0.10000000 
0.64000000 0.00000000 0.80905148 0.10000000 
0.65000000 0.00000000 0.79923476 0.10000000 
0.66000000 0.00000000 0.78958573 0.10000000 
0.67000000 0.00000000 0.78011216 0.10000000 
0.68000000 0.00000000 0.77082165 0.10000000 
0.69000000 0.00000000 0.76172159 0.10000000 
0.70000000 0.00000000 0.75281920 0.10000000 
0.71000000 0.00000000 0.74412149 0.10000000 
0.72000000 0.00000000 0.73563528 0.10000000 
0.73000000 0.00000000 0.72736718 0.10000000 
0.74000000 0.00000000 0.71932361 0.10000000 
0.75000000 0.00000000 0.71151076 0.10000000 
0.76000000 0.00000000 0.70393463 0.10000000 
0.77000000 0.00000000 0.69660100 0.10000000 
0.78000000 0.00000000 0.68951542 0.10000000 
0.79000000 0.00000000 0.68268320 0.10000000 
0.80000000 0.00000000 0.67610945 0.10000000 
0.81000000 0.00000000 0.66979902 0.10000000 
0.82000000 0.00000000 0.66375656 0.10000000 
0.83000000 0.00000000 0.65798648 0.10000000 
0.84000000 0.00000000 0.65249300 0.10000000 
0.85000000 0.00000000 0.64728011 0.10000000 
0.86000000 0.00000000 0.64235158 0.10000000 
0.87000000 0.00000000 0.63771102 0.10000000 
0.88000000 0.00000000 0.63336111 0.10000000 
0.89000000 0.00000000 0.62930472 0.10000000 
0.90000000 0.00000000 0.62554442 0.10000000 
0.91000000 0.00000000 0.62208253 0.10000000 
0.92000000 0.00000000 0.61892210 0.10000000 
0.93000000 0.00000000 0.61606547 0.10000000 
0.94000000 0.00000000 0.61351492 0.10000000 
0.95000000 0.00000000 0.61127270 0.10000000 
0.96000000 0.00000000 0.60934103 0.10000000 
0.97000000 0.00000000 0.60772217 0.10000000 
0.98000000 0.00000000 0.60638901 0.10000000 
0.99000000 0.00000000 0.60536382 0.10000000 

