-1.00000000 0.00000000 0.43058744 0.10000000 
-0.99000000 0.00000000 0.42977314 0.10000000 
-0.98000000 0.00000000 0.42944788 0.10000000 
-0.97000000 0.00000000 0.42957642 0.10000000 
-0.96000000 0.00000000 0.43016616 0.10000000 
-0.95000000 0.00000000 0.43122317 0.10000000 
-0.94000000 0.00000000 0.43275377 0.10000000 
-0.93000000 0.00000000 0.43476437 0.10000000 
-0.92000000 0.00000000 0.43564380 0.10000000 
-0.91000000 0.00000000 0.43842581 0.10000000 
-0.90000000 0.00000000 0.44158726 0.10000000 
-0.89000000 0.00000000 0.44523203 0.10000000 
-0.88000000 0.00000000 0.45156775 0.10000000 
-0.87000000 0.00000000 0.45636960 0.10000000 
-0.86000000 0.00000000 0.46176837 0.10000000 
-0.85000000 0.00000000 0.46768291 0.10000000 
-0.84000000 0.00000000 0.47411768 0.10000000 
-0.83000000 0.00000000 0.48107588 0.10000000 
-0.82000000 0.00000000 0.48486599 0.10000000 
-0.81000000 0.00000000 0.49293617 0.10000000 
-0.80000000 0.00000000 0.50129899 0.10000000 
-0.79000000 0.00000000 0.51019805 0.10000000 
-0.78000000 0.00000000 0.51961056 0.10000000 
-0.77000000 0.00000000 0.52952176 0.10000000 
-0.76000000 0.00000000 0.54441226 0.10000000 
-0.75000000 0.00000000 0.55540029 0.10000000 
-0.74000000 0.00000000 0.56683358 0.10000000 
-0.73000000 0.00000000 0.57869230 0.10000000 
-0.72000000 0.00000000 0.59096067 0.10000000 
-0.71000000 0.00000000 0.60369291 0.10000000 
-0.70000000 0.00000000 0.61678424 0.10000000 
-0.69000000 0.00000000 0.63022694 0.10000000 
-0.68000000 0.00000000 0.64382899 0.10000000 
-0.67000000 0.00000000 0.65773520 0.10000000 
-0.66000000 0.00000000 0.67192555 0.10000000 
-0.65000000 0.00000000 0.68630705 0.10000000 
-0.64000000 0.00000000 0.70098023 0.10000000 
-0.63000000 0.00000000 0.71594289 0.10000000 
-0.62000000 0.00000000 0.73137045 0.10000000 
-0.61000000 0.00000000 0.74712120 0.10000000 
-0.60000000 0.00000000 0.76320127 0.10000000 
-0.59000000 0.00000000 0.77961505 0.10000000 
-0.58000000 0.00000000 0.78901690 0.10000000 
-0.57000000 0.00000000 0.80653199 0.10000000 
-0.56000000 0.00000000 0.82384731 0.10000000 
-0.55000000 0.00000000 0.84153371 0.10000000 
-0.54000000 0.00000000 0.85953562 0.10000000 
-0.53000000 0.00000000 0.87783727 0.10000000 
-0.52000000 0.00000000 0.90353864 0.10000000 
-0.51000000 0.00000000 0.92217241 0.10000000 
-0.50000000 0.00000000 0.94114218 0.10000000 
-0.49000000 0.00000000 0.96027003 0.10000000 
-0.48000000 0.00000000 0.97952228 0.10000000 
-0.47000000 0.00000000 0.99900896 0.10000000 
-0.46000000 0.00000000 1.01851509 0.10000000 
-0.45000000 0.00000000 1.03802492 0.10000000 
-0.44000000 0.00000000 1.05751000 0.10000000 
-0.43000000 0.00000000 1.07694378 0.10000000 
-0.42000000 0.00000000 1.08830569 0.10000000 
-0.41000000 0.00000000 1.10819321 0.10000000 
-0.40000000 0.00000000 1.13446343 0.10000000 
-0.39000000 0.00000000 1.15335729 0.10000000 
-0.38000000 0.00000000 1.17209064 0.10000000 
-0.37000000 0.00000000 1.19063311 0.10000000 
-0.36000000 0.00000000 1.20895170 0.10000000 
-0.35000000 0.00000000 1.22701800 0.10000000 
-0.34000000 0.00000000 1.24480384 0.10000000 
-0.33000000 0.00000000 1.26228189 0.10000000 
-0.32000000 0.00000000 1.27942594 0.10000000 
-0.31000000 0.00000000 1.29636752 0.10000000 
-0.30000000 0.00000000 1.31288190 0.10000000 
-0.29000000 0.00000000 1.32882694 0.10000000 
-0.28000000 0.00000000 1.34435674 0.10000000 
-0.27000000 0.00000000 1.35945143 0.10000000 
-0.26000000 0.00000000 1.37409236 0.10000000 
-0.25000000 0.00000000 1.38826217 0.10000000 
-0.24000000 0.00000000 1.40194463 0.10000000 
-0.23000000 0.00000000 1.41512465 0.10000000 
-0.22000000 0.00000000 1.42778824 0.10000000 
-0.21000000 0.00000000 1.43992246 0.10000000 
-0.20000000 0.00000000 1.45151227 0.10000000 
-0.19000000 0.00000000 1.46254816 0.10000000 
-0.18000000 0.00000000 1.47302357 0.10000000 
-0.17000000 0.00000000 1.48292862 0.10000000 
-0.16000000 0.00000000 1.49225434 0.10000000 
-0.15000000 0.00000000 1.50099261 0.10000000 
-0.14000000 0.00000000 1.50913624 0.10000000 
-0.13000000 0.00000000 1.51667887 0.10000000 
-0.12000000 0.00000000 1.52361498 0.10000000 
-0.11000000 0.00000000 1.52993987 0.10000000 
-0.10000000 0.00000000 1.53564959 0.10000000 
-0.09000000 0.00000000 1.54074098 0.10000000 
-0.08000000 0.00000000 1.54521158 0.10000000 
-0.07000000 0.00000000 1.54905952 0.10000000 
-0.06000000 0.00000000 1.55228361 0.10000000 
-0.05000000 0.00000000 1.55488328 0.10000000 
-0.04000000 0.00000000 1.55686145 0.10000000 
-0.03000000 0.00000000 1.55821977 0.10000000 
-0.02000000 0.00000000 1.55896075 0.10000000 
-0.01000000 0.00000000 1.55908755 0.10000000 
0.00000000 0.00000000 1.55860078 0.10000000 
0.01000000 0.00000000 1.55750332 0.10000000 
0.02000000 0.00000000 1.55579817 0.10000000 
0.03000000 0.00000000 1.55348844 0.10000000 
0.04000000 0.00000000 1.55057731 0.10000000 
0.05000000 0.00000000 1.54706796 0.10000000 
0.06000000 0.00000000 1.54308026 0.10000000 
0.07000000 0.00000000 1.53852153 0.10000000 
0.08000000 0.00000000 1.53340433 0.10000000 
0.09000000 0.00000000 1.52773335 0.10000000 
0.10000000 0.00000000 1.52138661 0.10000000 
0.11000000 0.00000000 1.51446506 0.10000000 
0.12000000 0.00000000 1.50697014 0.10000000 
0.13000000 0.00000000 1.49890391 0.10000000 
0.14000000 0.00000000 1.49026954 0.10000000 
0.15000000 0.00000000 1.48107182 0.10000000 
0.16000000 0.00000000 1.47603159 0.10000000 
0.17000000 0.00000000 1.46558841 0.10000000 
0.18000000 0.00000000 1.45493874 0.10000000 
0.19000000 0.00000000 1.44373436 0.10000000 
0.20000000 0.00000000 1.42689315 0.10000000 
0.21000000 0.00000000 1.41453757 0.10000000 
0.22000000 0.00000000 1.40172419 0.10000000 
0.23000000 0.00000000 1.38847773 0.10000000 
0.24000000 0.00000000 1.37482421 0.10000000 
0.25000000 0.00000000 1.36079039 0.10000000 
0.26000000 0.00000000 1.34640321 0.10000000 
0.27000000 0.00000000 1.33159707 0.10000000 
0.28000000 0.00000000 1.31651217 0.10000000 
0.29000000 0.00000000 1.30116381 0.10000000 
0.30000000 0.00000000 1.28557470 0.10000000 
0.31000000 0.00000000 1.26986609 0.10000000 
0.32000000 0.00000000 1.25393962 0.10000000 
0.33000000 0.00000000 1.23781639 0.10000000 
0.34000000 0.00000000 1.22151680 0.10000000 
0.35000000 0.00000000 1.20506054 0.10000000 
0.36000000 0.00000000 1.18846657 0.10000000 
0.37000000 0.00000000 1.17175321 0.10000000 
0.38000000 0.00000000 1.15493997 0.10000000 
0.39000000 0.00000000 1.13804321 0.10000000 
0.40000000 0.00000000 1.12107914 0.10000000 
0.41000000 0.00000000 1.10406366 0.10000000 
0.42000000 0.00000000 1.08701048 0.10000000 
0.43000000 0.00000000 1.06993580 0.10000000 
0.44000000 0.00000000 1.05285542 0.10000000 
0.45000000 0.00000000 1.03578480 0.10000000 
0.46000000 0.00000000 1.01873906 0.10000000 
0.47000000 0.00000000 1.00173298 0.10000000 
0.48000000 0.00000000 0.98478105 0.10000000 
0.49000000 0.00000000 0.96789743 0.10000000 
0.50000000 0.00000000 0.95109600 0.10000000 
0.51000000 0.00000000 0.93439035 0.10000000 
0.52000000 0.00000000 0.91779382 0.10000000 
0.53000000 0.00000000 0.90131948 0.10000000 
0.54000000 0.00000000 0.88498010 0.10000000 
0.55000000 0.00000000 0.86878813 0.10000000 
0.56000000 0.00000000 0.85275572 0.10000000 
0.57000000 0.00000000 0.83689471 0.10000000 
0.58000000 0.00000000 0.82121664 0.10000000 
0.59000000 0.00000000 0.80573273 0.10000000 
0.60000000 0.00000000 0.79045391 0.10000000 
0.61000000 0.00000000 0.77539083 0.10000000 
0.62000000 0.00000000 0.76055380 0.10000000 
0.63000000 0.00000000 0.74595286 0.10000000 
0.64000000 0.00000000 0.73159776 0.10000000 
0.65000000 0.00000000 0.71749793 0.10000000 
0.66000000 0.00000000 0.70366254 0.10000000 
0.67000000 0.00000000 0.69010047 0.10000000 
0.68000000 0.00000000 0.67682031 0.10000000 
0.69000000 0.00000000 0.66383039 0.10000000 
0.70000000 0.00000000 0.65113875 0.10000000 
0.71000000 0.00000000 0.63875318 0.10000000 
0.72000000 0.00000000 0.62668119 0.10000000 
0.73000000 0.00000000 0.61493006 0.10000000 
0.74000000 0.00000000 0.60350678 0.10000000 
0.75000000 0.00000000 0.59241812 0.10000000 
0.76000000 0.00000000 0.58167060 0.10000000 
0.77000000 0.00000000 0.57127052 0.10000000 
0.78000000 0.00000000 0.56122390 0.10000000 
0.79000000 0.00000000 0.55153655 0.10000000 
0.80000000 0.00000000 0.54221402 0.10000000 
0.81000000 0.00000000 0.53326165 0.10000000 
0.82000000 0.00000000 0.52468457 0.10000000 
0.83000000 0.00000000 0.51648770 0.10000000 
0.84000000 0.00000000 0.50867576 0.10000000 
0.85000000 0.00000000 0.50125329 0.10000000 
0.86000000 0.00000000 0.49422468 0.10000000 
0.87000000 0.00000000 0.48759416 0.10000000 
0.88000000 0.00000000 0.48136488 0.10000000 
0.89000000 0.00000000 0.47554033 0.10000000 
0.90000000 0.00000000 0.47012371 0.10000000 
0.91000000 0.00000000 0.46511802 0.10000000 
0.92000000 0.00000000 0.46052734 0.10000000 
0.93000000 0.00000000 0.45635493 0.10000000 
0.94000000 0.00000000 0.45260412 0.10000000 
0.95000000 0.00000000 0.44927830 0.10000000 
0.96000000 0.00000000 0.44638097 0.10000000 
0.97000000 0.00000000 0.44391577 0.10000000 
0.98000000 0.00000000 0.44184757 0.10000000 
0.99000000 0.00000000 0.44020623 0.10000000 

