-1.00000000 0.00000000 0.63904914 0.10000000 
-0.99000000 0.00000000 0.63868501 0.10000000 
-0.98000000 0.00000000 0.63863515 0.10000000 
-0.97000000 0.00000000 0.63887519 0.10000000 
-0.96000000 0.00000000 0.63940882 0.10000000 
-0.95000000 0.00000000 0.64023882 0.10000000 
-0.94000000 0.00000000 0.64136802 0.10000000 
-0.93000000 0.00000000 0.64279921 0.10000000 
-0.92000000 0.00000000 0.64345031 0.10000000 
-0.91000000 0.00000000 0.64537117 0.10000000 
-0.90000000 0.00000000 0.64752206 0.10000000 
-0.89000000 0.00000000 0.64997262 0.10000000 
-0.88000000 0.00000000 0.65415650 0.10000000 
-0.87000000 0.00000000 0.65731394 0.10000000 
-0.86000000 0.00000000 0.66083484 0.10000000 
-0.85000000 0.00000000 0.66466705 0.10000000 
-0.84000000 0.00000000 0.66881145 0.10000000 
-0.83000000 0.00000000 0.67326809 0.10000000 
-0.82000000 0.00000000 0.67571213 0.10000000 
-0.81000000 0.00000000 0.68084061 0.10000000 
-0.80000000 0.00000000 0.68613089 0.10000000 
-0.79000000 0.00000000 0.69173391 0.10000000 
-0.78000000 0.00000000 0.69763359 0.10000000 
-0.77000000 0.00000000 0.70381911 0.10000000 
-0.76000000 0.00000000 0.71303481 0.10000000 
-0.75000000 0.00000000 0.71982201 0.10000000 
-0.74000000 0.00000000 0.72685658 0.10000000 
-0.73000000 0.00000000 0.73412470 0.10000000 
-0.72000000 0.00000000 0.74161485 0.10000000 
-0.71000000 0.00000000 0.74935986 0.10000000 
-0.70000000 0.00000000 0.75729220 0.10000000 
-0.69000000 0.00000000 0.76540580 0.10000000 
-0.68000000 0.00000000 0.77358862 0.10000000 
-0.67000000 0.00000000 0.78192256 0.10000000 
-0.66000000 0.00000000 0.79039474 0.10000000 
-0.65000000 0.00000000 0.79894714 0.10000000 
-0.64000000 0.00000000 0.80764079 0.10000000 
-0.63000000 0.00000000 0.81647342 0.10000000 
-0.62000000 0.00000000 0.82554323 0.10000000 
-0.61000000 0.00000000 0.83476938 0.10000000 
-0.60000000 0.00000000 0.84415468 0.10000000 
-0.59000000 0.00000000 0.85370125 0.10000000 
-0.58000000 0.00000000 0.85919072 0.10000000 
-0.57000000 0.00000000 0.86932121 0.10000000 
-0.56000000 0.00000000 0.87930515 0.10000000 
-0.55000000 0.00000000 0.88947148 0.10000000 
-0.54000000 0.00000000 0.89978851 0.10000000 
-0.53000000 0.00000000 0.91024767 0.10000000 
-0.52000000 0.00000000 0.92486222 0.10000000 
-0.51000000 0.00000000 0.93544903 0.10000000 
-0.50000000 0.00000000 0.94619839 0.10000000 
-0.49000000 0.00000000 0.95701230 0.10000000 
-0.48000000 0.00000000 0.96787249 0.10000000 
-0.47000000 0.00000000 0.97884333 0.10000000 
-0.46000000 0.00000000 0.98980239 0.10000000 
-0.45000000 0.00000000 1.00074209 0.10000000 
-0.44000000 0.00000000 1.01164761 0.10000000 
-0.43000000 0.00000000 1.02250533 0.10000000 
-0.42000000 0.00000000 1.02886452 0.10000000 
-0.41000000 0.00000000 1.03994337 0.10000000 
-0.40000000 0.00000000 1.05453739 0.10000000 
-0.39000000 0.00000000 1.06503057 0.10000000 
-0.38000000 0.00000000 1.07542251 0.10000000 
-0.37000000 0.00000000 1.08569785 0.10000000 
-0.36000000 0.00000000 1.09583975 0.10000000 
-0.35000000 0.00000000 1.10583403 0.10000000 
-0.34000000 0.00000000 1.11566667 0.10000000 
-0.33000000 0.00000000 1.12532409 0.10000000 
-0.32000000 0.00000000 1.13479336 0.10000000 
-0.31000000 0.00000000 1.14414903 0.10000000 
-0.30000000 0.00000000 1.15326790 0.10000000 
-0.29000000 0.00000000 1.16207291 0.10000000 
-0.28000000 0.00000000 1.17065084 0.10000000 
-0.27000000 0.00000000 1.17899210 0.10000000 
-0.26000000 0.00000000 1.18708776 0.10000000 
-0.25000000 0.00000000 1.19492949 0.10000000 
-0.24000000 0.00000000 1.20250959 0.10000000 
-0.23000000 0.00000000 1.20982089 0.10000000 
-0.22000000 0.00000000 1.21685675 0.10000000 
-0.21000000 0.00000000 1.22361105 0.10000000 
-0.20000000 0.00000000 1.23007642 0.10000000 
-0.19000000 0.00000000 1.23624847 0.10000000 
-0.18000000 0.00000000 1.24212433 0.10000000 
-0.17000000 0.00000000 1.24769924 0.10000000 
-0.16000000 0.00000000 1.25296881 0.10000000 
-0.15000000 0.00000000 1.25792904 0.10000000 
-0.14000000 0.00000000 1.26257634 0.10000000 
-0.13000000 0.00000000 1.26690747 0.10000000 
-0.12000000 0.00000000 1.27091955 0.10000000 
-0.11000000 0.00000000 1.27461007 0.10000000 
-0.10000000 0.00000000 1.27797680 0.10000000 
-0.09000000 0.00000000 1.28101786 0.10000000 
-0.08000000 0.00000000 1.28373166 0.10000000 
-0.07000000 0.00000000 1.28611682 0.10000000 
-0.06000000 0.00000000 1.28817226 0.10000000 
-0.05000000 0.00000000 1.28989712 0.10000000 
-0.04000000 0.00000000 1.29129230 0.10000000 
-0.03000000 0.00000000 1.29235797 0.10000000 
-0.02000000 0.00000000 1.29309470 0.10000000 
-0.01000000 0.00000000 1.29350332 0.10000000 
0.00000000 0.00000000 1.29358324 0.10000000 
0.01000000 0.00000000 1.29333501 0.10000000 
0.02000000 0.00000000 1.29275919 0.10000000 
0.03000000 0.00000000 1.29185635 0.10000000 
0.04000000 0.00000000 1.29062701 0.10000000 
0.05000000 0.00000000 1.28907169 0.10000000 
0.06000000 0.00000000 1.28725186 0.10000000 
0.07000000 0.00000000 1.28511820 0.10000000 
0.08000000 0.00000000 1.28267605 0.10000000 
0.09000000 0.00000000 1.27992666 0.10000000 
0.10000000 0.00000000 1.27680365 0.10000000 
0.11000000 0.00000000 1.27335925 0.10000000 
0.12000000 0.00000000 1.26959283 0.10000000 
0.13000000 0.00000000 1.26550410 0.10000000 
0.14000000 0.00000000 1.26109332 0.10000000 
0.15000000 0.00000000 1.25636164 0.10000000 
0.16000000 0.00000000 1.25378890 0.10000000 
0.17000000 0.00000000 1.24836308 0.10000000 
0.18000000 0.00000000 1.24279910 0.10000000 
0.19000000 0.00000000 1.23691393 0.10000000 
0.20000000 0.00000000 1.22798172 0.10000000 
0.21000000 0.00000000 1.22141338 0.10000000 
0.22000000 0.00000000 1.21457065 0.10000000 
0.23000000 0.00000000 1.20746549 0.10000000 
0.24000000 0.00000000 1.20011056 0.10000000 
0.25000000 0.00000000 1.19251903 0.10000000 
0.26000000 0.00000000 1.18470423 0.10000000 
0.27000000 0.00000000 1.17663096 0.10000000 
0.28000000 0.00000000 1.16837192 0.10000000 
0.29000000 0.00000000 1.15993466 0.10000000 
0.30000000 0.00000000 1.15133068 0.10000000 
0.31000000 0.00000000 1.14262438 0.10000000 
0.32000000 0.00000000 1.13376290 0.10000000 
0.33000000 0.00000000 1.12475716 0.10000000 
0.34000000 0.00000000 1.11561781 0.10000000 
0.35000000 0.00000000 1.10635524 0.10000000 
0.36000000 0.00000000 1.09697958 0.10000000 
0.37000000 0.00000000 1.08750072 0.10000000 
0.38000000 0.00000000 1.07792928 0.10000000 
0.39000000 0.00000000 1.06827437 0.10000000 
0.40000000 0.00000000 1.05854512 0.10000000 
0.41000000 0.00000000 1.04875060 0.10000000 
0.42000000 0.00000000 1.03889884 0.10000000 
0.43000000 0.00000000 1.02899928 0.10000000 
0.44000000 0.00000000 1.01906129 0.10000000 
0.45000000 0.00000000 1.00909417 0.10000000 
0.46000000 0.00000000 0.99910711 0.10000000 
0.47000000 0.00000000 0.98910928 0.10000000 
0.48000000 0.00000000 0.97910975 0.10000000 
0.49000000 0.00000000 0.96911752 0.10000000 
0.50000000 0.00000000 0.95914157 0.10000000 
0.51000000 0.00000000 0.94919078 0.10000000 
0.52000000 0.00000000 0.93927399 0.10000000 
0.53000000 0.00000000 0.92940000 0.10000000 
0.54000000 0.00000000 0.91957749 0.10000000 
0.55000000 0.00000000 0.90981507 0.10000000 
0.56000000 0.00000000 0.90012125 0.10000000 
0.57000000 0.00000000 0.89050442 0.10000000 
0.58000000 0.00000000 0.88097287 0.10000000 
0.59000000 0.00000000 0.87153480 0.10000000 
0.60000000 0.00000000 0.86219824 0.10000000 
0.61000000 0.00000000 0.85297115 0.10000000 
0.62000000 0.00000000 0.84386131 0.10000000 
0.63000000 0.00000000 0.83487640 0.10000000 
0.64000000 0.00000000 0.82602395 0.10000000 
0.65000000 0.00000000 0.81731133 0.10000000 
0.66000000 0.00000000 0.80874575 0.10000000 
0.67000000 0.00000000 0.80033430 0.10000000 
0.68000000 0.00000000 0.79208388 0.10000000 
0.69000000 0.00000000 0.78400122 0.10000000 
0.70000000 0.00000000 0.77609290 0.10000000 
0.71000000 0.00000000 0.76836531 0.10000000 
0.72000000 0.00000000 0.76082466 0.10000000 
0.73000000 0.00000000 0.75347699 0.10000000 
0.74000000 0.00000000 0.74632812 0.10000000 
0.75000000 0.00000000 0.73938373 0.10000000 
0.76000000 0.00000000 0.73264927 0.10000000 
0.77000000 0.00000000 0.72613000 0.10000000 
0.78000000 0.00000000 0.71983098 0.10000000 
0.79000000 0.00000000 0.71375706 0.10000000 
0.80000000 0.00000000 0.70791287 0.10000000 
0.81000000 0.00000000 0.70230284 0.10000000 
0.82000000 0.00000000 0.69693117 0.10000000 
0.83000000 0.00000000 0.69180189 0.10000000 
0.84000000 0.00000000 0.68691880 0.10000000 
0.85000000 0.00000000 0.68228551 0.10000000 
0.86000000 0.00000000 0.67790545 0.10000000 
0.87000000 0.00000000 0.67378184 0.10000000 
0.88000000 0.00000000 0.66991711 0.10000000 
0.89000000 0.00000000 0.66631384 0.10000000 
0.90000000 0.00000000 0.66297431 0.10000000 
0.91000000 0.00000000 0.65990061 0.10000000 
0.92000000 0.00000000 0.65709542 0.10000000 
0.93000000 0.00000000 0.65456081 0.10000000 
0.94000000 0.00000000 0.65229879 0.10000000 
0.95000000 0.00000000 0.65031131 0.10000000 
0.96000000 0.00000000 0.64860032 0.10000000 
0.97000000 0.00000000 0.64716774 0.10000000 
0.98000000 0.00000000 0.64598938 0.10000000 
0.99000000 0.00000000 0.64508502 0.10000000 

