-1.00000000 0.00000000 0.10543966 0.10000000 
-0.99000000 0.00000000 0.10493936 0.10000000 
-0.98000000 0.00000000 0.10448556 0.10000000 
-0.97000000 0.00000000 0.10407512 0.10000000 
-0.96000000 0.00000000 0.10370493 0.10000000 
-0.95000000 0.00000000 0.10337227 0.10000000 
-0.94000000 0.00000000 0.10307486 0.10000000 
-0.93000000 0.00000000 0.10281089 0.10000000 
-0.92000000 0.00000000 0.10263893 0.10000000 
-0.91000000 0.00000000 0.10242081 0.10000000 
-0.90000000 0.00000000 0.10223696 0.10000000 
-0.89000000 0.00000000 0.10208180 0.10000000 
-0.88000000 0.00000000 0.10194637 0.10000000 
-0.87000000 0.00000000 0.10186622 0.10000000 
-0.86000000 0.00000000 0.10182786 0.10000000 
-0.85000000 0.00000000 0.10183094 0.10000000 
-0.84000000 0.00000000 0.10188066 0.10000000 
-0.83000000 0.00000000 0.10198355 0.10000000 
-0.82000000 0.00000000 0.10201075 0.10000000 
-0.81000000 0.00000000 0.10221085 0.10000000 
-0.80000000 0.00000000 0.10247872 0.10000000 
-0.79000000 0.00000000 0.10283552 0.10000000 
-0.78000000 0.00000000 0.10329568 0.10000000 
-0.77000000 0.00000000 0.10387349 0.10000000 
-0.76000000 0.00000000 0.10506319 0.10000000 
-0.75000000 0.00000000 0.10604078 0.10000000 
-0.74000000 0.00000000 0.10721886 0.10000000 
-0.73000000 0.00000000 0.10862877 0.10000000 
-0.72000000 0.00000000 0.11031172 0.10000000 
-0.71000000 0.00000000 0.11231375 0.10000000 
-0.70000000 0.00000000 0.11468255 0.10000000 
-0.69000000 0.00000000 0.11747506 0.10000000 
-0.68000000 0.00000000 0.12060934 0.10000000 
-0.67000000 0.00000000 0.12425931 0.10000000 
-0.66000000 0.00000000 0.12848913 0.10000000 
-0.65000000 0.00000000 0.13337025 0.10000000 
-0.64000000 0.00000000 0.13899959 0.10000000 
-0.63000000 0.00000000 0.14547446 0.10000000 
-0.62000000 0.00000000 0.15315829 0.10000000 
-0.61000000 0.00000000 0.16197620 0.10000000 
-0.60000000 0.00000000 0.17207064 0.10000000 
-0.59000000 0.00000000 0.18358044 0.10000000 
-0.58000000 0.00000000 0.18938906 0.10000000 
-0.57000000 0.00000000 0.20373214 0.10000000 
-0.56000000 0.00000000 0.21941865 0.10000000 
-0.55000000 0.00000000 0.23708356 0.10000000 
-0.54000000 0.00000000 0.25684203 0.10000000 
-0.53000000 0.00000000 0.27883989 0.10000000 
-0.52000000 0.00000000 0.31510226 0.10000000 
-0.51000000 0.00000000 0.34241413 0.10000000 
-0.50000000 0.00000000 0.37287744 0.10000000 
-0.49000000 0.00000000 0.40609465 0.10000000 
-0.48000000 0.00000000 0.44216946 0.10000000 
-0.47000000 0.00000000 0.48133307 0.10000000 
-0.46000000 0.00000000 0.52350828 0.10000000 
-0.45000000 0.00000000 0.56877121 0.10000000 
-0.44000000 0.00000000 0.61716893 0.10000000 
-0.43000000 0.00000000 0.66872843 0.10000000 
-0.42000000 0.00000000 0.69670585 0.10000000 
-0.41000000 0.00000000 0.75512737 0.10000000 
-0.40000000 0.00000000 0.84190793 0.10000000 
-0.39000000 0.00000000 0.90573658 0.10000000 
-0.38000000 0.00000000 0.97248618 0.10000000 
-0.37000000 0.00000000 1.04201386 0.10000000 
-0.36000000 0.00000000 1.11414506 0.10000000 
-0.35000000 0.00000000 1.18868109 0.10000000 
-0.34000000 0.00000000 1.26539706 0.10000000 
-0.33000000 0.00000000 1.34404413 0.10000000 
-0.32000000 0.00000000 1.42435173 0.10000000 
-0.31000000 0.00000000 1.50655123 0.10000000 
-0.30000000 0.00000000 1.58969654 0.10000000 
-0.29000000 0.00000000 1.67298840 0.10000000 
-0.28000000 0.00000000 1.75671772 0.10000000 
-0.27000000 0.00000000 1.84053768 0.10000000 
-0.26000000 0.00000000 1.92409252 0.10000000 
-0.25000000 0.00000000 2.00702054 0.10000000 
-0.24000000 0.00000000 2.08895697 0.10000000 
-0.23000000 0.00000000 2.16953696 0.10000000 
-0.22000000 0.00000000 2.24839858 0.10000000 
-0.21000000 0.00000000 2.32518570 0.10000000 
-0.20000000 0.00000000 2.39954076 0.10000000 
-0.19000000 0.00000000 2.47113218 0.10000000 
-0.18000000 0.00000000 2.53965113 0.10000000 
-0.17000000 0.00000000 2.60479065 0.10000000 
-0.16000000 0.00000000 2.66626311 0.10000000 
-0.15000000 0.00000000 2.72380238 0.10000000 
-0.14000000 0.00000000 2.77716629 0.10000000 
-0.13000000 0.00000000 2.82613801 0.10000000 
-0.12000000 0.00000000 2.87052750 0.10000000 
-0.11000000 0.00000000 2.91017264 0.10000000 
-0.10000000 0.00000000 2.94493962 0.10000000 
-0.09000000 0.00000000 2.97472378 0.10000000 
-0.08000000 0.00000000 2.99944943 0.10000000 
-0.07000000 0.00000000 3.01906948 0.10000000 
-0.06000000 0.00000000 3.03356529 0.10000000 
-0.05000000 0.00000000 3.04294583 0.10000000 
-0.04000000 0.00000000 3.04726568 0.10000000 
-0.03000000 0.00000000 3.04659185 0.10000000 
-0.02000000 0.00000000 3.04101720 0.10000000 
-0.01000000 0.00000000 3.03065755 0.10000000 
0.00000000 0.00000000 3.01563230 0.10000000 
0.01000000 0.00000000 2.99609018 0.10000000 
0.02000000 0.00000000 2.97219526 0.10000000 
0.03000000 0.00000000 2.94412472 0.10000000 
0.04000000 0.00000000 2.91206673 0.10000000 
0.05000000 0.00000000 2.87621845 0.10000000 
0.06000000 0.00000000 2.83751219 0.10000000 
0.07000000 0.00000000 2.79552433 0.10000000 
0.08000000 0.00000000 2.75052129 0.10000000 
0.09000000 0.00000000 2.70271864 0.10000000 
0.10000000 0.00000000 2.65165769 0.10000000 
0.11000000 0.00000000 2.59809437 0.10000000 
0.12000000 0.00000000 2.54222789 0.10000000 
0.13000000 0.00000000 2.48425669 0.10000000 
0.14000000 0.00000000 2.42437999 0.10000000 
0.15000000 0.00000000 2.36279958 0.10000000 
0.16000000 0.00000000 2.32762528 0.10000000 
0.17000000 0.00000000 2.26128736 0.10000000 
0.18000000 0.00000000 2.19589931 0.10000000 
0.19000000 0.00000000 2.12942224 0.10000000 
0.20000000 0.00000000 2.03604804 0.10000000 
0.21000000 0.00000000 1.96869240 0.10000000 
0.22000000 0.00000000 1.90119159 0.10000000 
0.23000000 0.00000000 1.83377374 0.10000000 
0.24000000 0.00000000 1.76666094 0.10000000 
0.25000000 0.00000000 1.70006589 0.10000000 
0.26000000 0.00000000 1.63418884 0.10000000 
0.27000000 0.00000000 1.56866458 0.10000000 
0.28000000 0.00000000 1.50436696 0.10000000 
0.29000000 0.00000000 1.44138085 0.10000000 
0.30000000 0.00000000 1.37982679 0.10000000 
0.31000000 0.00000000 1.32031907 0.10000000 
0.32000000 0.00000000 1.26230944 0.10000000 
0.33000000 0.00000000 1.20587917 0.10000000 
0.34000000 0.00000000 1.15109534 0.10000000 
0.35000000 0.00000000 1.09801134 0.10000000 
0.36000000 0.00000000 1.04666769 0.10000000 
0.37000000 0.00000000 0.99709291 0.10000000 
0.38000000 0.00000000 0.94931539 0.10000000 
0.39000000 0.00000000 0.90333738 0.10000000 
0.40000000 0.00000000 0.85915455 0.10000000 
0.41000000 0.00000000 0.81675555 0.10000000 
0.42000000 0.00000000 0.77611280 0.10000000 
0.43000000 0.00000000 0.73720792 0.10000000 
0.44000000 0.00000000 0.70001677 0.10000000 
0.45000000 0.00000000 0.66451015 0.10000000 
0.46000000 0.00000000 0.63065455 0.10000000 
0.47000000 0.00000000 0.59841272 0.10000000 
0.48000000 0.00000000 0.56774434 0.10000000 
0.49000000 0.00000000 0.53860628 0.10000000 
0.50000000 0.00000000 0.51095345 0.10000000 
0.51000000 0.00000000 0.48473923 0.10000000 
0.52000000 0.00000000 0.45991577 0.10000000 
0.53000000 0.00000000 0.43643452 0.10000000 
0.54000000 0.00000000 0.41424623 0.10000000 
0.55000000 0.00000000 0.39330124 0.10000000 
0.56000000 0.00000000 0.37354977 0.10000000 
0.57000000 0.00000000 0.35494217 0.10000000 
0.58000000 0.00000000 0.33742914 0.10000000 
0.59000000 0.00000000 0.32096193 0.10000000 
0.60000000 0.00000000 0.30549253 0.10000000 
0.61000000 0.00000000 0.29097375 0.10000000 
0.62000000 0.00000000 0.27735944 0.10000000 
0.63000000 0.00000000 0.26460452 0.10000000 
0.64000000 0.00000000 0.25266510 0.10000000 
0.65000000 0.00000000 0.24149858 0.10000000 
0.66000000 0.00000000 0.23106365 0.10000000 
0.67000000 0.00000000 0.22132042 0.10000000 
0.68000000 0.00000000 0.21223040 0.10000000 
0.69000000 0.00000000 0.20375655 0.10000000 
0.70000000 0.00000000 0.19586330 0.10000000 
0.71000000 0.00000000 0.18851652 0.10000000 
0.72000000 0.00000000 0.18168357 0.10000000 
0.73000000 0.00000000 0.17533326 0.10000000 
0.74000000 0.00000000 0.16943584 0.10000000 
0.75000000 0.00000000 0.16396296 0.10000000 
0.76000000 0.00000000 0.15888768 0.10000000 
0.77000000 0.00000000 0.15418443 0.10000000 
0.78000000 0.00000000 0.14982895 0.10000000 
0.79000000 0.00000000 0.14579827 0.10000000 
0.80000000 0.00000000 0.14207067 0.10000000 
0.81000000 0.00000000 0.13862567 0.10000000 
0.82000000 0.00000000 0.13544392 0.10000000 
0.83000000 0.00000000 0.13250719 0.10000000 
0.84000000 0.00000000 0.12979837 0.10000000 
0.85000000 0.00000000 0.12730134 0.10000000 
0.86000000 0.00000000 0.12500098 0.10000000 
0.87000000 0.00000000 0.12288312 0.10000000 
0.88000000 0.00000000 0.12093453 0.10000000 
0.89000000 0.00000000 0.11914279 0.10000000 
0.90000000 0.00000000 0.11749631 0.10000000 
0.91000000 0.00000000 0.11598428 0.10000000 
0.92000000 0.00000000 0.11459661 0.10000000 
0.93000000 0.00000000 0.11332392 0.10000000 
0.94000000 0.00000000 0.11215749 0.10000000 
0.95000000 0.00000000 0.11108923 0.10000000 
0.96000000 0.00000000 0.11011166 0.10000000 
0.97000000 0.00000000 0.10921789 0.10000000 
0.98000000 0.00000000 0.10840296 0.10000000 
0.99000000 0.00000000 0.10765957 0.10000000 

