-1.00000000 0.00000000 0.10273707 0.10000000 
-0.99000000 0.00000000 0.10250081 0.10000000 
-0.98000000 0.00000000 0.10228466 0.10000000 
-0.97000000 0.00000000 0.10208693 0.10000000 
-0.96000000 0.00000000 0.10190609 0.10000000 
-0.95000000 0.00000000 0.10174074 0.10000000 
-0.94000000 0.00000000 0.10158957 0.10000000 
-0.93000000 0.00000000 0.10145141 0.10000000 
-0.92000000 0.00000000 0.10132519 0.10000000 
-0.91000000 0.00000000 0.10120992 0.10000000 
-0.90000000 0.00000000 0.10110471 0.10000000 
-0.89000000 0.00000000 0.10100876 0.10000000 
-0.88000000 0.00000000 0.10092139 0.10000000 
-0.87000000 0.00000000 0.10084193 0.10000000 
-0.86000000 0.00000000 0.10076985 0.10000000 
-0.85000000 0.00000000 0.10070473 0.10000000 
-0.84000000 0.00000000 0.10064622 0.10000000 
-0.83000000 0.00000000 0.10059409 0.10000000 
-0.82000000 0.00000000 0.10054820 0.10000000 
-0.81000000 0.00000000 0.10050870 0.10000000 
-0.80000000 0.00000000 0.10047582 0.10000000 
-0.79000000 0.00000000 0.10045006 0.10000000 
-0.78000000 0.00000000 0.10043220 0.10000000 
-0.77000000 0.00000000 0.10042338 0.10000000 
-0.76000000 0.00000000 0.10042525 0.10000000 
-0.75000000 0.00000000 0.10043994 0.10000000 
-0.74000000 0.00000000 0.10047036 0.10000000 
-0.73000000 0.00000000 0.10052026 0.10000000 
-0.72000000 0.00000000 0.10059534 0.10000000 
-0.71000000 0.00000000 0.10070036 0.10000000 
-0.70000000 0.00000000 0.10084387 0.10000000 
-0.69000000 0.00000000 0.10103584 0.10000000 
-0.68000000 0.00000000 0.10128870 0.10000000 
-0.67000000 0.00000000 0.10161794 0.10000000 
-0.66000000 0.00000000 0.10204269 0.10000000 
-0.65000000 0.00000000 0.10258646 0.10000000 
-0.64000000 0.00000000 0.10327456 0.10000000 
-0.63000000 0.00000000 0.10414804 0.10000000 
-0.62000000 0.00000000 0.10524622 0.10000000 
-0.61000000 0.00000000 0.10661971 0.10000000 
-0.60000000 0.00000000 0.10832889 0.10000000 
-0.59000000 0.00000000 0.11045233 0.10000000 
-0.58000000 0.00000000 0.11305389 0.10000000 
-0.57000000 0.00000000 0.11625304 0.10000000 
-0.56000000 0.00000000 0.12015827 0.10000000 
-0.55000000 0.00000000 0.12490288 0.10000000 
-0.54000000 0.00000000 0.13064001 0.10000000 
-0.53000000 0.00000000 0.13754431 0.10000000 
-0.52000000 0.00000000 0.14581364 0.10000000 
-0.51000000 0.00000000 0.15567008 0.10000000 
-0.50000000 0.00000000 0.16736142 0.10000000 
-0.49000000 0.00000000 0.18116146 0.10000000 
-0.48000000 0.00000000 0.19737023 0.10000000 
-0.47000000 0.00000000 0.21631329 0.10000000 
-0.46000000 0.00000000 0.23836256 0.10000000 
-0.45000000 0.00000000 0.26384663 0.10000000 
-0.44000000 0.00000000 0.29317665 0.10000000 
-0.43000000 0.00000000 0.32675702 0.10000000 
-0.42000000 0.00000000 0.36497391 0.10000000 
-0.41000000 0.00000000 0.40829430 0.10000000 
-0.40000000 0.00000000 0.45710002 0.10000000 
-0.39000000 0.00000000 0.51178255 0.10000000 
-0.38000000 0.00000000 0.57270659 0.10000000 
-0.37000000 0.00000000 0.64019849 0.10000000 
-0.36000000 0.00000000 0.71453390 0.10000000 
-0.35000000 0.00000000 0.79592489 0.10000000 
-0.34000000 0.00000000 0.88453638 0.10000000 
-0.33000000 0.00000000 0.98035538 0.10000000 
-0.32000000 0.00000000 1.08335685 0.10000000 
-0.31000000 0.00000000 1.19337403 0.10000000 
-0.30000000 0.00000000 1.31011932 0.10000000 
-0.29000000 0.00000000 1.43315046 0.10000000 
-0.28000000 0.00000000 1.56198390 0.10000000 
-0.27000000 0.00000000 1.69589841 0.10000000 
-0.26000000 0.00000000 1.83409267 0.10000000 
-0.25000000 0.00000000 1.97563595 0.10000000 
-0.24000000 0.00000000 2.11948539 0.10000000 
-0.23000000 0.00000000 2.26450030 0.10000000 
-0.22000000 0.00000000 2.40946014 0.10000000 
-0.21000000 0.00000000 2.55308575 0.10000000 
-0.20000000 0.00000000 2.69406317 0.10000000 
-0.19000000 0.00000000 2.83106954 0.10000000 
-0.18000000 0.00000000 2.96280003 0.10000000 
-0.17000000 0.00000000 3.08799508 0.10000000 
-0.16000000 0.00000000 3.20544535 0.10000000 
-0.15000000 0.00000000 3.31410146 0.10000000 
-0.14000000 0.00000000 3.41296009 0.10000000 
-0.13000000 0.00000000 3.50120457 0.10000000 
-0.12000000 0.00000000 3.57816802 0.10000000 
-0.11000000 0.00000000 3.64327990 0.10000000 
-0.10000000 0.00000000 3.69621074 0.10000000 
-0.09000000 0.00000000 3.73677483 0.10000000 
-0.08000000 0.00000000 3.76495040 0.10000000 
-0.07000000 0.00000000 3.78087131 0.10000000 
-0.06000000 0.00000000 3.78481515 0.10000000 
-0.05000000 0.00000000 3.77718833 0.10000000 
-0.04000000 0.00000000 3.75850656 0.10000000 
-0.03000000 0.00000000 3.72938753 0.10000000 
-0.02000000 0.00000000 3.69051365 0.10000000 
-0.01000000 0.00000000 3.64262675 0.10000000 
0.00000000 0.00000000 3.58650656 0.10000000 
0.01000000 0.00000000 3.52297214 0.10000000 
0.02000000 0.00000000 3.45279335 0.10000000 
0.03000000 0.00000000 3.37679159 0.10000000 
0.04000000 0.00000000 3.29575133 0.10000000 
0.05000000 0.00000000 3.21043124 0.10000000 
0.06000000 0.00000000 3.12155737 0.10000000 
0.07000000 0.00000000 3.02981802 0.10000000 
0.08000000 0.00000000 2.93586023 0.10000000 
0.09000000 0.00000000 2.84028753 0.10000000 
0.10000000 0.00000000 2.74365874 0.10000000 
0.11000000 0.00000000 2.64647170 0.10000000 
0.12000000 0.00000000 2.54922849 0.10000000 
0.13000000 0.00000000 2.45233780 0.10000000 
0.14000000 0.00000000 2.35618273 0.10000000 
0.15000000 0.00000000 2.26110556 0.10000000 
0.16000000 0.00000000 2.16743069 0.10000000 
0.17000000 0.00000000 2.07538247 0.10000000 
0.18000000 0.00000000 1.98521240 0.10000000 
0.19000000 0.00000000 1.89711857 0.10000000 
0.20000000 0.00000000 1.81126827 0.10000000 
0.21000000 0.00000000 1.72780018 0.10000000 
0.22000000 0.00000000 1.64682649 0.10000000 
0.23000000 0.00000000 1.56843507 0.10000000 
0.24000000 0.00000000 1.49269151 0.10000000 
0.25000000 0.00000000 1.41964118 0.10000000 
0.26000000 0.00000000 1.34929359 0.10000000 
0.27000000 0.00000000 1.28169446 0.10000000 
0.28000000 0.00000000 1.21682228 0.10000000 
0.29000000 0.00000000 1.15466002 0.10000000 
0.30000000 0.00000000 1.09517916 0.10000000 
0.31000000 0.00000000 1.03834125 0.10000000 
0.32000000 0.00000000 0.98409920 0.10000000 
0.33000000 0.00000000 0.93239855 0.10000000 
0.34000000 0.00000000 0.88317864 0.10000000 
0.35000000 0.00000000 0.83637366 0.10000000 
0.36000000 0.00000000 0.79191359 0.10000000 
0.37000000 0.00000000 0.74972179 0.10000000 
0.38000000 0.00000000 0.70972928 0.10000000 
0.39000000 0.00000000 0.67185488 0.10000000 
0.40000000 0.00000000 0.63601977 0.10000000 
0.41000000 0.00000000 0.60216203 0.10000000 
0.42000000 0.00000000 0.57016643 0.10000000 
0.43000000 0.00000000 0.53997203 0.10000000 
0.44000000 0.00000000 0.51150035 0.10000000 
0.45000000 0.00000000 0.48467400 0.10000000 
0.46000000 0.00000000 0.45940440 0.10000000 
0.47000000 0.00000000 0.43564265 0.10000000 
0.48000000 0.00000000 0.41330295 0.10000000 
0.49000000 0.00000000 0.39231455 0.10000000 
0.50000000 0.00000000 0.37260877 0.10000000 
0.51000000 0.00000000 0.35411910 0.10000000 
0.52000000 0.00000000 0.33678130 0.10000000 
0.53000000 0.00000000 0.32053344 0.10000000 
0.54000000 0.00000000 0.30531595 0.10000000 
0.55000000 0.00000000 0.29107161 0.10000000 
0.56000000 0.00000000 0.27774559 0.10000000 
0.57000000 0.00000000 0.26528540 0.10000000 
0.58000000 0.00000000 0.25364089 0.10000000 
0.59000000 0.00000000 0.24276422 0.10000000 
0.60000000 0.00000000 0.23260981 0.10000000 
0.61000000 0.00000000 0.22313427 0.10000000 
0.62000000 0.00000000 0.21429590 0.10000000 
0.63000000 0.00000000 0.20605655 0.10000000 
0.64000000 0.00000000 0.19837863 0.10000000 
0.65000000 0.00000000 0.19122699 0.10000000 
0.66000000 0.00000000 0.18456839 0.10000000 
0.67000000 0.00000000 0.17837590 0.10000000 
0.68000000 0.00000000 0.17261065 0.10000000 
0.69000000 0.00000000 0.16724937 0.10000000 
0.70000000 0.00000000 0.16226568 0.10000000 
0.71000000 0.00000000 0.15763148 0.10000000 
0.72000000 0.00000000 0.15333008 0.10000000 
0.73000000 0.00000000 0.14933605 0.10000000 
0.74000000 0.00000000 0.14562873 0.10000000 
0.75000000 0.00000000 0.14218874 0.10000000 
0.76000000 0.00000000 0.13899789 0.10000000 
0.77000000 0.00000000 0.13603910 0.10000000 
0.78000000 0.00000000 0.13329627 0.10000000 
0.79000000 0.00000000 0.13075467 0.10000000 
0.80000000 0.00000000 0.12840017 0.10000000 
0.81000000 0.00000000 0.12621966 0.10000000 
0.82000000 0.00000000 0.12420089 0.10000000 
0.83000000 0.00000000 0.12233240 0.10000000 
0.84000000 0.00000000 0.12060350 0.10000000 
0.85000000 0.00000000 0.11900422 0.10000000 
0.86000000 0.00000000 0.11752524 0.10000000 
0.87000000 0.00000000 0.11615789 0.10000000 
0.88000000 0.00000000 0.11489407 0.10000000 
0.89000000 0.00000000 0.11372625 0.10000000 
0.90000000 0.00000000 0.11264742 0.10000000 
0.91000000 0.00000000 0.11165104 0.10000000 
0.92000000 0.00000000 0.11073183 0.10000000 
0.93000000 0.00000000 0.10988252 0.10000000 
0.94000000 0.00000000 0.10909869 0.10000000 
0.95000000 0.00000000 0.10837547 0.10000000 
0.96000000 0.00000000 0.10770833 0.10000000 
0.97000000 0.00000000 0.10709255 0.10000000 
0.98000000 0.00000000 0.10652529 0.10000000 
0.99000000 0.00000000 0.10600241 0.10000000 

