-1.00000000 0.00000000 0.61649714 0.10000000 
-0.99000000 0.00000000 0.61610363 0.10000000 
-0.98000000 0.00000000 0.61604633 0.10000000 
-0.97000000 0.00000000 0.61629926 0.10000000 
-0.96000000 0.00000000 0.61686643 0.10000000 
-0.95000000 0.00000000 0.61775089 0.10000000 
-0.94000000 0.00000000 0.61895574 0.10000000 
-0.93000000 0.00000000 0.62048405 0.10000000 
-0.92000000 0.00000000 0.62117870 0.10000000 
-0.91000000 0.00000000 0.62323135 0.10000000 
-0.90000000 0.00000000 0.62553075 0.10000000 
-0.89000000 0.00000000 0.62815140 0.10000000 
-0.88000000 0.00000000 0.63262825 0.10000000 
-0.87000000 0.00000000 0.63600732 0.10000000 
-0.86000000 0.00000000 0.63977645 0.10000000 
-0.85000000 0.00000000 0.64387981 0.10000000 
-0.84000000 0.00000000 0.64831845 0.10000000 
-0.83000000 0.00000000 0.65309254 0.10000000 
-0.82000000 0.00000000 0.65570996 0.10000000 
-0.81000000 0.00000000 0.66120543 0.10000000 
-0.80000000 0.00000000 0.66687538 0.10000000 
-0.79000000 0.00000000 0.67288172 0.10000000 
-0.78000000 0.00000000 0.67920730 0.10000000 
-0.77000000 0.00000000 0.68584062 0.10000000 
-0.76000000 0.00000000 0.69572719 0.10000000 
-0.75000000 0.00000000 0.70300912 0.10000000 
-0.74000000 0.00000000 0.71055781 0.10000000 
-0.73000000 0.00000000 0.71835850 0.10000000 
-0.72000000 0.00000000 0.72639893 0.10000000 
-0.71000000 0.00000000 0.73471435 0.10000000 
-0.70000000 0.00000000 0.74323245 0.10000000 
-0.69000000 0.00000000 0.75194678 0.10000000 
-0.68000000 0.00000000 0.76073681 0.10000000 
-0.67000000 0.00000000 0.76969078 0.10000000 
-0.66000000 0.00000000 0.77879490 0.10000000 
-0.65000000 0.00000000 0.78798692 0.10000000 
-0.64000000 0.00000000 0.79733238 0.10000000 
-0.63000000 0.00000000 0.80682889 0.10000000 
-0.62000000 0.00000000 0.81658226 0.10000000 
-0.61000000 0.00000000 0.82650545 0.10000000 
-0.60000000 0.00000000 0.83660149 0.10000000 
-0.59000000 0.00000000 0.84687268 0.10000000 
-0.58000000 0.00000000 0.85277778 0.10000000 
-0.57000000 0.00000000 0.86368004 0.10000000 
-0.56000000 0.00000000 0.87442611 0.10000000 
-0.55000000 0.00000000 0.88537003 0.10000000 
-0.54000000 0.00000000 0.89647764 0.10000000 
-0.53000000 0.00000000 0.90773968 0.10000000 
-0.52000000 0.00000000 0.92347955 0.10000000 
-0.51000000 0.00000000 0.93488190 0.10000000 
-0.50000000 0.00000000 0.94646061 0.10000000 
-0.49000000 0.00000000 0.95810994 0.10000000 
-0.48000000 0.00000000 0.96981016 0.10000000 
-0.47000000 0.00000000 0.98163047 0.10000000 
-0.46000000 0.00000000 0.99343902 0.10000000 
-0.45000000 0.00000000 1.00522753 0.10000000 
-0.44000000 0.00000000 1.01697996 0.10000000 
-0.43000000 0.00000000 1.02868154 0.10000000 
-0.42000000 0.00000000 1.03553459 0.10000000 
-0.41000000 0.00000000 1.04747560 0.10000000 
-0.40000000 0.00000000 1.06320633 0.10000000 
-0.39000000 0.00000000 1.07451675 0.10000000 
-0.38000000 0.00000000 1.08571823 0.10000000 
-0.37000000 0.00000000 1.09679412 0.10000000 
-0.36000000 0.00000000 1.10772615 0.10000000 
-0.35000000 0.00000000 1.11849897 0.10000000 
-0.34000000 0.00000000 1.12909732 0.10000000 
-0.33000000 0.00000000 1.13950651 0.10000000 
-0.32000000 0.00000000 1.14971248 0.10000000 
-0.31000000 0.00000000 1.15979550 0.10000000 
-0.30000000 0.00000000 1.16962268 0.10000000 
-0.29000000 0.00000000 1.17911086 0.10000000 
-0.28000000 0.00000000 1.18835349 0.10000000 
-0.27000000 0.00000000 1.19734019 0.10000000 
-0.26000000 0.00000000 1.20606121 0.10000000 
-0.25000000 0.00000000 1.21450755 0.10000000 
-0.24000000 0.00000000 1.22267080 0.10000000 
-0.23000000 0.00000000 1.23054319 0.10000000 
-0.22000000 0.00000000 1.23811752 0.10000000 
-0.21000000 0.00000000 1.24538712 0.10000000 
-0.20000000 0.00000000 1.25234403 0.10000000 
-0.19000000 0.00000000 1.25898345 0.10000000 
-0.18000000 0.00000000 1.26530228 0.10000000 
-0.17000000 0.00000000 1.27129536 0.10000000 
-0.16000000 0.00000000 1.27695795 0.10000000 
-0.15000000 0.00000000 1.28228572 0.10000000 
-0.14000000 0.00000000 1.28727480 0.10000000 
-0.13000000 0.00000000 1.29192170 0.10000000 
-0.12000000 0.00000000 1.29622335 0.10000000 
-0.11000000 0.00000000 1.30017703 0.10000000 
-0.10000000 0.00000000 1.30378039 0.10000000 
-0.09000000 0.00000000 1.30703143 0.10000000 
-0.08000000 0.00000000 1.30992847 0.10000000 
-0.07000000 0.00000000 1.31247007 0.10000000 
-0.06000000 0.00000000 1.31465513 0.10000000 
-0.05000000 0.00000000 1.31648278 0.10000000 
-0.04000000 0.00000000 1.31795406 0.10000000 
-0.03000000 0.00000000 1.31906924 0.10000000 
-0.02000000 0.00000000 1.31982899 0.10000000 
-0.01000000 0.00000000 1.32023429 0.10000000 
0.00000000 0.00000000 1.32028461 0.10000000 
0.01000000 0.00000000 1.31998062 0.10000000 
0.02000000 0.00000000 1.31932301 0.10000000 
0.03000000 0.00000000 1.31831249 0.10000000 
0.04000000 0.00000000 1.31694975 0.10000000 
0.05000000 0.00000000 1.31523541 0.10000000 
0.06000000 0.00000000 1.31323619 0.10000000 
0.07000000 0.00000000 1.31089870 0.10000000 
0.08000000 0.00000000 1.30822886 0.10000000 
0.09000000 0.00000000 1.30522809 0.10000000 
0.10000000 0.00000000 1.30182471 0.10000000 
0.11000000 0.00000000 1.29807532 0.10000000 
0.12000000 0.00000000 1.29397936 0.10000000 
0.13000000 0.00000000 1.28953660 0.10000000 
0.14000000 0.00000000 1.28474745 0.10000000 
0.15000000 0.00000000 1.27961324 0.10000000 
0.16000000 0.00000000 1.27681961 0.10000000 
0.17000000 0.00000000 1.27093759 0.10000000 
0.18000000 0.00000000 1.26490877 0.10000000 
0.19000000 0.00000000 1.25853492 0.10000000 
0.20000000 0.00000000 1.24886904 0.10000000 
0.21000000 0.00000000 1.24176251 0.10000000 
0.22000000 0.00000000 1.23436192 0.10000000 
0.23000000 0.00000000 1.22668025 0.10000000 
0.24000000 0.00000000 1.21873130 0.10000000 
0.25000000 0.00000000 1.21052936 0.10000000 
0.26000000 0.00000000 1.20208891 0.10000000 
0.27000000 0.00000000 1.19337189 0.10000000 
0.28000000 0.00000000 1.18445707 0.10000000 
0.29000000 0.00000000 1.17535264 0.10000000 
0.30000000 0.00000000 1.16607109 0.10000000 
0.31000000 0.00000000 1.15668205 0.10000000 
0.32000000 0.00000000 1.14712838 0.10000000 
0.33000000 0.00000000 1.13742188 0.10000000 
0.34000000 0.00000000 1.12757407 0.10000000 
0.35000000 0.00000000 1.11759619 0.10000000 
0.36000000 0.00000000 1.10749916 0.10000000 
0.37000000 0.00000000 1.09729366 0.10000000 
0.38000000 0.00000000 1.08699116 0.10000000 
0.39000000 0.00000000 1.07660143 0.10000000 
0.40000000 0.00000000 1.06613430 0.10000000 
0.41000000 0.00000000 1.05559954 0.10000000 
0.42000000 0.00000000 1.04500573 0.10000000 
0.43000000 0.00000000 1.03436303 0.10000000 
0.44000000 0.00000000 1.02368149 0.10000000 
0.45000000 0.00000000 1.01297105 0.10000000 
0.46000000 0.00000000 1.00224157 0.10000000 
0.47000000 0.00000000 0.99150284 0.10000000 
0.48000000 0.00000000 0.98076456 0.10000000 
0.49000000 0.00000000 0.97003636 0.10000000 
0.50000000 0.00000000 0.95932780 0.10000000 
0.51000000 0.00000000 0.94864836 0.10000000 
0.52000000 0.00000000 0.93800745 0.10000000 
0.53000000 0.00000000 0.92741445 0.10000000 
0.54000000 0.00000000 0.91687860 0.10000000 
0.55000000 0.00000000 0.90640905 0.10000000 
0.56000000 0.00000000 0.89601484 0.10000000 
0.57000000 0.00000000 0.88570490 0.10000000 
0.58000000 0.00000000 0.87548802 0.10000000 
0.59000000 0.00000000 0.86537288 0.10000000 
0.60000000 0.00000000 0.85536803 0.10000000 
0.61000000 0.00000000 0.84548188 0.10000000 
0.62000000 0.00000000 0.83572270 0.10000000 
0.63000000 0.00000000 0.82609859 0.10000000 
0.64000000 0.00000000 0.81661753 0.10000000 
0.65000000 0.00000000 0.80728733 0.10000000 
0.66000000 0.00000000 0.79811561 0.10000000 
0.67000000 0.00000000 0.78910986 0.10000000 
0.68000000 0.00000000 0.78027737 0.10000000 
0.69000000 0.00000000 0.77162527 0.10000000 
0.70000000 0.00000000 0.76316050 0.10000000 
0.71000000 0.00000000 0.75488981 0.10000000 
0.72000000 0.00000000 0.74681976 0.10000000 
0.73000000 0.00000000 0.73895672 0.10000000 
0.74000000 0.00000000 0.73130686 0.10000000 
0.75000000 0.00000000 0.72387616 0.10000000 
0.76000000 0.00000000 0.71667039 0.10000000 
0.77000000 0.00000000 0.70969510 0.10000000 
0.78000000 0.00000000 0.70295564 0.10000000 
0.79000000 0.00000000 0.69645712 0.10000000 
0.80000000 0.00000000 0.69020446 0.10000000 
0.81000000 0.00000000 0.68420232 0.10000000 
0.82000000 0.00000000 0.67845517 0.10000000 
0.83000000 0.00000000 0.67296726 0.10000000 
0.84000000 0.00000000 0.66774262 0.10000000 
0.85000000 0.00000000 0.66278508 0.10000000 
0.86000000 0.00000000 0.65809827 0.10000000 
0.87000000 0.00000000 0.65368563 0.10000000 
0.88000000 0.00000000 0.64954973 0.10000000 
0.89000000 0.00000000 0.64569332 0.10000000 
0.90000000 0.00000000 0.64211885 0.10000000 
0.91000000 0.00000000 0.63882853 0.10000000 
0.92000000 0.00000000 0.63582525 0.10000000 
0.93000000 0.00000000 0.63311123 0.10000000 
0.94000000 0.00000000 0.63068862 0.10000000 
0.95000000 0.00000000 0.62855955 0.10000000 
0.96000000 0.00000000 0.62672612 0.10000000 
0.97000000 0.00000000 0.62519042 0.10000000 
0.98000000 0.00000000 0.62392663 0.10000000 
0.99000000 0.00000000 0.62295591 0.10000000 

