-1.00000000 0.00000000 0.36058067 0.10000000 
-0.99000000 0.00000000 0.35949036 0.10000000 
-0.98000000 0.00000000 0.35892084 0.10000000 
-0.97000000 0.00000000 0.35883675 0.10000000 
-0.96000000 0.00000000 0.35924710 0.10000000 
-0.95000000 0.00000000 0.36015959 0.10000000 
-0.94000000 0.00000000 0.36158232 0.10000000 
-0.93000000 0.00000000 0.36352363 0.10000000 
-0.92000000 0.00000000 0.36433814 0.10000000 
-0.91000000 0.00000000 0.36710702 0.10000000 
-0.90000000 0.00000000 0.37029719 0.10000000 
-0.89000000 0.00000000 0.37401479 0.10000000 
-0.88000000 0.00000000 0.38057979 0.10000000 
-0.87000000 0.00000000 0.38557359 0.10000000 
-0.86000000 0.00000000 0.39122737 0.10000000 
-0.85000000 0.00000000 0.39745503 0.10000000 
-0.84000000 0.00000000 0.40426399 0.10000000 
-0.83000000 0.00000000 0.41166036 0.10000000 
-0.82000000 0.00000000 0.41566701 0.10000000 
-0.81000000 0.00000000 0.42429976 0.10000000 
-0.80000000 0.00000000 0.43327830 0.10000000 
-0.79000000 0.00000000 0.44286849 0.10000000 
-0.78000000 0.00000000 0.45304829 0.10000000 
-0.77000000 0.00000000 0.46380399 0.10000000 
-0.76000000 0.00000000 0.48006974 0.10000000 
-0.75000000 0.00000000 0.49209136 0.10000000 
-0.74000000 0.00000000 0.50463861 0.10000000 
-0.73000000 0.00000000 0.51769223 0.10000000 
-0.72000000 0.00000000 0.53123765 0.10000000 
-0.71000000 0.00000000 0.54533536 0.10000000 
-0.70000000 0.00000000 0.55987494 0.10000000 
-0.69000000 0.00000000 0.57485002 0.10000000 
-0.68000000 0.00000000 0.59004124 0.10000000 
-0.67000000 0.00000000 0.60561819 0.10000000 
-0.66000000 0.00000000 0.62156002 0.10000000 
-0.65000000 0.00000000 0.63776615 0.10000000 
-0.64000000 0.00000000 0.65434840 0.10000000 
-0.63000000 0.00000000 0.67130596 0.10000000 
-0.62000000 0.00000000 0.68884617 0.10000000 
-0.61000000 0.00000000 0.70680437 0.10000000 
-0.60000000 0.00000000 0.72518913 0.10000000 
-0.59000000 0.00000000 0.74400641 0.10000000 
-0.58000000 0.00000000 0.75475260 0.10000000 
-0.57000000 0.00000000 0.77491877 0.10000000 
-0.56000000 0.00000000 0.79490319 0.10000000 
-0.55000000 0.00000000 0.81536530 0.10000000 
-0.54000000 0.00000000 0.83624086 0.10000000 
-0.53000000 0.00000000 0.85751126 0.10000000 
-0.52000000 0.00000000 0.88750024 0.10000000 
-0.51000000 0.00000000 0.90925770 0.10000000 
-0.50000000 0.00000000 0.93145449 0.10000000 
-0.49000000 0.00000000 0.95387809 0.10000000 
-0.48000000 0.00000000 0.97648825 0.10000000 
-0.47000000 0.00000000 0.99941091 0.10000000 
-0.46000000 0.00000000 1.02239600 0.10000000 
-0.45000000 0.00000000 1.04542339 0.10000000 
-0.44000000 0.00000000 1.06845812 0.10000000 
-0.43000000 0.00000000 1.09146726 0.10000000 
-0.42000000 0.00000000 1.10489836 0.10000000 
-0.41000000 0.00000000 1.12850446 0.10000000 
-0.40000000 0.00000000 1.15976748 0.10000000 
-0.39000000 0.00000000 1.18226026 0.10000000 
-0.38000000 0.00000000 1.20458785 0.10000000 
-0.37000000 0.00000000 1.22671205 0.10000000 
-0.36000000 0.00000000 1.24859152 0.10000000 
-0.35000000 0.00000000 1.27019015 0.10000000 
-0.34000000 0.00000000 1.29147207 0.10000000 
-0.33000000 0.00000000 1.31240239 0.10000000 
-0.32000000 0.00000000 1.33294753 0.10000000 
-0.31000000 0.00000000 1.35326177 0.10000000 
-0.30000000 0.00000000 1.37307525 0.10000000 
-0.29000000 0.00000000 1.39221577 0.10000000 
-0.28000000 0.00000000 1.41086496 0.10000000 
-0.27000000 0.00000000 1.42899689 0.10000000 
-0.26000000 0.00000000 1.44658714 0.10000000 
-0.25000000 0.00000000 1.46361285 0.10000000 
-0.24000000 0.00000000 1.48005262 0.10000000 
-0.23000000 0.00000000 1.49588649 0.10000000 
-0.22000000 0.00000000 1.51109586 0.10000000 
-0.21000000 0.00000000 1.52566350 0.10000000 
-0.20000000 0.00000000 1.53956980 0.10000000 
-0.19000000 0.00000000 1.55280182 0.10000000 
-0.18000000 0.00000000 1.56535027 0.10000000 
-0.17000000 0.00000000 1.57720205 0.10000000 
-0.16000000 0.00000000 1.58834523 0.10000000 
-0.15000000 0.00000000 1.59876908 0.10000000 
-0.14000000 0.00000000 1.60846405 0.10000000 
-0.13000000 0.00000000 1.61742177 0.10000000 
-0.12000000 0.00000000 1.62563503 0.10000000 
-0.11000000 0.00000000 1.63309771 0.10000000 
-0.10000000 0.00000000 1.63980474 0.10000000 
-0.09000000 0.00000000 1.64575215 0.10000000 
-0.08000000 0.00000000 1.65093693 0.10000000 
-0.07000000 0.00000000 1.65535695 0.10000000 
-0.06000000 0.00000000 1.65901101 0.10000000 
-0.05000000 0.00000000 1.66189881 0.10000000 
-0.04000000 0.00000000 1.66402442 0.10000000 
-0.03000000 0.00000000 1.66539049 0.10000000 
-0.02000000 0.00000000 1.66600081 0.10000000 
-0.01000000 0.00000000 1.66586010 0.10000000 
0.00000000 0.00000000 1.66497003 0.10000000 
0.01000000 0.00000000 1.66333516 0.10000000 
0.02000000 0.00000000 1.66096031 0.10000000 
0.03000000 0.00000000 1.65785052 0.10000000 
0.04000000 0.00000000 1.65401098 0.10000000 
0.05000000 0.00000000 1.64944696 0.10000000 
0.06000000 0.00000000 1.64430708 0.10000000 
0.07000000 0.00000000 1.63847865 0.10000000 
0.08000000 0.00000000 1.63197860 0.10000000 
0.09000000 0.00000000 1.62481421 0.10000000 
0.10000000 0.00000000 1.61683880 0.10000000 
0.11000000 0.00000000 1.60817717 0.10000000 
0.12000000 0.00000000 1.59883286 0.10000000 
0.13000000 0.00000000 1.58881019 0.10000000 
0.14000000 0.00000000 1.57811486 0.10000000 
0.15000000 0.00000000 1.56675456 0.10000000 
0.16000000 0.00000000 1.56050903 0.10000000 
0.17000000 0.00000000 1.54766352 0.10000000 
0.18000000 0.00000000 1.53459602 0.10000000 
0.19000000 0.00000000 1.52088064 0.10000000 
0.20000000 0.00000000 1.50035716 0.10000000 
0.21000000 0.00000000 1.48531711 0.10000000 
0.22000000 0.00000000 1.46975361 0.10000000 
0.23000000 0.00000000 1.45369844 0.10000000 
0.24000000 0.00000000 1.43718490 0.10000000 
0.25000000 0.00000000 1.42024711 0.10000000 
0.26000000 0.00000000 1.40291934 0.10000000 
0.27000000 0.00000000 1.38512239 0.10000000 
0.28000000 0.00000000 1.36702934 0.10000000 
0.29000000 0.00000000 1.34865977 0.10000000 
0.30000000 0.00000000 1.33004228 0.10000000 
0.31000000 0.00000000 1.31132488 0.10000000 
0.32000000 0.00000000 1.29238872 0.10000000 
0.33000000 0.00000000 1.27326011 0.10000000 
0.34000000 0.00000000 1.25396436 0.10000000 
0.35000000 0.00000000 1.23452577 0.10000000 
0.36000000 0.00000000 1.21496763 0.10000000 
0.37000000 0.00000000 1.19531231 0.10000000 
0.38000000 0.00000000 1.17558346 0.10000000 
0.39000000 0.00000000 1.15580075 0.10000000 
0.40000000 0.00000000 1.13598352 0.10000000 
0.41000000 0.00000000 1.11615060 0.10000000 
0.42000000 0.00000000 1.09631800 0.10000000 
0.43000000 0.00000000 1.07650462 0.10000000 
0.44000000 0.00000000 1.05672875 0.10000000 
0.45000000 0.00000000 1.03700810 0.10000000 
0.46000000 0.00000000 1.01735983 0.10000000 
0.47000000 0.00000000 0.99780056 0.10000000 
0.48000000 0.00000000 0.97834642 0.10000000 
0.49000000 0.00000000 0.95901300 0.10000000 
0.50000000 0.00000000 0.93981544 0.10000000 
0.51000000 0.00000000 0.92076840 0.10000000 
0.52000000 0.00000000 0.90188612 0.10000000 
0.53000000 0.00000000 0.88318239 0.10000000 
0.54000000 0.00000000 0.86467054 0.10000000 
0.55000000 0.00000000 0.84636341 0.10000000 
0.56000000 0.00000000 0.82827339 0.10000000 
0.57000000 0.00000000 0.81041238 0.10000000 
0.58000000 0.00000000 0.79279184 0.10000000 
0.59000000 0.00000000 0.77542281 0.10000000 
0.60000000 0.00000000 0.75831587 0.10000000 
0.61000000 0.00000000 0.74148119 0.10000000 
0.62000000 0.00000000 0.72492850 0.10000000 
0.63000000 0.00000000 0.70866717 0.10000000 
0.64000000 0.00000000 0.69270613 0.10000000 
0.65000000 0.00000000 0.67705397 0.10000000 
0.66000000 0.00000000 0.66171886 0.10000000 
0.67000000 0.00000000 0.64670866 0.10000000 
0.68000000 0.00000000 0.63203087 0.10000000 
0.69000000 0.00000000 0.61769266 0.10000000 
0.70000000 0.00000000 0.60370087 0.10000000 
0.71000000 0.00000000 0.59006206 0.10000000 
0.72000000 0.00000000 0.57678250 0.10000000 
0.73000000 0.00000000 0.56386816 0.10000000 
0.74000000 0.00000000 0.55132478 0.10000000 
0.75000000 0.00000000 0.53915783 0.10000000 
0.76000000 0.00000000 0.52737257 0.10000000 
0.77000000 0.00000000 0.51597403 0.10000000 
0.78000000 0.00000000 0.50496702 0.10000000 
0.79000000 0.00000000 0.49435615 0.10000000 
0.80000000 0.00000000 0.48414583 0.10000000 
0.81000000 0.00000000 0.47434030 0.10000000 
0.82000000 0.00000000 0.46494365 0.10000000 
0.83000000 0.00000000 0.45595982 0.10000000 
0.84000000 0.00000000 0.44739265 0.10000000 
0.85000000 0.00000000 0.43924585 0.10000000 
0.86000000 0.00000000 0.43152306 0.10000000 
0.87000000 0.00000000 0.42422786 0.10000000 
0.88000000 0.00000000 0.41736286 0.10000000 
0.89000000 0.00000000 0.41093106 0.10000000 
0.90000000 0.00000000 0.40493530 0.10000000 
0.91000000 0.00000000 0.39937830 0.10000000 
0.92000000 0.00000000 0.39426401 0.10000000 
0.93000000 0.00000000 0.38959568 0.10000000 
0.94000000 0.00000000 0.38537672 0.10000000 
0.95000000 0.00000000 0.38161073 0.10000000 
0.96000000 0.00000000 0.37830155 0.10000000 
0.97000000 0.00000000 0.37545332 0.10000000 
0.98000000 0.00000000 0.37303068 0.10000000 
0.99000000 0.00000000 0.37106421 0.10000000 

