-1.00000000 0.00000000 0.13370370 0.10000000 
-0.99000000 0.00000000 0.13200860 0.10000000 
-0.98000000 0.00000000 0.13052802 0.10000000 
-0.97000000 0.00000000 0.12925510 0.10000000 
-0.96000000 0.00000000 0.12819357 0.10000000 
-0.95000000 0.00000000 0.12734802 0.10000000 
-0.94000000 0.00000000 0.12672473 0.10000000 
-0.93000000 0.00000000 0.12633179 0.10000000 
-0.92000000 0.00000000 0.12596236 0.10000000 
-0.91000000 0.00000000 0.12590491 0.10000000 
-0.90000000 0.00000000 0.12608859 0.10000000 
-0.89000000 0.00000000 0.12652852 0.10000000 
-0.88000000 0.00000000 0.12788647 0.10000000 
-0.87000000 0.00000000 0.12903231 0.10000000 
-0.86000000 0.00000000 0.13056599 0.10000000 
-0.85000000 0.00000000 0.13246198 0.10000000 
-0.84000000 0.00000000 0.13474710 0.10000000 
-0.83000000 0.00000000 0.13744979 0.10000000 
-0.82000000 0.00000000 0.13877254 0.10000000 
-0.81000000 0.00000000 0.14228395 0.10000000 
-0.80000000 0.00000000 0.14618099 0.10000000 
-0.79000000 0.00000000 0.15061770 0.10000000 
-0.78000000 0.00000000 0.15561942 0.10000000 
-0.77000000 0.00000000 0.16121214 0.10000000 
-0.76000000 0.00000000 0.17062985 0.10000000 
-0.75000000 0.00000000 0.17780410 0.10000000 
-0.74000000 0.00000000 0.18567910 0.10000000 
-0.73000000 0.00000000 0.19428789 0.10000000 
-0.72000000 0.00000000 0.20367318 0.10000000 
-0.71000000 0.00000000 0.21390932 0.10000000 
-0.70000000 0.00000000 0.22499879 0.10000000 
-0.69000000 0.00000000 0.23698932 0.10000000 
-0.68000000 0.00000000 0.24964004 0.10000000 
-0.67000000 0.00000000 0.26323290 0.10000000 
-0.66000000 0.00000000 0.27779712 0.10000000 
-0.65000000 0.00000000 0.29332130 0.10000000 
-0.64000000 0.00000000 0.30992550 0.10000000 
-0.63000000 0.00000000 0.32766372 0.10000000 
-0.62000000 0.00000000 0.34694055 0.10000000 
-0.61000000 0.00000000 0.36753626 0.10000000 
-0.60000000 0.00000000 0.38952024 0.10000000 
-0.59000000 0.00000000 0.41295065 0.10000000 
-0.58000000 0.00000000 0.42572843 0.10000000 
-0.57000000 0.00000000 0.45241257 0.10000000 
-0.56000000 0.00000000 0.47982968 0.10000000 
-0.55000000 0.00000000 0.50891770 0.10000000 
-0.54000000 0.00000000 0.53962495 0.10000000 
-0.53000000 0.00000000 0.57195501 0.10000000 
-0.52000000 0.00000000 0.62027137 0.10000000 
-0.51000000 0.00000000 0.65573219 0.10000000 
-0.50000000 0.00000000 0.69308029 0.10000000 
-0.49000000 0.00000000 0.73187404 0.10000000 
-0.48000000 0.00000000 0.77205962 0.10000000 
-0.47000000 0.00000000 0.81381365 0.10000000 
-0.46000000 0.00000000 0.85678183 0.10000000 
-0.45000000 0.00000000 0.90091784 0.10000000 
-0.44000000 0.00000000 0.94614886 0.10000000 
-0.43000000 0.00000000 0.99239792 0.10000000 
-0.42000000 0.00000000 1.01871945 0.10000000 
-0.41000000 0.00000000 1.06799641 0.10000000 
-0.40000000 0.00000000 1.13599595 0.10000000 
-0.39000000 0.00000000 1.18524913 0.10000000 
-0.38000000 0.00000000 1.23506682 0.10000000 
-0.37000000 0.00000000 1.28532398 0.10000000 
-0.36000000 0.00000000 1.33588562 0.10000000 
-0.35000000 0.00000000 1.38661929 0.10000000 
-0.34000000 0.00000000 1.43738910 0.10000000 
-0.33000000 0.00000000 1.48805756 0.10000000 
-0.32000000 0.00000000 1.53848687 0.10000000 
-0.31000000 0.00000000 1.58894883 0.10000000 
-0.30000000 0.00000000 1.63878977 0.10000000 
-0.29000000 0.00000000 1.68754126 0.10000000 
-0.28000000 0.00000000 1.73554317 0.10000000 
-0.27000000 0.00000000 1.78266679 0.10000000 
-0.26000000 0.00000000 1.82878639 0.10000000 
-0.25000000 0.00000000 1.87377994 0.10000000 
-0.24000000 0.00000000 1.91752938 0.10000000 
-0.23000000 0.00000000 1.95992108 0.10000000 
-0.22000000 0.00000000 2.00084619 0.10000000 
-0.21000000 0.00000000 2.04020102 0.10000000 
-0.20000000 0.00000000 2.07787924 0.10000000 
-0.19000000 0.00000000 2.11379203 0.10000000 
-0.18000000 0.00000000 2.14786239 0.10000000 
-0.17000000 0.00000000 2.18000825 0.10000000 
-0.16000000 0.00000000 2.21015415 0.10000000 
-0.15000000 0.00000000 2.23823141 0.10000000 
-0.14000000 0.00000000 2.26417859 0.10000000 
-0.13000000 0.00000000 2.28794151 0.10000000 
-0.12000000 0.00000000 2.30947332 0.10000000 
-0.11000000 0.00000000 2.32873467 0.10000000 
-0.10000000 0.00000000 2.34569345 0.10000000 
-0.09000000 0.00000000 2.36032510 0.10000000 
-0.08000000 0.00000000 2.37261220 0.10000000 
-0.07000000 0.00000000 2.38254429 0.10000000 
-0.06000000 0.00000000 2.39011796 0.10000000 
-0.05000000 0.00000000 2.39533655 0.10000000 
-0.04000000 0.00000000 2.39822024 0.10000000 
-0.03000000 0.00000000 2.39878876 0.10000000 
-0.02000000 0.00000000 2.39706895 0.10000000 
-0.01000000 0.00000000 2.39309374 0.10000000 
0.00000000 0.00000000 2.38689148 0.10000000 
0.01000000 0.00000000 2.37850163 0.10000000 
0.02000000 0.00000000 2.36796745 0.10000000 
0.03000000 0.00000000 2.35533555 0.10000000 
0.04000000 0.00000000 2.34065542 0.10000000 
0.05000000 0.00000000 2.32397910 0.10000000 
0.06000000 0.00000000 2.30576441 0.10000000 
0.07000000 0.00000000 2.28572579 0.10000000 
0.08000000 0.00000000 2.26395175 0.10000000 
0.09000000 0.00000000 2.24050389 0.10000000 
0.10000000 0.00000000 2.21504081 0.10000000 
0.11000000 0.00000000 2.18794185 0.10000000 
0.12000000 0.00000000 2.15926215 0.10000000 
0.13000000 0.00000000 2.12905901 0.10000000 
0.14000000 0.00000000 2.09739328 0.10000000 
0.15000000 0.00000000 2.06433076 0.10000000 
0.16000000 0.00000000 2.04578922 0.10000000 
0.17000000 0.00000000 2.00933502 0.10000000 
0.18000000 0.00000000 1.97284456 0.10000000 
0.19000000 0.00000000 1.93515819 0.10000000 
0.20000000 0.00000000 1.88051943 0.10000000 
0.21000000 0.00000000 1.84080727 0.10000000 
0.22000000 0.00000000 1.80036304 0.10000000 
0.23000000 0.00000000 1.75930444 0.10000000 
0.24000000 0.00000000 1.71775063 0.10000000 
0.25000000 0.00000000 1.67582011 0.10000000 
0.26000000 0.00000000 1.63362884 0.10000000 
0.27000000 0.00000000 1.59097706 0.10000000 
0.28000000 0.00000000 1.54836370 0.10000000 
0.29000000 0.00000000 1.50585336 0.10000000 
0.30000000 0.00000000 1.46353333 0.10000000 
0.31000000 0.00000000 1.42179471 0.10000000 
0.32000000 0.00000000 1.38033226 0.10000000 
0.33000000 0.00000000 1.33921855 0.10000000 
0.34000000 0.00000000 1.29852036 0.10000000 
0.35000000 0.00000000 1.25829870 0.10000000 
0.36000000 0.00000000 1.21860892 0.10000000 
0.37000000 0.00000000 1.17950091 0.10000000 
0.38000000 0.00000000 1.14102553 0.10000000 
0.39000000 0.00000000 1.10321974 0.10000000 
0.40000000 0.00000000 1.06611724 0.10000000 
0.41000000 0.00000000 1.02974790 0.10000000 
0.42000000 0.00000000 0.99413202 0.10000000 
0.43000000 0.00000000 0.95929528 0.10000000 
0.44000000 0.00000000 0.92525965 0.10000000 
0.45000000 0.00000000 0.89204366 0.10000000 
0.46000000 0.00000000 0.85966256 0.10000000 
0.47000000 0.00000000 0.82812855 0.10000000 
0.48000000 0.00000000 0.79745099 0.10000000 
0.49000000 0.00000000 0.76763644 0.10000000 
0.50000000 0.00000000 0.73868904 0.10000000 
0.51000000 0.00000000 0.71061062 0.10000000 
0.52000000 0.00000000 0.68340089 0.10000000 
0.53000000 0.00000000 0.65705761 0.10000000 
0.54000000 0.00000000 0.63157656 0.10000000 
0.55000000 0.00000000 0.60695170 0.10000000 
0.56000000 0.00000000 0.58317529 0.10000000 
0.57000000 0.00000000 0.56023806 0.10000000 
0.58000000 0.00000000 0.53812929 0.10000000 
0.59000000 0.00000000 0.51683699 0.10000000 
0.60000000 0.00000000 0.49634801 0.10000000 
0.61000000 0.00000000 0.47664811 0.10000000 
0.62000000 0.00000000 0.45772215 0.10000000 
0.63000000 0.00000000 0.43955413 0.10000000 
0.64000000 0.00000000 0.42212735 0.10000000 
0.65000000 0.00000000 0.40542444 0.10000000 
0.66000000 0.00000000 0.38942754 0.10000000 
0.67000000 0.00000000 0.37411832 0.10000000 
0.68000000 0.00000000 0.35947813 0.10000000 
0.69000000 0.00000000 0.34548804 0.10000000 
0.70000000 0.00000000 0.33212891 0.10000000 
0.71000000 0.00000000 0.31938153 0.10000000 
0.72000000 0.00000000 0.30722661 0.10000000 
0.73000000 0.00000000 0.29564490 0.10000000 
0.74000000 0.00000000 0.28461724 0.10000000 
0.75000000 0.00000000 0.27412460 0.10000000 
0.76000000 0.00000000 0.26414817 0.10000000 
0.77000000 0.00000000 0.25466937 0.10000000 
0.78000000 0.00000000 0.24566993 0.10000000 
0.79000000 0.00000000 0.23713193 0.10000000 
0.80000000 0.00000000 0.22903782 0.10000000 
0.81000000 0.00000000 0.22137049 0.10000000 
0.82000000 0.00000000 0.21411330 0.10000000 
0.83000000 0.00000000 0.20725010 0.10000000 
0.84000000 0.00000000 0.20076529 0.10000000 
0.85000000 0.00000000 0.19464385 0.10000000 
0.86000000 0.00000000 0.18887136 0.10000000 
0.87000000 0.00000000 0.18343406 0.10000000 
0.88000000 0.00000000 0.17831878 0.10000000 
0.89000000 0.00000000 0.17351305 0.10000000 
0.90000000 0.00000000 0.16900509 0.10000000 
0.91000000 0.00000000 0.16478388 0.10000000 
0.92000000 0.00000000 0.16083942 0.10000000 
0.93000000 0.00000000 0.15716245 0.10000000 
0.94000000 0.00000000 0.15374462 0.10000000 
0.95000000 0.00000000 0.15057855 0.10000000 
0.96000000 0.00000000 0.14765787 0.10000000 
0.97000000 0.00000000 0.14497732 0.10000000 
0.98000000 0.00000000 0.14252778 0.10000000 
0.99000000 0.00000000 0.14030645 0.10000000 

