-1.00000000 0.00000000 0.35156267 0.10000000 
-0.99000000 0.00000000 0.35043121 0.10000000 
-0.98000000 0.00000000 0.34982279 0.10000000 
-0.97000000 0.00000000 0.34970225 0.10000000 
-0.96000000 0.00000000 0.35007881 0.10000000 
-0.95000000 0.00000000 0.35096039 0.10000000 
-0.94000000 0.00000000 0.35235537 0.10000000 
-0.93000000 0.00000000 0.35427235 0.10000000 
-0.92000000 0.00000000 0.35507042 0.10000000 
-0.91000000 0.00000000 0.35781948 0.10000000 
-0.90000000 0.00000000 0.36099445 0.10000000 
-0.89000000 0.00000000 0.36470118 0.10000000 
-0.88000000 0.00000000 0.37126453 0.10000000 
-0.87000000 0.00000000 0.37626015 0.10000000 
-0.86000000 0.00000000 0.38192262 0.10000000 
-0.85000000 0.00000000 0.38816550 0.10000000 
-0.84000000 0.00000000 0.39499673 0.10000000 
-0.83000000 0.00000000 0.40242290 0.10000000 
-0.82000000 0.00000000 0.40644200 0.10000000 
-0.81000000 0.00000000 0.41511857 0.10000000 
-0.80000000 0.00000000 0.42414815 0.10000000 
-0.79000000 0.00000000 0.43379884 0.10000000 
-0.78000000 0.00000000 0.44404892 0.10000000 
-0.77000000 0.00000000 0.45488496 0.10000000 
-0.76000000 0.00000000 0.47128998 0.10000000 
-0.75000000 0.00000000 0.48341770 0.10000000 
-0.74000000 0.00000000 0.49608211 0.10000000 
-0.73000000 0.00000000 0.50926419 0.10000000 
-0.72000000 0.00000000 0.52294974 0.10000000 
-0.71000000 0.00000000 0.53720000 0.10000000 
-0.70000000 0.00000000 0.55190431 0.10000000 
-0.69000000 0.00000000 0.56705660 0.10000000 
-0.68000000 0.00000000 0.58243403 0.10000000 
-0.67000000 0.00000000 0.59820960 0.10000000 
-0.66000000 0.00000000 0.61436248 0.10000000 
-0.65000000 0.00000000 0.63079143 0.10000000 
-0.64000000 0.00000000 0.64760957 0.10000000 
-0.63000000 0.00000000 0.66481641 0.10000000 
-0.62000000 0.00000000 0.68262378 0.10000000 
-0.61000000 0.00000000 0.70086393 0.10000000 
-0.60000000 0.00000000 0.71954586 0.10000000 
-0.59000000 0.00000000 0.73867581 0.10000000 
-0.58000000 0.00000000 0.74959515 0.10000000 
-0.57000000 0.00000000 0.77011074 0.10000000 
-0.56000000 0.00000000 0.79044950 0.10000000 
-0.55000000 0.00000000 0.81128266 0.10000000 
-0.54000000 0.00000000 0.83254485 0.10000000 
-0.53000000 0.00000000 0.85421708 0.10000000 
-0.52000000 0.00000000 0.88479242 0.10000000 
-0.51000000 0.00000000 0.90697786 0.10000000 
-0.50000000 0.00000000 0.92961914 0.10000000 
-0.49000000 0.00000000 0.95249879 0.10000000 
-0.48000000 0.00000000 0.97557563 0.10000000 
-0.47000000 0.00000000 0.99897769 0.10000000 
-0.46000000 0.00000000 1.02245014 0.10000000 
-0.45000000 0.00000000 1.04597219 0.10000000 
-0.44000000 0.00000000 1.06950792 0.10000000 
-0.43000000 0.00000000 1.09302345 0.10000000 
-0.42000000 0.00000000 1.10674654 0.10000000 
-0.41000000 0.00000000 1.13088227 0.10000000 
-0.40000000 0.00000000 1.16286059 0.10000000 
-0.39000000 0.00000000 1.18586942 0.10000000 
-0.38000000 0.00000000 1.20871373 0.10000000 
-0.37000000 0.00000000 1.23135414 0.10000000 
-0.36000000 0.00000000 1.25374802 0.10000000 
-0.35000000 0.00000000 1.27585807 0.10000000 
-0.34000000 0.00000000 1.29764722 0.10000000 
-0.33000000 0.00000000 1.31907940 0.10000000 
-0.32000000 0.00000000 1.34011986 0.10000000 
-0.31000000 0.00000000 1.36092605 0.10000000 
-0.30000000 0.00000000 1.38122155 0.10000000 
-0.29000000 0.00000000 1.40082972 0.10000000 
-0.28000000 0.00000000 1.41993603 0.10000000 
-0.27000000 0.00000000 1.43851361 0.10000000 
-0.26000000 0.00000000 1.45653709 0.10000000 
-0.25000000 0.00000000 1.47398274 0.10000000 
-0.24000000 0.00000000 1.49082832 0.10000000 
-0.23000000 0.00000000 1.50705306 0.10000000 
-0.22000000 0.00000000 1.52263763 0.10000000 
-0.21000000 0.00000000 1.53756408 0.10000000 
-0.20000000 0.00000000 1.55181208 0.10000000 
-0.19000000 0.00000000 1.56536810 0.10000000 
-0.18000000 0.00000000 1.57822241 0.10000000 
-0.17000000 0.00000000 1.59036135 0.10000000 
-0.16000000 0.00000000 1.60177254 0.10000000 
-0.15000000 0.00000000 1.61244477 0.10000000 
-0.14000000 0.00000000 1.62236813 0.10000000 
-0.13000000 0.00000000 1.63153392 0.10000000 
-0.12000000 0.00000000 1.63993463 0.10000000 
-0.11000000 0.00000000 1.64756390 0.10000000 
-0.10000000 0.00000000 1.65441649 0.10000000 
-0.09000000 0.00000000 1.66048828 0.10000000 
-0.08000000 0.00000000 1.66577617 0.10000000 
-0.07000000 0.00000000 1.67027798 0.10000000 
-0.06000000 0.00000000 1.67399252 0.10000000 
-0.05000000 0.00000000 1.67691950 0.10000000 
-0.04000000 0.00000000 1.67906320 0.10000000 
-0.03000000 0.00000000 1.68042641 0.10000000 
-0.02000000 0.00000000 1.68101315 0.10000000 
-0.01000000 0.00000000 1.68082835 0.10000000 
0.00000000 0.00000000 1.67987389 0.10000000 
0.01000000 0.00000000 1.67815461 0.10000000 
0.02000000 0.00000000 1.67567562 0.10000000 
0.03000000 0.00000000 1.67244229 0.10000000 
0.04000000 0.00000000 1.66846012 0.10000000 
0.05000000 0.00000000 1.66373477 0.10000000 
0.06000000 0.00000000 1.65841916 0.10000000 
0.07000000 0.00000000 1.65239766 0.10000000 
0.08000000 0.00000000 1.64568789 0.10000000 
0.09000000 0.00000000 1.63829758 0.10000000 
0.10000000 0.00000000 1.63007645 0.10000000 
0.11000000 0.00000000 1.62115288 0.10000000 
0.12000000 0.00000000 1.61153078 0.10000000 
0.13000000 0.00000000 1.60121486 0.10000000 
0.14000000 0.00000000 1.59021126 0.10000000 
0.15000000 0.00000000 1.57852816 0.10000000 
0.16000000 0.00000000 1.57210229 0.10000000 
0.17000000 0.00000000 1.55889929 0.10000000 
0.18000000 0.00000000 1.54547270 0.10000000 
0.19000000 0.00000000 1.53138517 0.10000000 
0.20000000 0.00000000 1.51031819 0.10000000 
0.21000000 0.00000000 1.49488237 0.10000000 
0.22000000 0.00000000 1.47891429 0.10000000 
0.23000000 0.00000000 1.46244683 0.10000000 
0.24000000 0.00000000 1.44551443 0.10000000 
0.25000000 0.00000000 1.42815232 0.10000000 
0.26000000 0.00000000 1.41039591 0.10000000 
0.27000000 0.00000000 1.39216404 0.10000000 
0.28000000 0.00000000 1.37363468 0.10000000 
0.29000000 0.00000000 1.35482809 0.10000000 
0.30000000 0.00000000 1.33577377 0.10000000 
0.31000000 0.00000000 1.31662370 0.10000000 
0.32000000 0.00000000 1.29725603 0.10000000 
0.33000000 0.00000000 1.27769785 0.10000000 
0.34000000 0.00000000 1.25797523 0.10000000 
0.35000000 0.00000000 1.23811316 0.10000000 
0.36000000 0.00000000 1.21813558 0.10000000 
0.37000000 0.00000000 1.19806544 0.10000000 
0.38000000 0.00000000 1.17792703 0.10000000 
0.39000000 0.00000000 1.15774050 0.10000000 
0.40000000 0.00000000 1.13752563 0.10000000 
0.41000000 0.00000000 1.11730169 0.10000000 
0.42000000 0.00000000 1.09708500 0.10000000 
0.43000000 0.00000000 1.07689485 0.10000000 
0.44000000 0.00000000 1.05674986 0.10000000 
0.45000000 0.00000000 1.03666805 0.10000000 
0.46000000 0.00000000 1.01666685 0.10000000 
0.47000000 0.00000000 0.99676314 0.10000000 
0.48000000 0.00000000 0.97697322 0.10000000 
0.49000000 0.00000000 0.95731287 0.10000000 
0.50000000 0.00000000 0.93779736 0.10000000 
0.51000000 0.00000000 0.91844147 0.10000000 
0.52000000 0.00000000 0.89925951 0.10000000 
0.53000000 0.00000000 0.88026534 0.10000000 
0.54000000 0.00000000 0.86147230 0.10000000 
0.55000000 0.00000000 0.84289324 0.10000000 
0.56000000 0.00000000 0.82454050 0.10000000 
0.57000000 0.00000000 0.80642595 0.10000000 
0.58000000 0.00000000 0.78856097 0.10000000 
0.59000000 0.00000000 0.77095649 0.10000000 
0.60000000 0.00000000 0.75362297 0.10000000 
0.61000000 0.00000000 0.73657043 0.10000000 
0.62000000 0.00000000 0.71980847 0.10000000 
0.63000000 0.00000000 0.70334625 0.10000000 
0.64000000 0.00000000 0.68719252 0.10000000 
0.65000000 0.00000000 0.67135565 0.10000000 
0.66000000 0.00000000 0.65584361 0.10000000 
0.67000000 0.00000000 0.64066401 0.10000000 
0.68000000 0.00000000 0.62582411 0.10000000 
0.69000000 0.00000000 0.61133082 0.10000000 
0.70000000 0.00000000 0.59719074 0.10000000 
0.71000000 0.00000000 0.58341016 0.10000000 
0.72000000 0.00000000 0.56999506 0.10000000 
0.73000000 0.00000000 0.55695116 0.10000000 
0.74000000 0.00000000 0.54428393 0.10000000 
0.75000000 0.00000000 0.53199856 0.10000000 
0.76000000 0.00000000 0.52010004 0.10000000 
0.77000000 0.00000000 0.50859314 0.10000000 
0.78000000 0.00000000 0.49748241 0.10000000 
0.79000000 0.00000000 0.48677220 0.10000000 
0.80000000 0.00000000 0.47646669 0.10000000 
0.81000000 0.00000000 0.46656987 0.10000000 
0.82000000 0.00000000 0.45708560 0.10000000 
0.83000000 0.00000000 0.44801763 0.10000000 
0.84000000 0.00000000 0.43936956 0.10000000 
0.85000000 0.00000000 0.43114495 0.10000000 
0.86000000 0.00000000 0.42334725 0.10000000 
0.87000000 0.00000000 0.41597989 0.10000000 
0.88000000 0.00000000 0.40904534 0.10000000 
0.89000000 0.00000000 0.40254647 0.10000000 
0.90000000 0.00000000 0.39648603 0.10000000 
0.91000000 0.00000000 0.39086664 0.10000000 
0.92000000 0.00000000 0.38569220 0.10000000 
0.93000000 0.00000000 0.38096590 0.10000000 
0.94000000 0.00000000 0.37669113 0.10000000 
0.95000000 0.00000000 0.37287148 0.10000000 
0.96000000 0.00000000 0.36951083 0.10000000 
0.97000000 0.00000000 0.36661332 0.10000000 
0.98000000 0.00000000 0.36414381 0.10000000 
0.99000000 0.00000000 0.36213275 0.10000000 

