-1.00000000 0.00000000 0.48743732 0.10000000 
-0.99000000 0.00000000 0.48679382 0.10000000 
-0.98000000 0.00000000 0.48660018 0.10000000 
-0.97000000 0.00000000 0.48682290 0.10000000 
-0.96000000 0.00000000 0.48746822 0.10000000 
-0.95000000 0.00000000 0.48854109 0.10000000 
-0.94000000 0.00000000 0.49004665 0.10000000 
-0.93000000 0.00000000 0.49199002 0.10000000 
-0.92000000 0.00000000 0.49285651 0.10000000 
-0.91000000 0.00000000 0.49550628 0.10000000 
-0.90000000 0.00000000 0.49849675 0.10000000 
-0.89000000 0.00000000 0.50192554 0.10000000 
-0.88000000 0.00000000 0.50783712 0.10000000 
-0.87000000 0.00000000 0.51230897 0.10000000 
-0.86000000 0.00000000 0.51731827 0.10000000 
-0.85000000 0.00000000 0.52279027 0.10000000 
-0.84000000 0.00000000 0.52872785 0.10000000 
-0.83000000 0.00000000 0.53513276 0.10000000 
-0.82000000 0.00000000 0.53863183 0.10000000 
-0.81000000 0.00000000 0.54603490 0.10000000 
-0.80000000 0.00000000 0.55369130 0.10000000 
-0.79000000 0.00000000 0.56182207 0.10000000 
-0.78000000 0.00000000 0.57040533 0.10000000 
-0.77000000 0.00000000 0.57942664 0.10000000 
-0.76000000 0.00000000 0.59293185 0.10000000 
-0.75000000 0.00000000 0.60288931 0.10000000 
-0.74000000 0.00000000 0.61323297 0.10000000 
-0.73000000 0.00000000 0.62394384 0.10000000 
-0.72000000 0.00000000 0.63500649 0.10000000 
-0.71000000 0.00000000 0.64646962 0.10000000 
-0.70000000 0.00000000 0.65823649 0.10000000 
-0.69000000 0.00000000 0.67029925 0.10000000 
-0.68000000 0.00000000 0.68248803 0.10000000 
-0.67000000 0.00000000 0.69492922 0.10000000 
-0.66000000 0.00000000 0.70760435 0.10000000 
-0.65000000 0.00000000 0.72042872 0.10000000 
-0.64000000 0.00000000 0.73349270 0.10000000 
-0.63000000 0.00000000 0.74679369 0.10000000 
-0.62000000 0.00000000 0.76048411 0.10000000 
-0.61000000 0.00000000 0.77443975 0.10000000 
-0.60000000 0.00000000 0.78866549 0.10000000 
-0.59000000 0.00000000 0.80316485 0.10000000 
-0.58000000 0.00000000 0.81148379 0.10000000 
-0.57000000 0.00000000 0.82691949 0.10000000 
-0.56000000 0.00000000 0.84215896 0.10000000 
-0.55000000 0.00000000 0.85770441 0.10000000 
-0.54000000 0.00000000 0.87350708 0.10000000 
-0.53000000 0.00000000 0.88955333 0.10000000 
-0.52000000 0.00000000 0.91203873 0.10000000 
-0.51000000 0.00000000 0.92833481 0.10000000 
-0.50000000 0.00000000 0.94490568 0.10000000 
-0.49000000 0.00000000 0.96159773 0.10000000 
-0.48000000 0.00000000 0.97838198 0.10000000 
-0.47000000 0.00000000 0.99535578 0.10000000 
-0.46000000 0.00000000 1.01233081 0.10000000 
-0.45000000 0.00000000 1.02929410 0.10000000 
-0.44000000 0.00000000 1.04622156 0.10000000 
-0.43000000 0.00000000 1.06309082 0.10000000 
-0.42000000 0.00000000 1.07296153 0.10000000 
-0.41000000 0.00000000 1.09020151 0.10000000 
-0.40000000 0.00000000 1.11294405 0.10000000 
-0.39000000 0.00000000 1.12929800 0.10000000 
-0.38000000 0.00000000 1.14550350 0.10000000 
-0.37000000 0.00000000 1.16153515 0.10000000 
-0.36000000 0.00000000 1.17736530 0.10000000 
-0.35000000 0.00000000 1.19297032 0.10000000 
-0.34000000 0.00000000 1.20832682 0.10000000 
-0.33000000 0.00000000 1.22341215 0.10000000 
-0.32000000 0.00000000 1.23820461 0.10000000 
-0.31000000 0.00000000 1.25281902 0.10000000 
-0.30000000 0.00000000 1.26706184 0.10000000 
-0.29000000 0.00000000 1.28081125 0.10000000 
-0.28000000 0.00000000 1.29420140 0.10000000 
-0.27000000 0.00000000 1.30721603 0.10000000 
-0.26000000 0.00000000 1.31983989 0.10000000 
-0.25000000 0.00000000 1.33205882 0.10000000 
-0.24000000 0.00000000 1.34385964 0.10000000 
-0.23000000 0.00000000 1.35523009 0.10000000 
-0.22000000 0.00000000 1.36615882 0.10000000 
-0.21000000 0.00000000 1.37663535 0.10000000 
-0.20000000 0.00000000 1.38664734 0.10000000 
-0.19000000 0.00000000 1.39618717 0.10000000 
-0.18000000 0.00000000 1.40524973 0.10000000 
-0.17000000 0.00000000 1.41382698 0.10000000 
-0.16000000 0.00000000 1.42191163 0.10000000 
-0.15000000 0.00000000 1.42949704 0.10000000 
-0.14000000 0.00000000 1.43657731 0.10000000 
-0.13000000 0.00000000 1.44314723 0.10000000 
-0.12000000 0.00000000 1.44920221 0.10000000 
-0.11000000 0.00000000 1.45473836 0.10000000 
-0.10000000 0.00000000 1.45975233 0.10000000 
-0.09000000 0.00000000 1.46424140 0.10000000 
-0.08000000 0.00000000 1.46820341 0.10000000 
-0.07000000 0.00000000 1.47163663 0.10000000 
-0.06000000 0.00000000 1.47453987 0.10000000 
-0.05000000 0.00000000 1.47691243 0.10000000 
-0.04000000 0.00000000 1.47875646 0.10000000 
-0.03000000 0.00000000 1.48007306 0.10000000 
-0.02000000 0.00000000 1.48086399 0.10000000 
-0.01000000 0.00000000 1.48113152 0.10000000 
0.00000000 0.00000000 1.48087570 0.10000000 
0.01000000 0.00000000 1.48009847 0.10000000 
0.02000000 0.00000000 1.47880184 0.10000000 
0.03000000 0.00000000 1.47698789 0.10000000 
0.04000000 0.00000000 1.47465870 0.10000000 
0.05000000 0.00000000 1.47181631 0.10000000 
0.06000000 0.00000000 1.46856176 0.10000000 
0.07000000 0.00000000 1.46481593 0.10000000 
0.08000000 0.00000000 1.46058878 0.10000000 
0.09000000 0.00000000 1.45588360 0.10000000 
0.10000000 0.00000000 1.45059551 0.10000000 
0.11000000 0.00000000 1.44480976 0.10000000 
0.12000000 0.00000000 1.43852679 0.10000000 
0.13000000 0.00000000 1.43174753 0.10000000 
0.14000000 0.00000000 1.42447387 0.10000000 
0.15000000 0.00000000 1.41670906 0.10000000 
0.16000000 0.00000000 1.41246419 0.10000000 
0.17000000 0.00000000 1.40362118 0.10000000 
0.18000000 0.00000000 1.39458750 0.10000000 
0.19000000 0.00000000 1.38506712 0.10000000 
0.20000000 0.00000000 1.37071220 0.10000000 
0.21000000 0.00000000 1.36017254 0.10000000 
0.22000000 0.00000000 1.34922601 0.10000000 
0.23000000 0.00000000 1.33789295 0.10000000 
0.24000000 0.00000000 1.32619485 0.10000000 
0.25000000 0.00000000 1.31415385 0.10000000 
0.26000000 0.00000000 1.30179233 0.10000000 
0.27000000 0.00000000 1.28905403 0.10000000 
0.28000000 0.00000000 1.27605750 0.10000000 
0.29000000 0.00000000 1.26281535 0.10000000 
0.30000000 0.00000000 1.24934659 0.10000000 
0.31000000 0.00000000 1.23575450 0.10000000 
0.32000000 0.00000000 1.22195481 0.10000000 
0.33000000 0.00000000 1.20796526 0.10000000 
0.34000000 0.00000000 1.19380309 0.10000000 
0.35000000 0.00000000 1.17948496 0.10000000 
0.36000000 0.00000000 1.16502701 0.10000000 
0.37000000 0.00000000 1.15044489 0.10000000 
0.38000000 0.00000000 1.13575531 0.10000000 
0.39000000 0.00000000 1.12097239 0.10000000 
0.40000000 0.00000000 1.10611016 0.10000000 
0.41000000 0.00000000 1.09118251 0.10000000 
0.42000000 0.00000000 1.07620145 0.10000000 
0.43000000 0.00000000 1.06118124 0.10000000 
0.44000000 0.00000000 1.04613583 0.10000000 
0.45000000 0.00000000 1.03107897 0.10000000 
0.46000000 0.00000000 1.01602416 0.10000000 
0.47000000 0.00000000 1.00098470 0.10000000 
0.48000000 0.00000000 0.98597367 0.10000000 
0.49000000 0.00000000 0.97100396 0.10000000 
0.50000000 0.00000000 0.95608824 0.10000000 
0.51000000 0.00000000 0.94123905 0.10000000 
0.52000000 0.00000000 0.92646869 0.10000000 
0.53000000 0.00000000 0.91178935 0.10000000 
0.54000000 0.00000000 0.89721297 0.10000000 
0.55000000 0.00000000 0.88275127 0.10000000 
0.56000000 0.00000000 0.86841576 0.10000000 
0.57000000 0.00000000 0.85421772 0.10000000 
0.58000000 0.00000000 0.84016820 0.10000000 
0.59000000 0.00000000 0.82627805 0.10000000 
0.60000000 0.00000000 0.81255785 0.10000000 
0.61000000 0.00000000 0.79901797 0.10000000 
0.62000000 0.00000000 0.78566856 0.10000000 
0.63000000 0.00000000 0.77251950 0.10000000 
0.64000000 0.00000000 0.75958045 0.10000000 
0.65000000 0.00000000 0.74686084 0.10000000 
0.66000000 0.00000000 0.73436984 0.10000000 
0.67000000 0.00000000 0.72211638 0.10000000 
0.68000000 0.00000000 0.71010917 0.10000000 
0.69000000 0.00000000 0.69835666 0.10000000 
0.70000000 0.00000000 0.68686705 0.10000000 
0.71000000 0.00000000 0.67564832 0.10000000 
0.72000000 0.00000000 0.66470818 0.10000000 
0.73000000 0.00000000 0.65405413 0.10000000 
0.74000000 0.00000000 0.64369340 0.10000000 
0.75000000 0.00000000 0.63363298 0.10000000 
0.76000000 0.00000000 0.62387965 0.10000000 
0.77000000 0.00000000 0.61443992 0.10000000 
0.78000000 0.00000000 0.60532006 0.10000000 
0.79000000 0.00000000 0.59652609 0.10000000 
0.80000000 0.00000000 0.58806378 0.10000000 
0.81000000 0.00000000 0.57993864 0.10000000 
0.82000000 0.00000000 0.57215599 0.10000000 
0.83000000 0.00000000 0.56472087 0.10000000 
0.84000000 0.00000000 0.55763814 0.10000000 
0.85000000 0.00000000 0.55091243 0.10000000 
0.86000000 0.00000000 0.54454817 0.10000000 
0.87000000 0.00000000 0.53854959 0.10000000 
0.88000000 0.00000000 0.53291990 0.10000000 
0.89000000 0.00000000 0.52766252 0.10000000 
0.90000000 0.00000000 0.52278062 0.10000000 
0.91000000 0.00000000 0.51827707 0.10000000 
0.92000000 0.00000000 0.51415573 0.10000000 
0.93000000 0.00000000 0.51041963 0.10000000 
0.94000000 0.00000000 0.50707180 0.10000000 
0.95000000 0.00000000 0.50411529 0.10000000 
0.96000000 0.00000000 0.50155319 0.10000000 
0.97000000 0.00000000 0.49938865 0.10000000 
0.98000000 0.00000000 0.49758833 0.10000000 
0.99000000 0.00000000 0.49618019 0.10000000 

