-1.00000000 0.00000000 0.26108913 0.10000000 
-0.99000000 0.00000000 0.25948516 0.10000000 
-0.98000000 0.00000000 0.25838975 0.10000000 
-0.97000000 0.00000000 0.25777327 0.10000000 
-0.96000000 0.00000000 0.25764689 0.10000000 
-0.95000000 0.00000000 0.25802078 0.10000000 
-0.94000000 0.00000000 0.25890600 0.10000000 
-0.93000000 0.00000000 0.26031428 0.10000000 
-0.92000000 0.00000000 0.26081344 0.10000000 
-0.91000000 0.00000000 0.26304216 0.10000000 
-0.90000000 0.00000000 0.26572279 0.10000000 
-0.89000000 0.00000000 0.26894819 0.10000000 
-0.88000000 0.00000000 0.27490510 0.10000000 
-0.87000000 0.00000000 0.27948334 0.10000000 
-0.86000000 0.00000000 0.28476653 0.10000000 
-0.85000000 0.00000000 0.29067186 0.10000000 
-0.84000000 0.00000000 0.29721406 0.10000000 
-0.83000000 0.00000000 0.30440679 0.10000000 
-0.82000000 0.00000000 0.30824666 0.10000000 
-0.81000000 0.00000000 0.31678077 0.10000000 
-0.80000000 0.00000000 0.32574264 0.10000000 
-0.79000000 0.00000000 0.33540936 0.10000000 
-0.78000000 0.00000000 0.34576646 0.10000000 
-0.77000000 0.00000000 0.35680697 0.10000000 
-0.76000000 0.00000000 0.37379073 0.10000000 
-0.75000000 0.00000000 0.38639599 0.10000000 
-0.74000000 0.00000000 0.39965786 0.10000000 
-0.73000000 0.00000000 0.41356391 0.10000000 
-0.72000000 0.00000000 0.42810753 0.10000000 
-0.71000000 0.00000000 0.44335677 0.10000000 
-0.70000000 0.00000000 0.45920863 0.10000000 
-0.69000000 0.00000000 0.47566362 0.10000000 
-0.68000000 0.00000000 0.49246546 0.10000000 
-0.67000000 0.00000000 0.50982584 0.10000000 
-0.66000000 0.00000000 0.52772709 0.10000000 
-0.65000000 0.00000000 0.54606855 0.10000000 
-0.64000000 0.00000000 0.56497389 0.10000000 
-0.63000000 0.00000000 0.58444829 0.10000000 
-0.62000000 0.00000000 0.60475668 0.10000000 
-0.61000000 0.00000000 0.62569877 0.10000000 
-0.60000000 0.00000000 0.64729032 0.10000000 
-0.59000000 0.00000000 0.66954245 0.10000000 
-0.58000000 0.00000000 0.68215289 0.10000000 
-0.57000000 0.00000000 0.70625789 0.10000000 
-0.56000000 0.00000000 0.73029247 0.10000000 
-0.55000000 0.00000000 0.75505217 0.10000000 
-0.54000000 0.00000000 0.78046068 0.10000000 
-0.53000000 0.00000000 0.80649557 0.10000000 
-0.52000000 0.00000000 0.84357099 0.10000000 
-0.51000000 0.00000000 0.87051846 0.10000000 
-0.50000000 0.00000000 0.89815855 0.10000000 
-0.49000000 0.00000000 0.92621372 0.10000000 
-0.48000000 0.00000000 0.95463231 0.10000000 
-0.47000000 0.00000000 0.98356340 0.10000000 
-0.46000000 0.00000000 1.01270119 0.10000000 
-0.45000000 0.00000000 1.04201621 0.10000000 
-0.44000000 0.00000000 1.07146059 0.10000000 
-0.43000000 0.00000000 1.10098831 0.10000000 
-0.42000000 0.00000000 1.11815365 0.10000000 
-0.41000000 0.00000000 1.14864513 0.10000000 
-0.40000000 0.00000000 1.18930299 0.10000000 
-0.39000000 0.00000000 1.21858461 0.10000000 
-0.38000000 0.00000000 1.24774139 0.10000000 
-0.37000000 0.00000000 1.27671770 0.10000000 
-0.36000000 0.00000000 1.30545371 0.10000000 
-0.35000000 0.00000000 1.33389563 0.10000000 
-0.34000000 0.00000000 1.36198978 0.10000000 
-0.33000000 0.00000000 1.38968356 0.10000000 
-0.32000000 0.00000000 1.41692595 0.10000000 
-0.31000000 0.00000000 1.44391065 0.10000000 
-0.30000000 0.00000000 1.47027927 0.10000000 
-0.29000000 0.00000000 1.49579810 0.10000000 
-0.28000000 0.00000000 1.52069780 0.10000000 
-0.27000000 0.00000000 1.54493738 0.10000000 
-0.26000000 0.00000000 1.56847790 0.10000000 
-0.25000000 0.00000000 1.59128259 0.10000000 
-0.24000000 0.00000000 1.61331676 0.10000000 
-0.23000000 0.00000000 1.63454781 0.10000000 
-0.22000000 0.00000000 1.65494520 0.10000000 
-0.21000000 0.00000000 1.67448041 0.10000000 
-0.20000000 0.00000000 1.69312214 0.10000000 
-0.19000000 0.00000000 1.71084810 0.10000000 
-0.18000000 0.00000000 1.72764118 0.10000000 
-0.17000000 0.00000000 1.74347961 0.10000000 
-0.16000000 0.00000000 1.75834358 0.10000000 
-0.15000000 0.00000000 1.77221520 0.10000000 
-0.14000000 0.00000000 1.78507863 0.10000000 
-0.13000000 0.00000000 1.79691996 0.10000000 
-0.12000000 0.00000000 1.80772724 0.10000000 
-0.11000000 0.00000000 1.81749045 0.10000000 
-0.10000000 0.00000000 1.82620136 0.10000000 
-0.09000000 0.00000000 1.83385366 0.10000000 
-0.08000000 0.00000000 1.84044274 0.10000000 
-0.07000000 0.00000000 1.84596559 0.10000000 
-0.06000000 0.00000000 1.85042090 0.10000000 
-0.05000000 0.00000000 1.85380894 0.10000000 
-0.04000000 0.00000000 1.85613644 0.10000000 
-0.03000000 0.00000000 1.85740846 0.10000000 
-0.02000000 0.00000000 1.85763202 0.10000000 
-0.01000000 0.00000000 1.85681567 0.10000000 
0.00000000 0.00000000 1.85496420 0.10000000 
0.01000000 0.00000000 1.85208661 0.10000000 
0.02000000 0.00000000 1.84819261 0.10000000 
0.03000000 0.00000000 1.84329245 0.10000000 
0.04000000 0.00000000 1.83739683 0.10000000 
0.05000000 0.00000000 1.83051686 0.10000000 
0.06000000 0.00000000 1.82286201 0.10000000 
0.07000000 0.00000000 1.81427960 0.10000000 
0.08000000 0.00000000 1.80479726 0.10000000 
0.09000000 0.00000000 1.79442932 0.10000000 
0.10000000 0.00000000 1.78298114 0.10000000 
0.11000000 0.00000000 1.77062794 0.10000000 
0.12000000 0.00000000 1.75737956 0.10000000 
0.13000000 0.00000000 1.74324695 0.10000000 
0.14000000 0.00000000 1.72824302 0.10000000 
0.15000000 0.00000000 1.71238344 0.10000000 
0.16000000 0.00000000 1.70361619 0.10000000 
0.17000000 0.00000000 1.68580851 0.10000000 
0.18000000 0.00000000 1.66777091 0.10000000 
0.19000000 0.00000000 1.64891931 0.10000000 
0.20000000 0.00000000 1.62093838 0.10000000 
0.21000000 0.00000000 1.60047660 0.10000000 
0.22000000 0.00000000 1.57938776 0.10000000 
0.23000000 0.00000000 1.55771975 0.10000000 
0.24000000 0.00000000 1.53552230 0.10000000 
0.25000000 0.00000000 1.51284601 0.10000000 
0.26000000 0.00000000 1.48974144 0.10000000 
0.27000000 0.00000000 1.46610280 0.10000000 
0.28000000 0.00000000 1.44217180 0.10000000 
0.29000000 0.00000000 1.41797770 0.10000000 
0.30000000 0.00000000 1.39356196 0.10000000 
0.31000000 0.00000000 1.36912709 0.10000000 
0.32000000 0.00000000 1.34451366 0.10000000 
0.33000000 0.00000000 1.31975907 0.10000000 
0.34000000 0.00000000 1.29489901 0.10000000 
0.35000000 0.00000000 1.26996739 0.10000000 
0.36000000 0.00000000 1.24499640 0.10000000 
0.37000000 0.00000000 1.22001656 0.10000000 
0.38000000 0.00000000 1.19505985 0.10000000 
0.39000000 0.00000000 1.17015231 0.10000000 
0.40000000 0.00000000 1.14531924 0.10000000 
0.41000000 0.00000000 1.12058485 0.10000000 
0.42000000 0.00000000 1.09596916 0.10000000 
0.43000000 0.00000000 1.07149577 0.10000000 
0.44000000 0.00000000 1.04718710 0.10000000 
0.45000000 0.00000000 1.02306442 0.10000000 
0.46000000 0.00000000 0.99914791 0.10000000 
0.47000000 0.00000000 0.97545672 0.10000000 
0.48000000 0.00000000 0.95200897 0.10000000 
0.49000000 0.00000000 0.92882174 0.10000000 
0.50000000 0.00000000 0.90591120 0.10000000 
0.51000000 0.00000000 0.88329262 0.10000000 
0.52000000 0.00000000 0.86098037 0.10000000 
0.53000000 0.00000000 0.83898798 0.10000000 
0.54000000 0.00000000 0.81732810 0.10000000 
0.55000000 0.00000000 0.79601248 0.10000000 
0.56000000 0.00000000 0.77505202 0.10000000 
0.57000000 0.00000000 0.75445679 0.10000000 
0.58000000 0.00000000 0.73423608 0.10000000 
0.59000000 0.00000000 0.71439836 0.10000000 
0.60000000 0.00000000 0.69495140 0.10000000 
0.61000000 0.00000000 0.67590223 0.10000000 
0.62000000 0.00000000 0.65725721 0.10000000 
0.63000000 0.00000000 0.63902203 0.10000000 
0.64000000 0.00000000 0.62120176 0.10000000 
0.65000000 0.00000000 0.60380088 0.10000000 
0.66000000 0.00000000 0.58682330 0.10000000 
0.67000000 0.00000000 0.57027243 0.10000000 
0.68000000 0.00000000 0.55415118 0.10000000 
0.69000000 0.00000000 0.53846201 0.10000000 
0.70000000 0.00000000 0.52320698 0.10000000 
0.71000000 0.00000000 0.50838774 0.10000000 
0.72000000 0.00000000 0.49400562 0.10000000 
0.73000000 0.00000000 0.48006164 0.10000000 
0.74000000 0.00000000 0.46655655 0.10000000 
0.75000000 0.00000000 0.45349086 0.10000000 
0.76000000 0.00000000 0.44086488 0.10000000 
0.77000000 0.00000000 0.42867877 0.10000000 
0.78000000 0.00000000 0.41693253 0.10000000 
0.79000000 0.00000000 0.40562608 0.10000000 
0.80000000 0.00000000 0.39475925 0.10000000 
0.81000000 0.00000000 0.38433181 0.10000000 
0.82000000 0.00000000 0.37434357 0.10000000 
0.83000000 0.00000000 0.36479435 0.10000000 
0.84000000 0.00000000 0.35568406 0.10000000 
0.85000000 0.00000000 0.34701269 0.10000000 
0.86000000 0.00000000 0.33878038 0.10000000 
0.87000000 0.00000000 0.33098746 0.10000000 
0.88000000 0.00000000 0.32363367 0.10000000 
0.89000000 0.00000000 0.31671931 0.10000000 
0.90000000 0.00000000 0.31024481 0.10000000 
0.91000000 0.00000000 0.30421076 0.10000000 
0.92000000 0.00000000 0.29861921 0.10000000 
0.93000000 0.00000000 0.29347182 0.10000000 
0.94000000 0.00000000 0.28877077 0.10000000 
0.95000000 0.00000000 0.28451875 0.10000000 
0.96000000 0.00000000 0.28071901 0.10000000 
0.97000000 0.00000000 0.27737539 0.10000000 
0.98000000 0.00000000 0.27445783 0.10000000 
0.99000000 0.00000000 0.27199249 0.10000000 

