-1.00000000 0.00000000 0.58612647 0.10000000 
-0.99000000 0.00000000 0.58568787 0.10000000 
-0.98000000 0.00000000 0.58561432 0.10000000 
-0.97000000 0.00000000 0.58587772 0.10000000 
-0.96000000 0.00000000 0.58648258 0.10000000 
-0.95000000 0.00000000 0.58743233 0.10000000 
-0.94000000 0.00000000 0.58873047 0.10000000 
-0.93000000 0.00000000 0.59038048 0.10000000 
-0.92000000 0.00000000 0.59112874 0.10000000 
-0.91000000 0.00000000 0.59334877 0.10000000 
-0.90000000 0.00000000 0.59583801 0.10000000 
-0.89000000 0.00000000 0.59867719 0.10000000 
-0.88000000 0.00000000 0.60353327 0.10000000 
-0.87000000 0.00000000 0.60719972 0.10000000 
-0.86000000 0.00000000 0.61129179 0.10000000 
-0.85000000 0.00000000 0.61574884 0.10000000 
-0.84000000 0.00000000 0.62057219 0.10000000 
-0.83000000 0.00000000 0.62576223 0.10000000 
-0.82000000 0.00000000 0.62860623 0.10000000 
-0.81000000 0.00000000 0.63458405 0.10000000 
-0.80000000 0.00000000 0.64075385 0.10000000 
-0.79000000 0.00000000 0.64729210 0.10000000 
-0.78000000 0.00000000 0.65418031 0.10000000 
-0.77000000 0.00000000 0.66140610 0.10000000 
-0.76000000 0.00000000 0.67218296 0.10000000 
-0.75000000 0.00000000 0.68012188 0.10000000 
-0.74000000 0.00000000 0.68835424 0.10000000 
-0.73000000 0.00000000 0.69686409 0.10000000 
-0.72000000 0.00000000 0.70563825 0.10000000 
-0.71000000 0.00000000 0.71471519 0.10000000 
-0.70000000 0.00000000 0.72401636 0.10000000 
-0.69000000 0.00000000 0.73353482 0.10000000 
-0.68000000 0.00000000 0.74313857 0.10000000 
-0.67000000 0.00000000 0.75292449 0.10000000 
-0.66000000 0.00000000 0.76287760 0.10000000 
-0.65000000 0.00000000 0.77293008 0.10000000 
-0.64000000 0.00000000 0.78315346 0.10000000 
-0.63000000 0.00000000 0.79354520 0.10000000 
-0.62000000 0.00000000 0.80422161 0.10000000 
-0.61000000 0.00000000 0.81508714 0.10000000 
-0.60000000 0.00000000 0.82614517 0.10000000 
-0.59000000 0.00000000 0.83739826 0.10000000 
-0.58000000 0.00000000 0.84386583 0.10000000 
-0.57000000 0.00000000 0.85581575 0.10000000 
-0.56000000 0.00000000 0.86759740 0.10000000 
-0.55000000 0.00000000 0.87959895 0.10000000 
-0.54000000 0.00000000 0.89178291 0.10000000 
-0.53000000 0.00000000 0.90413903 0.10000000 
-0.52000000 0.00000000 0.92141478 0.10000000 
-0.51000000 0.00000000 0.93393055 0.10000000 
-0.50000000 0.00000000 0.94664244 0.10000000 
-0.49000000 0.00000000 0.95943410 0.10000000 
-0.48000000 0.00000000 0.97228377 0.10000000 
-0.47000000 0.00000000 0.98526719 0.10000000 
-0.46000000 0.00000000 0.99823963 0.10000000 
-0.45000000 0.00000000 1.01119184 0.10000000 
-0.44000000 0.00000000 1.02410606 0.10000000 
-0.43000000 0.00000000 1.03696591 0.10000000 
-0.42000000 0.00000000 1.04449645 0.10000000 
-0.41000000 0.00000000 1.05762196 0.10000000 
-0.40000000 0.00000000 1.07491584 0.10000000 
-0.39000000 0.00000000 1.08735022 0.10000000 
-0.38000000 0.00000000 1.09966551 0.10000000 
-0.37000000 0.00000000 1.11184323 0.10000000 
-0.36000000 0.00000000 1.12386315 0.10000000 
-0.35000000 0.00000000 1.13570817 0.10000000 
-0.34000000 0.00000000 1.14736138 0.10000000 
-0.33000000 0.00000000 1.15880642 0.10000000 
-0.32000000 0.00000000 1.17002766 0.10000000 
-0.31000000 0.00000000 1.18111321 0.10000000 
-0.30000000 0.00000000 1.19191679 0.10000000 
-0.29000000 0.00000000 1.20234676 0.10000000 
-0.28000000 0.00000000 1.21250576 0.10000000 
-0.27000000 0.00000000 1.22238221 0.10000000 
-0.26000000 0.00000000 1.23196527 0.10000000 
-0.25000000 0.00000000 1.24124488 0.10000000 
-0.24000000 0.00000000 1.25021170 0.10000000 
-0.23000000 0.00000000 1.25885705 0.10000000 
-0.22000000 0.00000000 1.26717292 0.10000000 
-0.21000000 0.00000000 1.27515188 0.10000000 
-0.20000000 0.00000000 1.28278507 0.10000000 
-0.19000000 0.00000000 1.29006717 0.10000000 
-0.18000000 0.00000000 1.29699470 0.10000000 
-0.17000000 0.00000000 1.30356191 0.10000000 
-0.16000000 0.00000000 1.30976357 0.10000000 
-0.15000000 0.00000000 1.31559490 0.10000000 
-0.14000000 0.00000000 1.32105160 0.10000000 
-0.13000000 0.00000000 1.32612985 0.10000000 
-0.12000000 0.00000000 1.33082627 0.10000000 
-0.11000000 0.00000000 1.33513791 0.10000000 
-0.10000000 0.00000000 1.33906221 0.10000000 
-0.09000000 0.00000000 1.34259701 0.10000000 
-0.08000000 0.00000000 1.34574052 0.10000000 
-0.07000000 0.00000000 1.34849124 0.10000000 
-0.06000000 0.00000000 1.35084802 0.10000000 
-0.05000000 0.00000000 1.35281001 0.10000000 
-0.04000000 0.00000000 1.35437846 0.10000000 
-0.03000000 0.00000000 1.35555378 0.10000000 
-0.02000000 0.00000000 1.35633684 0.10000000 
-0.01000000 0.00000000 1.35672885 0.10000000 
0.00000000 0.00000000 1.35672935 0.10000000 
0.01000000 0.00000000 1.35633922 0.10000000 
0.02000000 0.00000000 1.35555939 0.10000000 
0.03000000 0.00000000 1.35439079 0.10000000 
0.04000000 0.00000000 1.35283432 0.10000000 
0.05000000 0.00000000 1.35089086 0.10000000 
0.06000000 0.00000000 1.34863443 0.10000000 
0.07000000 0.00000000 1.34600605 0.10000000 
0.08000000 0.00000000 1.34301240 0.10000000 
0.09000000 0.00000000 1.33965525 0.10000000 
0.10000000 0.00000000 1.33585558 0.10000000 
0.11000000 0.00000000 1.33167611 0.10000000 
0.12000000 0.00000000 1.32711640 0.10000000 
0.13000000 0.00000000 1.32217639 0.10000000 
0.14000000 0.00000000 1.31685669 0.10000000 
0.15000000 0.00000000 1.31115895 0.10000000 
0.16000000 0.00000000 1.30805553 0.10000000 
0.17000000 0.00000000 1.30153630 0.10000000 
0.18000000 0.00000000 1.29485907 0.10000000 
0.19000000 0.00000000 1.28780442 0.10000000 
0.20000000 0.00000000 1.27711886 0.10000000 
0.21000000 0.00000000 1.26926481 0.10000000 
0.22000000 0.00000000 1.26109023 0.10000000 
0.23000000 0.00000000 1.25260961 0.10000000 
0.24000000 0.00000000 1.24383832 0.10000000 
0.25000000 0.00000000 1.23479229 0.10000000 
0.26000000 0.00000000 1.22548763 0.10000000 
0.27000000 0.00000000 1.21588228 0.10000000 
0.28000000 0.00000000 1.20606353 0.10000000 
0.29000000 0.00000000 1.19604049 0.10000000 
0.30000000 0.00000000 1.18582700 0.10000000 
0.31000000 0.00000000 1.17550001 0.10000000 
0.32000000 0.00000000 1.16499640 0.10000000 
0.33000000 0.00000000 1.15432925 0.10000000 
0.34000000 0.00000000 1.14351129 0.10000000 
0.35000000 0.00000000 1.13255491 0.10000000 
0.36000000 0.00000000 1.12147218 0.10000000 
0.37000000 0.00000000 1.11027485 0.10000000 
0.38000000 0.00000000 1.09897552 0.10000000 
0.39000000 0.00000000 1.08758494 0.10000000 
0.40000000 0.00000000 1.07611388 0.10000000 
0.41000000 0.00000000 1.06457302 0.10000000 
0.42000000 0.00000000 1.05297175 0.10000000 
0.43000000 0.00000000 1.04132116 0.10000000 
0.44000000 0.00000000 1.02963220 0.10000000 
0.45000000 0.00000000 1.01791571 0.10000000 
0.46000000 0.00000000 1.00618242 0.10000000 
0.47000000 0.00000000 0.99444296 0.10000000 
0.48000000 0.00000000 0.98270787 0.10000000 
0.49000000 0.00000000 0.97098756 0.10000000 
0.50000000 0.00000000 0.95929239 0.10000000 
0.51000000 0.00000000 0.94763261 0.10000000 
0.52000000 0.00000000 0.93601839 0.10000000 
0.53000000 0.00000000 0.92445982 0.10000000 
0.54000000 0.00000000 0.91296689 0.10000000 
0.55000000 0.00000000 0.90154942 0.10000000 
0.56000000 0.00000000 0.89021714 0.10000000 
0.57000000 0.00000000 0.87897964 0.10000000 
0.58000000 0.00000000 0.86784636 0.10000000 
0.59000000 0.00000000 0.85682659 0.10000000 
0.60000000 0.00000000 0.84592950 0.10000000 
0.61000000 0.00000000 0.83516408 0.10000000 
0.62000000 0.00000000 0.82453916 0.10000000 
0.63000000 0.00000000 0.81406342 0.10000000 
0.64000000 0.00000000 0.80374536 0.10000000 
0.65000000 0.00000000 0.79359331 0.10000000 
0.66000000 0.00000000 0.78361542 0.10000000 
0.67000000 0.00000000 0.77381964 0.10000000 
0.68000000 0.00000000 0.76421375 0.10000000 
0.69000000 0.00000000 0.75480533 0.10000000 
0.70000000 0.00000000 0.74560178 0.10000000 
0.71000000 0.00000000 0.73661026 0.10000000 
0.72000000 0.00000000 0.72783777 0.10000000 
0.73000000 0.00000000 0.71929107 0.10000000 
0.74000000 0.00000000 0.71097672 0.10000000 
0.75000000 0.00000000 0.70290109 0.10000000 
0.76000000 0.00000000 0.69507029 0.10000000 
0.77000000 0.00000000 0.68749025 0.10000000 
0.78000000 0.00000000 0.68016665 0.10000000 
0.79000000 0.00000000 0.67310494 0.10000000 
0.80000000 0.00000000 0.66631034 0.10000000 
0.81000000 0.00000000 0.65978783 0.10000000 
0.82000000 0.00000000 0.65354216 0.10000000 
0.83000000 0.00000000 0.64757788 0.10000000 
0.84000000 0.00000000 0.64189928 0.10000000 
0.85000000 0.00000000 0.63651048 0.10000000 
0.86000000 0.00000000 0.63141536 0.10000000 
0.87000000 0.00000000 0.62661761 0.10000000 
0.88000000 0.00000000 0.62212001 0.10000000 
0.89000000 0.00000000 0.61792549 0.10000000 
0.90000000 0.00000000 0.61403672 0.10000000 
0.91000000 0.00000000 0.61045608 0.10000000 
0.92000000 0.00000000 0.60718673 0.10000000 
0.93000000 0.00000000 0.60423110 0.10000000 
0.94000000 0.00000000 0.60159154 0.10000000 
0.95000000 0.00000000 0.59927040 0.10000000 
0.96000000 0.00000000 0.59727000 0.10000000 
0.97000000 0.00000000 0.59559268 0.10000000 
0.98000000 0.00000000 0.59421052 0.10000000 
0.99000000 0.00000000 0.59314649 0.10000000 

