-1.00000000 0.00000000 0.25228535 0.10000000 
-0.99000000 0.00000000 0.25063236 0.10000000 
-0.98000000 0.00000000 0.24948154 0.10000000 
-0.97000000 0.00000000 0.24880422 0.10000000 
-0.96000000 0.00000000 0.24861167 0.10000000 
-0.95000000 0.00000000 0.24891427 0.10000000 
-0.94000000 0.00000000 0.24972329 0.10000000 
-0.93000000 0.00000000 0.25105078 0.10000000 
-0.92000000 0.00000000 0.25150550 0.10000000 
-0.91000000 0.00000000 0.25364441 0.10000000 
-0.90000000 0.00000000 0.25623460 0.10000000 
-0.89000000 0.00000000 0.25936637 0.10000000 
-0.88000000 0.00000000 0.26518832 0.10000000 
-0.87000000 0.00000000 0.26966954 0.10000000 
-0.86000000 0.00000000 0.27485472 0.10000000 
-0.85000000 0.00000000 0.28066236 0.10000000 
-0.84000000 0.00000000 0.28710804 0.10000000 
-0.83000000 0.00000000 0.29420637 0.10000000 
-0.82000000 0.00000000 0.29798827 0.10000000 
-0.81000000 0.00000000 0.30642910 0.10000000 
-0.80000000 0.00000000 0.31530467 0.10000000 
-0.79000000 0.00000000 0.32489105 0.10000000 
-0.78000000 0.00000000 0.33517504 0.10000000 
-0.77000000 0.00000000 0.34615077 0.10000000 
-0.76000000 0.00000000 0.36307377 0.10000000 
-0.75000000 0.00000000 0.37564129 0.10000000 
-0.74000000 0.00000000 0.38887770 0.10000000 
-0.73000000 0.00000000 0.40277179 0.10000000 
-0.72000000 0.00000000 0.41731829 0.10000000 
-0.71000000 0.00000000 0.43258580 0.10000000 
-0.70000000 0.00000000 0.44847352 0.10000000 
-0.69000000 0.00000000 0.46498309 0.10000000 
-0.68000000 0.00000000 0.48185535 0.10000000 
-0.67000000 0.00000000 0.49930632 0.10000000 
-0.66000000 0.00000000 0.51731909 0.10000000 
-0.65000000 0.00000000 0.53579416 0.10000000 
-0.64000000 0.00000000 0.55485585 0.10000000 
-0.63000000 0.00000000 0.57451032 0.10000000 
-0.62000000 0.00000000 0.59502876 0.10000000 
-0.61000000 0.00000000 0.61620762 0.10000000 
-0.60000000 0.00000000 0.63806369 0.10000000 
-0.59000000 0.00000000 0.66060894 0.10000000 
-0.58000000 0.00000000 0.67337245 0.10000000 
-0.57000000 0.00000000 0.69782938 0.10000000 
-0.56000000 0.00000000 0.72223461 0.10000000 
-0.55000000 0.00000000 0.74739634 0.10000000 
-0.54000000 0.00000000 0.77323734 0.10000000 
-0.53000000 0.00000000 0.79973495 0.10000000 
-0.52000000 0.00000000 0.83751901 0.10000000 
-0.51000000 0.00000000 0.86498821 0.10000000 
-0.50000000 0.00000000 0.89318346 0.10000000 
-0.49000000 0.00000000 0.92182002 0.10000000 
-0.48000000 0.00000000 0.95084507 0.10000000 
-0.47000000 0.00000000 0.98040974 0.10000000 
-0.46000000 0.00000000 1.01020295 0.10000000 
-0.45000000 0.00000000 1.04019412 0.10000000 
-0.44000000 0.00000000 1.07033392 0.10000000 
-0.43000000 0.00000000 1.10057481 0.10000000 
-0.42000000 0.00000000 1.11814505 0.10000000 
-0.41000000 0.00000000 1.14939977 0.10000000 
-0.40000000 0.00000000 1.19111330 0.10000000 
-0.39000000 0.00000000 1.22115939 0.10000000 
-0.38000000 0.00000000 1.25108982 0.10000000 
-0.37000000 0.00000000 1.28084678 0.10000000 
-0.36000000 0.00000000 1.31036812 0.10000000 
-0.35000000 0.00000000 1.33959779 0.10000000 
-0.34000000 0.00000000 1.36847980 0.10000000 
-0.33000000 0.00000000 1.39695928 0.10000000 
-0.32000000 0.00000000 1.42498291 0.10000000 
-0.31000000 0.00000000 1.45274852 0.10000000 
-0.30000000 0.00000000 1.47988742 0.10000000 
-0.29000000 0.00000000 1.50615855 0.10000000 
-0.28000000 0.00000000 1.53179783 0.10000000 
-0.27000000 0.00000000 1.55676222 0.10000000 
-0.26000000 0.00000000 1.58101079 0.10000000 
-0.25000000 0.00000000 1.60450488 0.10000000 
-0.24000000 0.00000000 1.62720797 0.10000000 
-0.23000000 0.00000000 1.64908570 0.10000000 
-0.22000000 0.00000000 1.67010588 0.10000000 
-0.21000000 0.00000000 1.69023841 0.10000000 
-0.20000000 0.00000000 1.70945037 0.10000000 
-0.19000000 0.00000000 1.72771816 0.10000000 
-0.18000000 0.00000000 1.74502350 0.10000000 
-0.17000000 0.00000000 1.76134340 0.10000000 
-0.16000000 0.00000000 1.77665695 0.10000000 
-0.15000000 0.00000000 1.79094523 0.10000000 
-0.14000000 0.00000000 1.80419151 0.10000000 
-0.13000000 0.00000000 1.81638108 0.10000000 
-0.12000000 0.00000000 1.82750132 0.10000000 
-0.11000000 0.00000000 1.83754163 0.10000000 
-0.10000000 0.00000000 1.84649334 0.10000000 
-0.09000000 0.00000000 1.85434978 0.10000000 
-0.08000000 0.00000000 1.86110611 0.10000000 
-0.07000000 0.00000000 1.86675919 0.10000000 
-0.06000000 0.00000000 1.87130768 0.10000000 
-0.05000000 0.00000000 1.87475192 0.10000000 
-0.04000000 0.00000000 1.87709899 0.10000000 
-0.03000000 0.00000000 1.87835427 0.10000000 
-0.02000000 0.00000000 1.87852520 0.10000000 
-0.01000000 0.00000000 1.87762088 0.10000000 
0.00000000 0.00000000 1.87564653 0.10000000 
0.01000000 0.00000000 1.87261179 0.10000000 
0.02000000 0.00000000 1.86852704 0.10000000 
0.03000000 0.00000000 1.86340328 0.10000000 
0.04000000 0.00000000 1.85725199 0.10000000 
0.05000000 0.00000000 1.85008511 0.10000000 
0.06000000 0.00000000 1.84211953 0.10000000 
0.07000000 0.00000000 1.83319791 0.10000000 
0.08000000 0.00000000 1.82334929 0.10000000 
0.09000000 0.00000000 1.81258903 0.10000000 
0.10000000 0.00000000 1.80071697 0.10000000 
0.11000000 0.00000000 1.78791450 0.10000000 
0.12000000 0.00000000 1.77419235 0.10000000 
0.13000000 0.00000000 1.75956245 0.10000000 
0.14000000 0.00000000 1.74403873 0.10000000 
0.15000000 0.00000000 1.72763800 0.10000000 
0.16000000 0.00000000 1.71856636 0.10000000 
0.17000000 0.00000000 1.70016456 0.10000000 
0.18000000 0.00000000 1.68153374 0.10000000 
0.19000000 0.00000000 1.66207106 0.10000000 
0.20000000 0.00000000 1.63320869 0.10000000 
0.21000000 0.00000000 1.61210725 0.10000000 
0.22000000 0.00000000 1.59036880 0.10000000 
0.23000000 0.00000000 1.56804326 0.10000000 
0.24000000 0.00000000 1.54518243 0.10000000 
0.25000000 0.00000000 1.52183897 0.10000000 
0.26000000 0.00000000 1.49806546 0.10000000 
0.27000000 0.00000000 1.47375303 0.10000000 
0.28000000 0.00000000 1.44915164 0.10000000 
0.29000000 0.00000000 1.42429174 0.10000000 
0.30000000 0.00000000 1.39921637 0.10000000 
0.31000000 0.00000000 1.37413448 0.10000000 
0.32000000 0.00000000 1.34888188 0.10000000 
0.33000000 0.00000000 1.32349730 0.10000000 
0.34000000 0.00000000 1.29801766 0.10000000 
0.35000000 0.00000000 1.27247800 0.10000000 
0.36000000 0.00000000 1.24691154 0.10000000 
0.37000000 0.00000000 1.22134973 0.10000000 
0.38000000 0.00000000 1.19582549 0.10000000 
0.39000000 0.00000000 1.17036558 0.10000000 
0.40000000 0.00000000 1.14499592 0.10000000 
0.41000000 0.00000000 1.11974129 0.10000000 
0.42000000 0.00000000 1.09462211 0.10000000 
0.43000000 0.00000000 1.06966246 0.10000000 
0.44000000 0.00000000 1.04488515 0.10000000 
0.45000000 0.00000000 1.02031176 0.10000000 
0.46000000 0.00000000 0.99596274 0.10000000 
0.47000000 0.00000000 0.97185741 0.10000000 
0.48000000 0.00000000 0.94801401 0.10000000 
0.49000000 0.00000000 0.92444969 0.10000000 
0.50000000 0.00000000 0.90118061 0.10000000 
0.51000000 0.00000000 0.87822199 0.10000000 
0.52000000 0.00000000 0.85558807 0.10000000 
0.53000000 0.00000000 0.83329225 0.10000000 
0.54000000 0.00000000 0.81134694 0.10000000 
0.55000000 0.00000000 0.78976364 0.10000000 
0.56000000 0.00000000 0.76855294 0.10000000 
0.57000000 0.00000000 0.74772456 0.10000000 
0.58000000 0.00000000 0.72728738 0.10000000 
0.59000000 0.00000000 0.70724946 0.10000000 
0.60000000 0.00000000 0.68761808 0.10000000 
0.61000000 0.00000000 0.66839979 0.10000000 
0.62000000 0.00000000 0.64960039 0.10000000 
0.63000000 0.00000000 0.63122503 0.10000000 
0.64000000 0.00000000 0.61327817 0.10000000 
0.65000000 0.00000000 0.59576369 0.10000000 
0.66000000 0.00000000 0.57868487 0.10000000 
0.67000000 0.00000000 0.56204446 0.10000000 
0.68000000 0.00000000 0.54584471 0.10000000 
0.69000000 0.00000000 0.53008739 0.10000000 
0.70000000 0.00000000 0.51477386 0.10000000 
0.71000000 0.00000000 0.49990508 0.10000000 
0.72000000 0.00000000 0.48548169 0.10000000 
0.73000000 0.00000000 0.47150398 0.10000000 
0.74000000 0.00000000 0.45797199 0.10000000 
0.75000000 0.00000000 0.44488552 0.10000000 
0.76000000 0.00000000 0.43224419 0.10000000 
0.77000000 0.00000000 0.42004746 0.10000000 
0.78000000 0.00000000 0.40829464 0.10000000 
0.79000000 0.00000000 0.39698496 0.10000000 
0.80000000 0.00000000 0.38611759 0.10000000 
0.81000000 0.00000000 0.37569167 0.10000000 
0.82000000 0.00000000 0.36570637 0.10000000 
0.83000000 0.00000000 0.35616091 0.10000000 
0.84000000 0.00000000 0.34705460 0.10000000 
0.85000000 0.00000000 0.33838688 0.10000000 
0.86000000 0.00000000 0.33015735 0.10000000 
0.87000000 0.00000000 0.32236582 0.10000000 
0.88000000 0.00000000 0.31501159 0.10000000 
0.89000000 0.00000000 0.30809452 0.10000000 
0.90000000 0.00000000 0.30161464 0.10000000 
0.91000000 0.00000000 0.29557218 0.10000000 
0.92000000 0.00000000 0.28996881 0.10000000 
0.93000000 0.00000000 0.28480592 0.10000000 
0.94000000 0.00000000 0.28008540 0.10000000 
0.95000000 0.00000000 0.27580973 0.10000000 
0.96000000 0.00000000 0.27198196 0.10000000 
0.97000000 0.00000000 0.26860579 0.10000000 
0.98000000 0.00000000 0.26565204 0.10000000 
0.99000000 0.00000000 0.26314599 0.10000000 

