-1.00000000 0.00000000 0.66517374 0.10000000 
-0.99000000 0.00000000 0.66484006 0.10000000 
-0.98000000 0.00000000 0.66479475 0.10000000 
-0.97000000 0.00000000 0.66501540 0.10000000 
-0.96000000 0.00000000 0.66550535 0.10000000 
-0.95000000 0.00000000 0.66626708 0.10000000 
-0.94000000 0.00000000 0.66730312 0.10000000 
-0.93000000 0.00000000 0.66861595 0.10000000 
-0.92000000 0.00000000 0.66921338 0.10000000 
-0.91000000 0.00000000 0.67097510 0.10000000 
-0.90000000 0.00000000 0.67294746 0.10000000 
-0.89000000 0.00000000 0.67519425 0.10000000 
-0.88000000 0.00000000 0.67902905 0.10000000 
-0.87000000 0.00000000 0.68192273 0.10000000 
-0.86000000 0.00000000 0.68514890 0.10000000 
-0.85000000 0.00000000 0.68865977 0.10000000 
-0.84000000 0.00000000 0.69245606 0.10000000 
-0.83000000 0.00000000 0.69653772 0.10000000 
-0.82000000 0.00000000 0.69877658 0.10000000 
-0.81000000 0.00000000 0.70347249 0.10000000 
-0.80000000 0.00000000 0.70831584 0.10000000 
-0.79000000 0.00000000 0.71344469 0.10000000 
-0.78000000 0.00000000 0.71884425 0.10000000 
-0.77000000 0.00000000 0.72450455 0.10000000 
-0.76000000 0.00000000 0.73293510 0.10000000 
-0.75000000 0.00000000 0.73914358 0.10000000 
-0.74000000 0.00000000 0.74557738 0.10000000 
-0.73000000 0.00000000 0.75222377 0.10000000 
-0.72000000 0.00000000 0.75907216 0.10000000 
-0.71000000 0.00000000 0.76615255 0.10000000 
-0.70000000 0.00000000 0.77340305 0.10000000 
-0.69000000 0.00000000 0.78081807 0.10000000 
-0.68000000 0.00000000 0.78829535 0.10000000 
-0.67000000 0.00000000 0.79590954 0.10000000 
-0.66000000 0.00000000 0.80364885 0.10000000 
-0.65000000 0.00000000 0.81146017 0.10000000 
-0.64000000 0.00000000 0.81939930 0.10000000 
-0.63000000 0.00000000 0.82746415 0.10000000 
-0.62000000 0.00000000 0.83574418 0.10000000 
-0.61000000 0.00000000 0.84416570 0.10000000 
-0.60000000 0.00000000 0.85273125 0.10000000 
-0.59000000 0.00000000 0.86144277 0.10000000 
-0.58000000 0.00000000 0.86645285 0.10000000 
-0.57000000 0.00000000 0.87569515 0.10000000 
-0.56000000 0.00000000 0.88480266 0.10000000 
-0.55000000 0.00000000 0.89407544 0.10000000 
-0.54000000 0.00000000 0.90348461 0.10000000 
-0.53000000 0.00000000 0.91302241 0.10000000 
-0.52000000 0.00000000 0.92634713 0.10000000 
-0.51000000 0.00000000 0.93599934 0.10000000 
-0.50000000 0.00000000 0.94579889 0.10000000 
-0.49000000 0.00000000 0.95565655 0.10000000 
-0.48000000 0.00000000 0.96555571 0.10000000 
-0.47000000 0.00000000 0.97555515 0.10000000 
-0.46000000 0.00000000 0.98554329 0.10000000 
-0.45000000 0.00000000 0.99551327 0.10000000 
-0.44000000 0.00000000 1.00545168 0.10000000 
-0.43000000 0.00000000 1.01534617 0.10000000 
-0.42000000 0.00000000 1.02114138 0.10000000 
-0.41000000 0.00000000 1.03123678 0.10000000 
-0.40000000 0.00000000 1.04453502 0.10000000 
-0.39000000 0.00000000 1.05409665 0.10000000 
-0.38000000 0.00000000 1.06356607 0.10000000 
-0.37000000 0.00000000 1.07292937 0.10000000 
-0.36000000 0.00000000 1.08217128 0.10000000 
-0.35000000 0.00000000 1.09127898 0.10000000 
-0.34000000 0.00000000 1.10023974 0.10000000 
-0.33000000 0.00000000 1.10904130 0.10000000 
-0.32000000 0.00000000 1.11767193 0.10000000 
-0.31000000 0.00000000 1.12619965 0.10000000 
-0.30000000 0.00000000 1.13451228 0.10000000 
-0.29000000 0.00000000 1.14253966 0.10000000 
-0.28000000 0.00000000 1.15036094 0.10000000 
-0.27000000 0.00000000 1.15796743 0.10000000 
-0.26000000 0.00000000 1.16535106 0.10000000 
-0.25000000 0.00000000 1.17250429 0.10000000 
-0.24000000 0.00000000 1.17942016 0.10000000 
-0.23000000 0.00000000 1.18609217 0.10000000 
-0.22000000 0.00000000 1.19251432 0.10000000 
-0.21000000 0.00000000 1.19868106 0.10000000 
-0.20000000 0.00000000 1.20458572 0.10000000 
-0.19000000 0.00000000 1.21022429 0.10000000 
-0.18000000 0.00000000 1.21559422 0.10000000 
-0.17000000 0.00000000 1.22069114 0.10000000 
-0.16000000 0.00000000 1.22551108 0.10000000 
-0.15000000 0.00000000 1.23005039 0.10000000 
-0.14000000 0.00000000 1.23430579 0.10000000 
-0.13000000 0.00000000 1.23827432 0.10000000 
-0.12000000 0.00000000 1.24195334 0.10000000 
-0.11000000 0.00000000 1.24534053 0.10000000 
-0.10000000 0.00000000 1.24843383 0.10000000 
-0.09000000 0.00000000 1.25123151 0.10000000 
-0.08000000 0.00000000 1.25373205 0.10000000 
-0.07000000 0.00000000 1.25593416 0.10000000 
-0.06000000 0.00000000 1.25783681 0.10000000 
-0.05000000 0.00000000 1.25943915 0.10000000 
-0.04000000 0.00000000 1.26074194 0.10000000 
-0.03000000 0.00000000 1.26174527 0.10000000 
-0.02000000 0.00000000 1.26244957 0.10000000 
-0.01000000 0.00000000 1.26285552 0.10000000 
0.00000000 0.00000000 1.26296253 0.10000000 
0.01000000 0.00000000 1.26277100 0.10000000 
0.02000000 0.00000000 1.26228136 0.10000000 
0.03000000 0.00000000 1.26149404 0.10000000 
0.04000000 0.00000000 1.26040944 0.10000000 
0.05000000 0.00000000 1.25902794 0.10000000 
0.06000000 0.00000000 1.25740515 0.10000000 
0.07000000 0.00000000 1.25549632 0.10000000 
0.08000000 0.00000000 1.25330621 0.10000000 
0.09000000 0.00000000 1.25083587 0.10000000 
0.10000000 0.00000000 1.24802496 0.10000000 
0.11000000 0.00000000 1.24492078 0.10000000 
0.12000000 0.00000000 1.24152267 0.10000000 
0.13000000 0.00000000 1.23783027 0.10000000 
0.14000000 0.00000000 1.23384376 0.10000000 
0.15000000 0.00000000 1.22956406 0.10000000 
0.16000000 0.00000000 1.22723896 0.10000000 
0.17000000 0.00000000 1.22232642 0.10000000 
0.18000000 0.00000000 1.21728604 0.10000000 
0.19000000 0.00000000 1.21195195 0.10000000 
0.20000000 0.00000000 1.20384879 0.10000000 
0.21000000 0.00000000 1.19788889 0.10000000 
0.22000000 0.00000000 1.19167750 0.10000000 
0.23000000 0.00000000 1.18522536 0.10000000 
0.24000000 0.00000000 1.17854395 0.10000000 
0.25000000 0.00000000 1.17164514 0.10000000 
0.26000000 0.00000000 1.16454099 0.10000000 
0.27000000 0.00000000 1.15719957 0.10000000 
0.28000000 0.00000000 1.14968672 0.10000000 
0.29000000 0.00000000 1.14200928 0.10000000 
0.30000000 0.00000000 1.13417767 0.10000000 
0.31000000 0.00000000 1.12625035 0.10000000 
0.32000000 0.00000000 1.11817935 0.10000000 
0.33000000 0.00000000 1.10997456 0.10000000 
0.34000000 0.00000000 1.10164566 0.10000000 
0.35000000 0.00000000 1.09320210 0.10000000 
0.36000000 0.00000000 1.08465308 0.10000000 
0.37000000 0.00000000 1.07600763 0.10000000 
0.38000000 0.00000000 1.06727541 0.10000000 
0.39000000 0.00000000 1.05846473 0.10000000 
0.40000000 0.00000000 1.04958393 0.10000000 
0.41000000 0.00000000 1.04064131 0.10000000 
0.42000000 0.00000000 1.03164421 0.10000000 
0.43000000 0.00000000 1.02260129 0.10000000 
0.44000000 0.00000000 1.01352112 0.10000000 
0.45000000 0.00000000 1.00441222 0.10000000 
0.46000000 0.00000000 0.99528304 0.10000000 
0.47000000 0.00000000 0.98614198 0.10000000 
0.48000000 0.00000000 0.97699739 0.10000000 
0.49000000 0.00000000 0.96785755 0.10000000 
0.50000000 0.00000000 0.95873072 0.10000000 
0.51000000 0.00000000 0.94962507 0.10000000 
0.52000000 0.00000000 0.94054877 0.10000000 
0.53000000 0.00000000 0.93150991 0.10000000 
0.54000000 0.00000000 0.92251652 0.10000000 
0.55000000 0.00000000 0.91357654 0.10000000 
0.56000000 0.00000000 0.90469783 0.10000000 
0.57000000 0.00000000 0.89588815 0.10000000 
0.58000000 0.00000000 0.88715518 0.10000000 
0.59000000 0.00000000 0.87850648 0.10000000 
0.60000000 0.00000000 0.86994952 0.10000000 
0.61000000 0.00000000 0.86149165 0.10000000 
0.62000000 0.00000000 0.85314009 0.10000000 
0.63000000 0.00000000 0.84490197 0.10000000 
0.64000000 0.00000000 0.83678424 0.10000000 
0.65000000 0.00000000 0.82879377 0.10000000 
0.66000000 0.00000000 0.82093725 0.10000000 
0.67000000 0.00000000 0.81322126 0.10000000 
0.68000000 0.00000000 0.80565219 0.10000000 
0.69000000 0.00000000 0.79823631 0.10000000 
0.70000000 0.00000000 0.79097972 0.10000000 
0.71000000 0.00000000 0.78388837 0.10000000 
0.72000000 0.00000000 0.77696802 0.10000000 
0.73000000 0.00000000 0.77022428 0.10000000 
0.74000000 0.00000000 0.76366257 0.10000000 
0.75000000 0.00000000 0.75728817 0.10000000 
0.76000000 0.00000000 0.75110612 0.10000000 
0.77000000 0.00000000 0.74512134 0.10000000 
0.78000000 0.00000000 0.73933850 0.10000000 
0.79000000 0.00000000 0.73376213 0.10000000 
0.80000000 0.00000000 0.72839650 0.10000000 
0.81000000 0.00000000 0.72324574 0.10000000 
0.82000000 0.00000000 0.71831374 0.10000000 
0.83000000 0.00000000 0.71360423 0.10000000 
0.84000000 0.00000000 0.70912074 0.10000000 
0.85000000 0.00000000 0.70486661 0.10000000 
0.86000000 0.00000000 0.70084500 0.10000000 
0.87000000 0.00000000 0.69705890 0.10000000 
0.88000000 0.00000000 0.69351054 0.10000000 
0.89000000 0.00000000 0.69020230 0.10000000 
0.90000000 0.00000000 0.68713630 0.10000000 
0.91000000 0.00000000 0.68431443 0.10000000 
0.92000000 0.00000000 0.68173916 0.10000000 
0.93000000 0.00000000 0.67941237 0.10000000 
0.94000000 0.00000000 0.67733590 0.10000000 
0.95000000 0.00000000 0.67551152 0.10000000 
0.96000000 0.00000000 0.67394100 0.10000000 
0.97000000 0.00000000 0.67262607 0.10000000 
0.98000000 0.00000000 0.67154452 0.10000000 
0.99000000 0.00000000 0.67071445 0.10000000 

