-1.00000000 0.00000000 0.21830086 0.10000000 
-0.99000000 0.00000000 0.21646811 0.10000000 
-0.98000000 0.00000000 0.21510006 0.10000000 
-0.97000000 0.00000000 0.21417267 0.10000000 
-0.96000000 0.00000000 0.21369733 0.10000000 
-0.95000000 0.00000000 0.21368485 0.10000000 
-0.94000000 0.00000000 0.21414720 0.10000000 
-0.93000000 0.00000000 0.21509739 0.10000000 
-0.92000000 0.00000000 0.21535045 0.10000000 
-0.91000000 0.00000000 0.21705624 0.10000000 
-0.90000000 0.00000000 0.21920114 0.10000000 
-0.89000000 0.00000000 0.22186259 0.10000000 
-0.88000000 0.00000000 0.22697973 0.10000000 
-0.87000000 0.00000000 0.23094858 0.10000000 
-0.86000000 0.00000000 0.23560346 0.10000000 
-0.85000000 0.00000000 0.24087013 0.10000000 
-0.84000000 0.00000000 0.24676803 0.10000000 
-0.83000000 0.00000000 0.25331593 0.10000000 
-0.82000000 0.00000000 0.25677055 0.10000000 
-0.81000000 0.00000000 0.26464104 0.10000000 
-0.80000000 0.00000000 0.27297019 0.10000000 
-0.79000000 0.00000000 0.28202461 0.10000000 
-0.78000000 0.00000000 0.29179759 0.10000000 
-0.77000000 0.00000000 0.30228866 0.10000000 
-0.76000000 0.00000000 0.31864539 0.10000000 
-0.75000000 0.00000000 0.33082749 0.10000000 
-0.74000000 0.00000000 0.34372497 0.10000000 
-0.73000000 0.00000000 0.35733290 0.10000000 
-0.72000000 0.00000000 0.37165283 0.10000000 
-0.71000000 0.00000000 0.38675539 0.10000000 
-0.70000000 0.00000000 0.40255219 0.10000000 
-0.69000000 0.00000000 0.41905077 0.10000000 
-0.68000000 0.00000000 0.43598247 0.10000000 
-0.67000000 0.00000000 0.45358121 0.10000000 
-0.66000000 0.00000000 0.47183458 0.10000000 
-0.65000000 0.00000000 0.49065072 0.10000000 
-0.64000000 0.00000000 0.51015565 0.10000000 
-0.63000000 0.00000000 0.53036067 0.10000000 
-0.62000000 0.00000000 0.55156406 0.10000000 
-0.61000000 0.00000000 0.57354973 0.10000000 
-0.60000000 0.00000000 0.59634002 0.10000000 
-0.59000000 0.00000000 0.61995121 0.10000000 
-0.58000000 0.00000000 0.63325293 0.10000000 
-0.57000000 0.00000000 0.65903778 0.10000000 
-0.56000000 0.00000000 0.68486766 0.10000000 
-0.55000000 0.00000000 0.71160024 0.10000000 
-0.54000000 0.00000000 0.73915551 0.10000000 
-0.53000000 0.00000000 0.76751054 0.10000000 
-0.52000000 0.00000000 0.80819713 0.10000000 
-0.51000000 0.00000000 0.83781115 0.10000000 
-0.50000000 0.00000000 0.86831116 0.10000000 
-0.49000000 0.00000000 0.89938083 0.10000000 
-0.48000000 0.00000000 0.93096285 0.10000000 
-0.47000000 0.00000000 0.96321621 0.10000000 
-0.46000000 0.00000000 0.99580904 0.10000000 
-0.45000000 0.00000000 1.02870598 0.10000000 
-0.44000000 0.00000000 1.06185132 0.10000000 
-0.43000000 0.00000000 1.09519077 0.10000000 
-0.42000000 0.00000000 1.11451011 0.10000000 
-0.41000000 0.00000000 1.14910825 0.10000000 
-0.40000000 0.00000000 1.19548562 0.10000000 
-0.39000000 0.00000000 1.22891374 0.10000000 
-0.38000000 0.00000000 1.26227958 0.10000000 
-0.37000000 0.00000000 1.29551515 0.10000000 
-0.36000000 0.00000000 1.32854752 0.10000000 
-0.35000000 0.00000000 1.36130994 0.10000000 
-0.34000000 0.00000000 1.39373553 0.10000000 
-0.33000000 0.00000000 1.42575844 0.10000000 
-0.32000000 0.00000000 1.45731443 0.10000000 
-0.31000000 0.00000000 1.48861869 0.10000000 
-0.30000000 0.00000000 1.51925626 0.10000000 
-0.29000000 0.00000000 1.54895223 0.10000000 
-0.28000000 0.00000000 1.57796502 0.10000000 
-0.27000000 0.00000000 1.60624160 0.10000000 
-0.26000000 0.00000000 1.63373136 0.10000000 
-0.25000000 0.00000000 1.66038624 0.10000000 
-0.24000000 0.00000000 1.68616070 0.10000000 
-0.23000000 0.00000000 1.71101170 0.10000000 
-0.22000000 0.00000000 1.73489878 0.10000000 
-0.21000000 0.00000000 1.75778399 0.10000000 
-0.20000000 0.00000000 1.77962645 0.10000000 
-0.19000000 0.00000000 1.80039583 0.10000000 
-0.18000000 0.00000000 1.82006806 0.10000000 
-0.17000000 0.00000000 1.83861402 0.10000000 
-0.16000000 0.00000000 1.85600717 0.10000000 
-0.15000000 0.00000000 1.87222351 0.10000000 
-0.14000000 0.00000000 1.88724177 0.10000000 
-0.13000000 0.00000000 1.90104326 0.10000000 
-0.12000000 0.00000000 1.91361191 0.10000000 
-0.11000000 0.00000000 1.92493428 0.10000000 
-0.10000000 0.00000000 1.93499935 0.10000000 
-0.09000000 0.00000000 1.94379872 0.10000000 
-0.08000000 0.00000000 1.95132633 0.10000000 
-0.07000000 0.00000000 1.95757835 0.10000000 
-0.06000000 0.00000000 1.96255328 0.10000000 
-0.05000000 0.00000000 1.96625181 0.10000000 
-0.04000000 0.00000000 1.96868265 0.10000000 
-0.03000000 0.00000000 1.96985276 0.10000000 
-0.02000000 0.00000000 1.96977172 0.10000000 
-0.01000000 0.00000000 1.96845122 0.10000000 
0.00000000 0.00000000 1.96589876 0.10000000 
0.01000000 0.00000000 1.96212711 0.10000000 
0.02000000 0.00000000 1.95715007 0.10000000 
0.03000000 0.00000000 1.95098234 0.10000000 
0.04000000 0.00000000 1.94363935 0.10000000 
0.05000000 0.00000000 1.93513719 0.10000000 
0.06000000 0.00000000 1.92572712 0.10000000 
0.07000000 0.00000000 1.91523076 0.10000000 
0.08000000 0.00000000 1.90368412 0.10000000 
0.09000000 0.00000000 1.89110750 0.10000000 
0.10000000 0.00000000 1.87727632 0.10000000 
0.11000000 0.00000000 1.86240038 0.10000000 
0.12000000 0.00000000 1.84649504 0.10000000 
0.13000000 0.00000000 1.82957710 0.10000000 
0.14000000 0.00000000 1.81166562 0.10000000 
0.15000000 0.00000000 1.79278294 0.10000000 
0.16000000 0.00000000 1.78231259 0.10000000 
0.17000000 0.00000000 1.76119258 0.10000000 
0.18000000 0.00000000 1.73985237 0.10000000 
0.19000000 0.00000000 1.71760364 0.10000000 
0.20000000 0.00000000 1.68473717 0.10000000 
0.21000000 0.00000000 1.66073279 0.10000000 
0.22000000 0.00000000 1.63605191 0.10000000 
0.23000000 0.00000000 1.61075401 0.10000000 
0.24000000 0.00000000 1.58490051 0.10000000 
0.25000000 0.00000000 1.55855370 0.10000000 
0.26000000 0.00000000 1.53177552 0.10000000 
0.27000000 0.00000000 1.50444316 0.10000000 
0.28000000 0.00000000 1.47684436 0.10000000 
0.29000000 0.00000000 1.44901511 0.10000000 
0.30000000 0.00000000 1.42100561 0.10000000 
0.31000000 0.00000000 1.39305399 0.10000000 
0.32000000 0.00000000 1.36497451 0.10000000 
0.33000000 0.00000000 1.33681188 0.10000000 
0.34000000 0.00000000 1.30860852 0.10000000 
0.35000000 0.00000000 1.28040450 0.10000000 
0.36000000 0.00000000 1.25223758 0.10000000 
0.37000000 0.00000000 1.22414330 0.10000000 
0.38000000 0.00000000 1.19615864 0.10000000 
0.39000000 0.00000000 1.16831337 0.10000000 
0.40000000 0.00000000 1.14063607 0.10000000 
0.41000000 0.00000000 1.11315385 0.10000000 
0.42000000 0.00000000 1.08588866 0.10000000 
0.43000000 0.00000000 1.05886641 0.10000000 
0.44000000 0.00000000 1.03211141 0.10000000 
0.45000000 0.00000000 1.00564641 0.10000000 
0.46000000 0.00000000 0.97949266 0.10000000 
0.47000000 0.00000000 0.95367002 0.10000000 
0.48000000 0.00000000 0.92819693 0.10000000 
0.49000000 0.00000000 0.90309046 0.10000000 
0.50000000 0.00000000 0.87836645 0.10000000 
0.51000000 0.00000000 0.85403952 0.10000000 
0.52000000 0.00000000 0.83012307 0.10000000 
0.53000000 0.00000000 0.80662943 0.10000000 
0.54000000 0.00000000 0.78356974 0.10000000 
0.55000000 0.00000000 0.76095398 0.10000000 
0.56000000 0.00000000 0.73879103 0.10000000 
0.57000000 0.00000000 0.71708873 0.10000000 
0.58000000 0.00000000 0.69585386 0.10000000 
0.59000000 0.00000000 0.67509226 0.10000000 
0.60000000 0.00000000 0.65480882 0.10000000 
0.61000000 0.00000000 0.63500753 0.10000000 
0.62000000 0.00000000 0.61569156 0.10000000 
0.63000000 0.00000000 0.59686325 0.10000000 
0.64000000 0.00000000 0.57852419 0.10000000 
0.65000000 0.00000000 0.56067526 0.10000000 
0.66000000 0.00000000 0.54331670 0.10000000 
0.67000000 0.00000000 0.52644809 0.10000000 
0.68000000 0.00000000 0.51006850 0.10000000 
0.69000000 0.00000000 0.49417646 0.10000000 
0.70000000 0.00000000 0.47877002 0.10000000 
0.71000000 0.00000000 0.46384684 0.10000000 
0.72000000 0.00000000 0.44940419 0.10000000 
0.73000000 0.00000000 0.43543905 0.10000000 
0.74000000 0.00000000 0.42194811 0.10000000 
0.75000000 0.00000000 0.40892784 0.10000000 
0.76000000 0.00000000 0.39637453 0.10000000 
0.77000000 0.00000000 0.38428437 0.10000000 
0.78000000 0.00000000 0.37265344 0.10000000 
0.79000000 0.00000000 0.36147778 0.10000000 
0.80000000 0.00000000 0.35075343 0.10000000 
0.81000000 0.00000000 0.34047648 0.10000000 
0.82000000 0.00000000 0.33064311 0.10000000 
0.83000000 0.00000000 0.32124964 0.10000000 
0.84000000 0.00000000 0.31229260 0.10000000 
0.85000000 0.00000000 0.30376870 0.10000000 
0.86000000 0.00000000 0.29567497 0.10000000 
0.87000000 0.00000000 0.28800875 0.10000000 
0.88000000 0.00000000 0.28076709 0.10000000 
0.89000000 0.00000000 0.27394770 0.10000000 
0.90000000 0.00000000 0.26754859 0.10000000 
0.91000000 0.00000000 0.26156813 0.10000000 
0.92000000 0.00000000 0.25600615 0.10000000 
0.93000000 0.00000000 0.25086241 0.10000000 
0.94000000 0.00000000 0.24613740 0.10000000 
0.95000000 0.00000000 0.24183228 0.10000000 
0.96000000 0.00000000 0.23794898 0.10000000 
0.97000000 0.00000000 0.23449026 0.10000000 
0.98000000 0.00000000 0.23143115 0.10000000 
0.99000000 0.00000000 0.22879240 0.10000000 

