-1.00000000 0.00000000 0.24358651 0.10000000 
-0.99000000 0.00000000 0.24188556 0.10000000 
-0.98000000 0.00000000 0.24067924 0.10000000 
-0.97000000 0.00000000 0.23993994 0.10000000 
-0.96000000 0.00000000 0.23967901 0.10000000 
-0.95000000 0.00000000 0.23990698 0.10000000 
-0.94000000 0.00000000 0.24063534 0.10000000 
-0.93000000 0.00000000 0.24187643 0.10000000 
-0.92000000 0.00000000 0.24228415 0.10000000 
-0.91000000 0.00000000 0.24432578 0.10000000 
-0.90000000 0.00000000 0.24681717 0.10000000 
-0.89000000 0.00000000 0.24984583 0.10000000 
-0.88000000 0.00000000 0.25551673 0.10000000 
-0.87000000 0.00000000 0.25988885 0.10000000 
-0.86000000 0.00000000 0.26496268 0.10000000 
-0.85000000 0.00000000 0.27065819 0.10000000 
-0.84000000 0.00000000 0.27699190 0.10000000 
-0.83000000 0.00000000 0.28397940 0.10000000 
-0.82000000 0.00000000 0.28769421 0.10000000 
-0.81000000 0.00000000 0.29602312 0.10000000 
-0.80000000 0.00000000 0.30479346 0.10000000 
-0.79000000 0.00000000 0.31427976 0.10000000 
-0.78000000 0.00000000 0.32447024 0.10000000 
-0.77000000 0.00000000 0.33536021 0.10000000 
-0.76000000 0.00000000 0.35219261 0.10000000 
-0.75000000 0.00000000 0.36470079 0.10000000 
-0.74000000 0.00000000 0.37788997 0.10000000 
-0.73000000 0.00000000 0.39175030 0.10000000 
-0.72000000 0.00000000 0.40627798 0.10000000 
-0.71000000 0.00000000 0.42154215 0.10000000 
-0.70000000 0.00000000 0.43744454 0.10000000 
-0.69000000 0.00000000 0.45398805 0.10000000 
-0.68000000 0.00000000 0.47091084 0.10000000 
-0.67000000 0.00000000 0.48843328 0.10000000 
-0.66000000 0.00000000 0.50653936 0.10000000 
-0.65000000 0.00000000 0.52513102 0.10000000 
-0.64000000 0.00000000 0.54433316 0.10000000 
-0.63000000 0.00000000 0.56415300 0.10000000 
-0.62000000 0.00000000 0.58486822 0.10000000 
-0.61000000 0.00000000 0.60627200 0.10000000 
-0.60000000 0.00000000 0.62838234 0.10000000 
-0.59000000 0.00000000 0.65121210 0.10000000 
-0.58000000 0.00000000 0.66412253 0.10000000 
-0.57000000 0.00000000 0.68892537 0.10000000 
-0.56000000 0.00000000 0.71369723 0.10000000 
-0.55000000 0.00000000 0.73925893 0.10000000 
-0.54000000 0.00000000 0.76553236 0.10000000 
-0.53000000 0.00000000 0.79249471 0.10000000 
-0.52000000 0.00000000 0.83099560 0.10000000 
-0.51000000 0.00000000 0.85899325 0.10000000 
-0.50000000 0.00000000 0.88775280 0.10000000 
-0.49000000 0.00000000 0.91698201 0.10000000 
-0.48000000 0.00000000 0.94662693 0.10000000 
-0.47000000 0.00000000 0.97684071 0.10000000 
-0.46000000 0.00000000 1.00730699 0.10000000 
-0.45000000 0.00000000 1.03799405 0.10000000 
-0.44000000 0.00000000 1.06885105 0.10000000 
-0.43000000 0.00000000 1.09982885 0.10000000 
-0.42000000 0.00000000 1.11781659 0.10000000 
-0.41000000 0.00000000 1.14986233 0.10000000 
-0.40000000 0.00000000 1.19267332 0.10000000 
-0.39000000 0.00000000 1.22351455 0.10000000 
-0.38000000 0.00000000 1.25425076 0.10000000 
-0.37000000 0.00000000 1.28482183 0.10000000 
-0.36000000 0.00000000 1.31516313 0.10000000 
-0.35000000 0.00000000 1.34521623 0.10000000 
-0.34000000 0.00000000 1.37492267 0.10000000 
-0.33000000 0.00000000 1.40422512 0.10000000 
-0.32000000 0.00000000 1.43306782 0.10000000 
-0.31000000 0.00000000 1.46165281 0.10000000 
-0.30000000 0.00000000 1.48960064 0.10000000 
-0.29000000 0.00000000 1.51666248 0.10000000 
-0.28000000 0.00000000 1.54307964 0.10000000 
-0.27000000 0.00000000 1.56880688 0.10000000 
-0.26000000 0.00000000 1.59380114 0.10000000 
-0.25000000 0.00000000 1.61802170 0.10000000 
-0.24000000 0.00000000 1.64143004 0.10000000 
-0.23000000 0.00000000 1.66398993 0.10000000 
-0.22000000 0.00000000 1.68566734 0.10000000 
-0.21000000 0.00000000 1.70643047 0.10000000 
-0.20000000 0.00000000 1.72624466 0.10000000 
-0.19000000 0.00000000 1.74508484 0.10000000 
-0.18000000 0.00000000 1.76293150 0.10000000 
-0.17000000 0.00000000 1.77976030 0.10000000 
-0.16000000 0.00000000 1.79554910 0.10000000 
-0.15000000 0.00000000 1.81027790 0.10000000 
-0.14000000 0.00000000 1.82392897 0.10000000 
-0.13000000 0.00000000 1.83648674 0.10000000 
-0.12000000 0.00000000 1.84793784 0.10000000 
-0.11000000 0.00000000 1.85827107 0.10000000 
-0.10000000 0.00000000 1.86747725 0.10000000 
-0.09000000 0.00000000 1.87554932 0.10000000 
-0.08000000 0.00000000 1.88248220 0.10000000 
-0.07000000 0.00000000 1.88827259 0.10000000 
-0.06000000 0.00000000 1.89291912 0.10000000 
-0.05000000 0.00000000 1.89642221 0.10000000 
-0.04000000 0.00000000 1.89878930 0.10000000 
-0.03000000 0.00000000 1.90002613 0.10000000 
-0.02000000 0.00000000 1.90014061 0.10000000 
-0.01000000 0.00000000 1.89914239 0.10000000 
0.00000000 0.00000000 1.89703720 0.10000000 
0.01000000 0.00000000 1.89383535 0.10000000 
0.02000000 0.00000000 1.88954798 0.10000000 
0.03000000 0.00000000 1.88418688 0.10000000 
0.04000000 0.00000000 1.87776440 0.10000000 
0.05000000 0.00000000 1.87029337 0.10000000 
0.06000000 0.00000000 1.86199854 0.10000000 
0.07000000 0.00000000 1.85271768 0.10000000 
0.08000000 0.00000000 1.84248138 0.10000000 
0.09000000 0.00000000 1.83130605 0.10000000 
0.10000000 0.00000000 1.81898585 0.10000000 
0.11000000 0.00000000 1.80570863 0.10000000 
0.12000000 0.00000000 1.79148615 0.10000000 
0.13000000 0.00000000 1.77633138 0.10000000 
0.14000000 0.00000000 1.76025938 0.10000000 
0.15000000 0.00000000 1.74328816 0.10000000 
0.16000000 0.00000000 1.73389541 0.10000000 
0.17000000 0.00000000 1.71486785 0.10000000 
0.18000000 0.00000000 1.69561263 0.10000000 
0.19000000 0.00000000 1.67550718 0.10000000 
0.20000000 0.00000000 1.64571891 0.10000000 
0.21000000 0.00000000 1.62394579 0.10000000 
0.22000000 0.00000000 1.60152570 0.10000000 
0.23000000 0.00000000 1.57851072 0.10000000 
0.24000000 0.00000000 1.55495485 0.10000000 
0.25000000 0.00000000 1.53091294 0.10000000 
0.26000000 0.00000000 1.50643971 0.10000000 
0.27000000 0.00000000 1.48142305 0.10000000 
0.28000000 0.00000000 1.45612161 0.10000000 
0.29000000 0.00000000 1.43056712 0.10000000 
0.30000000 0.00000000 1.40480427 0.10000000 
0.31000000 0.00000000 1.37904877 0.10000000 
0.32000000 0.00000000 1.35313144 0.10000000 
0.33000000 0.00000000 1.32709240 0.10000000 
0.34000000 0.00000000 1.30096986 0.10000000 
0.35000000 0.00000000 1.27480004 0.10000000 
0.36000000 0.00000000 1.24861723 0.10000000 
0.37000000 0.00000000 1.22245385 0.10000000 
0.38000000 0.00000000 1.19634378 0.10000000 
0.39000000 0.00000000 1.17031452 0.10000000 
0.40000000 0.00000000 1.14439264 0.10000000 
0.41000000 0.00000000 1.11860349 0.10000000 
0.42000000 0.00000000 1.09296789 0.10000000 
0.43000000 0.00000000 1.06751039 0.10000000 
0.44000000 0.00000000 1.04225417 0.10000000 
0.45000000 0.00000000 1.01722116 0.10000000 
0.46000000 0.00000000 0.99243202 0.10000000 
0.47000000 0.00000000 0.96790625 0.10000000 
0.48000000 0.00000000 0.94366219 0.10000000 
0.49000000 0.00000000 0.91971701 0.10000000 
0.50000000 0.00000000 0.89608686 0.10000000 
0.51000000 0.00000000 0.87278684 0.10000000 
0.52000000 0.00000000 0.84983108 0.10000000 
0.53000000 0.00000000 0.82723276 0.10000000 
0.54000000 0.00000000 0.80500405 0.10000000 
0.55000000 0.00000000 0.78315614 0.10000000 
0.56000000 0.00000000 0.76169927 0.10000000 
0.57000000 0.00000000 0.74064277 0.10000000 
0.58000000 0.00000000 0.71999506 0.10000000 
0.59000000 0.00000000 0.69976375 0.10000000 
0.60000000 0.00000000 0.67995559 0.10000000 
0.61000000 0.00000000 0.66057657 0.10000000 
0.62000000 0.00000000 0.64163192 0.10000000 
0.63000000 0.00000000 0.62312616 0.10000000 
0.64000000 0.00000000 0.60506314 0.10000000 
0.65000000 0.00000000 0.58744605 0.10000000 
0.66000000 0.00000000 0.57027750 0.10000000 
0.67000000 0.00000000 0.55355953 0.10000000 
0.68000000 0.00000000 0.53729367 0.10000000 
0.69000000 0.00000000 0.52148097 0.10000000 
0.70000000 0.00000000 0.50612204 0.10000000 
0.71000000 0.00000000 0.49121710 0.10000000 
0.72000000 0.00000000 0.47676600 0.10000000 
0.73000000 0.00000000 0.46276830 0.10000000 
0.74000000 0.00000000 0.44922328 0.10000000 
0.75000000 0.00000000 0.43612998 0.10000000 
0.76000000 0.00000000 0.42348726 0.10000000 
0.77000000 0.00000000 0.41129383 0.10000000 
0.78000000 0.00000000 0.39954828 0.10000000 
0.79000000 0.00000000 0.38824911 0.10000000 
0.80000000 0.00000000 0.37739477 0.10000000 
0.81000000 0.00000000 0.36698372 0.10000000 
0.82000000 0.00000000 0.35701444 0.10000000 
0.83000000 0.00000000 0.34748551 0.10000000 
0.84000000 0.00000000 0.33839559 0.10000000 
0.85000000 0.00000000 0.32974353 0.10000000 
0.86000000 0.00000000 0.32152835 0.10000000 
0.87000000 0.00000000 0.31374931 0.10000000 
0.88000000 0.00000000 0.30640520 0.10000000 
0.89000000 0.00000000 0.29949542 0.10000000 
0.90000000 0.00000000 0.29301955 0.10000000 
0.91000000 0.00000000 0.28697742 0.10000000 
0.92000000 0.00000000 0.28137030 0.10000000 
0.93000000 0.00000000 0.27619924 0.10000000 
0.94000000 0.00000000 0.27146583 0.10000000 
0.95000000 0.00000000 0.26717229 0.10000000 
0.96000000 0.00000000 0.26332145 0.10000000 
0.97000000 0.00000000 0.25991683 0.10000000 
0.98000000 0.00000000 0.25693020 0.10000000 
0.99000000 0.00000000 0.25438586 0.10000000 

