-1.00000000 0.00000000 0.45552633 0.10000000 
-0.99000000 0.00000000 0.45479244 0.10000000 
-0.98000000 0.00000000 0.45453157 0.10000000 
-0.97000000 0.00000000 0.45470907 0.10000000 
-0.96000000 0.00000000 0.45533183 0.10000000 
-0.95000000 0.00000000 0.45640540 0.10000000 
-0.94000000 0.00000000 0.45793557 0.10000000 
-0.93000000 0.00000000 0.45992813 0.10000000 
-0.92000000 0.00000000 0.46080804 0.10000000 
-0.91000000 0.00000000 0.46354514 0.10000000 
-0.90000000 0.00000000 0.46664504 0.10000000 
-0.89000000 0.00000000 0.47020927 0.10000000 
-0.88000000 0.00000000 0.47638025 0.10000000 
-0.87000000 0.00000000 0.48105290 0.10000000 
-0.86000000 0.00000000 0.48629704 0.10000000 
-0.85000000 0.00000000 0.49203410 0.10000000 
-0.84000000 0.00000000 0.49826780 0.10000000 
-0.83000000 0.00000000 0.50500060 0.10000000 
-0.82000000 0.00000000 0.50867319 0.10000000 
-0.81000000 0.00000000 0.51646903 0.10000000 
-0.80000000 0.00000000 0.52453987 0.10000000 
-0.79000000 0.00000000 0.53311978 0.10000000 
-0.78000000 0.00000000 0.54218623 0.10000000 
-0.77000000 0.00000000 0.55172453 0.10000000 
-0.76000000 0.00000000 0.56603009 0.10000000 
-0.75000000 0.00000000 0.57658220 0.10000000 
-0.74000000 0.00000000 0.58755307 0.10000000 
-0.73000000 0.00000000 0.59892310 0.10000000 
-0.72000000 0.00000000 0.61067657 0.10000000 
-0.71000000 0.00000000 0.62286530 0.10000000 
-0.70000000 0.00000000 0.63538777 0.10000000 
-0.69000000 0.00000000 0.64823609 0.10000000 
-0.68000000 0.00000000 0.66122801 0.10000000 
-0.67000000 0.00000000 0.67450008 0.10000000 
-0.66000000 0.00000000 0.68803291 0.10000000 
-0.65000000 0.00000000 0.70173695 0.10000000 
-0.64000000 0.00000000 0.71570837 0.10000000 
-0.63000000 0.00000000 0.72994474 0.10000000 
-0.62000000 0.00000000 0.74461113 0.10000000 
-0.61000000 0.00000000 0.75957361 0.10000000 
-0.60000000 0.00000000 0.77483773 0.10000000 
-0.59000000 0.00000000 0.79040743 0.10000000 
-0.58000000 0.00000000 0.79933287 0.10000000 
-0.57000000 0.00000000 0.81592835 0.10000000 
-0.56000000 0.00000000 0.83232408 0.10000000 
-0.55000000 0.00000000 0.84906047 0.10000000 
-0.54000000 0.00000000 0.86608499 0.10000000 
-0.53000000 0.00000000 0.88338281 0.10000000 
-0.52000000 0.00000000 0.90764912 0.10000000 
-0.51000000 0.00000000 0.92523927 0.10000000 
-0.50000000 0.00000000 0.94313665 0.10000000 
-0.49000000 0.00000000 0.96117433 0.10000000 
-0.48000000 0.00000000 0.97932075 0.10000000 
-0.47000000 0.00000000 0.99768036 0.10000000 
-0.46000000 0.00000000 1.01605004 0.10000000 
-0.45000000 0.00000000 1.03441534 0.10000000 
-0.44000000 0.00000000 1.05274979 0.10000000 
-0.43000000 0.00000000 1.07102877 0.10000000 
-0.42000000 0.00000000 1.08171984 0.10000000 
-0.41000000 0.00000000 1.10041337 0.10000000 
-0.40000000 0.00000000 1.12509019 0.10000000 
-0.39000000 0.00000000 1.14283655 0.10000000 
-0.38000000 0.00000000 1.16042704 0.10000000 
-0.37000000 0.00000000 1.17783359 0.10000000 
-0.36000000 0.00000000 1.19502568 0.10000000 
-0.35000000 0.00000000 1.21197712 0.10000000 
-0.34000000 0.00000000 1.22866196 0.10000000 
-0.33000000 0.00000000 1.24505504 0.10000000 
-0.32000000 0.00000000 1.26113227 0.10000000 
-0.31000000 0.00000000 1.27701767 0.10000000 
-0.30000000 0.00000000 1.29250068 0.10000000 
-0.29000000 0.00000000 1.30744843 0.10000000 
-0.28000000 0.00000000 1.32200604 0.10000000 
-0.27000000 0.00000000 1.33615534 0.10000000 
-0.26000000 0.00000000 1.34987929 0.10000000 
-0.25000000 0.00000000 1.36316203 0.10000000 
-0.24000000 0.00000000 1.37598875 0.10000000 
-0.23000000 0.00000000 1.38834572 0.10000000 
-0.22000000 0.00000000 1.40022020 0.10000000 
-0.21000000 0.00000000 1.41160039 0.10000000 
-0.20000000 0.00000000 1.42247253 0.10000000 
-0.19000000 0.00000000 1.43282802 0.10000000 
-0.18000000 0.00000000 1.44266099 0.10000000 
-0.17000000 0.00000000 1.45196245 0.10000000 
-0.16000000 0.00000000 1.46072419 0.10000000 
-0.15000000 0.00000000 1.46893883 0.10000000 
-0.14000000 0.00000000 1.47659978 0.10000000 
-0.13000000 0.00000000 1.48370121 0.10000000 
-0.12000000 0.00000000 1.49023807 0.10000000 
-0.11000000 0.00000000 1.49620603 0.10000000 
-0.10000000 0.00000000 1.50160142 0.10000000 
-0.09000000 0.00000000 1.50642131 0.10000000 
-0.08000000 0.00000000 1.51066336 0.10000000 
-0.07000000 0.00000000 1.51432578 0.10000000 
-0.06000000 0.00000000 1.51740738 0.10000000 
-0.05000000 0.00000000 1.51990752 0.10000000 
-0.04000000 0.00000000 1.52182876 0.10000000 
-0.03000000 0.00000000 1.52317250 0.10000000 
-0.02000000 0.00000000 1.52394088 0.10000000 
-0.01000000 0.00000000 1.52413666 0.10000000 
0.00000000 0.00000000 1.52376015 0.10000000 
0.01000000 0.00000000 1.52281379 0.10000000 
0.02000000 0.00000000 1.52130011 0.10000000 
0.03000000 0.00000000 1.51922173 0.10000000 
0.04000000 0.00000000 1.51658127 0.10000000 
0.05000000 0.00000000 1.51338139 0.10000000 
0.06000000 0.00000000 1.50973330 0.10000000 
0.07000000 0.00000000 1.50555050 0.10000000 
0.08000000 0.00000000 1.50084433 0.10000000 
0.09000000 0.00000000 1.49561880 0.10000000 
0.10000000 0.00000000 1.48975969 0.10000000 
0.11000000 0.00000000 1.48336075 0.10000000 
0.12000000 0.00000000 1.47642292 0.10000000 
0.13000000 0.00000000 1.46894771 0.10000000 
0.14000000 0.00000000 1.46093765 0.10000000 
0.15000000 0.00000000 1.45239678 0.10000000 
0.16000000 0.00000000 1.44772151 0.10000000 
0.17000000 0.00000000 1.43801090 0.10000000 
0.18000000 0.00000000 1.42810045 0.10000000 
0.19000000 0.00000000 1.41766576 0.10000000 
0.20000000 0.00000000 1.40195910 0.10000000 
0.21000000 0.00000000 1.39043180 0.10000000 
0.22000000 0.00000000 1.37846924 0.10000000 
0.23000000 0.00000000 1.36609408 0.10000000 
0.24000000 0.00000000 1.35333025 0.10000000 
0.25000000 0.00000000 1.34020234 0.10000000 
0.26000000 0.00000000 1.32673519 0.10000000 
0.27000000 0.00000000 1.31286744 0.10000000 
0.28000000 0.00000000 1.29872936 0.10000000 
0.29000000 0.00000000 1.28433498 0.10000000 
0.30000000 0.00000000 1.26970531 0.10000000 
0.31000000 0.00000000 1.25495339 0.10000000 
0.32000000 0.00000000 1.23998725 0.10000000 
0.33000000 0.00000000 1.22482645 0.10000000 
0.34000000 0.00000000 1.20948992 0.10000000 
0.35000000 0.00000000 1.19399597 0.10000000 
0.36000000 0.00000000 1.17836226 0.10000000 
0.37000000 0.00000000 1.16260588 0.10000000 
0.38000000 0.00000000 1.14674507 0.10000000 
0.39000000 0.00000000 1.13079516 0.10000000 
0.40000000 0.00000000 1.11477139 0.10000000 
0.41000000 0.00000000 1.09868872 0.10000000 
0.42000000 0.00000000 1.08256012 0.10000000 
0.43000000 0.00000000 1.06640090 0.10000000 
0.44000000 0.00000000 1.05022606 0.10000000 
0.45000000 0.00000000 1.03405028 0.10000000 
0.46000000 0.00000000 1.01788797 0.10000000 
0.47000000 0.00000000 1.00175326 0.10000000 
0.48000000 0.00000000 0.98566005 0.10000000 
0.49000000 0.00000000 0.96962192 0.10000000 
0.50000000 0.00000000 0.95365226 0.10000000 
0.51000000 0.00000000 0.93776421 0.10000000 
0.52000000 0.00000000 0.92197069 0.10000000 
0.53000000 0.00000000 0.90628441 0.10000000 
0.54000000 0.00000000 0.89071780 0.10000000 
0.55000000 0.00000000 0.87528304 0.10000000 
0.56000000 0.00000000 0.85999203 0.10000000 
0.57000000 0.00000000 0.84485642 0.10000000 
0.58000000 0.00000000 0.82988759 0.10000000 
0.59000000 0.00000000 0.81509663 0.10000000 
0.60000000 0.00000000 0.80049440 0.10000000 
0.61000000 0.00000000 0.78609147 0.10000000 
0.62000000 0.00000000 0.77189814 0.10000000 
0.63000000 0.00000000 0.75792444 0.10000000 
0.64000000 0.00000000 0.74418016 0.10000000 
0.65000000 0.00000000 0.73067480 0.10000000 
0.66000000 0.00000000 0.71741758 0.10000000 
0.67000000 0.00000000 0.70441749 0.10000000 
0.68000000 0.00000000 0.69168324 0.10000000 
0.69000000 0.00000000 0.67922328 0.10000000 
0.70000000 0.00000000 0.66704580 0.10000000 
0.71000000 0.00000000 0.65515874 0.10000000 
0.72000000 0.00000000 0.64356978 0.10000000 
0.73000000 0.00000000 0.63228636 0.10000000 
0.74000000 0.00000000 0.62131566 0.10000000 
0.75000000 0.00000000 0.61066461 0.10000000 
0.76000000 0.00000000 0.60033991 0.10000000 
0.77000000 0.00000000 0.59034803 0.10000000 
0.78000000 0.00000000 0.58069517 0.10000000 
0.79000000 0.00000000 0.57138728 0.10000000 
0.80000000 0.00000000 0.56243009 0.10000000 
0.81000000 0.00000000 0.55382907 0.10000000 
0.82000000 0.00000000 0.54558948 0.10000000 
0.83000000 0.00000000 0.53771636 0.10000000 
0.84000000 0.00000000 0.53021453 0.10000000 
0.85000000 0.00000000 0.52308864 0.10000000 
0.86000000 0.00000000 0.51634313 0.10000000 
0.87000000 0.00000000 0.50998227 0.10000000 
0.88000000 0.00000000 0.50400927 0.10000000 
0.89000000 0.00000000 0.49842763 0.10000000 
0.90000000 0.00000000 0.49324057 0.10000000 
0.91000000 0.00000000 0.48845104 0.10000000 
0.92000000 0.00000000 0.48406307 0.10000000 
0.93000000 0.00000000 0.48007982 0.10000000 
0.94000000 0.00000000 0.47650452 0.10000000 
0.95000000 0.00000000 0.47334040 0.10000000 
0.96000000 0.00000000 0.47059080 0.10000000 
0.97000000 0.00000000 0.46825916 0.10000000 
0.98000000 0.00000000 0.46631097 0.10000000 
0.99000000 0.00000000 0.46477537 0.10000000 

