-1.00000000 0.00000000 0.57975189 0.10000000 
-0.99000000 0.00000000 0.57930292 0.10000000 
-0.98000000 0.00000000 0.57922491 0.10000000 
-0.97000000 0.00000000 0.57948938 0.10000000 
-0.96000000 0.00000000 0.58010090 0.10000000 
-0.95000000 0.00000000 0.58106300 0.10000000 
-0.94000000 0.00000000 0.58237929 0.10000000 
-0.93000000 0.00000000 0.58405331 0.10000000 
-0.92000000 0.00000000 0.58481199 0.10000000 
-0.91000000 0.00000000 0.58706545 0.10000000 
-0.90000000 0.00000000 0.58959282 0.10000000 
-0.89000000 0.00000000 0.59247610 0.10000000 
-0.88000000 0.00000000 0.59740919 0.10000000 
-0.87000000 0.00000000 0.60113407 0.10000000 
-0.86000000 0.00000000 0.60529200 0.10000000 
-0.85000000 0.00000000 0.60982134 0.10000000 
-0.84000000 0.00000000 0.61472348 0.10000000 
-0.83000000 0.00000000 0.61999885 0.10000000 
-0.82000000 0.00000000 0.62288923 0.10000000 
-0.81000000 0.00000000 0.62896625 0.10000000 
-0.80000000 0.00000000 0.63523901 0.10000000 
-0.79000000 0.00000000 0.64188697 0.10000000 
-0.78000000 0.00000000 0.64889138 0.10000000 
-0.77000000 0.00000000 0.65623971 0.10000000 
-0.76000000 0.00000000 0.66720113 0.10000000 
-0.75000000 0.00000000 0.67527633 0.10000000 
-0.74000000 0.00000000 0.68365067 0.10000000 
-0.73000000 0.00000000 0.69230795 0.10000000 
-0.72000000 0.00000000 0.70123481 0.10000000 
-0.71000000 0.00000000 0.71047040 0.10000000 
-0.70000000 0.00000000 0.71993488 0.10000000 
-0.69000000 0.00000000 0.72962123 0.10000000 
-0.68000000 0.00000000 0.73939503 0.10000000 
-0.67000000 0.00000000 0.74935498 0.10000000 
-0.66000000 0.00000000 0.75948587 0.10000000 
-0.65000000 0.00000000 0.76971872 0.10000000 
-0.64000000 0.00000000 0.78012631 0.10000000 
-0.63000000 0.00000000 0.79070609 0.10000000 
-0.62000000 0.00000000 0.80157657 0.10000000 
-0.61000000 0.00000000 0.81264042 0.10000000 
-0.60000000 0.00000000 0.82390110 0.10000000 
-0.59000000 0.00000000 0.83536122 0.10000000 
-0.58000000 0.00000000 0.84194726 0.10000000 
-0.57000000 0.00000000 0.85411839 0.10000000 
-0.56000000 0.00000000 0.86611888 0.10000000 
-0.55000000 0.00000000 0.87834411 0.10000000 
-0.54000000 0.00000000 0.89075587 0.10000000 
-0.53000000 0.00000000 0.90334372 0.10000000 
-0.52000000 0.00000000 0.92094519 0.10000000 
-0.51000000 0.00000000 0.93369713 0.10000000 
-0.50000000 0.00000000 0.94664955 0.10000000 
-0.49000000 0.00000000 0.95968383 0.10000000 
-0.48000000 0.00000000 0.97277775 0.10000000 
-0.47000000 0.00000000 0.98600847 0.10000000 
-0.46000000 0.00000000 0.99922850 0.10000000 
-0.45000000 0.00000000 1.01242838 0.10000000 
-0.44000000 0.00000000 1.02559000 0.10000000 
-0.43000000 0.00000000 1.03869659 0.10000000 
-0.42000000 0.00000000 1.04637139 0.10000000 
-0.41000000 0.00000000 1.05974944 0.10000000 
-0.40000000 0.00000000 1.07737684 0.10000000 
-0.39000000 0.00000000 1.09005105 0.10000000 
-0.38000000 0.00000000 1.10260409 0.10000000 
-0.37000000 0.00000000 1.11501707 0.10000000 
-0.36000000 0.00000000 1.12726934 0.10000000 
-0.35000000 0.00000000 1.13934342 0.10000000 
-0.34000000 0.00000000 1.15122203 0.10000000 
-0.33000000 0.00000000 1.16288846 0.10000000 
-0.32000000 0.00000000 1.17432673 0.10000000 
-0.31000000 0.00000000 1.18562661 0.10000000 
-0.30000000 0.00000000 1.19663895 0.10000000 
-0.29000000 0.00000000 1.20727031 0.10000000 
-0.28000000 0.00000000 1.21762528 0.10000000 
-0.27000000 0.00000000 1.22769200 0.10000000 
-0.26000000 0.00000000 1.23745939 0.10000000 
-0.25000000 0.00000000 1.24691718 0.10000000 
-0.24000000 0.00000000 1.25605581 0.10000000 
-0.23000000 0.00000000 1.26486640 0.10000000 
-0.22000000 0.00000000 1.27334075 0.10000000 
-0.21000000 0.00000000 1.28147128 0.10000000 
-0.20000000 0.00000000 1.28924893 0.10000000 
-0.19000000 0.00000000 1.29666825 0.10000000 
-0.18000000 0.00000000 1.30372568 0.10000000 
-0.17000000 0.00000000 1.31041536 0.10000000 
-0.16000000 0.00000000 1.31673192 0.10000000 
-0.15000000 0.00000000 1.32267050 0.10000000 
-0.14000000 0.00000000 1.32822670 0.10000000 
-0.13000000 0.00000000 1.33339664 0.10000000 
-0.12000000 0.00000000 1.33817685 0.10000000 
-0.11000000 0.00000000 1.34256435 0.10000000 
-0.10000000 0.00000000 1.34655651 0.10000000 
-0.09000000 0.00000000 1.35015116 0.10000000 
-0.08000000 0.00000000 1.35334648 0.10000000 
-0.07000000 0.00000000 1.35614096 0.10000000 
-0.06000000 0.00000000 1.35853343 0.10000000 
-0.05000000 0.00000000 1.36052306 0.10000000 
-0.04000000 0.00000000 1.36211114 0.10000000 
-0.03000000 0.00000000 1.36329811 0.10000000 
-0.02000000 0.00000000 1.36408490 0.10000000 
-0.01000000 0.00000000 1.36447276 0.10000000 
0.00000000 0.00000000 1.36446125 0.10000000 
0.01000000 0.00000000 1.36405130 0.10000000 
0.02000000 0.00000000 1.36324391 0.10000000 
0.03000000 0.00000000 1.36204004 0.10000000 
0.04000000 0.00000000 1.36044066 0.10000000 
0.05000000 0.00000000 1.35844671 0.10000000 
0.06000000 0.00000000 1.35613377 0.10000000 
0.07000000 0.00000000 1.35344168 0.10000000 
0.08000000 0.00000000 1.35037728 0.10000000 
0.09000000 0.00000000 1.34694243 0.10000000 
0.10000000 0.00000000 1.34305651 0.10000000 
0.11000000 0.00000000 1.33878361 0.10000000 
0.12000000 0.00000000 1.33412330 0.10000000 
0.13000000 0.00000000 1.32907555 0.10000000 
0.14000000 0.00000000 1.32364103 0.10000000 
0.15000000 0.00000000 1.31782147 0.10000000 
0.16000000 0.00000000 1.31465101 0.10000000 
0.17000000 0.00000000 1.30799425 0.10000000 
0.18000000 0.00000000 1.30117721 0.10000000 
0.19000000 0.00000000 1.29397590 0.10000000 
0.20000000 0.00000000 1.28307105 0.10000000 
0.21000000 0.00000000 1.27505631 0.10000000 
0.22000000 0.00000000 1.26671549 0.10000000 
0.23000000 0.00000000 1.25806340 0.10000000 
0.24000000 0.00000000 1.24911577 0.10000000 
0.25000000 0.00000000 1.23988888 0.10000000 
0.26000000 0.00000000 1.23039920 0.10000000 
0.27000000 0.00000000 1.22060380 0.10000000 
0.28000000 0.00000000 1.21059183 0.10000000 
0.29000000 0.00000000 1.20037258 0.10000000 
0.30000000 0.00000000 1.18996020 0.10000000 
0.31000000 0.00000000 1.17943320 0.10000000 
0.32000000 0.00000000 1.16872720 0.10000000 
0.33000000 0.00000000 1.15785554 0.10000000 
0.34000000 0.00000000 1.14683121 0.10000000 
0.35000000 0.00000000 1.13566687 0.10000000 
0.36000000 0.00000000 1.12437481 0.10000000 
0.37000000 0.00000000 1.11296701 0.10000000 
0.38000000 0.00000000 1.10145634 0.10000000 
0.39000000 0.00000000 1.08985374 0.10000000 
0.40000000 0.00000000 1.07817018 0.10000000 
0.41000000 0.00000000 1.06641654 0.10000000 
0.42000000 0.00000000 1.05460237 0.10000000 
0.43000000 0.00000000 1.04273896 0.10000000 
0.44000000 0.00000000 1.03083746 0.10000000 
0.45000000 0.00000000 1.01890890 0.10000000 
0.46000000 0.00000000 1.00696417 0.10000000 
0.47000000 0.00000000 0.99501409 0.10000000 
0.48000000 0.00000000 0.98306936 0.10000000 
0.49000000 0.00000000 0.97114058 0.10000000 
0.50000000 0.00000000 0.95923824 0.10000000 
0.51000000 0.00000000 0.94737277 0.10000000 
0.52000000 0.00000000 0.93555449 0.10000000 
0.53000000 0.00000000 0.92379363 0.10000000 
0.54000000 0.00000000 0.91210033 0.10000000 
0.55000000 0.00000000 0.90048456 0.10000000 
0.56000000 0.00000000 0.88895618 0.10000000 
0.57000000 0.00000000 0.87752489 0.10000000 
0.58000000 0.00000000 0.86620029 0.10000000 
0.59000000 0.00000000 0.85499178 0.10000000 
0.60000000 0.00000000 0.84390864 0.10000000 
0.61000000 0.00000000 0.83295998 0.10000000 
0.62000000 0.00000000 0.82215475 0.10000000 
0.63000000 0.00000000 0.81150174 0.10000000 
0.64000000 0.00000000 0.80100954 0.10000000 
0.65000000 0.00000000 0.79068659 0.10000000 
0.66000000 0.00000000 0.78054113 0.10000000 
0.67000000 0.00000000 0.77058121 0.10000000 
0.68000000 0.00000000 0.76081470 0.10000000 
0.69000000 0.00000000 0.75124926 0.10000000 
0.70000000 0.00000000 0.74189237 0.10000000 
0.71000000 0.00000000 0.73275130 0.10000000 
0.72000000 0.00000000 0.72383310 0.10000000 
0.73000000 0.00000000 0.71514461 0.10000000 
0.74000000 0.00000000 0.70669248 0.10000000 
0.75000000 0.00000000 0.69848313 0.10000000 
0.76000000 0.00000000 0.69052275 0.10000000 
0.77000000 0.00000000 0.68281734 0.10000000 
0.78000000 0.00000000 0.67537263 0.10000000 
0.79000000 0.00000000 0.66819414 0.10000000 
0.80000000 0.00000000 0.66128715 0.10000000 
0.81000000 0.00000000 0.65465670 0.10000000 
0.82000000 0.00000000 0.64830759 0.10000000 
0.83000000 0.00000000 0.64224443 0.10000000 
0.84000000 0.00000000 0.63647157 0.10000000 
0.85000000 0.00000000 0.63099317 0.10000000 
0.86000000 0.00000000 0.62581315 0.10000000 
0.87000000 0.00000000 0.62093528 0.10000000 
0.88000000 0.00000000 0.61636234 0.10000000 
0.89000000 0.00000000 0.61209734 0.10000000 
0.90000000 0.00000000 0.60814296 0.10000000 
0.91000000 0.00000000 0.60450164 0.10000000 
0.92000000 0.00000000 0.60117658 0.10000000 
0.93000000 0.00000000 0.59817024 0.10000000 
0.94000000 0.00000000 0.59548505 0.10000000 
0.95000000 0.00000000 0.59312338 0.10000000 
0.96000000 0.00000000 0.59108760 0.10000000 
0.97000000 0.00000000 0.58938011 0.10000000 
0.98000000 0.00000000 0.58797256 0.10000000 
0.99000000 0.00000000 0.58688830 0.10000000 

