-1.00000000 0.00000000 0.53223833 0.10000000 
-0.99000000 0.00000000 0.53170047 0.10000000 
-0.98000000 0.00000000 0.53157599 0.10000000 
-0.97000000 0.00000000 0.53183358 0.10000000 
-0.96000000 0.00000000 0.53247862 0.10000000 
-0.95000000 0.00000000 0.53351532 0.10000000 
-0.94000000 0.00000000 0.53494802 0.10000000 
-0.93000000 0.00000000 0.53678101 0.10000000 
-0.92000000 0.00000000 0.53760628 0.10000000 
-0.91000000 0.00000000 0.54008658 0.10000000 
-0.90000000 0.00000000 0.54287553 0.10000000 
-0.89000000 0.00000000 0.54606386 0.10000000 
-0.88000000 0.00000000 0.55153638 0.10000000 
-0.87000000 0.00000000 0.55567177 0.10000000 
-0.86000000 0.00000000 0.56029478 0.10000000 
-0.85000000 0.00000000 0.56533669 0.10000000 
-0.84000000 0.00000000 0.57079956 0.10000000 
-0.83000000 0.00000000 0.57668433 0.10000000 
-0.82000000 0.00000000 0.57990460 0.10000000 
-0.81000000 0.00000000 0.58669340 0.10000000 
-0.80000000 0.00000000 0.59370672 0.10000000 
-0.79000000 0.00000000 0.60114602 0.10000000 
-0.78000000 0.00000000 0.60899073 0.10000000 
-0.77000000 0.00000000 0.61722717 0.10000000 
-0.76000000 0.00000000 0.62953243 0.10000000 
-0.75000000 0.00000000 0.63860089 0.10000000 
-0.74000000 0.00000000 0.64801212 0.10000000 
-0.73000000 0.00000000 0.65774834 0.10000000 
-0.72000000 0.00000000 0.66779493 0.10000000 
-0.71000000 0.00000000 0.67819604 0.10000000 
-0.70000000 0.00000000 0.68886266 0.10000000 
-0.69000000 0.00000000 0.69978724 0.10000000 
-0.68000000 0.00000000 0.71081718 0.10000000 
-0.67000000 0.00000000 0.72206518 0.10000000 
-0.66000000 0.00000000 0.73351424 0.10000000 
-0.65000000 0.00000000 0.74508705 0.10000000 
-0.64000000 0.00000000 0.75686558 0.10000000 
-0.63000000 0.00000000 0.76884715 0.10000000 
-0.62000000 0.00000000 0.78116732 0.10000000 
-0.61000000 0.00000000 0.79371512 0.10000000 
-0.60000000 0.00000000 0.80649467 0.10000000 
-0.59000000 0.00000000 0.81950900 0.10000000 
-0.58000000 0.00000000 0.82698290 0.10000000 
-0.57000000 0.00000000 0.84081901 0.10000000 
-0.56000000 0.00000000 0.85446896 0.10000000 
-0.55000000 0.00000000 0.86838251 0.10000000 
-0.54000000 0.00000000 0.88251610 0.10000000 
-0.53000000 0.00000000 0.89685768 0.10000000 
-0.52000000 0.00000000 0.91692985 0.10000000 
-0.51000000 0.00000000 0.93147398 0.10000000 
-0.50000000 0.00000000 0.94625385 0.10000000 
-0.49000000 0.00000000 0.96113339 0.10000000 
-0.48000000 0.00000000 0.97608701 0.10000000 
-0.47000000 0.00000000 0.99120221 0.10000000 
-0.46000000 0.00000000 1.00631080 0.10000000 
-0.45000000 0.00000000 1.02140166 0.10000000 
-0.44000000 0.00000000 1.03645371 0.10000000 
-0.43000000 0.00000000 1.05144748 0.10000000 
-0.42000000 0.00000000 1.06022464 0.10000000 
-0.41000000 0.00000000 1.07553679 0.10000000 
-0.40000000 0.00000000 1.09572209 0.10000000 
-0.39000000 0.00000000 1.11023602 0.10000000 
-0.38000000 0.00000000 1.12461392 0.10000000 
-0.37000000 0.00000000 1.13883375 0.10000000 
-0.36000000 0.00000000 1.15287143 0.10000000 
-0.35000000 0.00000000 1.16670654 0.10000000 
-0.34000000 0.00000000 1.18031884 0.10000000 
-0.33000000 0.00000000 1.19368877 0.10000000 
-0.32000000 0.00000000 1.20679759 0.10000000 
-0.31000000 0.00000000 1.21974771 0.10000000 
-0.30000000 0.00000000 1.23236789 0.10000000 
-0.29000000 0.00000000 1.24455065 0.10000000 
-0.28000000 0.00000000 1.25641542 0.10000000 
-0.27000000 0.00000000 1.26794827 0.10000000 
-0.26000000 0.00000000 1.27913614 0.10000000 
-0.25000000 0.00000000 1.28996690 0.10000000 
-0.24000000 0.00000000 1.30042928 0.10000000 
-0.23000000 0.00000000 1.31051281 0.10000000 
-0.22000000 0.00000000 1.32020780 0.10000000 
-0.21000000 0.00000000 1.32950530 0.10000000 
-0.20000000 0.00000000 1.33839471 0.10000000 
-0.19000000 0.00000000 1.34686954 0.10000000 
-0.18000000 0.00000000 1.35492555 0.10000000 
-0.17000000 0.00000000 1.36255584 0.10000000 
-0.16000000 0.00000000 1.36975414 0.10000000 
-0.15000000 0.00000000 1.37651474 0.10000000 
-0.14000000 0.00000000 1.38283256 0.10000000 
-0.13000000 0.00000000 1.38870307 0.10000000 
-0.12000000 0.00000000 1.39412229 0.10000000 
-0.11000000 0.00000000 1.39908678 0.10000000 
-0.10000000 0.00000000 1.40359360 0.10000000 
-0.09000000 0.00000000 1.40764030 0.10000000 
-0.08000000 0.00000000 1.41122489 0.10000000 
-0.07000000 0.00000000 1.41434575 0.10000000 
-0.06000000 0.00000000 1.41700170 0.10000000 
-0.05000000 0.00000000 1.41919195 0.10000000 
-0.04000000 0.00000000 1.42091819 0.10000000 
-0.03000000 0.00000000 1.42218117 0.10000000 
-0.02000000 0.00000000 1.42298218 0.10000000 
-0.01000000 0.00000000 1.42332296 0.10000000 
0.00000000 0.00000000 1.42320325 0.10000000 
0.01000000 0.00000000 1.42262445 0.10000000 
0.02000000 0.00000000 1.42158799 0.10000000 
0.03000000 0.00000000 1.42009535 0.10000000 
0.04000000 0.00000000 1.41814797 0.10000000 
0.05000000 0.00000000 1.41574727 0.10000000 
0.06000000 0.00000000 1.41298131 0.10000000 
0.07000000 0.00000000 1.40978053 0.10000000 
0.08000000 0.00000000 1.40615326 0.10000000 
0.09000000 0.00000000 1.40210198 0.10000000 
0.10000000 0.00000000 1.39753402 0.10000000 
0.11000000 0.00000000 1.39252380 0.10000000 
0.12000000 0.00000000 1.38707128 0.10000000 
0.13000000 0.00000000 1.38117679 0.10000000 
0.14000000 0.00000000 1.37484155 0.10000000 
0.15000000 0.00000000 1.36806792 0.10000000 
0.16000000 0.00000000 1.36437135 0.10000000 
0.17000000 0.00000000 1.35664011 0.10000000 
0.18000000 0.00000000 1.34873227 0.10000000 
0.19000000 0.00000000 1.34038834 0.10000000 
0.20000000 0.00000000 1.32777960 0.10000000 
0.21000000 0.00000000 1.31851711 0.10000000 
0.22000000 0.00000000 1.30888710 0.10000000 
0.23000000 0.00000000 1.29890705 0.10000000 
0.24000000 0.00000000 1.28859545 0.10000000 
0.25000000 0.00000000 1.27797139 0.10000000 
0.26000000 0.00000000 1.26705421 0.10000000 
0.27000000 0.00000000 1.25579434 0.10000000 
0.28000000 0.00000000 1.24429536 0.10000000 
0.29000000 0.00000000 1.23256815 0.10000000 
0.30000000 0.00000000 1.22062920 0.10000000 
0.31000000 0.00000000 1.20856925 0.10000000 
0.32000000 0.00000000 1.19631405 0.10000000 
0.33000000 0.00000000 1.18387907 0.10000000 
0.34000000 0.00000000 1.17127939 0.10000000 
0.35000000 0.00000000 1.15852961 0.10000000 
0.36000000 0.00000000 1.14564393 0.10000000 
0.37000000 0.00000000 1.13263612 0.10000000 
0.38000000 0.00000000 1.11952096 0.10000000 
0.39000000 0.00000000 1.10631096 0.10000000 
0.40000000 0.00000000 1.09301863 0.10000000 
0.41000000 0.00000000 1.07965635 0.10000000 
0.42000000 0.00000000 1.06623493 0.10000000 
0.43000000 0.00000000 1.05276714 0.10000000 
0.44000000 0.00000000 1.03926557 0.10000000 
0.45000000 0.00000000 1.02574264 0.10000000 
0.46000000 0.00000000 1.01221060 0.10000000 
0.47000000 0.00000000 0.99868154 0.10000000 
0.48000000 0.00000000 0.98516742 0.10000000 
0.49000000 0.00000000 0.97168003 0.10000000 
0.50000000 0.00000000 0.95823105 0.10000000 
0.51000000 0.00000000 0.94483201 0.10000000 
0.52000000 0.00000000 0.93149432 0.10000000 
0.53000000 0.00000000 0.91822927 0.10000000 
0.54000000 0.00000000 0.90504800 0.10000000 
0.55000000 0.00000000 0.89196144 0.10000000 
0.56000000 0.00000000 0.87898040 0.10000000 
0.57000000 0.00000000 0.86611547 0.10000000 
0.58000000 0.00000000 0.85337709 0.10000000 
0.59000000 0.00000000 0.84077549 0.10000000 
0.60000000 0.00000000 0.82832074 0.10000000 
0.61000000 0.00000000 0.81602271 0.10000000 
0.62000000 0.00000000 0.80389105 0.10000000 
0.63000000 0.00000000 0.79193525 0.10000000 
0.64000000 0.00000000 0.78016455 0.10000000 
0.65000000 0.00000000 0.76858803 0.10000000 
0.66000000 0.00000000 0.75721453 0.10000000 
0.67000000 0.00000000 0.74605267 0.10000000 
0.68000000 0.00000000 0.73511088 0.10000000 
0.69000000 0.00000000 0.72439735 0.10000000 
0.70000000 0.00000000 0.71392007 0.10000000 
0.71000000 0.00000000 0.70368677 0.10000000 
0.72000000 0.00000000 0.69370498 0.10000000 
0.73000000 0.00000000 0.68398201 0.10000000 
0.74000000 0.00000000 0.67452491 0.10000000 
0.75000000 0.00000000 0.66534053 0.10000000 
0.76000000 0.00000000 0.65643546 0.10000000 
0.77000000 0.00000000 0.64781609 0.10000000 
0.78000000 0.00000000 0.63948852 0.10000000 
0.79000000 0.00000000 0.63145865 0.10000000 
0.80000000 0.00000000 0.62373209 0.10000000 
0.81000000 0.00000000 0.61631424 0.10000000 
0.82000000 0.00000000 0.60921023 0.10000000 
0.83000000 0.00000000 0.60242500 0.10000000 
0.84000000 0.00000000 0.59596323 0.10000000 
0.85000000 0.00000000 0.58982938 0.10000000 
0.86000000 0.00000000 0.58402771 0.10000000 
0.87000000 0.00000000 0.57856230 0.10000000 
0.88000000 0.00000000 0.57343617 0.10000000 
0.89000000 0.00000000 0.56865260 0.10000000 
0.90000000 0.00000000 0.56421455 0.10000000 
0.91000000 0.00000000 0.56012473 0.10000000 
0.92000000 0.00000000 0.55638668 0.10000000 
0.93000000 0.00000000 0.55300319 0.10000000 
0.94000000 0.00000000 0.54997699 0.10000000 
0.95000000 0.00000000 0.54731083 0.10000000 
0.96000000 0.00000000 0.54500742 0.10000000 
0.97000000 0.00000000 0.54306957 0.10000000 
0.98000000 0.00000000 0.54146607 0.10000000 
0.99000000 0.00000000 0.54022284 0.10000000 

