-1.00000000 0.00000000 0.12553481 0.10000000 
-0.99000000 0.00000000 0.12403383 0.10000000 
-0.98000000 0.00000000 0.12270304 0.10000000 
-0.97000000 0.00000000 0.12153696 0.10000000 
-0.96000000 0.00000000 0.12053709 0.10000000 
-0.95000000 0.00000000 0.11970574 0.10000000 
-0.94000000 0.00000000 0.11904687 0.10000000 
-0.93000000 0.00000000 0.11856610 0.10000000 
-0.92000000 0.00000000 0.11817839 0.10000000 
-0.91000000 0.00000000 0.11795319 0.10000000 
-0.90000000 0.00000000 0.11791880 0.10000000 
-0.89000000 0.00000000 0.11808195 0.10000000 
-0.88000000 0.00000000 0.11888991 0.10000000 
-0.87000000 0.00000000 0.11960590 0.10000000 
-0.86000000 0.00000000 0.12062955 0.10000000 
-0.85000000 0.00000000 0.12194378 0.10000000 
-0.84000000 0.00000000 0.12357330 0.10000000 
-0.83000000 0.00000000 0.12554479 0.10000000 
-0.82000000 0.00000000 0.12648479 0.10000000 
-0.81000000 0.00000000 0.12911230 0.10000000 
-0.80000000 0.00000000 0.13207387 0.10000000 
-0.79000000 0.00000000 0.13549477 0.10000000 
-0.78000000 0.00000000 0.13940355 0.10000000 
-0.77000000 0.00000000 0.14382868 0.10000000 
-0.76000000 0.00000000 0.15145301 0.10000000 
-0.75000000 0.00000000 0.15730523 0.10000000 
-0.74000000 0.00000000 0.16379871 0.10000000 
-0.73000000 0.00000000 0.17097255 0.10000000 
-0.72000000 0.00000000 0.17887625 0.10000000 
-0.71000000 0.00000000 0.18758348 0.10000000 
-0.70000000 0.00000000 0.19711496 0.10000000 
-0.69000000 0.00000000 0.20752662 0.10000000 
-0.68000000 0.00000000 0.21859811 0.10000000 
-0.67000000 0.00000000 0.23060969 0.10000000 
-0.66000000 0.00000000 0.24360164 0.10000000 
-0.65000000 0.00000000 0.25758400 0.10000000 
-0.64000000 0.00000000 0.27267513 0.10000000 
-0.63000000 0.00000000 0.28894078 0.10000000 
-0.62000000 0.00000000 0.30679920 0.10000000 
-0.61000000 0.00000000 0.32604416 0.10000000 
-0.60000000 0.00000000 0.34675944 0.10000000 
-0.59000000 0.00000000 0.36901721 0.10000000 
-0.58000000 0.00000000 0.38104194 0.10000000 
-0.57000000 0.00000000 0.40668382 0.10000000 
-0.56000000 0.00000000 0.43322398 0.10000000 
-0.55000000 0.00000000 0.46158208 0.10000000 
-0.54000000 0.00000000 0.49172439 0.10000000 
-0.53000000 0.00000000 0.52366924 0.10000000 
-0.52000000 0.00000000 0.57197055 0.10000000 
-0.51000000 0.00000000 0.60751370 0.10000000 
-0.50000000 0.00000000 0.64519461 0.10000000 
-0.49000000 0.00000000 0.68455578 0.10000000 
-0.48000000 0.00000000 0.72555365 0.10000000 
-0.47000000 0.00000000 0.76836725 0.10000000 
-0.46000000 0.00000000 0.81265947 0.10000000 
-0.45000000 0.00000000 0.85838821 0.10000000 
-0.44000000 0.00000000 0.90548371 0.10000000 
-0.43000000 0.00000000 0.95386992 0.10000000 
-0.42000000 0.00000000 0.98125940 0.10000000 
-0.41000000 0.00000000 1.03320087 0.10000000 
-0.40000000 0.00000000 1.10549009 0.10000000 
-0.39000000 0.00000000 1.15793141 0.10000000 
-0.38000000 0.00000000 1.21117956 0.10000000 
-0.37000000 0.00000000 1.26509717 0.10000000 
-0.36000000 0.00000000 1.31953498 0.10000000 
-0.35000000 0.00000000 1.37434415 0.10000000 
-0.34000000 0.00000000 1.42937075 0.10000000 
-0.33000000 0.00000000 1.48445775 0.10000000 
-0.32000000 0.00000000 1.53944650 0.10000000 
-0.31000000 0.00000000 1.59461305 0.10000000 
-0.30000000 0.00000000 1.64924954 0.10000000 
-0.29000000 0.00000000 1.70283785 0.10000000 
-0.28000000 0.00000000 1.75572658 0.10000000 
-0.27000000 0.00000000 1.80776241 0.10000000 
-0.26000000 0.00000000 1.85879481 0.10000000 
-0.25000000 0.00000000 1.90867677 0.10000000 
-0.24000000 0.00000000 1.95726542 0.10000000 
-0.23000000 0.00000000 2.00442258 0.10000000 
-0.22000000 0.00000000 2.05001535 0.10000000 
-0.21000000 0.00000000 2.09391656 0.10000000 
-0.20000000 0.00000000 2.13599676 0.10000000 
-0.19000000 0.00000000 2.17614563 0.10000000 
-0.18000000 0.00000000 2.21426624 0.10000000 
-0.17000000 0.00000000 2.25025705 0.10000000 
-0.16000000 0.00000000 2.28402448 0.10000000 
-0.15000000 0.00000000 2.31548321 0.10000000 
-0.14000000 0.00000000 2.34455678 0.10000000 
-0.13000000 0.00000000 2.37117758 0.10000000 
-0.12000000 0.00000000 2.39528714 0.10000000 
-0.11000000 0.00000000 2.41683623 0.10000000 
-0.10000000 0.00000000 2.43578468 0.10000000 
-0.09000000 0.00000000 2.45210167 0.10000000 
-0.08000000 0.00000000 2.46576537 0.10000000 
-0.07000000 0.00000000 2.47676268 0.10000000 
-0.06000000 0.00000000 2.48508932 0.10000000 
-0.05000000 0.00000000 2.49074951 0.10000000 
-0.04000000 0.00000000 2.49376709 0.10000000 
-0.03000000 0.00000000 2.49416627 0.10000000 
-0.02000000 0.00000000 2.49197998 0.10000000 
-0.01000000 0.00000000 2.48724870 0.10000000 
0.00000000 0.00000000 2.48000866 0.10000000 
0.01000000 0.00000000 2.47030902 0.10000000 
0.02000000 0.00000000 2.45820379 0.10000000 
0.03000000 0.00000000 2.44375120 0.10000000 
0.04000000 0.00000000 2.42701313 0.10000000 
0.05000000 0.00000000 2.40805467 0.10000000 
0.06000000 0.00000000 2.38739062 0.10000000 
0.07000000 0.00000000 2.36471130 0.10000000 
0.08000000 0.00000000 2.34012270 0.10000000 
0.09000000 0.00000000 2.31370092 0.10000000 
0.10000000 0.00000000 2.28508038 0.10000000 
0.11000000 0.00000000 2.25468672 0.10000000 
0.12000000 0.00000000 2.22258904 0.10000000 
0.13000000 0.00000000 2.18885865 0.10000000 
0.14000000 0.00000000 2.15357052 0.10000000 
0.15000000 0.00000000 2.11680479 0.10000000 
0.16000000 0.00000000 2.09613351 0.10000000 
0.17000000 0.00000000 2.05572734 0.10000000 
0.18000000 0.00000000 2.01536811 0.10000000 
0.19000000 0.00000000 1.97377729 0.10000000 
0.20000000 0.00000000 1.91374163 0.10000000 
0.21000000 0.00000000 1.87015519 0.10000000 
0.22000000 0.00000000 1.82586449 0.10000000 
0.23000000 0.00000000 1.78100278 0.10000000 
0.24000000 0.00000000 1.73570421 0.10000000 
0.25000000 0.00000000 1.69010159 0.10000000 
0.26000000 0.00000000 1.64432426 0.10000000 
0.27000000 0.00000000 1.59815238 0.10000000 
0.28000000 0.00000000 1.55213788 0.10000000 
0.29000000 0.00000000 1.50635130 0.10000000 
0.30000000 0.00000000 1.46088776 0.10000000 
0.31000000 0.00000000 1.41617399 0.10000000 
0.32000000 0.00000000 1.37187376 0.10000000 
0.33000000 0.00000000 1.32806455 0.10000000 
0.34000000 0.00000000 1.28481701 0.10000000 
0.35000000 0.00000000 1.24219496 0.10000000 
0.36000000 0.00000000 1.20025561 0.10000000 
0.37000000 0.00000000 1.15904976 0.10000000 
0.38000000 0.00000000 1.11862897 0.10000000 
0.39000000 0.00000000 1.07902918 0.10000000 
0.40000000 0.00000000 1.04028244 0.10000000 
0.41000000 0.00000000 1.00241643 0.10000000 
0.42000000 0.00000000 0.96544812 0.10000000 
0.43000000 0.00000000 0.92940024 0.10000000 
0.44000000 0.00000000 0.89429133 0.10000000 
0.45000000 0.00000000 0.86013606 0.10000000 
0.46000000 0.00000000 0.82694545 0.10000000 
0.47000000 0.00000000 0.79472717 0.10000000 
0.48000000 0.00000000 0.76348574 0.10000000 
0.49000000 0.00000000 0.73322268 0.10000000 
0.50000000 0.00000000 0.70393692 0.10000000 
0.51000000 0.00000000 0.67562495 0.10000000 
0.52000000 0.00000000 0.64828103 0.10000000 
0.53000000 0.00000000 0.62189742 0.10000000 
0.54000000 0.00000000 0.59646439 0.10000000 
0.55000000 0.00000000 0.57197033 0.10000000 
0.56000000 0.00000000 0.54840201 0.10000000 
0.57000000 0.00000000 0.52574465 0.10000000 
0.58000000 0.00000000 0.50398215 0.10000000 
0.59000000 0.00000000 0.48309720 0.10000000 
0.60000000 0.00000000 0.46307144 0.10000000 
0.61000000 0.00000000 0.44388557 0.10000000 
0.62000000 0.00000000 0.42551950 0.10000000 
0.63000000 0.00000000 0.40795248 0.10000000 
0.64000000 0.00000000 0.39116314 0.10000000 
0.65000000 0.00000000 0.37512972 0.10000000 
0.66000000 0.00000000 0.35983006 0.10000000 
0.67000000 0.00000000 0.34524176 0.10000000 
0.68000000 0.00000000 0.33134228 0.10000000 
0.69000000 0.00000000 0.31810896 0.10000000 
0.70000000 0.00000000 0.30551919 0.10000000 
0.71000000 0.00000000 0.29355040 0.10000000 
0.72000000 0.00000000 0.28218018 0.10000000 
0.73000000 0.00000000 0.27138632 0.10000000 
0.74000000 0.00000000 0.26114689 0.10000000 
0.75000000 0.00000000 0.25144026 0.10000000 
0.76000000 0.00000000 0.24224517 0.10000000 
0.77000000 0.00000000 0.23354078 0.10000000 
0.78000000 0.00000000 0.22530670 0.10000000 
0.79000000 0.00000000 0.21752301 0.10000000 
0.80000000 0.00000000 0.21017034 0.10000000 
0.81000000 0.00000000 0.20322983 0.10000000 
0.82000000 0.00000000 0.19668325 0.10000000 
0.83000000 0.00000000 0.19051293 0.10000000 
0.84000000 0.00000000 0.18470185 0.10000000 
0.85000000 0.00000000 0.17923365 0.10000000 
0.86000000 0.00000000 0.17409262 0.10000000 
0.87000000 0.00000000 0.16926378 0.10000000 
0.88000000 0.00000000 0.16473283 0.10000000 
0.89000000 0.00000000 0.16048617 0.10000000 
0.90000000 0.00000000 0.15651094 0.10000000 
0.91000000 0.00000000 0.15279502 0.10000000 
0.92000000 0.00000000 0.14932725 0.10000000 
0.93000000 0.00000000 0.14609722 0.10000000 
0.94000000 0.00000000 0.14309539 0.10000000 
0.95000000 0.00000000 0.14031315 0.10000000 
0.96000000 0.00000000 0.13774283 0.10000000 
0.97000000 0.00000000 0.13537779 0.10000000 
0.98000000 0.00000000 0.13321039 0.10000000 
0.99000000 0.00000000 0.13123477 0.10000000 

