-1.00000000 0.00000000 0.29702488 0.10000000 
-0.99000000 0.00000000 0.29561908 0.10000000 
-0.98000000 0.00000000 0.29473725 0.10000000 
-0.97000000 0.00000000 0.29434668 0.10000000 
-0.96000000 0.00000000 0.29445786 0.10000000 
-0.95000000 0.00000000 0.29508012 0.10000000 
-0.94000000 0.00000000 0.29622344 0.10000000 
-0.93000000 0.00000000 0.29789830 0.10000000 
-0.92000000 0.00000000 0.29854839 0.10000000 
-0.91000000 0.00000000 0.30106336 0.10000000 
-0.90000000 0.00000000 0.30402560 0.10000000 
-0.89000000 0.00000000 0.30753572 0.10000000 
-0.88000000 0.00000000 0.31388351 0.10000000 
-0.87000000 0.00000000 0.31873865 0.10000000 
-0.86000000 0.00000000 0.32429211 0.10000000 
-0.85000000 0.00000000 0.33045789 0.10000000 
-0.84000000 0.00000000 0.33724756 0.10000000 
-0.83000000 0.00000000 0.34467143 0.10000000 
-0.82000000 0.00000000 0.34866118 0.10000000 
-0.81000000 0.00000000 0.35740426 0.10000000 
-0.80000000 0.00000000 0.36654536 0.10000000 
-0.79000000 0.00000000 0.37636164 0.10000000 
-0.78000000 0.00000000 0.38683462 0.10000000 
-0.77000000 0.00000000 0.39795387 0.10000000 
-0.76000000 0.00000000 0.41492714 0.10000000 
-0.75000000 0.00000000 0.42750027 0.10000000 
-0.74000000 0.00000000 0.44068060 0.10000000 
-0.73000000 0.00000000 0.45445202 0.10000000 
-0.72000000 0.00000000 0.46880378 0.10000000 
-0.71000000 0.00000000 0.48380143 0.10000000 
-0.70000000 0.00000000 0.49933619 0.10000000 
-0.69000000 0.00000000 0.51540507 0.10000000 
-0.68000000 0.00000000 0.53176448 0.10000000 
-0.67000000 0.00000000 0.54860965 0.10000000 
-0.66000000 0.00000000 0.56592080 0.10000000 
-0.65000000 0.00000000 0.58359506 0.10000000 
-0.64000000 0.00000000 0.60175262 0.10000000 
-0.63000000 0.00000000 0.62039562 0.10000000 
-0.62000000 0.00000000 0.63976582 0.10000000 
-0.61000000 0.00000000 0.65967620 0.10000000 
-0.60000000 0.00000000 0.68013907 0.10000000 
-0.59000000 0.00000000 0.70116305 0.10000000 
-0.58000000 0.00000000 0.71311873 0.10000000 
-0.57000000 0.00000000 0.73578431 0.10000000 
-0.56000000 0.00000000 0.75832172 0.10000000 
-0.55000000 0.00000000 0.78147579 0.10000000 
-0.54000000 0.00000000 0.80517438 0.10000000 
-0.53000000 0.00000000 0.82939628 0.10000000 
-0.52000000 0.00000000 0.86373593 0.10000000 
-0.51000000 0.00000000 0.88867458 0.10000000 
-0.50000000 0.00000000 0.91419256 0.10000000 
-0.49000000 0.00000000 0.94003887 0.10000000 
-0.48000000 0.00000000 0.96616628 0.10000000 
-0.47000000 0.00000000 0.99271547 0.10000000 
-0.46000000 0.00000000 1.01940167 0.10000000 
-0.45000000 0.00000000 1.04619935 0.10000000 
-0.44000000 0.00000000 1.07306599 0.10000000 
-0.43000000 0.00000000 1.09996104 0.10000000 
-0.42000000 0.00000000 1.11562504 0.10000000 
-0.41000000 0.00000000 1.14331707 0.10000000 
-0.40000000 0.00000000 1.18012875 0.10000000 
-0.39000000 0.00000000 1.20662807 0.10000000 
-0.38000000 0.00000000 1.23297743 0.10000000 
-0.37000000 0.00000000 1.25912879 0.10000000 
-0.36000000 0.00000000 1.28503032 0.10000000 
-0.35000000 0.00000000 1.31063601 0.10000000 
-0.34000000 0.00000000 1.33590002 0.10000000 
-0.33000000 0.00000000 1.36077759 0.10000000 
-0.32000000 0.00000000 1.38522543 0.10000000 
-0.31000000 0.00000000 1.40942170 0.10000000 
-0.30000000 0.00000000 1.43304485 0.10000000 
-0.29000000 0.00000000 1.45588721 0.10000000 
-0.28000000 0.00000000 1.47815985 0.10000000 
-0.27000000 0.00000000 1.49982858 0.10000000 
-0.26000000 0.00000000 1.52086104 0.10000000 
-0.25000000 0.00000000 1.54122678 0.10000000 
-0.24000000 0.00000000 1.56089719 0.10000000 
-0.23000000 0.00000000 1.57984542 0.10000000 
-0.22000000 0.00000000 1.59804643 0.10000000 
-0.21000000 0.00000000 1.61547688 0.10000000 
-0.20000000 0.00000000 1.63211079 0.10000000 
-0.19000000 0.00000000 1.64793023 0.10000000 
-0.18000000 0.00000000 1.66292176 0.10000000 
-0.17000000 0.00000000 1.67706763 0.10000000 
-0.16000000 0.00000000 1.69035166 0.10000000 
-0.15000000 0.00000000 1.70275929 0.10000000 
-0.14000000 0.00000000 1.71427759 0.10000000 
-0.13000000 0.00000000 1.72489525 0.10000000 
-0.12000000 0.00000000 1.73460251 0.10000000 
-0.11000000 0.00000000 1.74339118 0.10000000 
-0.10000000 0.00000000 1.75125451 0.10000000 
-0.09000000 0.00000000 1.75818731 0.10000000 
-0.08000000 0.00000000 1.76418571 0.10000000 
-0.07000000 0.00000000 1.76924714 0.10000000 
-0.06000000 0.00000000 1.77337035 0.10000000 
-0.05000000 0.00000000 1.77655536 0.10000000 
-0.04000000 0.00000000 1.77880775 0.10000000 
-0.03000000 0.00000000 1.78013149 0.10000000 
-0.02000000 0.00000000 1.78053213 0.10000000 
-0.01000000 0.00000000 1.78001649 0.10000000 
0.00000000 0.00000000 1.77858791 0.10000000 
0.01000000 0.00000000 1.77625334 0.10000000 
0.02000000 0.00000000 1.77302024 0.10000000 
0.03000000 0.00000000 1.76889643 0.10000000 
0.04000000 0.00000000 1.76389006 0.10000000 
0.05000000 0.00000000 1.75800955 0.10000000 
0.06000000 0.00000000 1.75143832 0.10000000 
0.07000000 0.00000000 1.74404043 0.10000000 
0.08000000 0.00000000 1.73583870 0.10000000 
0.09000000 0.00000000 1.72684421 0.10000000 
0.10000000 0.00000000 1.71688215 0.10000000 
0.11000000 0.00000000 1.70610620 0.10000000 
0.12000000 0.00000000 1.69452322 0.10000000 
0.13000000 0.00000000 1.68214105 0.10000000 
0.14000000 0.00000000 1.66896923 0.10000000 
0.15000000 0.00000000 1.65501976 0.10000000 
0.16000000 0.00000000 1.64732510 0.10000000 
0.17000000 0.00000000 1.63161892 0.10000000 
0.18000000 0.00000000 1.61568264 0.10000000 
0.19000000 0.00000000 1.59899890 0.10000000 
0.20000000 0.00000000 1.57415453 0.10000000 
0.21000000 0.00000000 1.55597089 0.10000000 
0.22000000 0.00000000 1.53719942 0.10000000 
0.23000000 0.00000000 1.51788096 0.10000000 
0.24000000 0.00000000 1.49805809 0.10000000 
0.25000000 0.00000000 1.47777427 0.10000000 
0.26000000 0.00000000 1.45707299 0.10000000 
0.27000000 0.00000000 1.43585955 0.10000000 
0.28000000 0.00000000 1.41434650 0.10000000 
0.29000000 0.00000000 1.39255890 0.10000000 
0.30000000 0.00000000 1.37053271 0.10000000 
0.31000000 0.00000000 1.34844749 0.10000000 
0.32000000 0.00000000 1.32616077 0.10000000 
0.33000000 0.00000000 1.30370524 0.10000000 
0.34000000 0.00000000 1.28111221 0.10000000 
0.35000000 0.00000000 1.25841153 0.10000000 
0.36000000 0.00000000 1.23563167 0.10000000 
0.37000000 0.00000000 1.21279976 0.10000000 
0.38000000 0.00000000 1.18994433 0.10000000 
0.39000000 0.00000000 1.16708882 0.10000000 
0.40000000 0.00000000 1.14425612 0.10000000 
0.41000000 0.00000000 1.12146829 0.10000000 
0.42000000 0.00000000 1.09874379 0.10000000 
0.43000000 0.00000000 1.07610440 0.10000000 
0.44000000 0.00000000 1.05357094 0.10000000 
0.45000000 0.00000000 1.03116337 0.10000000 
0.46000000 0.00000000 1.00890079 0.10000000 
0.47000000 0.00000000 0.98680148 0.10000000 
0.48000000 0.00000000 0.96488293 0.10000000 
0.49000000 0.00000000 0.94316181 0.10000000 
0.50000000 0.00000000 0.92165409 0.10000000 
0.51000000 0.00000000 0.90037502 0.10000000 
0.52000000 0.00000000 0.87933915 0.10000000 
0.53000000 0.00000000 0.85856039 0.10000000 
0.54000000 0.00000000 0.83805190 0.10000000 
0.55000000 0.00000000 0.81782618 0.10000000 
0.56000000 0.00000000 0.79789500 0.10000000 
0.57000000 0.00000000 0.77826948 0.10000000 
0.58000000 0.00000000 0.75896008 0.10000000 
0.59000000 0.00000000 0.73997664 0.10000000 
0.60000000 0.00000000 0.72132837 0.10000000 
0.61000000 0.00000000 0.70302390 0.10000000 
0.62000000 0.00000000 0.68507130 0.10000000 
0.63000000 0.00000000 0.66747806 0.10000000 
0.64000000 0.00000000 0.65025117 0.10000000 
0.65000000 0.00000000 0.63339711 0.10000000 
0.66000000 0.00000000 0.61692186 0.10000000 
0.67000000 0.00000000 0.60083099 0.10000000 
0.68000000 0.00000000 0.58512961 0.10000000 
0.69000000 0.00000000 0.56982243 0.10000000 
0.70000000 0.00000000 0.55491381 0.10000000 
0.71000000 0.00000000 0.54040775 0.10000000 
0.72000000 0.00000000 0.52630791 0.10000000 
0.73000000 0.00000000 0.51261769 0.10000000 
0.74000000 0.00000000 0.49934021 0.10000000 
0.75000000 0.00000000 0.48647834 0.10000000 
0.76000000 0.00000000 0.47403474 0.10000000 
0.77000000 0.00000000 0.46201191 0.10000000 
0.78000000 0.00000000 0.45041213 0.10000000 
0.79000000 0.00000000 0.43923758 0.10000000 
0.80000000 0.00000000 0.42849028 0.10000000 
0.81000000 0.00000000 0.41817215 0.10000000 
0.82000000 0.00000000 0.40828508 0.10000000 
0.83000000 0.00000000 0.39883090 0.10000000 
0.84000000 0.00000000 0.38981141 0.10000000 
0.85000000 0.00000000 0.38122846 0.10000000 
0.86000000 0.00000000 0.37308391 0.10000000 
0.87000000 0.00000000 0.36537973 0.10000000 
0.88000000 0.00000000 0.35811710 0.10000000 
0.89000000 0.00000000 0.35129770 0.10000000 
0.90000000 0.00000000 0.34492322 0.10000000 
0.91000000 0.00000000 0.33899538 0.10000000 
0.92000000 0.00000000 0.33351727 0.10000000 
0.93000000 0.00000000 0.32849147 0.10000000 
0.94000000 0.00000000 0.32392090 0.10000000 
0.95000000 0.00000000 0.31980885 0.10000000 
0.96000000 0.00000000 0.31615905 0.10000000 
0.97000000 0.00000000 0.31297568 0.10000000 
0.98000000 0.00000000 0.31022584 0.10000000 
0.99000000 0.00000000 0.30793829 0.10000000 

