-1.00000000 0.00000000 0.11470266 0.10000000 
-0.99000000 0.00000000 0.11367795 0.10000000 
-0.98000000 0.00000000 0.11272778 0.10000000 
-0.97000000 0.00000000 0.11184846 0.10000000 
-0.96000000 0.00000000 0.11103675 0.10000000 
-0.95000000 0.00000000 0.11028992 0.10000000 
-0.94000000 0.00000000 0.10960595 0.10000000 
-0.93000000 0.00000000 0.10898295 0.10000000 
-0.92000000 0.00000000 0.10841981 0.10000000 
-0.91000000 0.00000000 0.10791673 0.10000000 
-0.90000000 0.00000000 0.10747400 0.10000000 
-0.89000000 0.00000000 0.10709299 0.10000000 
-0.88000000 0.00000000 0.10677659 0.10000000 
-0.87000000 0.00000000 0.10652728 0.10000000 
-0.86000000 0.00000000 0.10635017 0.10000000 
-0.85000000 0.00000000 0.10625134 0.10000000 
-0.84000000 0.00000000 0.10623844 0.10000000 
-0.83000000 0.00000000 0.10632091 0.10000000 
-0.82000000 0.00000000 0.10650901 0.10000000 
-0.81000000 0.00000000 0.10681856 0.10000000 
-0.80000000 0.00000000 0.10726480 0.10000000 
-0.79000000 0.00000000 0.10786679 0.10000000 
-0.78000000 0.00000000 0.10864671 0.10000000 
-0.77000000 0.00000000 0.10963014 0.10000000 
-0.76000000 0.00000000 0.11084676 0.10000000 
-0.75000000 0.00000000 0.11233017 0.10000000 
-0.74000000 0.00000000 0.11411869 0.10000000 
-0.73000000 0.00000000 0.11625556 0.10000000 
-0.72000000 0.00000000 0.11879357 0.10000000 
-0.71000000 0.00000000 0.12177927 0.10000000 
-0.70000000 0.00000000 0.12527677 0.10000000 
-0.69000000 0.00000000 0.12935299 0.10000000 
-0.68000000 0.00000000 0.13408144 0.10000000 
-0.67000000 0.00000000 0.13954259 0.10000000 
-0.66000000 0.00000000 0.14582397 0.10000000 
-0.65000000 0.00000000 0.15302028 0.10000000 
-0.64000000 0.00000000 0.16122497 0.10000000 
-0.63000000 0.00000000 0.17056275 0.10000000 
-0.62000000 0.00000000 0.18114165 0.10000000 
-0.61000000 0.00000000 0.19308293 0.10000000 
-0.60000000 0.00000000 0.20651409 0.10000000 
-0.59000000 0.00000000 0.22157849 0.10000000 
-0.58000000 0.00000000 0.23837831 0.10000000 
-0.57000000 0.00000000 0.25708672 0.10000000 
-0.56000000 0.00000000 0.27783247 0.10000000 
-0.55000000 0.00000000 0.30075572 0.10000000 
-0.54000000 0.00000000 0.32599477 0.10000000 
-0.53000000 0.00000000 0.35368410 0.10000000 
-0.52000000 0.00000000 0.38395362 0.10000000 
-0.51000000 0.00000000 0.41692156 0.10000000 
-0.50000000 0.00000000 0.45269910 0.10000000 
-0.49000000 0.00000000 0.49138352 0.10000000 
-0.48000000 0.00000000 0.53305679 0.10000000 
-0.47000000 0.00000000 0.57778315 0.10000000 
-0.46000000 0.00000000 0.62562306 0.10000000 
-0.45000000 0.00000000 0.67656536 0.10000000 
-0.44000000 0.00000000 0.73062354 0.10000000 
-0.43000000 0.00000000 0.78776825 0.10000000 
-0.42000000 0.00000000 0.84792185 0.10000000 
-0.41000000 0.00000000 0.91103786 0.10000000 
-0.40000000 0.00000000 0.97697905 0.10000000 
-0.39000000 0.00000000 1.04559740 0.10000000 
-0.38000000 0.00000000 1.11671401 0.10000000 
-0.37000000 0.00000000 1.19011946 0.10000000 
-0.36000000 0.00000000 1.26557477 0.10000000 
-0.35000000 0.00000000 1.34281276 0.10000000 
-0.34000000 0.00000000 1.42156028 0.10000000 
-0.33000000 0.00000000 1.50145898 0.10000000 
-0.32000000 0.00000000 1.58219092 0.10000000 
-0.31000000 0.00000000 1.66339966 0.10000000 
-0.30000000 0.00000000 1.74471430 0.10000000 
-0.29000000 0.00000000 1.82573444 0.10000000 
-0.28000000 0.00000000 1.90612164 0.10000000 
-0.27000000 0.00000000 1.98544379 0.10000000 
-0.26000000 0.00000000 2.06332270 0.10000000 
-0.25000000 0.00000000 2.13937524 0.10000000 
-0.24000000 0.00000000 2.21322815 0.10000000 
-0.23000000 0.00000000 2.28452181 0.10000000 
-0.22000000 0.00000000 2.35291390 0.10000000 
-0.21000000 0.00000000 2.41808261 0.10000000 
-0.20000000 0.00000000 2.47972960 0.10000000 
-0.19000000 0.00000000 2.53758246 0.10000000 
-0.18000000 0.00000000 2.59139682 0.10000000 
-0.17000000 0.00000000 2.64095793 0.10000000 
-0.16000000 0.00000000 2.68606646 0.10000000 
-0.15000000 0.00000000 2.72660110 0.10000000 
-0.14000000 0.00000000 2.76241981 0.10000000 
-0.13000000 0.00000000 2.79344537 0.10000000 
-0.12000000 0.00000000 2.81963016 0.10000000 
-0.11000000 0.00000000 2.84091653 0.10000000 
-0.10000000 0.00000000 2.85732236 0.10000000 
-0.09000000 0.00000000 2.86887800 0.10000000 
-0.08000000 0.00000000 2.87564021 0.10000000 
-0.07000000 0.00000000 2.87769034 0.10000000 
-0.06000000 0.00000000 2.87513245 0.10000000 
-0.05000000 0.00000000 2.86809132 0.10000000 
-0.04000000 0.00000000 2.85671016 0.10000000 
-0.03000000 0.00000000 2.84115040 0.10000000 
-0.02000000 0.00000000 2.82158531 0.10000000 
-0.01000000 0.00000000 2.79820180 0.10000000 
0.00000000 0.00000000 2.77119719 0.10000000 
0.01000000 0.00000000 2.74078497 0.10000000 
0.02000000 0.00000000 2.70716103 0.10000000 
0.03000000 0.00000000 2.67055120 0.10000000 
0.04000000 0.00000000 2.63117570 0.10000000 
0.05000000 0.00000000 2.58925628 0.10000000 
0.06000000 0.00000000 2.54501474 0.10000000 
0.07000000 0.00000000 2.49867156 0.10000000 
0.08000000 0.00000000 2.45044472 0.10000000 
0.09000000 0.00000000 2.40054848 0.10000000 
0.10000000 0.00000000 2.34919249 0.10000000 
0.11000000 0.00000000 2.29656943 0.10000000 
0.12000000 0.00000000 2.24290013 0.10000000 
0.13000000 0.00000000 2.18836367 0.10000000 
0.14000000 0.00000000 2.13314326 0.10000000 
0.15000000 0.00000000 2.07741410 0.10000000 
0.16000000 0.00000000 2.02135798 0.10000000 
0.17000000 0.00000000 1.96510334 0.10000000 
0.18000000 0.00000000 1.90881410 0.10000000 
0.19000000 0.00000000 1.85263052 0.10000000 
0.20000000 0.00000000 1.79668384 0.10000000 
0.21000000 0.00000000 1.74109624 0.10000000 
0.22000000 0.00000000 1.68598093 0.10000000 
0.23000000 0.00000000 1.63144222 0.10000000 
0.24000000 0.00000000 1.57757576 0.10000000 
0.25000000 0.00000000 1.52446866 0.10000000 
0.26000000 0.00000000 1.47218996 0.10000000 
0.27000000 0.00000000 1.42082983 0.10000000 
0.28000000 0.00000000 1.37044177 0.10000000 
0.29000000 0.00000000 1.32108140 0.10000000 
0.30000000 0.00000000 1.27279719 0.10000000 
0.31000000 0.00000000 1.22563084 0.10000000 
0.32000000 0.00000000 1.17961761 0.10000000 
0.33000000 0.00000000 1.13478662 0.10000000 
0.34000000 0.00000000 1.09116126 0.10000000 
0.35000000 0.00000000 1.04875950 0.10000000 
0.36000000 0.00000000 1.00759427 0.10000000 
0.37000000 0.00000000 0.96766909 0.10000000 
0.38000000 0.00000000 0.92899733 0.10000000 
0.39000000 0.00000000 0.89157391 0.10000000 
0.40000000 0.00000000 0.85539488 0.10000000 
0.41000000 0.00000000 0.82046743 0.10000000 
0.42000000 0.00000000 0.78675171 0.10000000 
0.43000000 0.00000000 0.75424936 0.10000000 
0.44000000 0.00000000 0.72294460 0.10000000 
0.45000000 0.00000000 0.69281937 0.10000000 
0.46000000 0.00000000 0.66384378 0.10000000 
0.47000000 0.00000000 0.63601592 0.10000000 
0.48000000 0.00000000 0.60930233 0.10000000 
0.49000000 0.00000000 0.58367828 0.10000000 
0.50000000 0.00000000 0.55911792 0.10000000 
0.51000000 0.00000000 0.53559442 0.10000000 
0.52000000 0.00000000 0.51308021 0.10000000 
0.53000000 0.00000000 0.49154709 0.10000000 
0.54000000 0.00000000 0.47096638 0.10000000 
0.55000000 0.00000000 0.45130911 0.10000000 
0.56000000 0.00000000 0.43254607 0.10000000 
0.57000000 0.00000000 0.41464800 0.10000000 
0.58000000 0.00000000 0.39758564 0.10000000 
0.59000000 0.00000000 0.38132987 0.10000000 
0.60000000 0.00000000 0.36585177 0.10000000 
0.61000000 0.00000000 0.35112272 0.10000000 
0.62000000 0.00000000 0.33711324 0.10000000 
0.63000000 0.00000000 0.32379792 0.10000000 
0.64000000 0.00000000 0.31114815 0.10000000 
0.65000000 0.00000000 0.29913707 0.10000000 
0.66000000 0.00000000 0.28773839 0.10000000 
0.67000000 0.00000000 0.27693234 0.10000000 
0.68000000 0.00000000 0.26668182 0.10000000 
0.69000000 0.00000000 0.25696858 0.10000000 
0.70000000 0.00000000 0.24776890 0.10000000 
0.71000000 0.00000000 0.23905553 0.10000000 
0.72000000 0.00000000 0.23081479 0.10000000 
0.73000000 0.00000000 0.22302066 0.10000000 
0.74000000 0.00000000 0.21565223 0.10000000 
0.75000000 0.00000000 0.20868933 0.10000000 
0.76000000 0.00000000 0.20211249 0.10000000 
0.77000000 0.00000000 0.19590295 0.10000000 
0.78000000 0.00000000 0.19004223 0.10000000 
0.79000000 0.00000000 0.18451386 0.10000000 
0.80000000 0.00000000 0.17930071 0.10000000 
0.81000000 0.00000000 0.17438679 0.10000000 
0.82000000 0.00000000 0.16975678 0.10000000 
0.83000000 0.00000000 0.16539599 0.10000000 
0.84000000 0.00000000 0.16129038 0.10000000 
0.85000000 0.00000000 0.15742655 0.10000000 
0.86000000 0.00000000 0.15379169 0.10000000 
0.87000000 0.00000000 0.15037361 0.10000000 
0.88000000 0.00000000 0.14716069 0.10000000 
0.89000000 0.00000000 0.14414189 0.10000000 
0.90000000 0.00000000 0.14130674 0.10000000 
0.91000000 0.00000000 0.13864532 0.10000000 
0.92000000 0.00000000 0.13614984 0.10000000 
0.93000000 0.00000000 0.13380819 0.10000000 
0.94000000 0.00000000 0.13161377 0.10000000 
0.95000000 0.00000000 0.12955879 0.10000000 
0.96000000 0.00000000 0.12763602 0.10000000 
0.97000000 0.00000000 0.12583768 0.10000000 
0.98000000 0.00000000 0.12415988 0.10000000 
0.99000000 0.00000000 0.12259588 0.10000000 

