-1.00000000 0.00000000 0.65499112 0.10000000 
-0.99000000 0.00000000 0.65464598 0.10000000 
-0.98000000 0.00000000 0.65459935 0.10000000 
-0.97000000 0.00000000 0.65482807 0.10000000 
-0.96000000 0.00000000 0.65533560 0.10000000 
-0.95000000 0.00000000 0.65612453 0.10000000 
-0.94000000 0.00000000 0.65719751 0.10000000 
-0.93000000 0.00000000 0.65855714 0.10000000 
-0.92000000 0.00000000 0.65917586 0.10000000 
-0.91000000 0.00000000 0.66100034 0.10000000 
-0.90000000 0.00000000 0.66304303 0.10000000 
-0.89000000 0.00000000 0.66537000 0.10000000 
-0.88000000 0.00000000 0.66934196 0.10000000 
-0.87000000 0.00000000 0.67233925 0.10000000 
-0.86000000 0.00000000 0.67568110 0.10000000 
-0.85000000 0.00000000 0.67931804 0.10000000 
-0.84000000 0.00000000 0.68325083 0.10000000 
-0.83000000 0.00000000 0.68747946 0.10000000 
-0.82000000 0.00000000 0.68979879 0.10000000 
-0.81000000 0.00000000 0.69466413 0.10000000 
-0.80000000 0.00000000 0.69968248 0.10000000 
-0.79000000 0.00000000 0.70499693 0.10000000 
-0.78000000 0.00000000 0.71059217 0.10000000 
-0.77000000 0.00000000 0.71645791 0.10000000 
-0.76000000 0.00000000 0.72519537 0.10000000 
-0.75000000 0.00000000 0.73163004 0.10000000 
-0.74000000 0.00000000 0.73829858 0.10000000 
-0.73000000 0.00000000 0.74518782 0.10000000 
-0.72000000 0.00000000 0.75228682 0.10000000 
-0.71000000 0.00000000 0.75962666 0.10000000 
-0.70000000 0.00000000 0.76714328 0.10000000 
-0.69000000 0.00000000 0.77483086 0.10000000 
-0.68000000 0.00000000 0.78258336 0.10000000 
-0.67000000 0.00000000 0.79047822 0.10000000 
-0.66000000 0.00000000 0.79850325 0.10000000 
-0.65000000 0.00000000 0.80660340 0.10000000 
-0.64000000 0.00000000 0.81483653 0.10000000 
-0.63000000 0.00000000 0.82320046 0.10000000 
-0.62000000 0.00000000 0.83178806 0.10000000 
-0.61000000 0.00000000 0.84052284 0.10000000 
-0.60000000 0.00000000 0.84940746 0.10000000 
-0.59000000 0.00000000 0.85844393 0.10000000 
-0.58000000 0.00000000 0.86364060 0.10000000 
-0.57000000 0.00000000 0.87322839 0.10000000 
-0.56000000 0.00000000 0.88267674 0.10000000 
-0.55000000 0.00000000 0.89229694 0.10000000 
-0.54000000 0.00000000 0.90205903 0.10000000 
-0.53000000 0.00000000 0.91195492 0.10000000 
-0.52000000 0.00000000 0.92578076 0.10000000 
-0.51000000 0.00000000 0.93579606 0.10000000 
-0.50000000 0.00000000 0.94596455 0.10000000 
-0.49000000 0.00000000 0.95619358 0.10000000 
-0.48000000 0.00000000 0.96646591 0.10000000 
-0.47000000 0.00000000 0.97684250 0.10000000 
-0.46000000 0.00000000 0.98720755 0.10000000 
-0.45000000 0.00000000 0.99755393 0.10000000 
-0.44000000 0.00000000 1.00786767 0.10000000 
-0.43000000 0.00000000 1.01813595 0.10000000 
-0.42000000 0.00000000 1.02415004 0.10000000 
-0.41000000 0.00000000 1.03462699 0.10000000 
-0.40000000 0.00000000 1.04842788 0.10000000 
-0.39000000 0.00000000 1.05835085 0.10000000 
-0.38000000 0.00000000 1.06817809 0.10000000 
-0.37000000 0.00000000 1.07789511 0.10000000 
-0.36000000 0.00000000 1.08748606 0.10000000 
-0.35000000 0.00000000 1.09693757 0.10000000 
-0.34000000 0.00000000 1.10623644 0.10000000 
-0.33000000 0.00000000 1.11536988 0.10000000 
-0.32000000 0.00000000 1.12432570 0.10000000 
-0.31000000 0.00000000 1.13317447 0.10000000 
-0.30000000 0.00000000 1.14179973 0.10000000 
-0.29000000 0.00000000 1.15012865 0.10000000 
-0.28000000 0.00000000 1.15824333 0.10000000 
-0.27000000 0.00000000 1.16613476 0.10000000 
-0.26000000 0.00000000 1.17379452 0.10000000 
-0.25000000 0.00000000 1.18121477 0.10000000 
-0.24000000 0.00000000 1.18838827 0.10000000 
-0.23000000 0.00000000 1.19530826 0.10000000 
-0.22000000 0.00000000 1.20196850 0.10000000 
-0.21000000 0.00000000 1.20836322 0.10000000 
-0.20000000 0.00000000 1.21448547 0.10000000 
-0.19000000 0.00000000 1.22033110 0.10000000 
-0.18000000 0.00000000 1.22589744 0.10000000 
-0.17000000 0.00000000 1.23117998 0.10000000 
-0.16000000 0.00000000 1.23617457 0.10000000 
-0.15000000 0.00000000 1.24087743 0.10000000 
-0.14000000 0.00000000 1.24528517 0.10000000 
-0.13000000 0.00000000 1.24939471 0.10000000 
-0.12000000 0.00000000 1.25320333 0.10000000 
-0.11000000 0.00000000 1.25670863 0.10000000 
-0.10000000 0.00000000 1.25990848 0.10000000 
-0.09000000 0.00000000 1.26280109 0.10000000 
-0.08000000 0.00000000 1.26538492 0.10000000 
-0.07000000 0.00000000 1.26765864 0.10000000 
-0.06000000 0.00000000 1.26962120 0.10000000 
-0.05000000 0.00000000 1.27127175 0.10000000 
-0.04000000 0.00000000 1.27261109 0.10000000 
-0.03000000 0.00000000 1.27363935 0.10000000 
-0.02000000 0.00000000 1.27435700 0.10000000 
-0.01000000 0.00000000 1.27476480 0.10000000 
0.00000000 0.00000000 1.27486213 0.10000000 
0.01000000 0.00000000 1.27464945 0.10000000 
0.02000000 0.00000000 1.27412726 0.10000000 
0.03000000 0.00000000 1.27329602 0.10000000 
0.04000000 0.00000000 1.27215619 0.10000000 
0.05000000 0.00000000 1.27070817 0.10000000 
0.06000000 0.00000000 1.26900987 0.10000000 
0.07000000 0.00000000 1.26701475 0.10000000 
0.08000000 0.00000000 1.26472779 0.10000000 
0.09000000 0.00000000 1.26215013 0.10000000 
0.10000000 0.00000000 1.25921907 0.10000000 
0.11000000 0.00000000 1.25598382 0.10000000 
0.12000000 0.00000000 1.25244374 0.10000000 
0.13000000 0.00000000 1.24859848 0.10000000 
0.14000000 0.00000000 1.24444825 0.10000000 
0.15000000 0.00000000 1.23999407 0.10000000 
0.16000000 0.00000000 1.23757341 0.10000000 
0.17000000 0.00000000 1.23246258 0.10000000 
0.18000000 0.00000000 1.22721986 0.10000000 
0.19000000 0.00000000 1.22167272 0.10000000 
0.20000000 0.00000000 1.21324885 0.10000000 
0.21000000 0.00000000 1.20705354 0.10000000 
0.22000000 0.00000000 1.20059780 0.10000000 
0.23000000 0.00000000 1.19389285 0.10000000 
0.24000000 0.00000000 1.18695062 0.10000000 
0.25000000 0.00000000 1.17978347 0.10000000 
0.26000000 0.00000000 1.17240396 0.10000000 
0.27000000 0.00000000 1.16477889 0.10000000 
0.28000000 0.00000000 1.15697675 0.10000000 
0.29000000 0.00000000 1.14900465 0.10000000 
0.30000000 0.00000000 1.14087344 0.10000000 
0.31000000 0.00000000 1.13264387 0.10000000 
0.32000000 0.00000000 1.12426606 0.10000000 
0.33000000 0.00000000 1.11575032 0.10000000 
0.34000000 0.00000000 1.10710670 0.10000000 
0.35000000 0.00000000 1.09834501 0.10000000 
0.36000000 0.00000000 1.08947481 0.10000000 
0.37000000 0.00000000 1.08050546 0.10000000 
0.38000000 0.00000000 1.07144701 0.10000000 
0.39000000 0.00000000 1.06230806 0.10000000 
0.40000000 0.00000000 1.05309727 0.10000000 
0.41000000 0.00000000 1.04382323 0.10000000 
0.42000000 0.00000000 1.03449355 0.10000000 
0.43000000 0.00000000 1.02511720 0.10000000 
0.44000000 0.00000000 1.01570306 0.10000000 
0.45000000 0.00000000 1.00625995 0.10000000 
0.46000000 0.00000000 0.99679662 0.10000000 
0.47000000 0.00000000 0.98732176 0.10000000 
0.48000000 0.00000000 0.97784400 0.10000000 
0.49000000 0.00000000 0.96837193 0.10000000 
0.50000000 0.00000000 0.95891405 0.10000000 
0.51000000 0.00000000 0.94947884 0.10000000 
0.52000000 0.00000000 0.94007472 0.10000000 
0.53000000 0.00000000 0.93071006 0.10000000 
0.54000000 0.00000000 0.92139316 0.10000000 
0.55000000 0.00000000 0.91213221 0.10000000 
0.56000000 0.00000000 0.90293533 0.10000000 
0.57000000 0.00000000 0.89381053 0.10000000 
0.58000000 0.00000000 0.88476573 0.10000000 
0.59000000 0.00000000 0.87580874 0.10000000 
0.60000000 0.00000000 0.86694727 0.10000000 
0.61000000 0.00000000 0.85818888 0.10000000 
0.62000000 0.00000000 0.84954105 0.10000000 
0.63000000 0.00000000 0.84101110 0.10000000 
0.64000000 0.00000000 0.83260622 0.10000000 
0.65000000 0.00000000 0.82433347 0.10000000 
0.66000000 0.00000000 0.81619977 0.10000000 
0.67000000 0.00000000 0.80821188 0.10000000 
0.68000000 0.00000000 0.80037640 0.10000000 
0.69000000 0.00000000 0.79269979 0.10000000 
0.70000000 0.00000000 0.78518834 0.10000000 
0.71000000 0.00000000 0.77784816 0.10000000 
0.72000000 0.00000000 0.77068521 0.10000000 
0.73000000 0.00000000 0.76370526 0.10000000 
0.74000000 0.00000000 0.75691390 0.10000000 
0.75000000 0.00000000 0.75031655 0.10000000 
0.76000000 0.00000000 0.74391843 0.10000000 
0.77000000 0.00000000 0.73772459 0.10000000 
0.78000000 0.00000000 0.73173987 0.10000000 
0.79000000 0.00000000 0.72596890 0.10000000 
0.80000000 0.00000000 0.72041611 0.10000000 
0.81000000 0.00000000 0.71508575 0.10000000 
0.82000000 0.00000000 0.70998183 0.10000000 
0.83000000 0.00000000 0.70510820 0.10000000 
0.84000000 0.00000000 0.70046850 0.10000000 
0.85000000 0.00000000 0.69606617 0.10000000 
0.86000000 0.00000000 0.69190448 0.10000000 
0.87000000 0.00000000 0.68798651 0.10000000 
0.88000000 0.00000000 0.68431458 0.10000000 
0.89000000 0.00000000 0.68089114 0.10000000 
0.90000000 0.00000000 0.67771836 0.10000000 
0.91000000 0.00000000 0.67479823 0.10000000 
0.92000000 0.00000000 0.67213329 0.10000000 
0.93000000 0.00000000 0.66972550 0.10000000 
0.94000000 0.00000000 0.66757676 0.10000000 
0.95000000 0.00000000 0.66568891 0.10000000 
0.96000000 0.00000000 0.66406378 0.10000000 
0.97000000 0.00000000 0.66270321 0.10000000 
0.98000000 0.00000000 0.66158417 0.10000000 
0.99000000 0.00000000 0.66072543 0.10000000 

