-1.00000000 0.00000000 0.44730538 0.10000000 
-0.99000000 0.00000000 0.44654597 0.10000000 
-0.98000000 0.00000000 0.44626507 0.10000000 
-0.97000000 0.00000000 0.44642782 0.10000000 
-0.96000000 0.00000000 0.44704128 0.10000000 
-0.95000000 0.00000000 0.44811116 0.10000000 
-0.94000000 0.00000000 0.44964342 0.10000000 
-0.93000000 0.00000000 0.45164404 0.10000000 
-0.92000000 0.00000000 0.45252493 0.10000000 
-0.91000000 0.00000000 0.45527927 0.10000000 
-0.90000000 0.00000000 0.45840196 0.10000000 
-0.89000000 0.00000000 0.46199539 0.10000000 
-0.88000000 0.00000000 0.46822467 0.10000000 
-0.87000000 0.00000000 0.47294282 0.10000000 
-0.86000000 0.00000000 0.47824098 0.10000000 
-0.85000000 0.00000000 0.48403967 0.10000000 
-0.84000000 0.00000000 0.49034286 0.10000000 
-0.83000000 0.00000000 0.49715323 0.10000000 
-0.82000000 0.00000000 0.50086647 0.10000000 
-0.81000000 0.00000000 0.50875620 0.10000000 
-0.80000000 0.00000000 0.51692668 0.10000000 
-0.79000000 0.00000000 0.52561518 0.10000000 
-0.78000000 0.00000000 0.53479907 0.10000000 
-0.77000000 0.00000000 0.54446361 0.10000000 
-0.76000000 0.00000000 0.55896633 0.10000000 
-0.75000000 0.00000000 0.56966523 0.10000000 
-0.74000000 0.00000000 0.58079150 0.10000000 
-0.73000000 0.00000000 0.59232547 0.10000000 
-0.72000000 0.00000000 0.60425137 0.10000000 
-0.71000000 0.00000000 0.61662181 0.10000000 
-0.70000000 0.00000000 0.62933414 0.10000000 
-0.69000000 0.00000000 0.64238052 0.10000000 
-0.68000000 0.00000000 0.65557548 0.10000000 
-0.67000000 0.00000000 0.66905826 0.10000000 
-0.66000000 0.00000000 0.68280924 0.10000000 
-0.65000000 0.00000000 0.69673773 0.10000000 
-0.64000000 0.00000000 0.71094133 0.10000000 
-0.63000000 0.00000000 0.72541768 0.10000000 
-0.62000000 0.00000000 0.74033521 0.10000000 
-0.61000000 0.00000000 0.75555746 0.10000000 
-0.60000000 0.00000000 0.77109014 0.10000000 
-0.59000000 0.00000000 0.78693735 0.10000000 
-0.58000000 0.00000000 0.79601962 0.10000000 
-0.57000000 0.00000000 0.81291690 0.10000000 
-0.56000000 0.00000000 0.82961414 0.10000000 
-0.55000000 0.00000000 0.84666171 0.10000000 
-0.54000000 0.00000000 0.86400610 0.10000000 
-0.53000000 0.00000000 0.88163216 0.10000000 
-0.52000000 0.00000000 0.90636702 0.10000000 
-0.51000000 0.00000000 0.92429782 0.10000000 
-0.50000000 0.00000000 0.94254497 0.10000000 
-0.49000000 0.00000000 0.96093798 0.10000000 
-0.48000000 0.00000000 0.97944460 0.10000000 
-0.47000000 0.00000000 0.99817111 0.10000000 
-0.46000000 0.00000000 1.01691052 0.10000000 
-0.45000000 0.00000000 1.03564796 0.10000000 
-0.44000000 0.00000000 1.05435632 0.10000000 
-0.43000000 0.00000000 1.07301037 0.10000000 
-0.42000000 0.00000000 1.08391944 0.10000000 
-0.41000000 0.00000000 1.10300043 0.10000000 
-0.40000000 0.00000000 1.12819384 0.10000000 
-0.39000000 0.00000000 1.14631219 0.10000000 
-0.38000000 0.00000000 1.16427300 0.10000000 
-0.37000000 0.00000000 1.18204749 0.10000000 
-0.36000000 0.00000000 1.19960433 0.10000000 
-0.35000000 0.00000000 1.21691663 0.10000000 
-0.34000000 0.00000000 1.23395772 0.10000000 
-0.33000000 0.00000000 1.25070176 0.10000000 
-0.32000000 0.00000000 1.26712398 0.10000000 
-0.31000000 0.00000000 1.28335084 0.10000000 
-0.30000000 0.00000000 1.29916722 0.10000000 
-0.29000000 0.00000000 1.31443724 0.10000000 
-0.28000000 0.00000000 1.32930895 0.10000000 
-0.27000000 0.00000000 1.34376363 0.10000000 
-0.26000000 0.00000000 1.35778375 0.10000000 
-0.25000000 0.00000000 1.37135295 0.10000000 
-0.24000000 0.00000000 1.38445599 0.10000000 
-0.23000000 0.00000000 1.39707870 0.10000000 
-0.22000000 0.00000000 1.40920795 0.10000000 
-0.21000000 0.00000000 1.42083158 0.10000000 
-0.20000000 0.00000000 1.43193542 0.10000000 
-0.19000000 0.00000000 1.44251059 0.10000000 
-0.18000000 0.00000000 1.45255100 0.10000000 
-0.17000000 0.00000000 1.46204738 0.10000000 
-0.16000000 0.00000000 1.47099129 0.10000000 
-0.15000000 0.00000000 1.47937510 0.10000000 
-0.14000000 0.00000000 1.48719204 0.10000000 
-0.13000000 0.00000000 1.49443611 0.10000000 
-0.12000000 0.00000000 1.50110212 0.10000000 
-0.11000000 0.00000000 1.50718561 0.10000000 
-0.10000000 0.00000000 1.51268284 0.10000000 
-0.09000000 0.00000000 1.51759080 0.10000000 
-0.08000000 0.00000000 1.52190711 0.10000000 
-0.07000000 0.00000000 1.52562995 0.10000000 
-0.06000000 0.00000000 1.52875814 0.10000000 
-0.05000000 0.00000000 1.53129105 0.10000000 
-0.04000000 0.00000000 1.53323138 0.10000000 
-0.03000000 0.00000000 1.53458057 0.10000000 
-0.02000000 0.00000000 1.53534091 0.10000000 
-0.01000000 0.00000000 1.53551526 0.10000000 
0.00000000 0.00000000 1.53510406 0.10000000 
0.01000000 0.00000000 1.53410985 0.10000000 
0.02000000 0.00000000 1.53253533 0.10000000 
0.03000000 0.00000000 1.53038326 0.10000000 
0.04000000 0.00000000 1.52765645 0.10000000 
0.05000000 0.00000000 1.52435770 0.10000000 
0.06000000 0.00000000 1.52060103 0.10000000 
0.07000000 0.00000000 1.51629792 0.10000000 
0.08000000 0.00000000 1.51146011 0.10000000 
0.09000000 0.00000000 1.50609182 0.10000000 
0.10000000 0.00000000 1.50007633 0.10000000 
0.11000000 0.00000000 1.49350969 0.10000000 
0.12000000 0.00000000 1.48639300 0.10000000 
0.13000000 0.00000000 1.47872793 0.10000000 
0.14000000 0.00000000 1.47051723 0.10000000 
0.15000000 0.00000000 1.46176515 0.10000000 
0.16000000 0.00000000 1.45697260 0.10000000 
0.17000000 0.00000000 1.44702627 0.10000000 
0.18000000 0.00000000 1.43687785 0.10000000 
0.19000000 0.00000000 1.42619527 0.10000000 
0.20000000 0.00000000 1.41012289 0.10000000 
0.21000000 0.00000000 1.39832853 0.10000000 
0.22000000 0.00000000 1.38609152 0.10000000 
0.23000000 0.00000000 1.37343517 0.10000000 
0.24000000 0.00000000 1.36038408 0.10000000 
0.25000000 0.00000000 1.34696353 0.10000000 
0.26000000 0.00000000 1.33319904 0.10000000 
0.27000000 0.00000000 1.31902787 0.10000000 
0.28000000 0.00000000 1.30458348 0.10000000 
0.29000000 0.00000000 1.28988031 0.10000000 
0.30000000 0.00000000 1.27493991 0.10000000 
0.31000000 0.00000000 1.25987796 0.10000000 
0.32000000 0.00000000 1.24460044 0.10000000 
0.33000000 0.00000000 1.22912739 0.10000000 
0.34000000 0.00000000 1.21347822 0.10000000 
0.35000000 0.00000000 1.19767167 0.10000000 
0.36000000 0.00000000 1.18172584 0.10000000 
0.37000000 0.00000000 1.16565819 0.10000000 
0.38000000 0.00000000 1.14948739 0.10000000 
0.39000000 0.00000000 1.13322908 0.10000000 
0.40000000 0.00000000 1.11689882 0.10000000 
0.41000000 0.00000000 1.10051190 0.10000000 
0.42000000 0.00000000 1.08408150 0.10000000 
0.43000000 0.00000000 1.06762323 0.10000000 
0.44000000 0.00000000 1.05115235 0.10000000 
0.45000000 0.00000000 1.03468380 0.10000000 
0.46000000 0.00000000 1.01823221 0.10000000 
0.47000000 0.00000000 1.00181195 0.10000000 
0.48000000 0.00000000 0.98543709 0.10000000 
0.49000000 0.00000000 0.96912142 0.10000000 
0.50000000 0.00000000 0.95287848 0.10000000 
0.51000000 0.00000000 0.93672157 0.10000000 
0.52000000 0.00000000 0.92066376 0.10000000 
0.53000000 0.00000000 0.90471787 0.10000000 
0.54000000 0.00000000 0.88889645 0.10000000 
0.55000000 0.00000000 0.87321179 0.10000000 
0.56000000 0.00000000 0.85767588 0.10000000 
0.57000000 0.00000000 0.84230042 0.10000000 
0.58000000 0.00000000 0.82709687 0.10000000 
0.59000000 0.00000000 0.81207637 0.10000000 
0.60000000 0.00000000 0.79724980 0.10000000 
0.61000000 0.00000000 0.78262778 0.10000000 
0.62000000 0.00000000 0.76822063 0.10000000 
0.63000000 0.00000000 0.75403839 0.10000000 
0.64000000 0.00000000 0.74009084 0.10000000 
0.65000000 0.00000000 0.72638748 0.10000000 
0.66000000 0.00000000 0.71293752 0.10000000 
0.67000000 0.00000000 0.69974994 0.10000000 
0.68000000 0.00000000 0.68683340 0.10000000 
0.69000000 0.00000000 0.67419634 0.10000000 
0.70000000 0.00000000 0.66184692 0.10000000 
0.71000000 0.00000000 0.64979303 0.10000000 
0.72000000 0.00000000 0.63804232 0.10000000 
0.73000000 0.00000000 0.62660217 0.10000000 
0.74000000 0.00000000 0.61547974 0.10000000 
0.75000000 0.00000000 0.60468191 0.10000000 
0.76000000 0.00000000 0.59421533 0.10000000 
0.77000000 0.00000000 0.58408642 0.10000000 
0.78000000 0.00000000 0.57430134 0.10000000 
0.79000000 0.00000000 0.56486601 0.10000000 
0.80000000 0.00000000 0.55578611 0.10000000 
0.81000000 0.00000000 0.54706708 0.10000000 
0.82000000 0.00000000 0.53871414 0.10000000 
0.83000000 0.00000000 0.53073231 0.10000000 
0.84000000 0.00000000 0.52312639 0.10000000 
0.85000000 0.00000000 0.51590100 0.10000000 
0.86000000 0.00000000 0.50906056 0.10000000 
0.87000000 0.00000000 0.50260935 0.10000000 
0.88000000 0.00000000 0.49655056 0.10000000 
0.89000000 0.00000000 0.49088770 0.10000000 
0.90000000 0.00000000 0.48562397 0.10000000 
0.91000000 0.00000000 0.48076237 0.10000000 
0.92000000 0.00000000 0.47630693 0.10000000 
0.93000000 0.00000000 0.47226087 0.10000000 
0.94000000 0.00000000 0.46862742 0.10000000 
0.95000000 0.00000000 0.46540989 0.10000000 
0.96000000 0.00000000 0.46261167 0.10000000 
0.97000000 0.00000000 0.46023627 0.10000000 
0.98000000 0.00000000 0.45824894 0.10000000 
0.99000000 0.00000000 0.45667909 0.10000000 

