-1.00000000 0.00000000 0.13831020 0.10000000 
-0.99000000 0.00000000 0.13653707 0.10000000 
-0.98000000 0.00000000 0.13500147 0.10000000 
-0.97000000 0.00000000 0.13369561 0.10000000 
-0.96000000 0.00000000 0.13262436 0.10000000 
-0.95000000 0.00000000 0.13179332 0.10000000 
-0.94000000 0.00000000 0.13120985 0.10000000 
-0.93000000 0.00000000 0.13088314 0.10000000 
-0.92000000 0.00000000 0.13053568 0.10000000 
-0.91000000 0.00000000 0.13058547 0.10000000 
-0.90000000 0.00000000 0.13090063 0.10000000 
-0.89000000 0.00000000 0.13150104 0.10000000 
-0.88000000 0.00000000 0.13316197 0.10000000 
-0.87000000 0.00000000 0.13454167 0.10000000 
-0.86000000 0.00000000 0.13634705 0.10000000 
-0.85000000 0.00000000 0.13854811 0.10000000 
-0.84000000 0.00000000 0.14117220 0.10000000 
-0.83000000 0.00000000 0.14424804 0.10000000 
-0.82000000 0.00000000 0.14576926 0.10000000 
-0.81000000 0.00000000 0.14972408 0.10000000 
-0.80000000 0.00000000 0.15408529 0.10000000 
-0.79000000 0.00000000 0.15902046 0.10000000 
-0.78000000 0.00000000 0.16455278 0.10000000 
-0.77000000 0.00000000 0.17070644 0.10000000 
-0.76000000 0.00000000 0.18096795 0.10000000 
-0.75000000 0.00000000 0.18876070 0.10000000 
-0.74000000 0.00000000 0.19727540 0.10000000 
-0.73000000 0.00000000 0.20654171 0.10000000 
-0.72000000 0.00000000 0.21659857 0.10000000 
-0.71000000 0.00000000 0.22752038 0.10000000 
-0.70000000 0.00000000 0.23930036 0.10000000 
-0.69000000 0.00000000 0.25198201 0.10000000 
-0.68000000 0.00000000 0.26531650 0.10000000 
-0.67000000 0.00000000 0.27958475 0.10000000 
-0.66000000 0.00000000 0.29481081 0.10000000 
-0.65000000 0.00000000 0.31097328 0.10000000 
-0.64000000 0.00000000 0.32819307 0.10000000 
-0.63000000 0.00000000 0.34651882 0.10000000 
-0.62000000 0.00000000 0.36634718 0.10000000 
-0.61000000 0.00000000 0.38745398 0.10000000 
-0.60000000 0.00000000 0.40990231 0.10000000 
-0.59000000 0.00000000 0.43374435 0.10000000 
-0.58000000 0.00000000 0.44679921 0.10000000 
-0.57000000 0.00000000 0.47381630 0.10000000 
-0.56000000 0.00000000 0.50148838 0.10000000 
-0.55000000 0.00000000 0.53075750 0.10000000 
-0.54000000 0.00000000 0.56156525 0.10000000 
-0.53000000 0.00000000 0.59390963 0.10000000 
-0.52000000 0.00000000 0.64200565 0.10000000 
-0.51000000 0.00000000 0.67726613 0.10000000 
-0.50000000 0.00000000 0.71429960 0.10000000 
-0.49000000 0.00000000 0.75267368 0.10000000 
-0.48000000 0.00000000 0.79233129 0.10000000 
-0.47000000 0.00000000 0.83344809 0.10000000 
-0.46000000 0.00000000 0.87566488 0.10000000 
-0.45000000 0.00000000 0.91893460 0.10000000 
-0.44000000 0.00000000 0.96318419 0.10000000 
-0.43000000 0.00000000 1.00833735 0.10000000 
-0.42000000 0.00000000 1.03409412 0.10000000 
-0.41000000 0.00000000 1.08204839 0.10000000 
-0.40000000 0.00000000 1.14798267 0.10000000 
-0.39000000 0.00000000 1.19570918 0.10000000 
-0.38000000 0.00000000 1.24390285 0.10000000 
-0.37000000 0.00000000 1.29244461 0.10000000 
-0.36000000 0.00000000 1.34120616 0.10000000 
-0.35000000 0.00000000 1.39006256 0.10000000 
-0.34000000 0.00000000 1.43888601 0.10000000 
-0.33000000 0.00000000 1.48754768 0.10000000 
-0.32000000 0.00000000 1.53591885 0.10000000 
-0.31000000 0.00000000 1.58426817 0.10000000 
-0.30000000 0.00000000 1.63196703 0.10000000 
-0.29000000 0.00000000 1.67856906 0.10000000 
-0.28000000 0.00000000 1.72440871 0.10000000 
-0.27000000 0.00000000 1.76936748 0.10000000 
-0.26000000 0.00000000 1.81332994 0.10000000 
-0.25000000 0.00000000 1.85618431 0.10000000 
-0.24000000 0.00000000 1.89782268 0.10000000 
-0.23000000 0.00000000 1.93814142 0.10000000 
-0.22000000 0.00000000 1.97704145 0.10000000 
-0.21000000 0.00000000 2.01442851 0.10000000 
-0.20000000 0.00000000 2.05020565 0.10000000 
-0.19000000 0.00000000 2.08429265 0.10000000 
-0.18000000 0.00000000 2.11662042 0.10000000 
-0.17000000 0.00000000 2.14711466 0.10000000 
-0.16000000 0.00000000 2.17570713 0.10000000 
-0.15000000 0.00000000 2.20233579 0.10000000 
-0.14000000 0.00000000 2.22694516 0.10000000 
-0.13000000 0.00000000 2.24948634 0.10000000 
-0.12000000 0.00000000 2.26991712 0.10000000 
-0.11000000 0.00000000 2.28820203 0.10000000 
-0.10000000 0.00000000 2.30431216 0.10000000 
-0.09000000 0.00000000 2.31822537 0.10000000 
-0.08000000 0.00000000 2.32992599 0.10000000 
-0.07000000 0.00000000 2.33940460 0.10000000 
-0.06000000 0.00000000 2.34665808 0.10000000 
-0.05000000 0.00000000 2.35168945 0.10000000 
-0.04000000 0.00000000 2.35451732 0.10000000 
-0.03000000 0.00000000 2.35515965 0.10000000 
-0.02000000 0.00000000 2.35364077 0.10000000 
-0.01000000 0.00000000 2.34999060 0.10000000 
0.00000000 0.00000000 2.34423435 0.10000000 
0.01000000 0.00000000 2.33640759 0.10000000 
0.02000000 0.00000000 2.32654927 0.10000000 
0.03000000 0.00000000 2.31470134 0.10000000 
0.04000000 0.00000000 2.30090831 0.10000000 
0.05000000 0.00000000 2.28521700 0.10000000 
0.06000000 0.00000000 2.26806053 0.10000000 
0.07000000 0.00000000 2.24916451 0.10000000 
0.08000000 0.00000000 2.22861026 0.10000000 
0.09000000 0.00000000 2.20645348 0.10000000 
0.10000000 0.00000000 2.18236425 0.10000000 
0.11000000 0.00000000 2.15670180 0.10000000 
0.12000000 0.00000000 2.12951559 0.10000000 
0.13000000 0.00000000 2.10085718 0.10000000 
0.14000000 0.00000000 2.07078161 0.10000000 
0.15000000 0.00000000 2.03934875 0.10000000 
0.16000000 0.00000000 2.02174159 0.10000000 
0.17000000 0.00000000 1.98703334 0.10000000 
0.18000000 0.00000000 1.95225669 0.10000000 
0.19000000 0.00000000 1.91630484 0.10000000 
0.20000000 0.00000000 1.86407778 0.10000000 
0.21000000 0.00000000 1.82609938 0.10000000 
0.22000000 0.00000000 1.78738184 0.10000000 
0.23000000 0.00000000 1.74803607 0.10000000 
0.24000000 0.00000000 1.70817452 0.10000000 
0.25000000 0.00000000 1.66790932 0.10000000 
0.26000000 0.00000000 1.62735038 0.10000000 
0.27000000 0.00000000 1.58630672 0.10000000 
0.28000000 0.00000000 1.54525363 0.10000000 
0.29000000 0.00000000 1.50425284 0.10000000 
0.30000000 0.00000000 1.46338789 0.10000000 
0.31000000 0.00000000 1.42303363 0.10000000 
0.32000000 0.00000000 1.38289844 0.10000000 
0.33000000 0.00000000 1.34305237 0.10000000 
0.34000000 0.00000000 1.30356016 0.10000000 
0.35000000 0.00000000 1.26448120 0.10000000 
0.36000000 0.00000000 1.22586967 0.10000000 
0.37000000 0.00000000 1.18777467 0.10000000 
0.38000000 0.00000000 1.15024635 0.10000000 
0.39000000 0.00000000 1.11332177 0.10000000 
0.40000000 0.00000000 1.07703495 0.10000000 
0.41000000 0.00000000 1.04141639 0.10000000 
0.42000000 0.00000000 1.00648746 0.10000000 
0.43000000 0.00000000 0.97227480 0.10000000 
0.44000000 0.00000000 0.93880157 0.10000000 
0.45000000 0.00000000 0.90608766 0.10000000 
0.46000000 0.00000000 0.87414988 0.10000000 
0.47000000 0.00000000 0.84300214 0.10000000 
0.48000000 0.00000000 0.81265564 0.10000000 
0.49000000 0.00000000 0.78311892 0.10000000 
0.50000000 0.00000000 0.75439819 0.10000000 
0.51000000 0.00000000 0.72649744 0.10000000 
0.52000000 0.00000000 0.69941856 0.10000000 
0.53000000 0.00000000 0.67316159 0.10000000 
0.54000000 0.00000000 0.64772460 0.10000000 
0.55000000 0.00000000 0.62310388 0.10000000 
0.56000000 0.00000000 0.59929402 0.10000000 
0.57000000 0.00000000 0.57628808 0.10000000 
0.58000000 0.00000000 0.55407767 0.10000000 
0.59000000 0.00000000 0.53265311 0.10000000 
0.60000000 0.00000000 0.51200352 0.10000000 
0.61000000 0.00000000 0.49211693 0.10000000 
0.62000000 0.00000000 0.47298036 0.10000000 
0.63000000 0.00000000 0.45457999 0.10000000 
0.64000000 0.00000000 0.43690118 0.10000000 
0.65000000 0.00000000 0.41992862 0.10000000 
0.66000000 0.00000000 0.40364640 0.10000000 
0.67000000 0.00000000 0.38803810 0.10000000 
0.68000000 0.00000000 0.37308690 0.10000000 
0.69000000 0.00000000 0.35877561 0.10000000 
0.70000000 0.00000000 0.34508681 0.10000000 
0.71000000 0.00000000 0.33200286 0.10000000 
0.72000000 0.00000000 0.31950604 0.10000000 
0.73000000 0.00000000 0.30757856 0.10000000 
0.74000000 0.00000000 0.29620265 0.10000000 
0.75000000 0.00000000 0.28536061 0.10000000 
0.76000000 0.00000000 0.27503487 0.10000000 
0.77000000 0.00000000 0.26520806 0.10000000 
0.78000000 0.00000000 0.25586304 0.10000000 
0.79000000 0.00000000 0.24698294 0.10000000 
0.80000000 0.00000000 0.23855126 0.10000000 
0.81000000 0.00000000 0.23055183 0.10000000 
0.82000000 0.00000000 0.22296893 0.10000000 
0.83000000 0.00000000 0.21578729 0.10000000 
0.84000000 0.00000000 0.20899214 0.10000000 
0.85000000 0.00000000 0.20256928 0.10000000 
0.86000000 0.00000000 0.19650505 0.10000000 
0.87000000 0.00000000 0.19078644 0.10000000 
0.88000000 0.00000000 0.18540099 0.10000000 
0.89000000 0.00000000 0.18033692 0.10000000 
0.90000000 0.00000000 0.17558315 0.10000000 
0.91000000 0.00000000 0.17112929 0.10000000 
0.92000000 0.00000000 0.16696611 0.10000000 
0.93000000 0.00000000 0.16308501 0.10000000 
0.94000000 0.00000000 0.15947835 0.10000000 
0.95000000 0.00000000 0.15613949 0.10000000 
0.96000000 0.00000000 0.15306280 0.10000000 
0.97000000 0.00000000 0.15024377 0.10000000 
0.98000000 0.00000000 0.14767238 0.10000000 
0.99000000 0.00000000 0.14534760 0.10000000 

