-1.00000000 0.00000000 0.64445379 0.10000000 
-0.99000000 0.00000000 0.64409625 0.10000000 
-0.98000000 0.00000000 0.64404766 0.10000000 
-0.97000000 0.00000000 0.64428405 0.10000000 
-0.96000000 0.00000000 0.64480903 0.10000000 
-0.95000000 0.00000000 0.64562533 0.10000000 
-0.94000000 0.00000000 0.64673571 0.10000000 
-0.93000000 0.00000000 0.64814288 0.10000000 
-0.92000000 0.00000000 0.64878315 0.10000000 
-0.91000000 0.00000000 0.65067161 0.10000000 
-0.90000000 0.00000000 0.65278609 0.10000000 
-0.89000000 0.00000000 0.65519503 0.10000000 
-0.88000000 0.00000000 0.65930748 0.10000000 
-0.87000000 0.00000000 0.66241093 0.10000000 
-0.86000000 0.00000000 0.66587143 0.10000000 
-0.85000000 0.00000000 0.66963775 0.10000000 
-0.84000000 0.00000000 0.67371072 0.10000000 
-0.83000000 0.00000000 0.67809036 0.10000000 
-0.82000000 0.00000000 0.68049230 0.10000000 
-0.81000000 0.00000000 0.68553188 0.10000000 
-0.80000000 0.00000000 0.69073028 0.10000000 
-0.79000000 0.00000000 0.69623576 0.10000000 
-0.78000000 0.00000000 0.70203251 0.10000000 
-0.77000000 0.00000000 0.70810989 0.10000000 
-0.76000000 0.00000000 0.71716380 0.10000000 
-0.75000000 0.00000000 0.72383171 0.10000000 
-0.74000000 0.00000000 0.73074241 0.10000000 
-0.73000000 0.00000000 0.73788228 0.10000000 
-0.72000000 0.00000000 0.74524000 0.10000000 
-0.71000000 0.00000000 0.75284781 0.10000000 
-0.70000000 0.00000000 0.76063935 0.10000000 
-0.69000000 0.00000000 0.76860863 0.10000000 
-0.68000000 0.00000000 0.77664565 0.10000000 
-0.67000000 0.00000000 0.78483079 0.10000000 
-0.66000000 0.00000000 0.79315141 0.10000000 
-0.65000000 0.00000000 0.80155049 0.10000000 
-0.64000000 0.00000000 0.81008798 0.10000000 
-0.63000000 0.00000000 0.81876166 0.10000000 
-0.62000000 0.00000000 0.82766789 0.10000000 
-0.61000000 0.00000000 0.83672733 0.10000000 
-0.60000000 0.00000000 0.84594273 0.10000000 
-0.59000000 0.00000000 0.85531617 0.10000000 
-0.58000000 0.00000000 0.86070629 0.10000000 
-0.57000000 0.00000000 0.87065254 0.10000000 
-0.56000000 0.00000000 0.88045463 0.10000000 
-0.55000000 0.00000000 0.89043550 0.10000000 
-0.54000000 0.00000000 0.90056404 0.10000000 
-0.53000000 0.00000000 0.91083186 0.10000000 
-0.52000000 0.00000000 0.92517844 0.10000000 
-0.51000000 0.00000000 0.93557105 0.10000000 
-0.50000000 0.00000000 0.94612302 0.10000000 
-0.49000000 0.00000000 0.95673815 0.10000000 
-0.48000000 0.00000000 0.96739852 0.10000000 
-0.47000000 0.00000000 0.97816736 0.10000000 
-0.46000000 0.00000000 0.98892447 0.10000000 
-0.45000000 0.00000000 0.99966244 0.10000000 
-0.44000000 0.00000000 1.01036674 0.10000000 
-0.43000000 0.00000000 1.02102402 0.10000000 
-0.42000000 0.00000000 1.02726586 0.10000000 
-0.41000000 0.00000000 1.03814000 0.10000000 
-0.40000000 0.00000000 1.05246424 0.10000000 
-0.39000000 0.00000000 1.06276346 0.10000000 
-0.38000000 0.00000000 1.07296330 0.10000000 
-0.37000000 0.00000000 1.08304871 0.10000000 
-0.36000000 0.00000000 1.09300318 0.10000000 
-0.35000000 0.00000000 1.10281280 0.10000000 
-0.34000000 0.00000000 1.11246383 0.10000000 
-0.33000000 0.00000000 1.12194298 0.10000000 
-0.32000000 0.00000000 1.13123755 0.10000000 
-0.31000000 0.00000000 1.14042075 0.10000000 
-0.30000000 0.00000000 1.14937167 0.10000000 
-0.29000000 0.00000000 1.15801469 0.10000000 
-0.28000000 0.00000000 1.16643501 0.10000000 
-0.27000000 0.00000000 1.17462323 0.10000000 
-0.26000000 0.00000000 1.18257057 0.10000000 
-0.25000000 0.00000000 1.19026892 0.10000000 
-0.24000000 0.00000000 1.19771070 0.10000000 
-0.23000000 0.00000000 1.20488888 0.10000000 
-0.22000000 0.00000000 1.21179698 0.10000000 
-0.21000000 0.00000000 1.21842898 0.10000000 
-0.20000000 0.00000000 1.22477766 0.10000000 
-0.19000000 0.00000000 1.23083872 0.10000000 
-0.18000000 0.00000000 1.23660935 0.10000000 
-0.17000000 0.00000000 1.24208487 0.10000000 
-0.16000000 0.00000000 1.24726098 0.10000000 
-0.15000000 0.00000000 1.25213376 0.10000000 
-0.14000000 0.00000000 1.25669968 0.10000000 
-0.13000000 0.00000000 1.26095556 0.10000000 
-0.12000000 0.00000000 1.26489857 0.10000000 
-0.11000000 0.00000000 1.26852624 0.10000000 
-0.10000000 0.00000000 1.27183637 0.10000000 
-0.09000000 0.00000000 1.27482712 0.10000000 
-0.08000000 0.00000000 1.27749691 0.10000000 
-0.07000000 0.00000000 1.27984438 0.10000000 
-0.06000000 0.00000000 1.28186845 0.10000000 
-0.05000000 0.00000000 1.28356827 0.10000000 
-0.04000000 0.00000000 1.28494471 0.10000000 
-0.03000000 0.00000000 1.28599793 0.10000000 
-0.02000000 0.00000000 1.28672844 0.10000000 
-0.01000000 0.00000000 1.28713707 0.10000000 
0.00000000 0.00000000 1.28722321 0.10000000 
0.01000000 0.00000000 1.28698738 0.10000000 
0.02000000 0.00000000 1.28643011 0.10000000 
0.03000000 0.00000000 1.28555194 0.10000000 
0.04000000 0.00000000 1.28435338 0.10000000 
0.05000000 0.00000000 1.28283489 0.10000000 
0.06000000 0.00000000 1.28105672 0.10000000 
0.07000000 0.00000000 1.27897052 0.10000000 
0.08000000 0.00000000 1.27658149 0.10000000 
0.09000000 0.00000000 1.27389084 0.10000000 
0.10000000 0.00000000 1.27083346 0.10000000 
0.11000000 0.00000000 1.26746053 0.10000000 
0.12000000 0.00000000 1.26377142 0.10000000 
0.13000000 0.00000000 1.25976583 0.10000000 
0.14000000 0.00000000 1.25544399 0.10000000 
0.15000000 0.00000000 1.25080700 0.10000000 
0.16000000 0.00000000 1.24828617 0.10000000 
0.17000000 0.00000000 1.24296779 0.10000000 
0.18000000 0.00000000 1.23751337 0.10000000 
0.19000000 0.00000000 1.23174344 0.10000000 
0.20000000 0.00000000 1.22298446 0.10000000 
0.21000000 0.00000000 1.21654322 0.10000000 
0.22000000 0.00000000 1.20983234 0.10000000 
0.23000000 0.00000000 1.20286348 0.10000000 
0.24000000 0.00000000 1.19564910 0.10000000 
0.25000000 0.00000000 1.18820206 0.10000000 
0.26000000 0.00000000 1.18053543 0.10000000 
0.27000000 0.00000000 1.17261470 0.10000000 
0.28000000 0.00000000 1.16451114 0.10000000 
0.29000000 0.00000000 1.15623213 0.10000000 
0.30000000 0.00000000 1.14778896 0.10000000 
0.31000000 0.00000000 1.13924479 0.10000000 
0.32000000 0.00000000 1.13054777 0.10000000 
0.33000000 0.00000000 1.12170861 0.10000000 
0.34000000 0.00000000 1.11273775 0.10000000 
0.35000000 0.00000000 1.10364540 0.10000000 
0.36000000 0.00000000 1.09444148 0.10000000 
0.37000000 0.00000000 1.08513571 0.10000000 
0.38000000 0.00000000 1.07573851 0.10000000 
0.39000000 0.00000000 1.06625882 0.10000000 
0.40000000 0.00000000 1.05670560 0.10000000 
0.41000000 0.00000000 1.04708777 0.10000000 
0.42000000 0.00000000 1.03741320 0.10000000 
0.43000000 0.00000000 1.02769120 0.10000000 
0.44000000 0.00000000 1.01793095 0.10000000 
0.45000000 0.00000000 1.00814160 0.10000000 
0.46000000 0.00000000 0.99833218 0.10000000 
0.47000000 0.00000000 0.98851171 0.10000000 
0.48000000 0.00000000 0.97868910 0.10000000 
0.49000000 0.00000000 0.96887322 0.10000000 
0.50000000 0.00000000 0.95907288 0.10000000 
0.51000000 0.00000000 0.94929683 0.10000000 
0.52000000 0.00000000 0.93955377 0.10000000 
0.53000000 0.00000000 0.92985236 0.10000000 
0.54000000 0.00000000 0.92020113 0.10000000 
0.55000000 0.00000000 0.91060858 0.10000000 
0.56000000 0.00000000 0.90108306 0.10000000 
0.57000000 0.00000000 0.89163285 0.10000000 
0.58000000 0.00000000 0.88226612 0.10000000 
0.59000000 0.00000000 0.87299092 0.10000000 
0.60000000 0.00000000 0.86381519 0.10000000 
0.61000000 0.00000000 0.85474675 0.10000000 
0.62000000 0.00000000 0.84579328 0.10000000 
0.63000000 0.00000000 0.83696234 0.10000000 
0.64000000 0.00000000 0.82826133 0.10000000 
0.65000000 0.00000000 0.81969755 0.10000000 
0.66000000 0.00000000 0.81127809 0.10000000 
0.67000000 0.00000000 0.80300993 0.10000000 
0.68000000 0.00000000 0.79489988 0.10000000 
0.69000000 0.00000000 0.78695457 0.10000000 
0.70000000 0.00000000 0.77918049 0.10000000 
0.71000000 0.00000000 0.77158393 0.10000000 
0.72000000 0.00000000 0.76417103 0.10000000 
0.73000000 0.00000000 0.75694772 0.10000000 
0.74000000 0.00000000 0.74991976 0.10000000 
0.75000000 0.00000000 0.74309274 0.10000000 
0.76000000 0.00000000 0.73647203 0.10000000 
0.77000000 0.00000000 0.73006282 0.10000000 
0.78000000 0.00000000 0.72387010 0.10000000 
0.79000000 0.00000000 0.71789864 0.10000000 
0.80000000 0.00000000 0.71215301 0.10000000 
0.81000000 0.00000000 0.70663757 0.10000000 
0.82000000 0.00000000 0.70135648 0.10000000 
0.83000000 0.00000000 0.69631368 0.10000000 
0.84000000 0.00000000 0.69151294 0.10000000 
0.85000000 0.00000000 0.68695780 0.10000000 
0.86000000 0.00000000 0.68265163 0.10000000 
0.87000000 0.00000000 0.67859762 0.10000000 
0.88000000 0.00000000 0.67479816 0.10000000 
0.89000000 0.00000000 0.67125577 0.10000000 
0.90000000 0.00000000 0.66797272 0.10000000 
0.91000000 0.00000000 0.66495104 0.10000000 
0.92000000 0.00000000 0.66219339 0.10000000 
0.93000000 0.00000000 0.65970177 0.10000000 
0.94000000 0.00000000 0.65747817 0.10000000 
0.95000000 0.00000000 0.65552451 0.10000000 
0.96000000 0.00000000 0.65384269 0.10000000 
0.97000000 0.00000000 0.65243460 0.10000000 
0.98000000 0.00000000 0.65127644 0.10000000 
0.99000000 0.00000000 0.65038765 0.10000000 

