-1.00000000 0.00000000 0.22657552 0.10000000 
-0.99000000 0.00000000 0.22478404 0.10000000 
-0.98000000 0.00000000 0.22346851 0.10000000 
-0.97000000 0.00000000 0.22260362 0.10000000 
-0.96000000 0.00000000 0.22220079 0.10000000 
-0.95000000 0.00000000 0.22227078 0.10000000 
-0.94000000 0.00000000 0.22282544 0.10000000 
-0.93000000 0.00000000 0.22387759 0.10000000 
-0.92000000 0.00000000 0.22418426 0.10000000 
-0.91000000 0.00000000 0.22600913 0.10000000 
-0.90000000 0.00000000 0.22827778 0.10000000 
-0.89000000 0.00000000 0.23107128 0.10000000 
-0.88000000 0.00000000 0.23639005 0.10000000 
-0.87000000 0.00000000 0.24050625 0.10000000 
-0.86000000 0.00000000 0.24531533 0.10000000 
-0.85000000 0.00000000 0.25074088 0.10000000 
-0.84000000 0.00000000 0.25680136 0.10000000 
-0.83000000 0.00000000 0.26351444 0.10000000 
-0.82000000 0.00000000 0.26706598 0.10000000 
-0.81000000 0.00000000 0.27511078 0.10000000 
-0.80000000 0.00000000 0.28360908 0.10000000 
-0.79000000 0.00000000 0.29283071 0.10000000 
-0.78000000 0.00000000 0.30276714 0.10000000 
-0.77000000 0.00000000 0.31341639 0.10000000 
-0.76000000 0.00000000 0.32996823 0.10000000 
-0.75000000 0.00000000 0.34228559 0.10000000 
-0.74000000 0.00000000 0.35530734 0.10000000 
-0.73000000 0.00000000 0.36902673 0.10000000 
-0.72000000 0.00000000 0.38344336 0.10000000 
-0.71000000 0.00000000 0.39862739 0.10000000 
-0.70000000 0.00000000 0.41448674 0.10000000 
-0.69000000 0.00000000 0.43102724 0.10000000 
-0.68000000 0.00000000 0.44798225 0.10000000 
-0.67000000 0.00000000 0.46558112 0.10000000 
-0.66000000 0.00000000 0.48381007 0.10000000 
-0.65000000 0.00000000 0.50257483 0.10000000 
-0.64000000 0.00000000 0.52200113 0.10000000 
-0.63000000 0.00000000 0.54209879 0.10000000 
-0.62000000 0.00000000 0.56315899 0.10000000 
-0.61000000 0.00000000 0.58496865 0.10000000 
-0.60000000 0.00000000 0.60754850 0.10000000 
-0.59000000 0.00000000 0.63091355 0.10000000 
-0.58000000 0.00000000 0.64409450 0.10000000 
-0.57000000 0.00000000 0.66956356 0.10000000 
-0.56000000 0.00000000 0.69504983 0.10000000 
-0.55000000 0.00000000 0.72139888 0.10000000 
-0.54000000 0.00000000 0.74853124 0.10000000 
-0.53000000 0.00000000 0.77642392 0.10000000 
-0.52000000 0.00000000 0.81637780 0.10000000 
-0.51000000 0.00000000 0.84544902 0.10000000 
-0.50000000 0.00000000 0.87536188 0.10000000 
-0.49000000 0.00000000 0.90580836 0.10000000 
-0.48000000 0.00000000 0.93673223 0.10000000 
-0.47000000 0.00000000 0.96829059 0.10000000 
-0.46000000 0.00000000 1.00015666 0.10000000 
-0.45000000 0.00000000 1.03229632 0.10000000 
-0.44000000 0.00000000 1.06465555 0.10000000 
-0.43000000 0.00000000 1.09718181 0.10000000 
-0.42000000 0.00000000 1.11604380 0.10000000 
-0.41000000 0.00000000 1.14975996 0.10000000 
-0.40000000 0.00000000 1.19490045 0.10000000 
-0.39000000 0.00000000 1.22743086 0.10000000 
-0.38000000 0.00000000 1.25988270 0.10000000 
-0.37000000 0.00000000 1.29219078 0.10000000 
-0.36000000 0.00000000 1.32428510 0.10000000 
-0.35000000 0.00000000 1.35610188 0.10000000 
-0.34000000 0.00000000 1.38757724 0.10000000 
-0.33000000 0.00000000 1.41864838 0.10000000 
-0.32000000 0.00000000 1.44925408 0.10000000 
-0.31000000 0.00000000 1.47960508 0.10000000 
-0.30000000 0.00000000 1.50929882 0.10000000 
-0.29000000 0.00000000 1.53806961 0.10000000 
-0.28000000 0.00000000 1.56616998 0.10000000 
-0.27000000 0.00000000 1.59354974 0.10000000 
-0.26000000 0.00000000 1.62016098 0.10000000 
-0.25000000 0.00000000 1.64595833 0.10000000 
-0.24000000 0.00000000 1.67089877 0.10000000 
-0.23000000 0.00000000 1.69494175 0.10000000 
-0.22000000 0.00000000 1.71804913 0.10000000 
-0.21000000 0.00000000 1.74018520 0.10000000 
-0.20000000 0.00000000 1.76131133 0.10000000 
-0.19000000 0.00000000 1.78139913 0.10000000 
-0.18000000 0.00000000 1.80042618 0.10000000 
-0.17000000 0.00000000 1.81836510 0.10000000 
-0.16000000 0.00000000 1.83519097 0.10000000 
-0.15000000 0.00000000 1.85088125 0.10000000 
-0.14000000 0.00000000 1.86541594 0.10000000 
-0.13000000 0.00000000 1.87877750 0.10000000 
-0.12000000 0.00000000 1.89095086 0.10000000 
-0.11000000 0.00000000 1.90192338 0.10000000 
-0.10000000 0.00000000 1.91168473 0.10000000 
-0.09000000 0.00000000 1.92022698 0.10000000 
-0.08000000 0.00000000 1.92754446 0.10000000 
-0.07000000 0.00000000 1.93363351 0.10000000 
-0.06000000 0.00000000 1.93849268 0.10000000 
-0.05000000 0.00000000 1.94212258 0.10000000 
-0.04000000 0.00000000 1.94453145 0.10000000 
-0.03000000 0.00000000 1.94572582 0.10000000 
-0.02000000 0.00000000 1.94571466 0.10000000 
-0.01000000 0.00000000 1.94450891 0.10000000 
0.00000000 0.00000000 1.94211545 0.10000000 
0.01000000 0.00000000 1.93854613 0.10000000 
0.02000000 0.00000000 1.93381379 0.10000000 
0.03000000 0.00000000 1.92793206 0.10000000 
0.04000000 0.00000000 1.92091526 0.10000000 
0.05000000 0.00000000 1.91277829 0.10000000 
0.06000000 0.00000000 1.90376304 0.10000000 
0.07000000 0.00000000 1.89369677 0.10000000 
0.08000000 0.00000000 1.88261354 0.10000000 
0.09000000 0.00000000 1.87053223 0.10000000 
0.10000000 0.00000000 1.85723478 0.10000000 
0.11000000 0.00000000 1.84292323 0.10000000 
0.12000000 0.00000000 1.82761164 0.10000000 
0.13000000 0.00000000 1.81131540 0.10000000 
0.14000000 0.00000000 1.79405213 0.10000000 
0.15000000 0.00000000 1.77584258 0.10000000 
0.16000000 0.00000000 1.76575201 0.10000000 
0.17000000 0.00000000 1.74536815 0.10000000 
0.18000000 0.00000000 1.72476095 0.10000000 
0.19000000 0.00000000 1.70326519 0.10000000 
0.20000000 0.00000000 1.67147856 0.10000000 
0.21000000 0.00000000 1.64825661 0.10000000 
0.22000000 0.00000000 1.62436789 0.10000000 
0.23000000 0.00000000 1.59986926 0.10000000 
0.24000000 0.00000000 1.57481951 0.10000000 
0.25000000 0.00000000 1.54927829 0.10000000 
0.26000000 0.00000000 1.52330501 0.10000000 
0.27000000 0.00000000 1.49678057 0.10000000 
0.28000000 0.00000000 1.46998251 0.10000000 
0.29000000 0.00000000 1.44294530 0.10000000 
0.30000000 0.00000000 1.41571722 0.10000000 
0.31000000 0.00000000 1.38852852 0.10000000 
0.32000000 0.00000000 1.36119930 0.10000000 
0.33000000 0.00000000 1.33377265 0.10000000 
0.34000000 0.00000000 1.30628952 0.10000000 
0.35000000 0.00000000 1.27878866 0.10000000 
0.36000000 0.00000000 1.25130662 0.10000000 
0.37000000 0.00000000 1.22387787 0.10000000 
0.38000000 0.00000000 1.19653833 0.10000000 
0.39000000 0.00000000 1.16931699 0.10000000 
0.40000000 0.00000000 1.14224177 0.10000000 
0.41000000 0.00000000 1.11533917 0.10000000 
0.42000000 0.00000000 1.08863079 0.10000000 
0.43000000 0.00000000 1.06214210 0.10000000 
0.44000000 0.00000000 1.03589704 0.10000000 
0.45000000 0.00000000 1.00991811 0.10000000 
0.46000000 0.00000000 0.98422641 0.10000000 
0.47000000 0.00000000 0.95884167 0.10000000 
0.48000000 0.00000000 0.93378237 0.10000000 
0.49000000 0.00000000 0.90906564 0.10000000 
0.50000000 0.00000000 0.88470746 0.10000000 
0.51000000 0.00000000 0.86072266 0.10000000 
0.52000000 0.00000000 0.83712494 0.10000000 
0.53000000 0.00000000 0.81392696 0.10000000 
0.54000000 0.00000000 0.79114025 0.10000000 
0.55000000 0.00000000 0.76877525 0.10000000 
0.56000000 0.00000000 0.74684136 0.10000000 
0.57000000 0.00000000 0.72534695 0.10000000 
0.58000000 0.00000000 0.70429944 0.10000000 
0.59000000 0.00000000 0.68370528 0.10000000 
0.60000000 0.00000000 0.66357007 0.10000000 
0.61000000 0.00000000 0.64389852 0.10000000 
0.62000000 0.00000000 0.62469453 0.10000000 
0.63000000 0.00000000 0.60596124 0.10000000 
0.64000000 0.00000000 0.58770104 0.10000000 
0.65000000 0.00000000 0.56991566 0.10000000 
0.66000000 0.00000000 0.55260616 0.10000000 
0.67000000 0.00000000 0.53577303 0.10000000 
0.68000000 0.00000000 0.51941618 0.10000000 
0.69000000 0.00000000 0.50353505 0.10000000 
0.70000000 0.00000000 0.48812861 0.10000000 
0.71000000 0.00000000 0.47319541 0.10000000 
0.72000000 0.00000000 0.45873365 0.10000000 
0.73000000 0.00000000 0.44474121 0.10000000 
0.74000000 0.00000000 0.43121569 0.10000000 
0.75000000 0.00000000 0.41815448 0.10000000 
0.76000000 0.00000000 0.40555477 0.10000000 
0.77000000 0.00000000 0.39341364 0.10000000 
0.78000000 0.00000000 0.38172806 0.10000000 
0.79000000 0.00000000 0.37049492 0.10000000 
0.80000000 0.00000000 0.35971114 0.10000000 
0.81000000 0.00000000 0.34937361 0.10000000 
0.82000000 0.00000000 0.33947936 0.10000000 
0.83000000 0.00000000 0.33002549 0.10000000 
0.84000000 0.00000000 0.32100929 0.10000000 
0.85000000 0.00000000 0.31242823 0.10000000 
0.86000000 0.00000000 0.30428005 0.10000000 
0.87000000 0.00000000 0.29656277 0.10000000 
0.88000000 0.00000000 0.28927406 0.10000000 
0.89000000 0.00000000 0.28241224 0.10000000 
0.90000000 0.00000000 0.27597589 0.10000000 
0.91000000 0.00000000 0.26996391 0.10000000 
0.92000000 0.00000000 0.26437665 0.10000000 
0.93000000 0.00000000 0.25921435 0.10000000 
0.94000000 0.00000000 0.25447790 0.10000000 
0.95000000 0.00000000 0.25016886 0.10000000 
0.96000000 0.00000000 0.24628950 0.10000000 
0.97000000 0.00000000 0.24284289 0.10000000 
0.98000000 0.00000000 0.23980289 0.10000000 
0.99000000 0.00000000 0.23719155 0.10000000 

