-1.00000000 0.00000000 0.10698244 0.10000000 
-0.99000000 0.00000000 0.10636665 0.10000000 
-0.98000000 0.00000000 0.10580751 0.10000000 
-0.97000000 0.00000000 0.10530160 0.10000000 
-0.96000000 0.00000000 0.10484570 0.10000000 
-0.95000000 0.00000000 0.10443705 0.10000000 
-0.94000000 0.00000000 0.10407347 0.10000000 
-0.93000000 0.00000000 0.10375341 0.10000000 
-0.92000000 0.00000000 0.10354280 0.10000000 
-0.91000000 0.00000000 0.10328243 0.10000000 
-0.90000000 0.00000000 0.10306789 0.10000000 
-0.89000000 0.00000000 0.10289324 0.10000000 
-0.88000000 0.00000000 0.10276497 0.10000000 
-0.87000000 0.00000000 0.10269874 0.10000000 
-0.86000000 0.00000000 0.10269404 0.10000000 
-0.85000000 0.00000000 0.10275013 0.10000000 
-0.84000000 0.00000000 0.10287465 0.10000000 
-0.83000000 0.00000000 0.10307687 0.10000000 
-0.82000000 0.00000000 0.10314663 0.10000000 
-0.81000000 0.00000000 0.10349212 0.10000000 
-0.80000000 0.00000000 0.10393340 0.10000000 
-0.79000000 0.00000000 0.10450078 0.10000000 
-0.78000000 0.00000000 0.10521258 0.10000000 
-0.77000000 0.00000000 0.10608683 0.10000000 
-0.76000000 0.00000000 0.10782405 0.10000000 
-0.75000000 0.00000000 0.10923113 0.10000000 
-0.74000000 0.00000000 0.11089982 0.10000000 
-0.73000000 0.00000000 0.11286643 0.10000000 
-0.72000000 0.00000000 0.11517796 0.10000000 
-0.71000000 0.00000000 0.11788738 0.10000000 
-0.70000000 0.00000000 0.12104609 0.10000000 
-0.69000000 0.00000000 0.12471639 0.10000000 
-0.68000000 0.00000000 0.12879652 0.10000000 
-0.67000000 0.00000000 0.13348553 0.10000000 
-0.66000000 0.00000000 0.13884994 0.10000000 
-0.65000000 0.00000000 0.14496074 0.10000000 
-0.64000000 0.00000000 0.15192138 0.10000000 
-0.63000000 0.00000000 0.15983075 0.10000000 
-0.62000000 0.00000000 0.16907759 0.10000000 
-0.61000000 0.00000000 0.17956494 0.10000000 
-0.60000000 0.00000000 0.19143238 0.10000000 
-0.59000000 0.00000000 0.20481361 0.10000000 
-0.58000000 0.00000000 0.21165196 0.10000000 
-0.57000000 0.00000000 0.22809430 0.10000000 
-0.56000000 0.00000000 0.24588884 0.10000000 
-0.55000000 0.00000000 0.26572956 0.10000000 
-0.54000000 0.00000000 0.28770800 0.10000000 
-0.53000000 0.00000000 0.31194889 0.10000000 
-0.52000000 0.00000000 0.35126445 0.10000000 
-0.51000000 0.00000000 0.38073122 0.10000000 
-0.50000000 0.00000000 0.41327411 0.10000000 
-0.49000000 0.00000000 0.44846742 0.10000000 
-0.48000000 0.00000000 0.48638246 0.10000000 
-0.47000000 0.00000000 0.52723571 0.10000000 
-0.46000000 0.00000000 0.57089320 0.10000000 
-0.45000000 0.00000000 0.61739997 0.10000000 
-0.44000000 0.00000000 0.66677115 0.10000000 
-0.43000000 0.00000000 0.71900334 0.10000000 
-0.42000000 0.00000000 0.74757963 0.10000000 
-0.41000000 0.00000000 0.80617475 0.10000000 
-0.40000000 0.00000000 0.89212631 0.10000000 
-0.39000000 0.00000000 0.95515865 0.10000000 
-0.38000000 0.00000000 1.02070210 0.10000000 
-0.37000000 0.00000000 1.08860193 0.10000000 
-0.36000000 0.00000000 1.15867590 0.10000000 
-0.35000000 0.00000000 1.23072298 0.10000000 
-0.34000000 0.00000000 1.30452084 0.10000000 
-0.33000000 0.00000000 1.37982829 0.10000000 
-0.32000000 0.00000000 1.45638748 0.10000000 
-0.31000000 0.00000000 1.53444339 0.10000000 
-0.30000000 0.00000000 1.61307362 0.10000000 
-0.29000000 0.00000000 1.69151880 0.10000000 
-0.28000000 0.00000000 1.77009250 0.10000000 
-0.27000000 0.00000000 1.84848376 0.10000000 
-0.26000000 0.00000000 1.92637640 0.10000000 
-0.25000000 0.00000000 2.00345157 0.10000000 
-0.24000000 0.00000000 2.07939000 0.10000000 
-0.23000000 0.00000000 2.15387451 0.10000000 
-0.22000000 0.00000000 2.22659230 0.10000000 
-0.21000000 0.00000000 2.29723732 0.10000000 
-0.20000000 0.00000000 2.36550233 0.10000000 
-0.19000000 0.00000000 2.43110574 0.10000000 
-0.18000000 0.00000000 2.49378742 0.10000000 
-0.17000000 0.00000000 2.55328768 0.10000000 
-0.16000000 0.00000000 2.60936401 0.10000000 
-0.15000000 0.00000000 2.66179268 0.10000000 
-0.14000000 0.00000000 2.71037072 0.10000000 
-0.13000000 0.00000000 2.75491689 0.10000000 
-0.12000000 0.00000000 2.79527276 0.10000000 
-0.11000000 0.00000000 2.83130355 0.10000000 
-0.10000000 0.00000000 2.86289834 0.10000000 
-0.09000000 0.00000000 2.88997074 0.10000000 
-0.08000000 0.00000000 2.91245860 0.10000000 
-0.07000000 0.00000000 2.93032367 0.10000000 
-0.06000000 0.00000000 2.94355148 0.10000000 
-0.05000000 0.00000000 2.95215065 0.10000000 
-0.04000000 0.00000000 2.95616968 0.10000000 
-0.03000000 0.00000000 2.95566636 0.10000000 
-0.02000000 0.00000000 2.95072034 0.10000000 
-0.01000000 0.00000000 2.94143063 0.10000000 
0.00000000 0.00000000 2.92789758 0.10000000 
0.01000000 0.00000000 2.91024738 0.10000000 
0.02000000 0.00000000 2.88861917 0.10000000 
0.03000000 0.00000000 2.86316320 0.10000000 
0.04000000 0.00000000 2.83403911 0.10000000 
0.05000000 0.00000000 2.80141438 0.10000000 
0.06000000 0.00000000 2.76614189 0.10000000 
0.07000000 0.00000000 2.72781184 0.10000000 
0.08000000 0.00000000 2.68665616 0.10000000 
0.09000000 0.00000000 2.64285990 0.10000000 
0.10000000 0.00000000 2.59597211 0.10000000 
0.11000000 0.00000000 2.54668718 0.10000000 
0.12000000 0.00000000 2.49517655 0.10000000 
0.13000000 0.00000000 2.44161187 0.10000000 
0.14000000 0.00000000 2.38616669 0.10000000 
0.15000000 0.00000000 2.32901816 0.10000000 
0.16000000 0.00000000 2.29646384 0.10000000 
0.17000000 0.00000000 2.23468746 0.10000000 
0.18000000 0.00000000 2.17365724 0.10000000 
0.19000000 0.00000000 2.11146594 0.10000000 
0.20000000 0.00000000 2.02369956 0.10000000 
0.21000000 0.00000000 1.96032261 0.10000000 
0.22000000 0.00000000 1.89665763 0.10000000 
0.23000000 0.00000000 1.83291761 0.10000000 
0.24000000 0.00000000 1.76931120 0.10000000 
0.25000000 0.00000000 1.70603947 0.10000000 
0.26000000 0.00000000 1.64329297 0.10000000 
0.27000000 0.00000000 1.58073431 0.10000000 
0.28000000 0.00000000 1.51918456 0.10000000 
0.29000000 0.00000000 1.45872961 0.10000000 
0.30000000 0.00000000 1.39948920 0.10000000 
0.31000000 0.00000000 1.34205069 0.10000000 
0.32000000 0.00000000 1.28590441 0.10000000 
0.33000000 0.00000000 1.23113469 0.10000000 
0.34000000 0.00000000 1.17781288 0.10000000 
0.35000000 0.00000000 1.12599782 0.10000000 
0.36000000 0.00000000 1.07573642 0.10000000 
0.37000000 0.00000000 1.02706446 0.10000000 
0.38000000 0.00000000 0.98001759 0.10000000 
0.39000000 0.00000000 0.93460699 0.10000000 
0.40000000 0.00000000 0.89083749 0.10000000 
0.41000000 0.00000000 0.84870719 0.10000000 
0.42000000 0.00000000 0.80819862 0.10000000 
0.43000000 0.00000000 0.76930277 0.10000000 
0.44000000 0.00000000 0.73200486 0.10000000 
0.45000000 0.00000000 0.69628506 0.10000000 
0.46000000 0.00000000 0.66211907 0.10000000 
0.47000000 0.00000000 0.62947873 0.10000000 
0.48000000 0.00000000 0.59833252 0.10000000 
0.49000000 0.00000000 0.56864587 0.10000000 
0.50000000 0.00000000 0.54038194 0.10000000 
0.51000000 0.00000000 0.51350197 0.10000000 
0.52000000 0.00000000 0.48796563 0.10000000 
0.53000000 0.00000000 0.46373147 0.10000000 
0.54000000 0.00000000 0.44075694 0.10000000 
0.55000000 0.00000000 0.41899869 0.10000000 
0.56000000 0.00000000 0.39841281 0.10000000 
0.57000000 0.00000000 0.37895516 0.10000000 
0.58000000 0.00000000 0.36058149 0.10000000 
0.59000000 0.00000000 0.34324772 0.10000000 
0.60000000 0.00000000 0.32691009 0.10000000 
0.61000000 0.00000000 0.31152533 0.10000000 
0.62000000 0.00000000 0.29705077 0.10000000 
0.63000000 0.00000000 0.28344449 0.10000000 
0.64000000 0.00000000 0.27066542 0.10000000 
0.65000000 0.00000000 0.25867343 0.10000000 
0.66000000 0.00000000 0.24742940 0.10000000 
0.67000000 0.00000000 0.23689531 0.10000000 
0.68000000 0.00000000 0.22703428 0.10000000 
0.69000000 0.00000000 0.21781061 0.10000000 
0.70000000 0.00000000 0.20918985 0.10000000 
0.71000000 0.00000000 0.20113877 0.10000000 
0.72000000 0.00000000 0.19362539 0.10000000 
0.73000000 0.00000000 0.18661904 0.10000000 
0.74000000 0.00000000 0.18009028 0.10000000 
0.75000000 0.00000000 0.17401095 0.10000000 
0.76000000 0.00000000 0.16835414 0.10000000 
0.77000000 0.00000000 0.16309418 0.10000000 
0.78000000 0.00000000 0.15820661 0.10000000 
0.79000000 0.00000000 0.15366817 0.10000000 
0.80000000 0.00000000 0.14945675 0.10000000 
0.81000000 0.00000000 0.14555139 0.10000000 
0.82000000 0.00000000 0.14193223 0.10000000 
0.83000000 0.00000000 0.13858048 0.10000000 
0.84000000 0.00000000 0.13547839 0.10000000 
0.85000000 0.00000000 0.13260919 0.10000000 
0.86000000 0.00000000 0.12995708 0.10000000 
0.87000000 0.00000000 0.12750721 0.10000000 
0.88000000 0.00000000 0.12524561 0.10000000 
0.89000000 0.00000000 0.12315917 0.10000000 
0.90000000 0.00000000 0.12123559 0.10000000 
0.91000000 0.00000000 0.11946335 0.10000000 
0.92000000 0.00000000 0.11783166 0.10000000 
0.93000000 0.00000000 0.11633047 0.10000000 
0.94000000 0.00000000 0.11495043 0.10000000 
0.95000000 0.00000000 0.11368284 0.10000000 
0.96000000 0.00000000 0.11251965 0.10000000 
0.97000000 0.00000000 0.11145343 0.10000000 
0.98000000 0.00000000 0.11047893 0.10000000 
0.99000000 0.00000000 0.10958814 0.10000000 

