-1.00000000 0.00000000 0.33342643 0.10000000 
-0.99000000 0.00000000 0.33220840 0.10000000 
-0.98000000 0.00000000 0.33151633 0.10000000 
-0.97000000 0.00000000 0.33131561 0.10000000 
-0.96000000 0.00000000 0.33161588 0.10000000 
-0.95000000 0.00000000 0.33242556 0.10000000 
-0.94000000 0.00000000 0.33375351 0.10000000 
-0.93000000 0.00000000 0.33560896 0.10000000 
-0.92000000 0.00000000 0.33636748 0.10000000 
-0.91000000 0.00000000 0.33906165 0.10000000 
-0.90000000 0.00000000 0.34219021 0.10000000 
-0.89000000 0.00000000 0.34585799 0.10000000 
-0.88000000 0.00000000 0.35239136 0.10000000 
-0.87000000 0.00000000 0.35737106 0.10000000 
-0.86000000 0.00000000 0.36303015 0.10000000 
-0.85000000 0.00000000 0.36928190 0.10000000 
-0.84000000 0.00000000 0.37613530 0.10000000 
-0.83000000 0.00000000 0.38359804 0.10000000 
-0.82000000 0.00000000 0.38762876 0.10000000 
-0.81000000 0.00000000 0.39636816 0.10000000 
-0.80000000 0.00000000 0.40547533 0.10000000 
-0.79000000 0.00000000 0.41522231 0.10000000 
-0.78000000 0.00000000 0.42558815 0.10000000 
-0.77000000 0.00000000 0.43656020 0.10000000 
-0.76000000 0.00000000 0.45321091 0.10000000 
-0.75000000 0.00000000 0.46552739 0.10000000 
-0.74000000 0.00000000 0.47840332 0.10000000 
-0.73000000 0.00000000 0.49182038 0.10000000 
-0.72000000 0.00000000 0.50576521 0.10000000 
-0.71000000 0.00000000 0.52030056 0.10000000 
-0.70000000 0.00000000 0.53531568 0.10000000 
-0.69000000 0.00000000 0.55080529 0.10000000 
-0.68000000 0.00000000 0.56653955 0.10000000 
-0.67000000 0.00000000 0.58269855 0.10000000 
-0.66000000 0.00000000 0.59926160 0.10000000 
-0.65000000 0.00000000 0.61612641 0.10000000 
-0.64000000 0.00000000 0.63340867 0.10000000 
-0.63000000 0.00000000 0.65110855 0.10000000 
-0.62000000 0.00000000 0.66944729 0.10000000 
-0.61000000 0.00000000 0.68825085 0.10000000 
-0.60000000 0.00000000 0.70752916 0.10000000 
-0.59000000 0.00000000 0.72728912 0.10000000 
-0.58000000 0.00000000 0.73855580 0.10000000 
-0.57000000 0.00000000 0.75977963 0.10000000 
-0.56000000 0.00000000 0.78083887 0.10000000 
-0.55000000 0.00000000 0.80242878 0.10000000 
-0.54000000 0.00000000 0.82448173 0.10000000 
-0.53000000 0.00000000 0.84697797 0.10000000 
-0.52000000 0.00000000 0.87876113 0.10000000 
-0.51000000 0.00000000 0.90182881 0.10000000 
-0.50000000 0.00000000 0.92538852 0.10000000 
-0.49000000 0.00000000 0.94921232 0.10000000 
-0.48000000 0.00000000 0.97325714 0.10000000 
-0.47000000 0.00000000 0.99765518 0.10000000 
-0.46000000 0.00000000 1.02214191 0.10000000 
-0.45000000 0.00000000 1.04669510 0.10000000 
-0.44000000 0.00000000 1.07127680 0.10000000 
-0.43000000 0.00000000 1.09585110 0.10000000 
-0.42000000 0.00000000 1.11018376 0.10000000 
-0.41000000 0.00000000 1.13542949 0.10000000 
-0.40000000 0.00000000 1.16891056 0.10000000 
-0.39000000 0.00000000 1.19300397 0.10000000 
-0.38000000 0.00000000 1.21693549 0.10000000 
-0.37000000 0.00000000 1.24066316 0.10000000 
-0.36000000 0.00000000 1.26414157 0.10000000 
-0.35000000 0.00000000 1.28733084 0.10000000 
-0.34000000 0.00000000 1.31019132 0.10000000 
-0.33000000 0.00000000 1.33268434 0.10000000 
-0.32000000 0.00000000 1.35477265 0.10000000 
-0.31000000 0.00000000 1.37662027 0.10000000 
-0.30000000 0.00000000 1.39793688 0.10000000 
-0.29000000 0.00000000 1.41853637 0.10000000 
-0.28000000 0.00000000 1.43861231 0.10000000 
-0.27000000 0.00000000 1.45813565 0.10000000 
-0.26000000 0.00000000 1.47707903 0.10000000 
-0.25000000 0.00000000 1.49541674 0.10000000 
-0.24000000 0.00000000 1.51312470 0.10000000 
-0.23000000 0.00000000 1.53018039 0.10000000 
-0.22000000 0.00000000 1.54656283 0.10000000 
-0.21000000 0.00000000 1.56225252 0.10000000 
-0.20000000 0.00000000 1.57722749 0.10000000 
-0.19000000 0.00000000 1.59147296 0.10000000 
-0.18000000 0.00000000 1.60497813 0.10000000 
-0.17000000 0.00000000 1.61772820 0.10000000 
-0.16000000 0.00000000 1.62970966 0.10000000 
-0.15000000 0.00000000 1.64091038 0.10000000 
-0.14000000 0.00000000 1.65131958 0.10000000 
-0.13000000 0.00000000 1.66092780 0.10000000 
-0.12000000 0.00000000 1.66972689 0.10000000 
-0.11000000 0.00000000 1.67770998 0.10000000 
-0.10000000 0.00000000 1.68487140 0.10000000 
-0.09000000 0.00000000 1.69120673 0.10000000 
-0.08000000 0.00000000 1.69671265 0.10000000 
-0.07000000 0.00000000 1.70138687 0.10000000 
-0.06000000 0.00000000 1.70522819 0.10000000 
-0.05000000 0.00000000 1.70823642 0.10000000 
-0.04000000 0.00000000 1.71041622 0.10000000 
-0.03000000 0.00000000 1.71177072 0.10000000 
-0.02000000 0.00000000 1.71230439 0.10000000 
-0.01000000 0.00000000 1.71202273 0.10000000 
0.00000000 0.00000000 1.71092801 0.10000000 
0.01000000 0.00000000 1.70902568 0.10000000 
0.02000000 0.00000000 1.70632153 0.10000000 
0.03000000 0.00000000 1.70282163 0.10000000 
0.04000000 0.00000000 1.69853225 0.10000000 
0.05000000 0.00000000 1.69345981 0.10000000 
0.06000000 0.00000000 1.68776648 0.10000000 
0.07000000 0.00000000 1.68133040 0.10000000 
0.08000000 0.00000000 1.67417070 0.10000000 
0.09000000 0.00000000 1.66629608 0.10000000 
0.10000000 0.00000000 1.65754868 0.10000000 
0.11000000 0.00000000 1.64806455 0.10000000 
0.12000000 0.00000000 1.63784842 0.10000000 
0.13000000 0.00000000 1.62690589 0.10000000 
0.14000000 0.00000000 1.61524405 0.10000000 
0.15000000 0.00000000 1.60287218 0.10000000 
0.16000000 0.00000000 1.59606120 0.10000000 
0.17000000 0.00000000 1.58209624 0.10000000 
0.18000000 0.00000000 1.56790491 0.10000000 
0.19000000 0.00000000 1.55302539 0.10000000 
0.20000000 0.00000000 1.53080352 0.10000000 
0.21000000 0.00000000 1.51452707 0.10000000 
0.22000000 0.00000000 1.49770035 0.10000000 
0.23000000 0.00000000 1.48035861 0.10000000 
0.24000000 0.00000000 1.46253871 0.10000000 
0.25000000 0.00000000 1.44427836 0.10000000 
0.26000000 0.00000000 1.42561538 0.10000000 
0.27000000 0.00000000 1.40646445 0.10000000 
0.28000000 0.00000000 1.38701403 0.10000000 
0.29000000 0.00000000 1.36728581 0.10000000 
0.30000000 0.00000000 1.34731125 0.10000000 
0.31000000 0.00000000 1.32725075 0.10000000 
0.32000000 0.00000000 1.30697611 0.10000000 
0.33000000 0.00000000 1.28651614 0.10000000 
0.34000000 0.00000000 1.26589848 0.10000000 
0.35000000 0.00000000 1.24514961 0.10000000 
0.36000000 0.00000000 1.22429485 0.10000000 
0.37000000 0.00000000 1.20335842 0.10000000 
0.38000000 0.00000000 1.18236593 0.10000000 
0.39000000 0.00000000 1.16133854 0.10000000 
0.40000000 0.00000000 1.14029700 0.10000000 
0.41000000 0.00000000 1.11926145 0.10000000 
0.42000000 0.00000000 1.09824889 0.10000000 
0.43000000 0.00000000 1.07727940 0.10000000 
0.44000000 0.00000000 1.05637231 0.10000000 
0.45000000 0.00000000 1.03554626 0.10000000 
0.46000000 0.00000000 1.01481924 0.10000000 
0.47000000 0.00000000 0.99420860 0.10000000 
0.48000000 0.00000000 0.97373105 0.10000000 
0.49000000 0.00000000 0.95340268 0.10000000 
0.50000000 0.00000000 0.93323904 0.10000000 
0.51000000 0.00000000 0.91325511 0.10000000 
0.52000000 0.00000000 0.89346531 0.10000000 
0.53000000 0.00000000 0.87388360 0.10000000 
0.54000000 0.00000000 0.85452331 0.10000000 
0.55000000 0.00000000 0.83539725 0.10000000 
0.56000000 0.00000000 0.81651766 0.10000000 
0.57000000 0.00000000 0.79789623 0.10000000 
0.58000000 0.00000000 0.77954414 0.10000000 
0.59000000 0.00000000 0.76147205 0.10000000 
0.60000000 0.00000000 0.74369012 0.10000000 
0.61000000 0.00000000 0.72620801 0.10000000 
0.62000000 0.00000000 0.70903491 0.10000000 
0.63000000 0.00000000 0.69217956 0.10000000 
0.64000000 0.00000000 0.67565026 0.10000000 
0.65000000 0.00000000 0.65945484 0.10000000 
0.66000000 0.00000000 0.64360077 0.10000000 
0.67000000 0.00000000 0.62809510 0.10000000 
0.68000000 0.00000000 0.61294451 0.10000000 
0.69000000 0.00000000 0.59815532 0.10000000 
0.70000000 0.00000000 0.58373351 0.10000000 
0.71000000 0.00000000 0.56968476 0.10000000 
0.72000000 0.00000000 0.55601441 0.10000000 
0.73000000 0.00000000 0.54272757 0.10000000 
0.74000000 0.00000000 0.52982903 0.10000000 
0.75000000 0.00000000 0.51732338 0.10000000 
0.76000000 0.00000000 0.50521497 0.10000000 
0.77000000 0.00000000 0.49350794 0.10000000 
0.78000000 0.00000000 0.48220624 0.10000000 
0.79000000 0.00000000 0.47131362 0.10000000 
0.80000000 0.00000000 0.46083369 0.10000000 
0.81000000 0.00000000 0.45076986 0.10000000 
0.82000000 0.00000000 0.44112549 0.10000000 
0.83000000 0.00000000 0.43190378 0.10000000 
0.84000000 0.00000000 0.42310789 0.10000000 
0.85000000 0.00000000 0.41474090 0.10000000 
0.86000000 0.00000000 0.40680585 0.10000000 
0.87000000 0.00000000 0.39930580 0.10000000 
0.88000000 0.00000000 0.39224288 0.10000000 
0.89000000 0.00000000 0.38561967 0.10000000 
0.90000000 0.00000000 0.37943863 0.10000000 
0.91000000 0.00000000 0.37370219 0.10000000 
0.92000000 0.00000000 0.36841405 0.10000000 
0.93000000 0.00000000 0.36357726 0.10000000 
0.94000000 0.00000000 0.35919513 0.10000000 
0.95000000 0.00000000 0.35527122 0.10000000 
0.96000000 0.00000000 0.35180939 0.10000000 
0.97000000 0.00000000 0.34881387 0.10000000 
0.98000000 0.00000000 0.34624999 0.10000000 
0.99000000 0.00000000 0.34414791 0.10000000 

