-1.00000000 0.00000000 0.10877538 0.10000000 
-0.99000000 0.00000000 0.10803542 0.10000000 
-0.98000000 0.00000000 0.10736362 0.10000000 
-0.97000000 0.00000000 0.10675632 0.10000000 
-0.96000000 0.00000000 0.10621039 0.10000000 
-0.95000000 0.00000000 0.10572325 0.10000000 
-0.94000000 0.00000000 0.10529304 0.10000000 
-0.93000000 0.00000000 0.10491870 0.10000000 
-0.92000000 0.00000000 0.10466904 0.10000000 
-0.91000000 0.00000000 0.10437157 0.10000000 
-0.90000000 0.00000000 0.10413413 0.10000000 
-0.89000000 0.00000000 0.10395086 0.10000000 
-0.88000000 0.00000000 0.10385428 0.10000000 
-0.87000000 0.00000000 0.10382193 0.10000000 
-0.86000000 0.00000000 0.10387592 0.10000000 
-0.85000000 0.00000000 0.10401470 0.10000000 
-0.84000000 0.00000000 0.10424866 0.10000000 
-0.83000000 0.00000000 0.10459003 0.10000000 
-0.82000000 0.00000000 0.10472235 0.10000000 
-0.81000000 0.00000000 0.10526318 0.10000000 
-0.80000000 0.00000000 0.10593187 0.10000000 
-0.79000000 0.00000000 0.10676953 0.10000000 
-0.78000000 0.00000000 0.10779805 0.10000000 
-0.77000000 0.00000000 0.10903893 0.10000000 
-0.76000000 0.00000000 0.11143214 0.10000000 
-0.75000000 0.00000000 0.11334754 0.10000000 
-0.74000000 0.00000000 0.11558811 0.10000000 
-0.73000000 0.00000000 0.11819400 0.10000000 
-0.72000000 0.00000000 0.12121653 0.10000000 
-0.71000000 0.00000000 0.12471449 0.10000000 
-0.70000000 0.00000000 0.12874062 0.10000000 
-0.69000000 0.00000000 0.13336053 0.10000000 
-0.68000000 0.00000000 0.13845250 0.10000000 
-0.67000000 0.00000000 0.14423713 0.10000000 
-0.66000000 0.00000000 0.15078095 0.10000000 
-0.65000000 0.00000000 0.15815129 0.10000000 
-0.64000000 0.00000000 0.16645625 0.10000000 
-0.63000000 0.00000000 0.17579361 0.10000000 
-0.62000000 0.00000000 0.18657004 0.10000000 
-0.61000000 0.00000000 0.19866730 0.10000000 
-0.60000000 0.00000000 0.21221930 0.10000000 
-0.59000000 0.00000000 0.22735224 0.10000000 
-0.58000000 0.00000000 0.23517171 0.10000000 
-0.57000000 0.00000000 0.25353586 0.10000000 
-0.56000000 0.00000000 0.27323030 0.10000000 
-0.55000000 0.00000000 0.29500076 0.10000000 
-0.54000000 0.00000000 0.31891530 0.10000000 
-0.53000000 0.00000000 0.34507809 0.10000000 
-0.52000000 0.00000000 0.38691380 0.10000000 
-0.51000000 0.00000000 0.41814207 0.10000000 
-0.50000000 0.00000000 0.45233868 0.10000000 
-0.49000000 0.00000000 0.48905813 0.10000000 
-0.48000000 0.00000000 0.52834400 0.10000000 
-0.47000000 0.00000000 0.57040150 0.10000000 
-0.46000000 0.00000000 0.61504807 0.10000000 
-0.45000000 0.00000000 0.66230411 0.10000000 
-0.44000000 0.00000000 0.71215986 0.10000000 
-0.43000000 0.00000000 0.76458897 0.10000000 
-0.42000000 0.00000000 0.79347661 0.10000000 
-0.41000000 0.00000000 0.85177894 0.10000000 
-0.40000000 0.00000000 0.93638000 0.10000000 
-0.39000000 0.00000000 0.99827146 0.10000000 
-0.38000000 0.00000000 1.06231444 0.10000000 
-0.37000000 0.00000000 1.12834898 0.10000000 
-0.36000000 0.00000000 1.19619115 0.10000000 
-0.35000000 0.00000000 1.26564273 0.10000000 
-0.34000000 0.00000000 1.33648823 0.10000000 
-0.33000000 0.00000000 1.40849735 0.10000000 
-0.32000000 0.00000000 1.48142711 0.10000000 
-0.31000000 0.00000000 1.55553353 0.10000000 
-0.30000000 0.00000000 1.62992275 0.10000000 
-0.29000000 0.00000000 1.70387550 0.10000000 
-0.28000000 0.00000000 1.77772172 0.10000000 
-0.27000000 0.00000000 1.85118247 0.10000000 
-0.26000000 0.00000000 1.92397621 0.10000000 
-0.25000000 0.00000000 1.99582091 0.10000000 
-0.24000000 0.00000000 2.06643592 0.10000000 
-0.23000000 0.00000000 2.13554398 0.10000000 
-0.22000000 0.00000000 2.20287305 0.10000000 
-0.21000000 0.00000000 2.26815817 0.10000000 
-0.20000000 0.00000000 2.33113324 0.10000000 
-0.19000000 0.00000000 2.39155707 0.10000000 
-0.18000000 0.00000000 2.44920855 0.10000000 
-0.17000000 0.00000000 2.50386584 0.10000000 
-0.16000000 0.00000000 2.55532231 0.10000000 
-0.15000000 0.00000000 2.60338785 0.10000000 
-0.14000000 0.00000000 2.64789038 0.10000000 
-0.13000000 0.00000000 2.68867661 0.10000000 
-0.12000000 0.00000000 2.72561285 0.10000000 
-0.11000000 0.00000000 2.75858562 0.10000000 
-0.10000000 0.00000000 2.78750174 0.10000000 
-0.09000000 0.00000000 2.81228887 0.10000000 
-0.08000000 0.00000000 2.83289523 0.10000000 
-0.07000000 0.00000000 2.84928919 0.10000000 
-0.06000000 0.00000000 2.86145926 0.10000000 
-0.05000000 0.00000000 2.86941343 0.10000000 
-0.04000000 0.00000000 2.87319498 0.10000000 
-0.03000000 0.00000000 2.87285407 0.10000000 
-0.02000000 0.00000000 2.86845955 0.10000000 
-0.01000000 0.00000000 2.86009679 0.10000000 
0.00000000 0.00000000 2.84785086 0.10000000 
0.01000000 0.00000000 2.83182979 0.10000000 
0.02000000 0.00000000 2.81215263 0.10000000 
0.03000000 0.00000000 2.78894794 0.10000000 
0.04000000 0.00000000 2.76235237 0.10000000 
0.05000000 0.00000000 2.73250937 0.10000000 
0.06000000 0.00000000 2.70020331 0.10000000 
0.07000000 0.00000000 2.66503908 0.10000000 
0.08000000 0.00000000 2.62722026 0.10000000 
0.09000000 0.00000000 2.58690694 0.10000000 
0.10000000 0.00000000 2.54365828 0.10000000 
0.11000000 0.00000000 2.49811508 0.10000000 
0.12000000 0.00000000 2.45042573 0.10000000 
0.13000000 0.00000000 2.40073962 0.10000000 
0.14000000 0.00000000 2.34920872 0.10000000 
0.15000000 0.00000000 2.29598930 0.10000000 
0.16000000 0.00000000 2.26574687 0.10000000 
0.17000000 0.00000000 2.20803993 0.10000000 
0.18000000 0.00000000 2.15091364 0.10000000 
0.19000000 0.00000000 2.09257885 0.10000000 
0.20000000 0.00000000 2.00990702 0.10000000 
0.21000000 0.00000000 1.95015139 0.10000000 
0.22000000 0.00000000 1.88999569 0.10000000 
0.23000000 0.00000000 1.82963871 0.10000000 
0.24000000 0.00000000 1.76927621 0.10000000 
0.25000000 0.00000000 1.70909785 0.10000000 
0.26000000 0.00000000 1.64928441 0.10000000 
0.27000000 0.00000000 1.58952238 0.10000000 
0.28000000 0.00000000 1.53058422 0.10000000 
0.29000000 0.00000000 1.47255539 0.10000000 
0.30000000 0.00000000 1.41555352 0.10000000 
0.31000000 0.00000000 1.36013968 0.10000000 
0.32000000 0.00000000 1.30583818 0.10000000 
0.33000000 0.00000000 1.25273470 0.10000000 
0.34000000 0.00000000 1.20090311 0.10000000 
0.35000000 0.00000000 1.15040583 0.10000000 
0.36000000 0.00000000 1.10129430 0.10000000 
0.37000000 0.00000000 1.05360964 0.10000000 
0.38000000 0.00000000 1.00739292 0.10000000 
0.39000000 0.00000000 0.96266228 0.10000000 
0.40000000 0.00000000 0.91942990 0.10000000 
0.41000000 0.00000000 0.87770148 0.10000000 
0.42000000 0.00000000 0.83746791 0.10000000 
0.43000000 0.00000000 0.79872788 0.10000000 
0.44000000 0.00000000 0.76147450 0.10000000 
0.45000000 0.00000000 0.72569583 0.10000000 
0.46000000 0.00000000 0.69137547 0.10000000 
0.47000000 0.00000000 0.65849310 0.10000000 
0.48000000 0.00000000 0.62702487 0.10000000 
0.49000000 0.00000000 0.59694378 0.10000000 
0.50000000 0.00000000 0.56822030 0.10000000 
0.51000000 0.00000000 0.54082275 0.10000000 
0.52000000 0.00000000 0.51471759 0.10000000 
0.53000000 0.00000000 0.48986987 0.10000000 
0.54000000 0.00000000 0.46624324 0.10000000 
0.55000000 0.00000000 0.44380022 0.10000000 
0.56000000 0.00000000 0.42250248 0.10000000 
0.57000000 0.00000000 0.40231105 0.10000000 
0.58000000 0.00000000 0.38318659 0.10000000 
0.59000000 0.00000000 0.36508956 0.10000000 
0.60000000 0.00000000 0.34798042 0.10000000 
0.61000000 0.00000000 0.33181975 0.10000000 
0.62000000 0.00000000 0.31656846 0.10000000 
0.63000000 0.00000000 0.30218787 0.10000000 
0.64000000 0.00000000 0.28863984 0.10000000 
0.65000000 0.00000000 0.27588689 0.10000000 
0.66000000 0.00000000 0.26389226 0.10000000 
0.67000000 0.00000000 0.25262002 0.10000000 
0.68000000 0.00000000 0.24203515 0.10000000 
0.69000000 0.00000000 0.23210354 0.10000000 
0.70000000 0.00000000 0.22279210 0.10000000 
0.71000000 0.00000000 0.21406877 0.10000000 
0.72000000 0.00000000 0.20590255 0.10000000 
0.73000000 0.00000000 0.19826352 0.10000000 
0.74000000 0.00000000 0.19112286 0.10000000 
0.75000000 0.00000000 0.18445286 0.10000000 
0.76000000 0.00000000 0.17822691 0.10000000 
0.77000000 0.00000000 0.17241953 0.10000000 
0.78000000 0.00000000 0.16700631 0.10000000 
0.79000000 0.00000000 0.16196395 0.10000000 
0.80000000 0.00000000 0.15727021 0.10000000 
0.81000000 0.00000000 0.15290389 0.10000000 
0.82000000 0.00000000 0.14884483 0.10000000 
0.83000000 0.00000000 0.14507390 0.10000000 
0.84000000 0.00000000 0.14157292 0.10000000 
0.85000000 0.00000000 0.13832467 0.10000000 
0.86000000 0.00000000 0.13531287 0.10000000 
0.87000000 0.00000000 0.13252212 0.10000000 
0.88000000 0.00000000 0.12993795 0.10000000 
0.89000000 0.00000000 0.12754667 0.10000000 
0.90000000 0.00000000 0.12533543 0.10000000 
0.91000000 0.00000000 0.12329215 0.10000000 
0.92000000 0.00000000 0.12140550 0.10000000 
0.93000000 0.00000000 0.11966491 0.10000000 
0.94000000 0.00000000 0.11806051 0.10000000 
0.95000000 0.00000000 0.11658313 0.10000000 
0.96000000 0.00000000 0.11522429 0.10000000 
0.97000000 0.00000000 0.11397618 0.10000000 
0.98000000 0.00000000 0.11283333 0.10000000 
0.99000000 0.00000000 0.11178714 0.10000000 

