-1.00000000 0.00000000 0.68451352 0.10000000 
-0.99000000 0.00000000 0.68420036 0.10000000 
-0.98000000 0.00000000 0.68415613 0.10000000 
-0.97000000 0.00000000 0.68435992 0.10000000 
-0.96000000 0.00000000 0.68481482 0.10000000 
-0.95000000 0.00000000 0.68552308 0.10000000 
-0.94000000 0.00000000 0.68648704 0.10000000 
-0.93000000 0.00000000 0.68770898 0.10000000 
-0.92000000 0.00000000 0.68826484 0.10000000 
-0.91000000 0.00000000 0.68990515 0.10000000 
-0.90000000 0.00000000 0.69174171 0.10000000 
-0.89000000 0.00000000 0.69383389 0.10000000 
-0.88000000 0.00000000 0.69740485 0.10000000 
-0.87000000 0.00000000 0.70009935 0.10000000 
-0.86000000 0.00000000 0.70310336 0.10000000 
-0.85000000 0.00000000 0.70637234 0.10000000 
-0.84000000 0.00000000 0.70990691 0.10000000 
-0.83000000 0.00000000 0.71370699 0.10000000 
-0.82000000 0.00000000 0.71579154 0.10000000 
-0.81000000 0.00000000 0.72016316 0.10000000 
-0.80000000 0.00000000 0.72467175 0.10000000 
-0.79000000 0.00000000 0.72944579 0.10000000 
-0.78000000 0.00000000 0.73447146 0.10000000 
-0.77000000 0.00000000 0.73973944 0.10000000 
-0.76000000 0.00000000 0.74758452 0.10000000 
-0.75000000 0.00000000 0.75336160 0.10000000 
-0.74000000 0.00000000 0.75934791 0.10000000 
-0.73000000 0.00000000 0.76553156 0.10000000 
-0.72000000 0.00000000 0.77190266 0.10000000 
-0.71000000 0.00000000 0.77848909 0.10000000 
-0.70000000 0.00000000 0.78523323 0.10000000 
-0.69000000 0.00000000 0.79212983 0.10000000 
-0.68000000 0.00000000 0.79908388 0.10000000 
-0.67000000 0.00000000 0.80616467 0.10000000 
-0.66000000 0.00000000 0.81336123 0.10000000 
-0.65000000 0.00000000 0.82062415 0.10000000 
-0.64000000 0.00000000 0.82800532 0.10000000 
-0.63000000 0.00000000 0.83550279 0.10000000 
-0.62000000 0.00000000 0.84319964 0.10000000 
-0.61000000 0.00000000 0.85102740 0.10000000 
-0.60000000 0.00000000 0.85898845 0.10000000 
-0.59000000 0.00000000 0.86708458 0.10000000 
-0.58000000 0.00000000 0.87174111 0.10000000 
-0.57000000 0.00000000 0.88032953 0.10000000 
-0.56000000 0.00000000 0.88879218 0.10000000 
-0.55000000 0.00000000 0.89740787 0.10000000 
-0.54000000 0.00000000 0.90614980 0.10000000 
-0.53000000 0.00000000 0.91501078 0.10000000 
-0.52000000 0.00000000 0.92738886 0.10000000 
-0.51000000 0.00000000 0.93635524 0.10000000 
-0.50000000 0.00000000 0.94545813 0.10000000 
-0.49000000 0.00000000 0.95461468 0.10000000 
-0.48000000 0.00000000 0.96380952 0.10000000 
-0.47000000 0.00000000 0.97309729 0.10000000 
-0.46000000 0.00000000 0.98237435 0.10000000 
-0.45000000 0.00000000 0.99163439 0.10000000 
-0.44000000 0.00000000 1.00086498 0.10000000 
-0.43000000 0.00000000 1.01005470 0.10000000 
-0.42000000 0.00000000 1.01543716 0.10000000 
-0.41000000 0.00000000 1.02481336 0.10000000 
-0.40000000 0.00000000 1.03716444 0.10000000 
-0.39000000 0.00000000 1.04604517 0.10000000 
-0.38000000 0.00000000 1.05484042 0.10000000 
-0.37000000 0.00000000 1.06353732 0.10000000 
-0.36000000 0.00000000 1.07212174 0.10000000 
-0.35000000 0.00000000 1.08058179 0.10000000 
-0.34000000 0.00000000 1.08890573 0.10000000 
-0.33000000 0.00000000 1.09708220 0.10000000 
-0.32000000 0.00000000 1.10510035 0.10000000 
-0.31000000 0.00000000 1.11302339 0.10000000 
-0.30000000 0.00000000 1.12074718 0.10000000 
-0.29000000 0.00000000 1.12820660 0.10000000 
-0.28000000 0.00000000 1.13547518 0.10000000 
-0.27000000 0.00000000 1.14254491 0.10000000 
-0.26000000 0.00000000 1.14940829 0.10000000 
-0.25000000 0.00000000 1.15605838 0.10000000 
-0.24000000 0.00000000 1.16248872 0.10000000 
-0.23000000 0.00000000 1.16869329 0.10000000 
-0.22000000 0.00000000 1.17466656 0.10000000 
-0.21000000 0.00000000 1.18040338 0.10000000 
-0.20000000 0.00000000 1.18589755 0.10000000 
-0.19000000 0.00000000 1.19114539 0.10000000 
-0.18000000 0.00000000 1.19614451 0.10000000 
-0.17000000 0.00000000 1.20089086 0.10000000 
-0.16000000 0.00000000 1.20538076 0.10000000 
-0.15000000 0.00000000 1.20961082 0.10000000 
-0.14000000 0.00000000 1.21357796 0.10000000 
-0.13000000 0.00000000 1.21727944 0.10000000 
-0.12000000 0.00000000 1.22071279 0.10000000 
-0.11000000 0.00000000 1.22387583 0.10000000 
-0.10000000 0.00000000 1.22676664 0.10000000 
-0.09000000 0.00000000 1.22938356 0.10000000 
-0.08000000 0.00000000 1.23172517 0.10000000 
-0.07000000 0.00000000 1.23379025 0.10000000 
-0.06000000 0.00000000 1.23557777 0.10000000 
-0.05000000 0.00000000 1.23708695 0.10000000 
-0.04000000 0.00000000 1.23831841 0.10000000 
-0.03000000 0.00000000 1.23927221 0.10000000 
-0.02000000 0.00000000 1.23994869 0.10000000 
-0.01000000 0.00000000 1.24034846 0.10000000 
0.00000000 0.00000000 1.24047089 0.10000000 
0.01000000 0.00000000 1.24031631 0.10000000 
0.02000000 0.00000000 1.23988508 0.10000000 
0.03000000 0.00000000 1.23917754 0.10000000 
0.04000000 0.00000000 1.23819401 0.10000000 
0.05000000 0.00000000 1.23693477 0.10000000 
0.06000000 0.00000000 1.23545122 0.10000000 
0.07000000 0.00000000 1.23370194 0.10000000 
0.08000000 0.00000000 1.23169127 0.10000000 
0.09000000 0.00000000 1.22942013 0.10000000 
0.10000000 0.00000000 1.22683259 0.10000000 
0.11000000 0.00000000 1.22397238 0.10000000 
0.12000000 0.00000000 1.22083886 0.10000000 
0.13000000 0.00000000 1.21743163 0.10000000 
0.14000000 0.00000000 1.21375079 0.10000000 
0.15000000 0.00000000 1.20979718 0.10000000 
0.16000000 0.00000000 1.20765046 0.10000000 
0.17000000 0.00000000 1.20310889 0.10000000 
0.18000000 0.00000000 1.19844733 0.10000000 
0.19000000 0.00000000 1.19351233 0.10000000 
0.20000000 0.00000000 1.18601066 0.10000000 
0.21000000 0.00000000 1.18049238 0.10000000 
0.22000000 0.00000000 1.17473960 0.10000000 
0.23000000 0.00000000 1.16876225 0.10000000 
0.24000000 0.00000000 1.16257090 0.10000000 
0.25000000 0.00000000 1.15617652 0.10000000 
0.26000000 0.00000000 1.14959026 0.10000000 
0.27000000 0.00000000 1.14278255 0.10000000 
0.28000000 0.00000000 1.13581429 0.10000000 
0.29000000 0.00000000 1.12869182 0.10000000 
0.30000000 0.00000000 1.12142477 0.10000000 
0.31000000 0.00000000 1.11406729 0.10000000 
0.32000000 0.00000000 1.10657495 0.10000000 
0.33000000 0.00000000 1.09895692 0.10000000 
0.34000000 0.00000000 1.09122217 0.10000000 
0.35000000 0.00000000 1.08337945 0.10000000 
0.36000000 0.00000000 1.07543732 0.10000000 
0.37000000 0.00000000 1.06740414 0.10000000 
0.38000000 0.00000000 1.05928890 0.10000000 
0.39000000 0.00000000 1.05109932 0.10000000 
0.40000000 0.00000000 1.04284315 0.10000000 
0.41000000 0.00000000 1.03452812 0.10000000 
0.42000000 0.00000000 1.02616107 0.10000000 
0.43000000 0.00000000 1.01775007 0.10000000 
0.44000000 0.00000000 1.00930310 0.10000000 
0.45000000 0.00000000 1.00082811 0.10000000 
0.46000000 0.00000000 0.99233298 0.10000000 
0.47000000 0.00000000 0.98382556 0.10000000 
0.48000000 0.00000000 0.97531363 0.10000000 
0.49000000 0.00000000 0.96680494 0.10000000 
0.50000000 0.00000000 0.95830720 0.10000000 
0.51000000 0.00000000 0.94982807 0.10000000 
0.52000000 0.00000000 0.94137517 0.10000000 
0.53000000 0.00000000 0.93295608 0.10000000 
0.54000000 0.00000000 0.92457832 0.10000000 
0.55000000 0.00000000 0.91624933 0.10000000 
0.56000000 0.00000000 0.90797646 0.10000000 
0.57000000 0.00000000 0.89976700 0.10000000 
0.58000000 0.00000000 0.89162814 0.10000000 
0.59000000 0.00000000 0.88356698 0.10000000 
0.60000000 0.00000000 0.87559051 0.10000000 
0.61000000 0.00000000 0.86770564 0.10000000 
0.62000000 0.00000000 0.85991916 0.10000000 
0.63000000 0.00000000 0.85223773 0.10000000 
0.64000000 0.00000000 0.84466791 0.10000000 
0.65000000 0.00000000 0.83721614 0.10000000 
0.66000000 0.00000000 0.82988870 0.10000000 
0.67000000 0.00000000 0.82269177 0.10000000 
0.68000000 0.00000000 0.81563137 0.10000000 
0.69000000 0.00000000 0.80871339 0.10000000 
0.70000000 0.00000000 0.80194355 0.10000000 
0.71000000 0.00000000 0.79532746 0.10000000 
0.72000000 0.00000000 0.78887052 0.10000000 
0.73000000 0.00000000 0.78257802 0.10000000 
0.74000000 0.00000000 0.77645505 0.10000000 
0.75000000 0.00000000 0.77050655 0.10000000 
0.76000000 0.00000000 0.76473730 0.10000000 
0.77000000 0.00000000 0.75915189 0.10000000 
0.78000000 0.00000000 0.75375473 0.10000000 
0.79000000 0.00000000 0.74855005 0.10000000 
0.80000000 0.00000000 0.74354190 0.10000000 
0.81000000 0.00000000 0.73873413 0.10000000 
0.82000000 0.00000000 0.73413041 0.10000000 
0.83000000 0.00000000 0.72973423 0.10000000 
0.84000000 0.00000000 0.72554890 0.10000000 
0.85000000 0.00000000 0.72157756 0.10000000 
0.86000000 0.00000000 0.71782317 0.10000000 
0.87000000 0.00000000 0.71428852 0.10000000 
0.88000000 0.00000000 0.71097573 0.10000000 
0.89000000 0.00000000 0.70788699 0.10000000 
0.90000000 0.00000000 0.70502430 0.10000000 
0.91000000 0.00000000 0.70238941 0.10000000 
0.92000000 0.00000000 0.69998465 0.10000000 
0.93000000 0.00000000 0.69781175 0.10000000 
0.94000000 0.00000000 0.69587241 0.10000000 
0.95000000 0.00000000 0.69416829 0.10000000 
0.96000000 0.00000000 0.69270101 0.10000000 
0.97000000 0.00000000 0.69147218 0.10000000 
0.98000000 0.00000000 0.69046110 0.10000000 
0.99000000 0.00000000 0.68968461 0.10000000 

