-1.00000000 0.00000000 0.18001597 0.10000000 
-0.99000000 0.00000000 0.17804938 0.10000000 
-0.98000000 0.00000000 0.17647146 0.10000000 
-0.97000000 0.00000000 0.17526525 0.10000000 
-0.96000000 0.00000000 0.17444098 0.10000000 
-0.95000000 0.00000000 0.17400886 0.10000000 
-0.94000000 0.00000000 0.17398064 0.10000000 
-0.93000000 0.00000000 0.17436948 0.10000000 
-0.92000000 0.00000000 0.17433874 0.10000000 
-0.91000000 0.00000000 0.17536232 0.10000000 
-0.90000000 0.00000000 0.17678102 0.10000000 
-0.89000000 0.00000000 0.17865051 0.10000000 
-0.88000000 0.00000000 0.18251016 0.10000000 
-0.87000000 0.00000000 0.18555056 0.10000000 
-0.86000000 0.00000000 0.18921238 0.10000000 
-0.85000000 0.00000000 0.19343608 0.10000000 
-0.84000000 0.00000000 0.19824604 0.10000000 
-0.83000000 0.00000000 0.20366662 0.10000000 
-0.82000000 0.00000000 0.20647540 0.10000000 
-0.81000000 0.00000000 0.21311830 0.10000000 
-0.80000000 0.00000000 0.22023116 0.10000000 
-0.79000000 0.00000000 0.22805383 0.10000000 
-0.78000000 0.00000000 0.23659084 0.10000000 
-0.77000000 0.00000000 0.24585105 0.10000000 
-0.76000000 0.00000000 0.26057836 0.10000000 
-0.75000000 0.00000000 0.27160617 0.10000000 
-0.74000000 0.00000000 0.28339072 0.10000000 
-0.73000000 0.00000000 0.29593870 0.10000000 
-0.72000000 0.00000000 0.30926420 0.10000000 
-0.71000000 0.00000000 0.32343989 0.10000000 
-0.70000000 0.00000000 0.33840290 0.10000000 
-0.69000000 0.00000000 0.35417202 0.10000000 
-0.68000000 0.00000000 0.37047438 0.10000000 
-0.67000000 0.00000000 0.38756681 0.10000000 
-0.66000000 0.00000000 0.40544687 0.10000000 
-0.65000000 0.00000000 0.42404163 0.10000000 
-0.64000000 0.00000000 0.44347668 0.10000000 
-0.63000000 0.00000000 0.46377373 0.10000000 
-0.62000000 0.00000000 0.48526975 0.10000000 
-0.61000000 0.00000000 0.50773664 0.10000000 
-0.60000000 0.00000000 0.53120778 0.10000000 
-0.59000000 0.00000000 0.55570856 0.10000000 
-0.58000000 0.00000000 0.56939364 0.10000000 
-0.57000000 0.00000000 0.59645813 0.10000000 
-0.56000000 0.00000000 0.62375268 0.10000000 
-0.55000000 0.00000000 0.65218884 0.10000000 
-0.54000000 0.00000000 0.68168721 0.10000000 
-0.53000000 0.00000000 0.71222735 0.10000000 
-0.52000000 0.00000000 0.75652710 0.10000000 
-0.51000000 0.00000000 0.78883853 0.10000000 
-0.50000000 0.00000000 0.82231362 0.10000000 
-0.49000000 0.00000000 0.85659047 0.10000000 
-0.48000000 0.00000000 0.89160730 0.10000000 
-0.47000000 0.00000000 0.92753161 0.10000000 
-0.46000000 0.00000000 0.96400924 0.10000000 
-0.45000000 0.00000000 1.00099826 0.10000000 
-0.44000000 0.00000000 1.03843428 0.10000000 
-0.43000000 0.00000000 1.07625325 0.10000000 
-0.42000000 0.00000000 1.09806627 0.10000000 
-0.41000000 0.00000000 1.13759106 0.10000000 
-0.40000000 0.00000000 1.19097808 0.10000000 
-0.39000000 0.00000000 1.22950583 0.10000000 
-0.38000000 0.00000000 1.26809626 0.10000000 
-0.37000000 0.00000000 1.30666450 0.10000000 
-0.36000000 0.00000000 1.34511961 0.10000000 
-0.35000000 0.00000000 1.38337656 0.10000000 
-0.34000000 0.00000000 1.42134964 0.10000000 
-0.33000000 0.00000000 1.45895384 0.10000000 
-0.32000000 0.00000000 1.49610564 0.10000000 
-0.31000000 0.00000000 1.53304342 0.10000000 
-0.30000000 0.00000000 1.56927969 0.10000000 
-0.29000000 0.00000000 1.60448436 0.10000000 
-0.28000000 0.00000000 1.63894704 0.10000000 
-0.27000000 0.00000000 1.67259630 0.10000000 
-0.26000000 0.00000000 1.70536352 0.10000000 
-0.25000000 0.00000000 1.73718310 0.10000000 
-0.24000000 0.00000000 1.76799248 0.10000000 
-0.23000000 0.00000000 1.79773222 0.10000000 
-0.22000000 0.00000000 1.82634610 0.10000000 
-0.21000000 0.00000000 1.85378114 0.10000000 
-0.20000000 0.00000000 1.87998138 0.10000000 
-0.19000000 0.00000000 1.90490343 0.10000000 
-0.18000000 0.00000000 1.92851165 0.10000000 
-0.17000000 0.00000000 1.95076507 0.10000000 
-0.16000000 0.00000000 1.97162624 0.10000000 
-0.15000000 0.00000000 1.99106127 0.10000000 
-0.14000000 0.00000000 2.00903998 0.10000000 
-0.13000000 0.00000000 2.02553589 0.10000000 
-0.12000000 0.00000000 2.04052618 0.10000000 
-0.11000000 0.00000000 2.05399175 0.10000000 
-0.10000000 0.00000000 2.06591700 0.10000000 
-0.09000000 0.00000000 2.07629002 0.10000000 
-0.08000000 0.00000000 2.08510233 0.10000000 
-0.07000000 0.00000000 2.09234870 0.10000000 
-0.06000000 0.00000000 2.09802726 0.10000000 
-0.05000000 0.00000000 2.10213935 0.10000000 
-0.04000000 0.00000000 2.10469653 0.10000000 
-0.03000000 0.00000000 2.10570874 0.10000000 
-0.02000000 0.00000000 2.10518955 0.10000000 
-0.01000000 0.00000000 2.10315556 0.10000000 
0.00000000 0.00000000 2.09961880 0.10000000 
0.01000000 0.00000000 2.09459804 0.10000000 
0.02000000 0.00000000 2.08811373 0.10000000 
0.03000000 0.00000000 2.08018772 0.10000000 
0.04000000 0.00000000 2.07084310 0.10000000 
0.05000000 0.00000000 2.06010403 0.10000000 
0.06000000 0.00000000 2.04827881 0.10000000 
0.07000000 0.00000000 2.03515624 0.10000000 
0.08000000 0.00000000 2.02078503 0.10000000 
0.09000000 0.00000000 2.00519498 0.10000000 
0.10000000 0.00000000 1.98812430 0.10000000 
0.11000000 0.00000000 1.96982983 0.10000000 
0.12000000 0.00000000 1.95033602 0.10000000 
0.13000000 0.00000000 1.92966899 0.10000000 
0.14000000 0.00000000 1.90785764 0.10000000 
0.15000000 0.00000000 1.88493471 0.10000000 
0.16000000 0.00000000 1.87217832 0.10000000 
0.17000000 0.00000000 1.84665592 0.10000000 
0.18000000 0.00000000 1.82094317 0.10000000 
0.19000000 0.00000000 1.79421463 0.10000000 
0.20000000 0.00000000 1.75495850 0.10000000 
0.21000000 0.00000000 1.72633102 0.10000000 
0.22000000 0.00000000 1.69698300 0.10000000 
0.23000000 0.00000000 1.66699003 0.10000000 
0.24000000 0.00000000 1.63642972 0.10000000 
0.25000000 0.00000000 1.60538031 0.10000000 
0.26000000 0.00000000 1.57391928 0.10000000 
0.27000000 0.00000000 1.54190155 0.10000000 
0.28000000 0.00000000 1.50967609 0.10000000 
0.29000000 0.00000000 1.47728772 0.10000000 
0.30000000 0.00000000 1.44479806 0.10000000 
0.31000000 0.00000000 1.41249133 0.10000000 
0.32000000 0.00000000 1.38014735 0.10000000 
0.33000000 0.00000000 1.34782001 0.10000000 
0.34000000 0.00000000 1.31556005 0.10000000 
0.35000000 0.00000000 1.28341499 0.10000000 
0.36000000 0.00000000 1.25142920 0.10000000 
0.37000000 0.00000000 1.21964396 0.10000000 
0.38000000 0.00000000 1.18810197 0.10000000 
0.39000000 0.00000000 1.15683683 0.10000000 
0.40000000 0.00000000 1.12588043 0.10000000 
0.41000000 0.00000000 1.09526251 0.10000000 
0.42000000 0.00000000 1.06500642 0.10000000 
0.43000000 0.00000000 1.03513991 0.10000000 
0.44000000 0.00000000 1.00568850 0.10000000 
0.45000000 0.00000000 0.97667560 0.10000000 
0.46000000 0.00000000 0.94812261 0.10000000 
0.47000000 0.00000000 0.92004898 0.10000000 
0.48000000 0.00000000 0.89247232 0.10000000 
0.49000000 0.00000000 0.86540839 0.10000000 
0.50000000 0.00000000 0.83887130 0.10000000 
0.51000000 0.00000000 0.81287356 0.10000000 
0.52000000 0.00000000 0.78742613 0.10000000 
0.53000000 0.00000000 0.76253853 0.10000000 
0.54000000 0.00000000 0.73821879 0.10000000 
0.55000000 0.00000000 0.71447348 0.10000000 
0.56000000 0.00000000 0.69130780 0.10000000 
0.57000000 0.00000000 0.66872564 0.10000000 
0.58000000 0.00000000 0.64672962 0.10000000 
0.59000000 0.00000000 0.62532121 0.10000000 
0.60000000 0.00000000 0.60450074 0.10000000 
0.61000000 0.00000000 0.58426751 0.10000000 
0.62000000 0.00000000 0.56461979 0.10000000 
0.63000000 0.00000000 0.54555497 0.10000000 
0.64000000 0.00000000 0.52706953 0.10000000 
0.65000000 0.00000000 0.50915919 0.10000000 
0.66000000 0.00000000 0.49181892 0.10000000 
0.67000000 0.00000000 0.47504302 0.10000000 
0.68000000 0.00000000 0.45882519 0.10000000 
0.69000000 0.00000000 0.44315858 0.10000000 
0.70000000 0.00000000 0.42803587 0.10000000 
0.71000000 0.00000000 0.41344934 0.10000000 
0.72000000 0.00000000 0.39939088 0.10000000 
0.73000000 0.00000000 0.38585211 0.10000000 
0.74000000 0.00000000 0.37282441 0.10000000 
0.75000000 0.00000000 0.36029897 0.10000000 
0.76000000 0.00000000 0.34826688 0.10000000 
0.77000000 0.00000000 0.33671916 0.10000000 
0.78000000 0.00000000 0.32564681 0.10000000 
0.79000000 0.00000000 0.31504089 0.10000000 
0.80000000 0.00000000 0.30489254 0.10000000 
0.81000000 0.00000000 0.29519303 0.10000000 
0.82000000 0.00000000 0.28593386 0.10000000 
0.83000000 0.00000000 0.27710678 0.10000000 
0.84000000 0.00000000 0.26870383 0.10000000 
0.85000000 0.00000000 0.26071742 0.10000000 
0.86000000 0.00000000 0.25314036 0.10000000 
0.87000000 0.00000000 0.24596594 0.10000000 
0.88000000 0.00000000 0.23918752 0.10000000 
0.89000000 0.00000000 0.23279914 0.10000000 
0.90000000 0.00000000 0.22679536 0.10000000 
0.91000000 0.00000000 0.22117126 0.10000000 
0.92000000 0.00000000 0.21592335 0.10000000 
0.93000000 0.00000000 0.21104841 0.10000000 
0.94000000 0.00000000 0.20654409 0.10000000 
0.95000000 0.00000000 0.20240895 0.10000000 
0.96000000 0.00000000 0.19864247 0.10000000 
0.97000000 0.00000000 0.19524520 0.10000000 
0.98000000 0.00000000 0.19219855 0.10000000 
0.99000000 0.00000000 0.18951526 0.10000000 

