-1.00000000 0.00000000 0.43899149 0.10000000 
-0.99000000 0.00000000 0.43820529 0.10000000 
-0.98000000 0.00000000 0.43790296 0.10000000 
-0.97000000 0.00000000 0.43804942 0.10000000 
-0.96000000 0.00000000 0.43865190 0.10000000 
-0.95000000 0.00000000 0.43971631 0.10000000 
-0.94000000 0.00000000 0.44124876 0.10000000 
-0.93000000 0.00000000 0.44325545 0.10000000 
-0.92000000 0.00000000 0.44413621 0.10000000 
-0.91000000 0.00000000 0.44690558 0.10000000 
-0.90000000 0.00000000 0.45004886 0.10000000 
-0.89000000 0.00000000 0.45366921 0.10000000 
-0.88000000 0.00000000 0.45995352 0.10000000 
-0.87000000 0.00000000 0.46471483 0.10000000 
-0.86000000 0.00000000 0.47006463 0.10000000 
-0.85000000 0.00000000 0.47592258 0.10000000 
-0.84000000 0.00000000 0.48229289 0.10000000 
-0.83000000 0.00000000 0.48917850 0.10000000 
-0.82000000 0.00000000 0.49293098 0.10000000 
-0.81000000 0.00000000 0.50091228 0.10000000 
-0.80000000 0.00000000 0.50918020 0.10000000 
-0.79000000 0.00000000 0.51797520 0.10000000 
-0.78000000 0.00000000 0.52727456 0.10000000 
-0.77000000 0.00000000 0.53706352 0.10000000 
-0.76000000 0.00000000 0.55176138 0.10000000 
-0.75000000 0.00000000 0.56260571 0.10000000 
-0.74000000 0.00000000 0.57388624 0.10000000 
-0.73000000 0.00000000 0.58558322 0.10000000 
-0.72000000 0.00000000 0.59768086 0.10000000 
-0.71000000 0.00000000 0.61023257 0.10000000 
-0.70000000 0.00000000 0.62313464 0.10000000 
-0.69000000 0.00000000 0.63637924 0.10000000 
-0.68000000 0.00000000 0.64977767 0.10000000 
-0.67000000 0.00000000 0.66347191 0.10000000 
-0.66000000 0.00000000 0.67744216 0.10000000 
-0.65000000 0.00000000 0.69159653 0.10000000 
-0.64000000 0.00000000 0.70603412 0.10000000 
-0.63000000 0.00000000 0.72075262 0.10000000 
-0.62000000 0.00000000 0.73592393 0.10000000 
-0.61000000 0.00000000 0.75140897 0.10000000 
-0.60000000 0.00000000 0.76721367 0.10000000 
-0.59000000 0.00000000 0.78334226 0.10000000 
-0.58000000 0.00000000 0.79258336 0.10000000 
-0.57000000 0.00000000 0.80978719 0.10000000 
-0.56000000 0.00000000 0.82679095 0.10000000 
-0.55000000 0.00000000 0.84415518 0.10000000 
-0.54000000 0.00000000 0.86182535 0.10000000 
-0.53000000 0.00000000 0.87978598 0.10000000 
-0.52000000 0.00000000 0.90499912 0.10000000 
-0.51000000 0.00000000 0.92327775 0.10000000 
-0.50000000 0.00000000 0.94188230 0.10000000 
-0.49000000 0.00000000 0.96063862 0.10000000 
-0.48000000 0.00000000 0.97951377 0.10000000 
-0.47000000 0.00000000 0.99861588 0.10000000 
-0.46000000 0.00000000 1.01773401 0.10000000 
-0.45000000 0.00000000 1.03685285 0.10000000 
-0.44000000 0.00000000 1.05594464 0.10000000 
-0.43000000 0.00000000 1.07498349 0.10000000 
-0.42000000 0.00000000 1.08611611 0.10000000 
-0.41000000 0.00000000 1.10559496 0.10000000 
-0.40000000 0.00000000 1.13131930 0.10000000 
-0.39000000 0.00000000 1.14981999 0.10000000 
-0.38000000 0.00000000 1.16816160 0.10000000 
-0.37000000 0.00000000 1.18631457 0.10000000 
-0.36000000 0.00000000 1.20424674 0.10000000 
-0.35000000 0.00000000 1.22193049 0.10000000 
-0.34000000 0.00000000 1.23933842 0.10000000 
-0.33000000 0.00000000 1.25644394 0.10000000 
-0.32000000 0.00000000 1.27322160 0.10000000 
-0.31000000 0.00000000 1.28980035 0.10000000 
-0.30000000 0.00000000 1.30596034 0.10000000 
-0.29000000 0.00000000 1.32156262 0.10000000 
-0.28000000 0.00000000 1.33675822 0.10000000 
-0.27000000 0.00000000 1.35152787 0.10000000 
-0.26000000 0.00000000 1.36585348 0.10000000 
-0.25000000 0.00000000 1.37971821 0.10000000 
-0.24000000 0.00000000 1.39310634 0.10000000 
-0.23000000 0.00000000 1.40600325 0.10000000 
-0.22000000 0.00000000 1.41839538 0.10000000 
-0.21000000 0.00000000 1.43027021 0.10000000 
-0.20000000 0.00000000 1.44161315 0.10000000 
-0.19000000 0.00000000 1.45241499 0.10000000 
-0.18000000 0.00000000 1.46266942 0.10000000 
-0.17000000 0.00000000 1.47236688 0.10000000 
-0.16000000 0.00000000 1.48149867 0.10000000 
-0.15000000 0.00000000 1.49005693 0.10000000 
-0.14000000 0.00000000 1.49803467 0.10000000 
-0.13000000 0.00000000 1.50542573 0.10000000 
-0.12000000 0.00000000 1.51222474 0.10000000 
-0.11000000 0.00000000 1.51842715 0.10000000 
-0.10000000 0.00000000 1.52402910 0.10000000 
-0.09000000 0.00000000 1.52902751 0.10000000 
-0.08000000 0.00000000 1.53341996 0.10000000 
-0.07000000 0.00000000 1.53720462 0.10000000 
-0.06000000 0.00000000 1.54038028 0.10000000 
-0.05000000 0.00000000 1.54294637 0.10000000 
-0.04000000 0.00000000 1.54490567 0.10000000 
-0.03000000 0.00000000 1.54625973 0.10000000 
-0.02000000 0.00000000 1.54701096 0.10000000 
-0.01000000 0.00000000 1.54716235 0.10000000 
0.00000000 0.00000000 1.54671443 0.10000000 
0.01000000 0.00000000 1.54566990 0.10000000 
0.02000000 0.00000000 1.54403161 0.10000000 
0.03000000 0.00000000 1.54180249 0.10000000 
0.04000000 0.00000000 1.53898552 0.10000000 
0.05000000 0.00000000 1.53558370 0.10000000 
0.06000000 0.00000000 1.53171390 0.10000000 
0.07000000 0.00000000 1.52728558 0.10000000 
0.08000000 0.00000000 1.52231085 0.10000000 
0.09000000 0.00000000 1.51679419 0.10000000 
0.10000000 0.00000000 1.51061626 0.10000000 
0.11000000 0.00000000 1.50387553 0.10000000 
0.12000000 0.00000000 1.49657327 0.10000000 
0.13000000 0.00000000 1.48871133 0.10000000 
0.14000000 0.00000000 1.48029265 0.10000000 
0.15000000 0.00000000 1.47132176 0.10000000 
0.16000000 0.00000000 1.46640763 0.10000000 
0.17000000 0.00000000 1.45621726 0.10000000 
0.18000000 0.00000000 1.44582258 0.10000000 
0.19000000 0.00000000 1.43488358 0.10000000 
0.20000000 0.00000000 1.41843323 0.10000000 
0.21000000 0.00000000 1.40636293 0.10000000 
0.22000000 0.00000000 1.39384246 0.10000000 
0.23000000 0.00000000 1.38089584 0.10000000 
0.24000000 0.00000000 1.36754833 0.10000000 
0.25000000 0.00000000 1.35382597 0.10000000 
0.26000000 0.00000000 1.33975495 0.10000000 
0.27000000 0.00000000 1.32527113 0.10000000 
0.28000000 0.00000000 1.31051128 0.10000000 
0.29000000 0.00000000 1.29549026 0.10000000 
0.30000000 0.00000000 1.28023018 0.10000000 
0.31000000 0.00000000 1.26484948 0.10000000 
0.32000000 0.00000000 1.24925197 0.10000000 
0.33000000 0.00000000 1.23345824 0.10000000 
0.34000000 0.00000000 1.21748816 0.10000000 
0.35000000 0.00000000 1.20136095 0.10000000 
0.36000000 0.00000000 1.18509514 0.10000000 
0.37000000 0.00000000 1.16870860 0.10000000 
0.38000000 0.00000000 1.15222041 0.10000000 
0.39000000 0.00000000 1.13564657 0.10000000 
0.40000000 0.00000000 1.11900296 0.10000000 
0.41000000 0.00000000 1.10230518 0.10000000 
0.42000000 0.00000000 1.08556665 0.10000000 
0.43000000 0.00000000 1.06880328 0.10000000 
0.44000000 0.00000000 1.05203061 0.10000000 
0.45000000 0.00000000 1.03526382 0.10000000 
0.46000000 0.00000000 1.01851780 0.10000000 
0.47000000 0.00000000 1.00180711 0.10000000 
0.48000000 0.00000000 0.98514603 0.10000000 
0.49000000 0.00000000 0.96854854 0.10000000 
0.50000000 0.00000000 0.95202835 0.10000000 
0.51000000 0.00000000 0.93559891 0.10000000 
0.52000000 0.00000000 0.91927342 0.10000000 
0.53000000 0.00000000 0.90306484 0.10000000 
0.54000000 0.00000000 0.88698582 0.10000000 
0.55000000 0.00000000 0.87104873 0.10000000 
0.56000000 0.00000000 0.85526565 0.10000000 
0.57000000 0.00000000 0.83964835 0.10000000 
0.58000000 0.00000000 0.82420834 0.10000000 
0.59000000 0.00000000 0.80895680 0.10000000 
0.60000000 0.00000000 0.79390466 0.10000000 
0.61000000 0.00000000 0.77906253 0.10000000 
0.62000000 0.00000000 0.76444075 0.10000000 
0.63000000 0.00000000 0.75004936 0.10000000 
0.64000000 0.00000000 0.73589813 0.10000000 
0.65000000 0.00000000 0.72199654 0.10000000 
0.66000000 0.00000000 0.70835378 0.10000000 
0.67000000 0.00000000 0.69497879 0.10000000 
0.68000000 0.00000000 0.68188020 0.10000000 
0.69000000 0.00000000 0.66906640 0.10000000 
0.70000000 0.00000000 0.65654550 0.10000000 
0.71000000 0.00000000 0.64432535 0.10000000 
0.72000000 0.00000000 0.63241354 0.10000000 
0.73000000 0.00000000 0.62081740 0.10000000 
0.74000000 0.00000000 0.60954402 0.10000000 
0.75000000 0.00000000 0.59860022 0.10000000 
0.76000000 0.00000000 0.58799261 0.10000000 
0.77000000 0.00000000 0.57772754 0.10000000 
0.78000000 0.00000000 0.56781112 0.10000000 
0.79000000 0.00000000 0.55824922 0.10000000 
0.80000000 0.00000000 0.54904745 0.10000000 
0.81000000 0.00000000 0.54021122 0.10000000 
0.82000000 0.00000000 0.53174571 0.10000000 
0.83000000 0.00000000 0.52365588 0.10000000 
0.84000000 0.00000000 0.51594652 0.10000000 
0.85000000 0.00000000 0.50862220 0.10000000 
0.86000000 0.00000000 0.50168733 0.10000000 
0.87000000 0.00000000 0.49514617 0.10000000 
0.88000000 0.00000000 0.48900190 0.10000000 
0.89000000 0.00000000 0.48325801 0.10000000 
0.90000000 0.00000000 0.47791772 0.10000000 
0.91000000 0.00000000 0.47298402 0.10000000 
0.92000000 0.00000000 0.46846098 0.10000000 
0.93000000 0.00000000 0.46435182 0.10000000 
0.94000000 0.00000000 0.46065985 0.10000000 
0.95000000 0.00000000 0.45738840 0.10000000 
0.96000000 0.00000000 0.45454092 0.10000000 
0.97000000 0.00000000 0.45212099 0.10000000 
0.98000000 0.00000000 0.45009366 0.10000000 
0.99000000 0.00000000 0.44848856 0.10000000 

