-1.00000000 0.00000000 0.11871645 0.10000000 
-0.99000000 0.00000000 0.11745194 0.10000000 
-0.98000000 0.00000000 0.11631745 0.10000000 
-0.97000000 0.00000000 0.11530842 0.10000000 
-0.96000000 0.00000000 0.11442418 0.10000000 
-0.95000000 0.00000000 0.11366490 0.10000000 
-0.94000000 0.00000000 0.11303213 0.10000000 
-0.93000000 0.00000000 0.11252886 0.10000000 
-0.92000000 0.00000000 0.11215853 0.10000000 
-0.91000000 0.00000000 0.11183822 0.10000000 
-0.90000000 0.00000000 0.11165903 0.10000000 
-0.89000000 0.00000000 0.11162114 0.10000000 
-0.88000000 0.00000000 0.11198727 0.10000000 
-0.87000000 0.00000000 0.11234984 0.10000000 
-0.86000000 0.00000000 0.11293833 0.10000000 
-0.85000000 0.00000000 0.11374286 0.10000000 
-0.84000000 0.00000000 0.11478445 0.10000000 
-0.83000000 0.00000000 0.11608636 0.10000000 
-0.82000000 0.00000000 0.11668461 0.10000000 
-0.81000000 0.00000000 0.11848092 0.10000000 
-0.80000000 0.00000000 0.12054756 0.10000000 
-0.79000000 0.00000000 0.12298007 0.10000000 
-0.78000000 0.00000000 0.12580783 0.10000000 
-0.77000000 0.00000000 0.12905978 0.10000000 
-0.76000000 0.00000000 0.13482554 0.10000000 
-0.75000000 0.00000000 0.13929547 0.10000000 
-0.74000000 0.00000000 0.14432249 0.10000000 
-0.73000000 0.00000000 0.14994982 0.10000000 
-0.72000000 0.00000000 0.15623173 0.10000000 
-0.71000000 0.00000000 0.16323982 0.10000000 
-0.70000000 0.00000000 0.17101096 0.10000000 
-0.69000000 0.00000000 0.17960811 0.10000000 
-0.68000000 0.00000000 0.18883789 0.10000000 
-0.67000000 0.00000000 0.19897184 0.10000000 
-0.66000000 0.00000000 0.21006144 0.10000000 
-0.65000000 0.00000000 0.22213893 0.10000000 
-0.64000000 0.00000000 0.23532075 0.10000000 
-0.63000000 0.00000000 0.24968517 0.10000000 
-0.62000000 0.00000000 0.26565871 0.10000000 
-0.61000000 0.00000000 0.28305598 0.10000000 
-0.60000000 0.00000000 0.30197736 0.10000000 
-0.59000000 0.00000000 0.32251180 0.10000000 
-0.58000000 0.00000000 0.33347748 0.10000000 
-0.57000000 0.00000000 0.35746521 0.10000000 
-0.56000000 0.00000000 0.38252057 0.10000000 
-0.55000000 0.00000000 0.40952806 0.10000000 
-0.54000000 0.00000000 0.43847923 0.10000000 
-0.53000000 0.00000000 0.46941331 0.10000000 
-0.52000000 0.00000000 0.51686735 0.10000000 
-0.51000000 0.00000000 0.55190667 0.10000000 
-0.50000000 0.00000000 0.58935952 0.10000000 
-0.49000000 0.00000000 0.62875881 0.10000000 
-0.48000000 0.00000000 0.67007828 0.10000000 
-0.47000000 0.00000000 0.71350098 0.10000000 
-0.46000000 0.00000000 0.75872042 0.10000000 
-0.45000000 0.00000000 0.80570428 0.10000000 
-0.44000000 0.00000000 0.85439147 0.10000000 
-0.43000000 0.00000000 0.90471177 0.10000000 
-0.42000000 0.00000000 0.93300276 0.10000000 
-0.41000000 0.00000000 0.98752030 0.10000000 
-0.40000000 0.00000000 1.06420595 0.10000000 
-0.39000000 0.00000000 1.11994848 0.10000000 
-0.38000000 0.00000000 1.17682249 0.10000000 
-0.37000000 0.00000000 1.23467863 0.10000000 
-0.36000000 0.00000000 1.29335298 0.10000000 
-0.35000000 0.00000000 1.35267886 0.10000000 
-0.34000000 0.00000000 1.41248200 0.10000000 
-0.33000000 0.00000000 1.47258272 0.10000000 
-0.32000000 0.00000000 1.53279761 0.10000000 
-0.31000000 0.00000000 1.59340299 0.10000000 
-0.30000000 0.00000000 1.65363145 0.10000000 
-0.29000000 0.00000000 1.71290691 0.10000000 
-0.28000000 0.00000000 1.77158180 0.10000000 
-0.27000000 0.00000000 1.82947124 0.10000000 
-0.26000000 0.00000000 1.88639242 0.10000000 
-0.25000000 0.00000000 1.94216565 0.10000000 
-0.24000000 0.00000000 1.99661519 0.10000000 
-0.23000000 0.00000000 2.04957015 0.10000000 
-0.22000000 0.00000000 2.10086532 0.10000000 
-0.21000000 0.00000000 2.15034188 0.10000000 
-0.20000000 0.00000000 2.19783908 0.10000000 
-0.19000000 0.00000000 2.24321720 0.10000000 
-0.18000000 0.00000000 2.28635178 0.10000000 
-0.17000000 0.00000000 2.32711452 0.10000000 
-0.16000000 0.00000000 2.36538685 0.10000000 
-0.15000000 0.00000000 2.40106042 0.10000000 
-0.14000000 0.00000000 2.43403788 0.10000000 
-0.13000000 0.00000000 2.46423300 0.10000000 
-0.12000000 0.00000000 2.49157103 0.10000000 
-0.11000000 0.00000000 2.51598896 0.10000000 
-0.10000000 0.00000000 2.53743525 0.10000000 
-0.09000000 0.00000000 2.55587030 0.10000000 
-0.08000000 0.00000000 2.57126599 0.10000000 
-0.07000000 0.00000000 2.58360546 0.10000000 
-0.06000000 0.00000000 2.59288309 0.10000000 
-0.05000000 0.00000000 2.59910418 0.10000000 
-0.04000000 0.00000000 2.60229734 0.10000000 
-0.03000000 0.00000000 2.60249278 0.10000000 
-0.02000000 0.00000000 2.59973168 0.10000000 
-0.01000000 0.00000000 2.59406473 0.10000000 
0.00000000 0.00000000 2.58553903 0.10000000 
0.01000000 0.00000000 2.57421700 0.10000000 
0.02000000 0.00000000 2.56016730 0.10000000 
0.03000000 0.00000000 2.54346402 0.10000000 
0.04000000 0.00000000 2.52418593 0.10000000 
0.05000000 0.00000000 2.50241589 0.10000000 
0.06000000 0.00000000 2.47873860 0.10000000 
0.07000000 0.00000000 2.45281782 0.10000000 
0.08000000 0.00000000 2.42478254 0.10000000 
0.09000000 0.00000000 2.39472830 0.10000000 
0.10000000 0.00000000 2.36226410 0.10000000 
0.11000000 0.00000000 2.32787201 0.10000000 
0.12000000 0.00000000 2.29163974 0.10000000 
0.13000000 0.00000000 2.25365712 0.10000000 
0.14000000 0.00000000 2.21401765 0.10000000 
0.15000000 0.00000000 2.17282004 0.10000000 
0.16000000 0.00000000 2.14958817 0.10000000 
0.17000000 0.00000000 2.10448061 0.10000000 
0.18000000 0.00000000 2.05953778 0.10000000 
0.19000000 0.00000000 2.01334087 0.10000000 
0.20000000 0.00000000 1.94699567 0.10000000 
0.21000000 0.00000000 1.89888922 0.10000000 
0.22000000 0.00000000 1.85013249 0.10000000 
0.23000000 0.00000000 1.80087706 0.10000000 
0.24000000 0.00000000 1.75127464 0.10000000 
0.25000000 0.00000000 1.70147458 0.10000000 
0.26000000 0.00000000 1.65162150 0.10000000 
0.27000000 0.00000000 1.60147117 0.10000000 
0.28000000 0.00000000 1.55163745 0.10000000 
0.29000000 0.00000000 1.50219681 0.10000000 
0.30000000 0.00000000 1.45325253 0.10000000 
0.31000000 0.00000000 1.40527139 0.10000000 
0.32000000 0.00000000 1.35787993 0.10000000 
0.33000000 0.00000000 1.31116008 0.10000000 
0.34000000 0.00000000 1.26518559 0.10000000 
0.35000000 0.00000000 1.22002213 0.10000000 
0.36000000 0.00000000 1.17572755 0.10000000 
0.37000000 0.00000000 1.13235222 0.10000000 
0.38000000 0.00000000 1.08994698 0.10000000 
0.39000000 0.00000000 1.04854501 0.10000000 
0.40000000 0.00000000 1.00817492 0.10000000 
0.41000000 0.00000000 0.96886030 0.10000000 
0.42000000 0.00000000 0.93061279 0.10000000 
0.43000000 0.00000000 0.89345024 0.10000000 
0.44000000 0.00000000 0.85738582 0.10000000 
0.45000000 0.00000000 0.82242839 0.10000000 
0.46000000 0.00000000 0.78858277 0.10000000 
0.47000000 0.00000000 0.75585017 0.10000000 
0.48000000 0.00000000 0.72422841 0.10000000 
0.49000000 0.00000000 0.69371212 0.10000000 
0.50000000 0.00000000 0.66429321 0.10000000 
0.51000000 0.00000000 0.63596111 0.10000000 
0.52000000 0.00000000 0.60870298 0.10000000 
0.53000000 0.00000000 0.58250404 0.10000000 
0.54000000 0.00000000 0.55734750 0.10000000 
0.55000000 0.00000000 0.53321486 0.10000000 
0.56000000 0.00000000 0.51008603 0.10000000 
0.57000000 0.00000000 0.48793956 0.10000000 
0.58000000 0.00000000 0.46675281 0.10000000 
0.59000000 0.00000000 0.44650214 0.10000000 
0.60000000 0.00000000 0.42716305 0.10000000 
0.61000000 0.00000000 0.40871034 0.10000000 
0.62000000 0.00000000 0.39111823 0.10000000 
0.63000000 0.00000000 0.37436051 0.10000000 
0.64000000 0.00000000 0.35841067 0.10000000 
0.65000000 0.00000000 0.34324197 0.10000000 
0.66000000 0.00000000 0.32882761 0.10000000 
0.67000000 0.00000000 0.31514077 0.10000000 
0.68000000 0.00000000 0.30215476 0.10000000 
0.69000000 0.00000000 0.28984306 0.10000000 
0.70000000 0.00000000 0.27817939 0.10000000 
0.71000000 0.00000000 0.26713783 0.10000000 
0.72000000 0.00000000 0.25669284 0.10000000 
0.73000000 0.00000000 0.24681931 0.10000000 
0.74000000 0.00000000 0.23749265 0.10000000 
0.75000000 0.00000000 0.22868880 0.10000000 
0.76000000 0.00000000 0.22038426 0.10000000 
0.77000000 0.00000000 0.21255616 0.10000000 
0.78000000 0.00000000 0.20518228 0.10000000 
0.79000000 0.00000000 0.19824103 0.10000000 
0.80000000 0.00000000 0.19171155 0.10000000 
0.81000000 0.00000000 0.18557363 0.10000000 
0.82000000 0.00000000 0.17980781 0.10000000 
0.83000000 0.00000000 0.17439536 0.10000000 
0.84000000 0.00000000 0.16931827 0.10000000 
0.85000000 0.00000000 0.16455929 0.10000000 
0.86000000 0.00000000 0.16010190 0.10000000 
0.87000000 0.00000000 0.15593037 0.10000000 
0.88000000 0.00000000 0.15202973 0.10000000 
0.89000000 0.00000000 0.14838576 0.10000000 
0.90000000 0.00000000 0.14498497 0.10000000 
0.91000000 0.00000000 0.14181465 0.10000000 
0.92000000 0.00000000 0.13886294 0.10000000 
0.93000000 0.00000000 0.13611875 0.10000000 
0.94000000 0.00000000 0.13357183 0.10000000 
0.95000000 0.00000000 0.13121275 0.10000000 
0.96000000 0.00000000 0.12903295 0.10000000 
0.97000000 0.00000000 0.12702481 0.10000000 
0.98000000 0.00000000 0.12518169 0.10000000 
0.99000000 0.00000000 0.12349563 0.10000000 

