-1.00000000 0.00000000 0.41352181 0.10000000 
-0.99000000 0.00000000 0.41264722 0.10000000 
-0.98000000 0.00000000 0.41227141 0.10000000 
-0.97000000 0.00000000 0.41235885 0.10000000 
-0.96000000 0.00000000 0.41291733 0.10000000 
-0.95000000 0.00000000 0.41395329 0.10000000 
-0.94000000 0.00000000 0.41547346 0.10000000 
-0.93000000 0.00000000 0.41748466 0.10000000 
-0.92000000 0.00000000 0.41835750 0.10000000 
-0.91000000 0.00000000 0.42115671 0.10000000 
-0.90000000 0.00000000 0.42434634 0.10000000 
-0.89000000 0.00000000 0.42803145 0.10000000 
-0.88000000 0.00000000 0.43445756 0.10000000 
-0.87000000 0.00000000 0.43933148 0.10000000 
-0.86000000 0.00000000 0.44481899 0.10000000 
-0.85000000 0.00000000 0.45083738 0.10000000 
-0.84000000 0.00000000 0.45739170 0.10000000 
-0.83000000 0.00000000 0.46448575 0.10000000 
-0.82000000 0.00000000 0.46834551 0.10000000 
-0.81000000 0.00000000 0.47658388 0.10000000 
-0.80000000 0.00000000 0.48512735 0.10000000 
-0.79000000 0.00000000 0.49422561 0.10000000 
-0.78000000 0.00000000 0.50385585 0.10000000 
-0.77000000 0.00000000 0.51400337 0.10000000 
-0.76000000 0.00000000 0.52926942 0.10000000 
-0.75000000 0.00000000 0.54053816 0.10000000 
-0.74000000 0.00000000 0.55227089 0.10000000 
-0.73000000 0.00000000 0.56444775 0.10000000 
-0.72000000 0.00000000 0.57705304 0.10000000 
-0.71000000 0.00000000 0.59014257 0.10000000 
-0.70000000 0.00000000 0.60360968 0.10000000 
-0.69000000 0.00000000 0.61744681 0.10000000 
-0.68000000 0.00000000 0.63145529 0.10000000 
-0.67000000 0.00000000 0.64578570 0.10000000 
-0.66000000 0.00000000 0.66041770 0.10000000 
-0.65000000 0.00000000 0.67525613 0.10000000 
-0.64000000 0.00000000 0.69040440 0.10000000 
-0.63000000 0.00000000 0.70586054 0.10000000 
-0.62000000 0.00000000 0.72180734 0.10000000 
-0.61000000 0.00000000 0.73809763 0.10000000 
-0.60000000 0.00000000 0.75473804 0.10000000 
-0.59000000 0.00000000 0.77173325 0.10000000 
-0.58000000 0.00000000 0.78146214 0.10000000 
-0.57000000 0.00000000 0.79961372 0.10000000 
-0.56000000 0.00000000 0.81756718 0.10000000 
-0.55000000 0.00000000 0.83591451 0.10000000 
-0.54000000 0.00000000 0.85459808 0.10000000 
-0.53000000 0.00000000 0.87360140 0.10000000 
-0.52000000 0.00000000 0.90030988 0.10000000 
-0.51000000 0.00000000 0.91967655 0.10000000 
-0.50000000 0.00000000 0.93940100 0.10000000 
-0.49000000 0.00000000 0.95929743 0.10000000 
-0.48000000 0.00000000 0.97933065 0.10000000 
-0.47000000 0.00000000 0.99961454 0.10000000 
-0.46000000 0.00000000 1.01992582 0.10000000 
-0.45000000 0.00000000 1.04024778 0.10000000 
-0.44000000 0.00000000 1.06055052 0.10000000 
-0.43000000 0.00000000 1.08080608 0.10000000 
-0.42000000 0.00000000 1.09264467 0.10000000 
-0.41000000 0.00000000 1.11338385 0.10000000 
-0.40000000 0.00000000 1.14079331 0.10000000 
-0.39000000 0.00000000 1.16050791 0.10000000 
-0.38000000 0.00000000 1.18005955 0.10000000 
-0.37000000 0.00000000 1.19941618 0.10000000 
-0.36000000 0.00000000 1.21854296 0.10000000 
-0.35000000 0.00000000 1.23740984 0.10000000 
-0.34000000 0.00000000 1.25598698 0.10000000 
-0.33000000 0.00000000 1.27424543 0.10000000 
-0.32000000 0.00000000 1.29215741 0.10000000 
-0.31000000 0.00000000 1.30985972 0.10000000 
-0.30000000 0.00000000 1.32711747 0.10000000 
-0.29000000 0.00000000 1.34378177 0.10000000 
-0.28000000 0.00000000 1.36001311 0.10000000 
-0.27000000 0.00000000 1.37579032 0.10000000 
-0.26000000 0.00000000 1.39109354 0.10000000 
-0.25000000 0.00000000 1.40590426 0.10000000 
-0.24000000 0.00000000 1.42020518 0.10000000 
-0.23000000 0.00000000 1.43398017 0.10000000 
-0.22000000 0.00000000 1.44721431 0.10000000 
-0.21000000 0.00000000 1.45989375 0.10000000 
-0.20000000 0.00000000 1.47200250 0.10000000 
-0.19000000 0.00000000 1.48353034 0.10000000 
-0.18000000 0.00000000 1.49447017 0.10000000 
-0.17000000 0.00000000 1.50481144 0.10000000 
-0.16000000 0.00000000 1.51454457 0.10000000 
-0.15000000 0.00000000 1.52366091 0.10000000 
-0.14000000 0.00000000 1.53215278 0.10000000 
-0.13000000 0.00000000 1.54001341 0.10000000 
-0.12000000 0.00000000 1.54723692 0.10000000 
-0.11000000 0.00000000 1.55381835 0.10000000 
-0.10000000 0.00000000 1.55975349 0.10000000 
-0.09000000 0.00000000 1.56503905 0.10000000 
-0.08000000 0.00000000 1.56967243 0.10000000 
-0.07000000 0.00000000 1.57365172 0.10000000 
-0.06000000 0.00000000 1.57697574 0.10000000 
-0.05000000 0.00000000 1.57964397 0.10000000 
-0.04000000 0.00000000 1.58165957 0.10000000 
-0.03000000 0.00000000 1.58302440 0.10000000 
-0.02000000 0.00000000 1.58374126 0.10000000 
-0.01000000 0.00000000 1.58381362 0.10000000 
0.00000000 0.00000000 1.58324231 0.10000000 
0.01000000 0.00000000 1.58203053 0.10000000 
0.02000000 0.00000000 1.58018169 0.10000000 
0.03000000 0.00000000 1.57769928 0.10000000 
0.04000000 0.00000000 1.57458687 0.10000000 
0.05000000 0.00000000 1.57084808 0.10000000 
0.06000000 0.00000000 1.56660913 0.10000000 
0.07000000 0.00000000 1.56177284 0.10000000 
0.08000000 0.00000000 1.55635271 0.10000000 
0.09000000 0.00000000 1.55035394 0.10000000 
0.10000000 0.00000000 1.54364899 0.10000000 
0.11000000 0.00000000 1.53634405 0.10000000 
0.12000000 0.00000000 1.52844099 0.10000000 
0.13000000 0.00000000 1.51994231 0.10000000 
0.14000000 0.00000000 1.51085169 0.10000000 
0.15000000 0.00000000 1.50117448 0.10000000 
0.16000000 0.00000000 1.49586748 0.10000000 
0.17000000 0.00000000 1.48489046 0.10000000 
0.18000000 0.00000000 1.47370271 0.10000000 
0.19000000 0.00000000 1.46193869 0.10000000 
0.20000000 0.00000000 1.44427436 0.10000000 
0.21000000 0.00000000 1.43131822 0.10000000 
0.22000000 0.00000000 1.41788865 0.10000000 
0.23000000 0.00000000 1.40401189 0.10000000 
0.24000000 0.00000000 1.38971552 0.10000000 
0.25000000 0.00000000 1.37502790 0.10000000 
0.26000000 0.00000000 1.35997757 0.10000000 
0.27000000 0.00000000 1.34449583 0.10000000 
0.28000000 0.00000000 1.32873019 0.10000000 
0.29000000 0.00000000 1.31269684 0.10000000 
0.30000000 0.00000000 1.29641979 0.10000000 
0.31000000 0.00000000 1.28002625 0.10000000 
0.32000000 0.00000000 1.26341325 0.10000000 
0.33000000 0.00000000 1.24660302 0.10000000 
0.34000000 0.00000000 1.22961704 0.10000000 
0.35000000 0.00000000 1.21247601 0.10000000 
0.36000000 0.00000000 1.19519986 0.10000000 
0.37000000 0.00000000 1.17780780 0.10000000 
0.38000000 0.00000000 1.16032027 0.10000000 
0.39000000 0.00000000 1.14275437 0.10000000 
0.40000000 0.00000000 1.12512700 0.10000000 
0.41000000 0.00000000 1.10745475 0.10000000 
0.42000000 0.00000000 1.08975185 0.10000000 
0.43000000 0.00000000 1.07203512 0.10000000 
0.44000000 0.00000000 1.05432094 0.10000000 
0.45000000 0.00000000 1.03662530 0.10000000 
0.46000000 0.00000000 1.01896382 0.10000000 
0.47000000 0.00000000 1.00135172 0.10000000 
0.48000000 0.00000000 0.98380391 0.10000000 
0.49000000 0.00000000 0.96633489 0.10000000 
0.50000000 0.00000000 0.94895888 0.10000000 
0.51000000 0.00000000 0.93168978 0.10000000 
0.52000000 0.00000000 0.91454117 0.10000000 
0.53000000 0.00000000 0.89752634 0.10000000 
0.54000000 0.00000000 0.88065826 0.10000000 
0.55000000 0.00000000 0.86394952 0.10000000 
0.56000000 0.00000000 0.84741240 0.10000000 
0.57000000 0.00000000 0.83105882 0.10000000 
0.58000000 0.00000000 0.81490038 0.10000000 
0.59000000 0.00000000 0.79894835 0.10000000 
0.60000000 0.00000000 0.78321364 0.10000000 
0.61000000 0.00000000 0.76770688 0.10000000 
0.62000000 0.00000000 0.75243835 0.10000000 
0.63000000 0.00000000 0.73741801 0.10000000 
0.64000000 0.00000000 0.72265552 0.10000000 
0.65000000 0.00000000 0.70816021 0.10000000 
0.66000000 0.00000000 0.69394112 0.10000000 
0.67000000 0.00000000 0.68000698 0.10000000 
0.68000000 0.00000000 0.66636624 0.10000000 
0.69000000 0.00000000 0.65302706 0.10000000 
0.70000000 0.00000000 0.63999730 0.10000000 
0.71000000 0.00000000 0.62728458 0.10000000 
0.72000000 0.00000000 0.61489622 0.10000000 
0.73000000 0.00000000 0.60283929 0.10000000 
0.74000000 0.00000000 0.59112060 0.10000000 
0.75000000 0.00000000 0.57974672 0.10000000 
0.76000000 0.00000000 0.56872399 0.10000000 
0.77000000 0.00000000 0.55805849 0.10000000 
0.78000000 0.00000000 0.54775608 0.10000000 
0.79000000 0.00000000 0.53782237 0.10000000 
0.80000000 0.00000000 0.52826276 0.10000000 
0.81000000 0.00000000 0.51908240 0.10000000 
0.82000000 0.00000000 0.51028628 0.10000000 
0.83000000 0.00000000 0.50187918 0.10000000 
0.84000000 0.00000000 0.49386568 0.10000000 
0.85000000 0.00000000 0.48625024 0.10000000 
0.86000000 0.00000000 0.47903711 0.10000000 
0.87000000 0.00000000 0.47223047 0.10000000 
0.88000000 0.00000000 0.46583338 0.10000000 
0.89000000 0.00000000 0.45984929 0.10000000 
0.90000000 0.00000000 0.45428137 0.10000000 
0.91000000 0.00000000 0.44913259 0.10000000 
0.92000000 0.00000000 0.44440707 0.10000000 
0.93000000 0.00000000 0.44010810 0.10000000 
0.94000000 0.00000000 0.43623906 0.10000000 
0.95000000 0.00000000 0.43280343 0.10000000 
0.96000000 0.00000000 0.42980480 0.10000000 
0.97000000 0.00000000 0.42724698 0.10000000 
0.98000000 0.00000000 0.42509454 0.10000000 
0.99000000 0.00000000 0.42337770 0.10000000 

