-1.00000000 0.00000000 0.67501130 0.10000000 
-0.99000000 0.00000000 0.67468825 0.10000000 
-0.98000000 0.00000000 0.67464370 0.10000000 
-0.97000000 0.00000000 0.67485601 0.10000000 
-0.96000000 0.00000000 0.67532839 0.10000000 
-0.95000000 0.00000000 0.67606319 0.10000000 
-0.94000000 0.00000000 0.67706286 0.10000000 
-0.93000000 0.00000000 0.67832976 0.10000000 
-0.92000000 0.00000000 0.67890622 0.10000000 
-0.91000000 0.00000000 0.68060652 0.10000000 
-0.90000000 0.00000000 0.68251014 0.10000000 
-0.89000000 0.00000000 0.68467864 0.10000000 
-0.88000000 0.00000000 0.68837973 0.10000000 
-0.87000000 0.00000000 0.69117247 0.10000000 
-0.86000000 0.00000000 0.69428600 0.10000000 
-0.85000000 0.00000000 0.69767421 0.10000000 
-0.84000000 0.00000000 0.70133774 0.10000000 
-0.83000000 0.00000000 0.70527654 0.10000000 
-0.82000000 0.00000000 0.70743713 0.10000000 
-0.81000000 0.00000000 0.71196846 0.10000000 
-0.80000000 0.00000000 0.71664189 0.10000000 
-0.79000000 0.00000000 0.72159060 0.10000000 
-0.78000000 0.00000000 0.72680031 0.10000000 
-0.77000000 0.00000000 0.73226137 0.10000000 
-0.76000000 0.00000000 0.74039450 0.10000000 
-0.75000000 0.00000000 0.74638381 0.10000000 
-0.74000000 0.00000000 0.75259023 0.10000000 
-0.73000000 0.00000000 0.75900146 0.10000000 
-0.72000000 0.00000000 0.76560726 0.10000000 
-0.71000000 0.00000000 0.77243655 0.10000000 
-0.70000000 0.00000000 0.77942962 0.10000000 
-0.69000000 0.00000000 0.78658104 0.10000000 
-0.68000000 0.00000000 0.79379224 0.10000000 
-0.67000000 0.00000000 0.80113514 0.10000000 
-0.66000000 0.00000000 0.80859837 0.10000000 
-0.65000000 0.00000000 0.81613070 0.10000000 
-0.64000000 0.00000000 0.82378594 0.10000000 
-0.63000000 0.00000000 0.83156206 0.10000000 
-0.62000000 0.00000000 0.83954529 0.10000000 
-0.61000000 0.00000000 0.84766459 0.10000000 
-0.60000000 0.00000000 0.85592240 0.10000000 
-0.59000000 0.00000000 0.86432061 0.10000000 
-0.58000000 0.00000000 0.86915071 0.10000000 
-0.57000000 0.00000000 0.87806004 0.10000000 
-0.56000000 0.00000000 0.88683913 0.10000000 
-0.55000000 0.00000000 0.89577723 0.10000000 
-0.54000000 0.00000000 0.90484653 0.10000000 
-0.53000000 0.00000000 0.91403952 0.10000000 
-0.52000000 0.00000000 0.92688192 0.10000000 
-0.51000000 0.00000000 0.93618467 0.10000000 
-0.50000000 0.00000000 0.94562923 0.10000000 
-0.49000000 0.00000000 0.95512959 0.10000000 
-0.48000000 0.00000000 0.96466979 0.10000000 
-0.47000000 0.00000000 0.97430650 0.10000000 
-0.46000000 0.00000000 0.98393219 0.10000000 
-0.45000000 0.00000000 0.99354028 0.10000000 
-0.44000000 0.00000000 1.00311786 0.10000000 
-0.43000000 0.00000000 1.01265306 0.10000000 
-0.42000000 0.00000000 1.01823786 0.10000000 
-0.41000000 0.00000000 1.02796657 0.10000000 
-0.40000000 0.00000000 1.04078186 0.10000000 
-0.39000000 0.00000000 1.04999630 0.10000000 
-0.38000000 0.00000000 1.05912195 0.10000000 
-0.37000000 0.00000000 1.06814544 0.10000000 
-0.36000000 0.00000000 1.07705207 0.10000000 
-0.35000000 0.00000000 1.08582950 0.10000000 
-0.34000000 0.00000000 1.09446551 0.10000000 
-0.33000000 0.00000000 1.10294830 0.10000000 
-0.32000000 0.00000000 1.11126659 0.10000000 
-0.31000000 0.00000000 1.11948595 0.10000000 
-0.30000000 0.00000000 1.12749830 0.10000000 
-0.29000000 0.00000000 1.13523605 0.10000000 
-0.28000000 0.00000000 1.14277549 0.10000000 
-0.27000000 0.00000000 1.15010827 0.10000000 
-0.26000000 0.00000000 1.15722663 0.10000000 
-0.25000000 0.00000000 1.16412332 0.10000000 
-0.24000000 0.00000000 1.17079163 0.10000000 
-0.23000000 0.00000000 1.17722534 0.10000000 
-0.22000000 0.00000000 1.18341865 0.10000000 
-0.21000000 0.00000000 1.18936625 0.10000000 
-0.20000000 0.00000000 1.19506168 0.10000000 
-0.19000000 0.00000000 1.20050113 0.10000000 
-0.18000000 0.00000000 1.20568210 0.10000000 
-0.17000000 0.00000000 1.21060041 0.10000000 
-0.16000000 0.00000000 1.21525222 0.10000000 
-0.15000000 0.00000000 1.21963403 0.10000000 
-0.14000000 0.00000000 1.22374265 0.10000000 
-0.13000000 0.00000000 1.22757524 0.10000000 
-0.12000000 0.00000000 1.23112923 0.10000000 
-0.11000000 0.00000000 1.23440240 0.10000000 
-0.10000000 0.00000000 1.23739273 0.10000000 
-0.09000000 0.00000000 1.24009855 0.10000000 
-0.08000000 0.00000000 1.24251838 0.10000000 
-0.07000000 0.00000000 1.24465096 0.10000000 
-0.06000000 0.00000000 1.24649527 0.10000000 
-0.05000000 0.00000000 1.24805049 0.10000000 
-0.04000000 0.00000000 1.24931731 0.10000000 
-0.03000000 0.00000000 1.25029580 0.10000000 
-0.02000000 0.00000000 1.25098635 0.10000000 
-0.01000000 0.00000000 1.25138959 0.10000000 
0.00000000 0.00000000 1.25150491 0.10000000 
0.01000000 0.00000000 1.25133268 0.10000000 
0.02000000 0.00000000 1.25087330 0.10000000 
0.03000000 0.00000000 1.25012714 0.10000000 
0.04000000 0.00000000 1.24909456 0.10000000 
0.05000000 0.00000000 1.24777589 0.10000000 
0.06000000 0.00000000 1.24622459 0.10000000 
0.07000000 0.00000000 1.24439761 0.10000000 
0.08000000 0.00000000 1.24229948 0.10000000 
0.09000000 0.00000000 1.23993120 0.10000000 
0.10000000 0.00000000 1.23723467 0.10000000 
0.11000000 0.00000000 1.23425537 0.10000000 
0.12000000 0.00000000 1.23099264 0.10000000 
0.13000000 0.00000000 1.22744611 0.10000000 
0.14000000 0.00000000 1.22361591 0.10000000 
0.15000000 0.00000000 1.21950292 0.10000000 
0.16000000 0.00000000 1.21726904 0.10000000 
0.17000000 0.00000000 1.21254608 0.10000000 
0.18000000 0.00000000 1.20769925 0.10000000 
0.19000000 0.00000000 1.20256903 0.10000000 
0.20000000 0.00000000 1.19477303 0.10000000 
0.21000000 0.00000000 1.18903862 0.10000000 
0.22000000 0.00000000 1.18306136 0.10000000 
0.23000000 0.00000000 1.17685157 0.10000000 
0.24000000 0.00000000 1.17042026 0.10000000 
0.25000000 0.00000000 1.16377886 0.10000000 
0.26000000 0.00000000 1.15693893 0.10000000 
0.27000000 0.00000000 1.14986977 0.10000000 
0.28000000 0.00000000 1.14263469 0.10000000 
0.29000000 0.00000000 1.13524027 0.10000000 
0.30000000 0.00000000 1.12769653 0.10000000 
0.31000000 0.00000000 1.12005973 0.10000000 
0.32000000 0.00000000 1.11228369 0.10000000 
0.33000000 0.00000000 1.10437796 0.10000000 
0.34000000 0.00000000 1.09635184 0.10000000 
0.35000000 0.00000000 1.08821443 0.10000000 
0.36000000 0.00000000 1.07997460 0.10000000 
0.37000000 0.00000000 1.07164104 0.10000000 
0.38000000 0.00000000 1.06322306 0.10000000 
0.39000000 0.00000000 1.05472868 0.10000000 
0.40000000 0.00000000 1.04616593 0.10000000 
0.41000000 0.00000000 1.03754284 0.10000000 
0.42000000 0.00000000 1.02886647 0.10000000 
0.43000000 0.00000000 1.02014519 0.10000000 
0.44000000 0.00000000 1.01138727 0.10000000 
0.45000000 0.00000000 1.00260095 0.10000000 
0.46000000 0.00000000 0.99379438 0.10000000 
0.47000000 0.00000000 0.98497568 0.10000000 
0.48000000 0.00000000 0.97615291 0.10000000 
0.49000000 0.00000000 0.96733410 0.10000000 
0.50000000 0.00000000 0.95852720 0.10000000 
0.51000000 0.00000000 0.94974015 0.10000000 
0.52000000 0.00000000 0.94098082 0.10000000 
0.53000000 0.00000000 0.93225706 0.10000000 
0.54000000 0.00000000 0.92357663 0.10000000 
0.55000000 0.00000000 0.91494722 0.10000000 
0.56000000 0.00000000 0.90637644 0.10000000 
0.57000000 0.00000000 0.89787180 0.10000000 
0.58000000 0.00000000 0.88944074 0.10000000 
0.59000000 0.00000000 0.88109058 0.10000000 
0.60000000 0.00000000 0.87282857 0.10000000 
0.61000000 0.00000000 0.86466181 0.10000000 
0.62000000 0.00000000 0.85659732 0.10000000 
0.63000000 0.00000000 0.84864198 0.10000000 
0.64000000 0.00000000 0.84080257 0.10000000 
0.65000000 0.00000000 0.83308571 0.10000000 
0.66000000 0.00000000 0.82549791 0.10000000 
0.67000000 0.00000000 0.81804552 0.10000000 
0.68000000 0.00000000 0.81073478 0.10000000 
0.69000000 0.00000000 0.80357174 0.10000000 
0.70000000 0.00000000 0.79656233 0.10000000 
0.71000000 0.00000000 0.78971230 0.10000000 
0.72000000 0.00000000 0.78302726 0.10000000 
0.73000000 0.00000000 0.77651264 0.10000000 
0.74000000 0.00000000 0.77017371 0.10000000 
0.75000000 0.00000000 0.76401556 0.10000000 
0.76000000 0.00000000 0.75804312 0.10000000 
0.77000000 0.00000000 0.75226112 0.10000000 
0.78000000 0.00000000 0.74667412 0.10000000 
0.79000000 0.00000000 0.74128648 0.10000000 
0.80000000 0.00000000 0.73610238 0.10000000 
0.81000000 0.00000000 0.73112579 0.10000000 
0.82000000 0.00000000 0.72636051 0.10000000 
0.83000000 0.00000000 0.72181013 0.10000000 
0.84000000 0.00000000 0.71747807 0.10000000 
0.85000000 0.00000000 0.71336758 0.10000000 
0.86000000 0.00000000 0.70948171 0.10000000 
0.87000000 0.00000000 0.70582335 0.10000000 
0.88000000 0.00000000 0.70239469 0.10000000 
0.89000000 0.00000000 0.69919799 0.10000000 
0.90000000 0.00000000 0.69623532 0.10000000 
0.91000000 0.00000000 0.69350851 0.10000000 
0.92000000 0.00000000 0.69101993 0.10000000 
0.93000000 0.00000000 0.68877142 0.10000000 
0.94000000 0.00000000 0.68676472 0.10000000 
0.95000000 0.00000000 0.68500155 0.10000000 
0.96000000 0.00000000 0.68348361 0.10000000 
0.97000000 0.00000000 0.68221257 0.10000000 
0.98000000 0.00000000 0.68116697 0.10000000 
0.99000000 0.00000000 0.68036429 0.10000000 

