-1.00000000 0.00000000 0.47168010 0.10000000 
-0.99000000 0.00000000 0.47099366 0.10000000 
-0.98000000 0.00000000 0.47076884 0.10000000 
-0.97000000 0.00000000 0.47097154 0.10000000 
-0.96000000 0.00000000 0.47160831 0.10000000 
-0.95000000 0.00000000 0.47268441 0.10000000 
-0.94000000 0.00000000 0.47420526 0.10000000 
-0.93000000 0.00000000 0.47617632 0.10000000 
-0.92000000 0.00000000 0.47705127 0.10000000 
-0.91000000 0.00000000 0.47974805 0.10000000 
-0.90000000 0.00000000 0.48279653 0.10000000 
-0.89000000 0.00000000 0.48629637 0.10000000 
-0.88000000 0.00000000 0.49234230 0.10000000 
-0.87000000 0.00000000 0.49691787 0.10000000 
-0.86000000 0.00000000 0.50204788 0.10000000 
-0.85000000 0.00000000 0.50765563 0.10000000 
-0.84000000 0.00000000 0.51374439 0.10000000 
-0.83000000 0.00000000 0.52031625 0.10000000 
-0.82000000 0.00000000 0.52390398 0.10000000 
-0.81000000 0.00000000 0.53150630 0.10000000 
-0.80000000 0.00000000 0.53937254 0.10000000 
-0.79000000 0.00000000 0.54773027 0.10000000 
-0.78000000 0.00000000 0.55655725 0.10000000 
-0.77000000 0.00000000 0.56583888 0.10000000 
-0.76000000 0.00000000 0.57974583 0.10000000 
-0.75000000 0.00000000 0.59000157 0.10000000 
-0.74000000 0.00000000 0.60065940 0.10000000 
-0.73000000 0.00000000 0.61170000 0.10000000 
-0.72000000 0.00000000 0.62310777 0.10000000 
-0.71000000 0.00000000 0.63493296 0.10000000 
-0.70000000 0.00000000 0.64707638 0.10000000 
-0.69000000 0.00000000 0.65953014 0.10000000 
-0.68000000 0.00000000 0.67211826 0.10000000 
-0.67000000 0.00000000 0.68497212 0.10000000 
-0.66000000 0.00000000 0.69807275 0.10000000 
-0.65000000 0.00000000 0.71133302 0.10000000 
-0.64000000 0.00000000 0.72484619 0.10000000 
-0.63000000 0.00000000 0.73860972 0.10000000 
-0.62000000 0.00000000 0.75278220 0.10000000 
-0.61000000 0.00000000 0.76723467 0.10000000 
-0.60000000 0.00000000 0.78197230 0.10000000 
-0.59000000 0.00000000 0.79699883 0.10000000 
-0.58000000 0.00000000 0.80561680 0.10000000 
-0.57000000 0.00000000 0.82162291 0.10000000 
-0.56000000 0.00000000 0.83743061 0.10000000 
-0.55000000 0.00000000 0.85356088 0.10000000 
-0.54000000 0.00000000 0.86996311 0.10000000 
-0.53000000 0.00000000 0.88662307 0.10000000 
-0.52000000 0.00000000 0.90998067 0.10000000 
-0.51000000 0.00000000 0.92691040 0.10000000 
-0.50000000 0.00000000 0.94413037 0.10000000 
-0.49000000 0.00000000 0.96148051 0.10000000 
-0.48000000 0.00000000 0.97893057 0.10000000 
-0.47000000 0.00000000 0.99658140 0.10000000 
-0.46000000 0.00000000 1.01423745 0.10000000 
-0.45000000 0.00000000 1.03188500 0.10000000 
-0.44000000 0.00000000 1.04949884 0.10000000 
-0.43000000 0.00000000 1.06705551 0.10000000 
-0.42000000 0.00000000 1.07732642 0.10000000 
-0.41000000 0.00000000 1.09527465 0.10000000 
-0.40000000 0.00000000 1.11895896 0.10000000 
-0.39000000 0.00000000 1.13599079 0.10000000 
-0.38000000 0.00000000 1.15287031 0.10000000 
-0.37000000 0.00000000 1.16957086 0.10000000 
-0.36000000 0.00000000 1.18606340 0.10000000 
-0.35000000 0.00000000 1.20232307 0.10000000 
-0.34000000 0.00000000 1.21832526 0.10000000 
-0.33000000 0.00000000 1.23404611 0.10000000 
-0.32000000 0.00000000 1.24946278 0.10000000 
-0.31000000 0.00000000 1.26469458 0.10000000 
-0.30000000 0.00000000 1.27953971 0.10000000 
-0.29000000 0.00000000 1.29387099 0.10000000 
-0.28000000 0.00000000 1.30782793 0.10000000 
-0.27000000 0.00000000 1.32139335 0.10000000 
-0.26000000 0.00000000 1.33455116 0.10000000 
-0.25000000 0.00000000 1.34728638 0.10000000 
-0.24000000 0.00000000 1.35958507 0.10000000 
-0.23000000 0.00000000 1.37143424 0.10000000 
-0.22000000 0.00000000 1.38282190 0.10000000 
-0.21000000 0.00000000 1.39373694 0.10000000 
-0.20000000 0.00000000 1.40416635 0.10000000 
-0.19000000 0.00000000 1.41410204 0.10000000 
-0.18000000 0.00000000 1.42353854 0.10000000 
-0.17000000 0.00000000 1.43246736 0.10000000 
-0.16000000 0.00000000 1.44088077 0.10000000 
-0.15000000 0.00000000 1.44877179 0.10000000 
-0.14000000 0.00000000 1.45613419 0.10000000 
-0.13000000 0.00000000 1.46296246 0.10000000 
-0.12000000 0.00000000 1.46925179 0.10000000 
-0.11000000 0.00000000 1.47499809 0.10000000 
-0.10000000 0.00000000 1.48019785 0.10000000 
-0.09000000 0.00000000 1.48484827 0.10000000 
-0.08000000 0.00000000 1.48894708 0.10000000 
-0.07000000 0.00000000 1.49249253 0.10000000 
-0.06000000 0.00000000 1.49548343 0.10000000 
-0.05000000 0.00000000 1.49791911 0.10000000 
-0.04000000 0.00000000 1.49980192 0.10000000 
-0.03000000 0.00000000 1.50113309 0.10000000 
-0.02000000 0.00000000 1.50191457 0.10000000 
-0.01000000 0.00000000 1.50214886 0.10000000 
0.00000000 0.00000000 1.50183613 0.10000000 
0.01000000 0.00000000 1.50097855 0.10000000 
0.02000000 0.00000000 1.49957839 0.10000000 
0.03000000 0.00000000 1.49763797 0.10000000 
0.04000000 0.00000000 1.49515962 0.10000000 
0.05000000 0.00000000 1.49214568 0.10000000 
0.06000000 0.00000000 1.48870210 0.10000000 
0.07000000 0.00000000 1.48474617 0.10000000 
0.08000000 0.00000000 1.48028852 0.10000000 
0.09000000 0.00000000 1.47533279 0.10000000 
0.10000000 0.00000000 1.46976954 0.10000000 
0.11000000 0.00000000 1.46368813 0.10000000 
0.12000000 0.00000000 1.45708923 0.10000000 
0.13000000 0.00000000 1.44997404 0.10000000 
0.14000000 0.00000000 1.44234476 0.10000000 
0.15000000 0.00000000 1.43420499 0.10000000 
0.16000000 0.00000000 1.42975228 0.10000000 
0.17000000 0.00000000 1.42048979 0.10000000 
0.18000000 0.00000000 1.41103200 0.10000000 
0.19000000 0.00000000 1.40106916 0.10000000 
0.20000000 0.00000000 1.38605954 0.10000000 
0.21000000 0.00000000 1.37504142 0.10000000 
0.22000000 0.00000000 1.36360245 0.10000000 
0.23000000 0.00000000 1.35176410 0.10000000 
0.24000000 0.00000000 1.33954902 0.10000000 
0.25000000 0.00000000 1.32698053 0.10000000 
0.26000000 0.00000000 1.31408218 0.10000000 
0.27000000 0.00000000 1.30079525 0.10000000 
0.28000000 0.00000000 1.28724394 0.10000000 
0.29000000 0.00000000 1.27344155 0.10000000 
0.30000000 0.00000000 1.25940803 0.10000000 
0.31000000 0.00000000 1.24525140 0.10000000 
0.32000000 0.00000000 1.23088364 0.10000000 
0.33000000 0.00000000 1.21632339 0.10000000 
0.34000000 0.00000000 1.20158868 0.10000000 
0.35000000 0.00000000 1.18669698 0.10000000 
0.36000000 0.00000000 1.17166516 0.10000000 
0.37000000 0.00000000 1.15650956 0.10000000 
0.38000000 0.00000000 1.14124764 0.10000000 
0.39000000 0.00000000 1.12589409 0.10000000 
0.40000000 0.00000000 1.11046355 0.10000000 
0.41000000 0.00000000 1.09497041 0.10000000 
0.42000000 0.00000000 1.07942717 0.10000000 
0.43000000 0.00000000 1.06384859 0.10000000 
0.44000000 0.00000000 1.04824913 0.10000000 
0.45000000 0.00000000 1.03264300 0.10000000 
0.46000000 0.00000000 1.01704416 0.10000000 
0.47000000 0.00000000 1.00146631 0.10000000 
0.48000000 0.00000000 0.98592294 0.10000000 
0.49000000 0.00000000 0.97042728 0.10000000 
0.50000000 0.00000000 0.95499237 0.10000000 
0.51000000 0.00000000 0.93963104 0.10000000 
0.52000000 0.00000000 0.92435592 0.10000000 
0.53000000 0.00000000 0.90917945 0.10000000 
0.54000000 0.00000000 0.89411383 0.10000000 
0.55000000 0.00000000 0.87917102 0.10000000 
0.56000000 0.00000000 0.86436274 0.10000000 
0.57000000 0.00000000 0.84970045 0.10000000 
0.58000000 0.00000000 0.83519539 0.10000000 
0.59000000 0.00000000 0.82085854 0.10000000 
0.60000000 0.00000000 0.80670064 0.10000000 
0.61000000 0.00000000 0.79273217 0.10000000 
0.62000000 0.00000000 0.77896337 0.10000000 
0.63000000 0.00000000 0.76540423 0.10000000 
0.64000000 0.00000000 0.75206448 0.10000000 
0.65000000 0.00000000 0.73895360 0.10000000 
0.66000000 0.00000000 0.72608082 0.10000000 
0.67000000 0.00000000 0.71345511 0.10000000 
0.68000000 0.00000000 0.70108520 0.10000000 
0.69000000 0.00000000 0.68897956 0.10000000 
0.70000000 0.00000000 0.67714642 0.10000000 
0.71000000 0.00000000 0.66559375 0.10000000 
0.72000000 0.00000000 0.65432928 0.10000000 
0.73000000 0.00000000 0.64336048 0.10000000 
0.74000000 0.00000000 0.63269459 0.10000000 
0.75000000 0.00000000 0.62233860 0.10000000 
0.76000000 0.00000000 0.61229926 0.10000000 
0.77000000 0.00000000 0.60258308 0.10000000 
0.78000000 0.00000000 0.59319631 0.10000000 
0.79000000 0.00000000 0.58414496 0.10000000 
0.80000000 0.00000000 0.57543481 0.10000000 
0.81000000 0.00000000 0.56707135 0.10000000 
0.82000000 0.00000000 0.55905989 0.10000000 
0.83000000 0.00000000 0.55140550 0.10000000 
0.84000000 0.00000000 0.54411303 0.10000000 
0.85000000 0.00000000 0.53718712 0.10000000 
0.86000000 0.00000000 0.53063222 0.10000000 
0.87000000 0.00000000 0.52445262 0.10000000 
0.88000000 0.00000000 0.51865150 0.10000000 
0.89000000 0.00000000 0.51323236 0.10000000 
0.90000000 0.00000000 0.50819838 0.10000000 
0.91000000 0.00000000 0.50355250 0.10000000 
0.92000000 0.00000000 0.49929865 0.10000000 
0.93000000 0.00000000 0.49543994 0.10000000 
0.94000000 0.00000000 0.49197950 0.10000000 
0.95000000 0.00000000 0.48892047 0.10000000 
0.96000000 0.00000000 0.48626606 0.10000000 
0.97000000 0.00000000 0.48401957 0.10000000 
0.98000000 0.00000000 0.48214705 0.10000000 
0.99000000 0.00000000 0.48067705 0.10000000 

