-1.00000000 0.00000000 0.67013505 0.10000000 
-0.99000000 0.00000000 0.66980678 0.10000000 
-0.98000000 0.00000000 0.66976191 0.10000000 
-0.97000000 0.00000000 0.66997842 0.10000000 
-0.96000000 0.00000000 0.67045958 0.10000000 
-0.95000000 0.00000000 0.67120780 0.10000000 
-0.94000000 0.00000000 0.67222558 0.10000000 
-0.93000000 0.00000000 0.67351533 0.10000000 
-0.92000000 0.00000000 0.67410223 0.10000000 
-0.91000000 0.00000000 0.67583307 0.10000000 
-0.90000000 0.00000000 0.67777086 0.10000000 
-0.89000000 0.00000000 0.67997826 0.10000000 
-0.88000000 0.00000000 0.68374576 0.10000000 
-0.87000000 0.00000000 0.68658863 0.10000000 
-0.86000000 0.00000000 0.68975810 0.10000000 
-0.85000000 0.00000000 0.69320721 0.10000000 
-0.84000000 0.00000000 0.69693665 0.10000000 
-0.83000000 0.00000000 0.70094636 0.10000000 
-0.82000000 0.00000000 0.70314581 0.10000000 
-0.81000000 0.00000000 0.70775882 0.10000000 
-0.80000000 0.00000000 0.71251657 0.10000000 
-0.79000000 0.00000000 0.71755467 0.10000000 
-0.78000000 0.00000000 0.72285857 0.10000000 
-0.77000000 0.00000000 0.72841848 0.10000000 
-0.76000000 0.00000000 0.73669915 0.10000000 
-0.75000000 0.00000000 0.74279717 0.10000000 
-0.74000000 0.00000000 0.74911636 0.10000000 
-0.73000000 0.00000000 0.75564422 0.10000000 
-0.72000000 0.00000000 0.76237032 0.10000000 
-0.71000000 0.00000000 0.76932412 0.10000000 
-0.70000000 0.00000000 0.77644483 0.10000000 
-0.69000000 0.00000000 0.78372694 0.10000000 
-0.68000000 0.00000000 0.79107005 0.10000000 
-0.67000000 0.00000000 0.79854744 0.10000000 
-0.66000000 0.00000000 0.80614752 0.10000000 
-0.65000000 0.00000000 0.81381813 0.10000000 
-0.64000000 0.00000000 0.82161406 0.10000000 
-0.63000000 0.00000000 0.82953327 0.10000000 
-0.62000000 0.00000000 0.83766358 0.10000000 
-0.61000000 0.00000000 0.84593263 0.10000000 
-0.60000000 0.00000000 0.85434292 0.10000000 
-0.59000000 0.00000000 0.86289635 0.10000000 
-0.58000000 0.00000000 0.86781563 0.10000000 
-0.57000000 0.00000000 0.87688991 0.10000000 
-0.56000000 0.00000000 0.88583168 0.10000000 
-0.55000000 0.00000000 0.89493556 0.10000000 
-0.54000000 0.00000000 0.90417320 0.10000000 
-0.53000000 0.00000000 0.91353697 0.10000000 
-0.52000000 0.00000000 0.92661823 0.10000000 
-0.51000000 0.00000000 0.93609404 0.10000000 
-0.50000000 0.00000000 0.94571439 0.10000000 
-0.49000000 0.00000000 0.95539167 0.10000000 
-0.48000000 0.00000000 0.96510962 0.10000000 
-0.47000000 0.00000000 0.97492594 0.10000000 
-0.46000000 0.00000000 0.98473108 0.10000000 
-0.45000000 0.00000000 0.99451835 0.10000000 
-0.44000000 0.00000000 1.00427457 0.10000000 
-0.43000000 0.00000000 1.01398764 0.10000000 
-0.42000000 0.00000000 1.01967662 0.10000000 
-0.41000000 0.00000000 1.02958686 0.10000000 
-0.40000000 0.00000000 1.04264122 0.10000000 
-0.39000000 0.00000000 1.05202753 0.10000000 
-0.38000000 0.00000000 1.06132336 0.10000000 
-0.37000000 0.00000000 1.07051505 0.10000000 
-0.36000000 0.00000000 1.07958765 0.10000000 
-0.35000000 0.00000000 1.08852856 0.10000000 
-0.34000000 0.00000000 1.09732532 0.10000000 
-0.33000000 0.00000000 1.10596590 0.10000000 
-0.32000000 0.00000000 1.11443880 0.10000000 
-0.31000000 0.00000000 1.12281079 0.10000000 
-0.30000000 0.00000000 1.13097178 0.10000000 
-0.29000000 0.00000000 1.13885290 0.10000000 
-0.28000000 0.00000000 1.14653184 0.10000000 
-0.27000000 0.00000000 1.15400012 0.10000000 
-0.26000000 0.00000000 1.16124979 0.10000000 
-0.25000000 0.00000000 1.16827347 0.10000000 
-0.24000000 0.00000000 1.17506434 0.10000000 
-0.23000000 0.00000000 1.18161602 0.10000000 
-0.22000000 0.00000000 1.18792262 0.10000000 
-0.21000000 0.00000000 1.19397872 0.10000000 
-0.20000000 0.00000000 1.19977774 0.10000000 
-0.19000000 0.00000000 1.20531579 0.10000000 
-0.18000000 0.00000000 1.21059033 0.10000000 
-0.17000000 0.00000000 1.21559709 0.10000000 
-0.16000000 0.00000000 1.22033217 0.10000000 
-0.15000000 0.00000000 1.22479199 0.10000000 
-0.14000000 0.00000000 1.22897333 0.10000000 
-0.13000000 0.00000000 1.23287327 0.10000000 
-0.12000000 0.00000000 1.23648922 0.10000000 
-0.11000000 0.00000000 1.23981889 0.10000000 
-0.10000000 0.00000000 1.24286027 0.10000000 
-0.09000000 0.00000000 1.24561164 0.10000000 
-0.08000000 0.00000000 1.24807151 0.10000000 
-0.07000000 0.00000000 1.25023861 0.10000000 
-0.06000000 0.00000000 1.25211189 0.10000000 
-0.05000000 0.00000000 1.25369054 0.10000000 
-0.04000000 0.00000000 1.25497527 0.10000000 
-0.03000000 0.00000000 1.25596616 0.10000000 
-0.02000000 0.00000000 1.25666362 0.10000000 
-0.01000000 0.00000000 1.25706832 0.10000000 
0.00000000 0.00000000 1.25717965 0.10000000 
0.01000000 0.00000000 1.25699798 0.10000000 
0.02000000 0.00000000 1.25652375 0.10000000 
0.03000000 0.00000000 1.25575734 0.10000000 
0.04000000 0.00000000 1.25469914 0.10000000 
0.05000000 0.00000000 1.25334950 0.10000000 
0.06000000 0.00000000 1.25176293 0.10000000 
0.07000000 0.00000000 1.24989556 0.10000000 
0.08000000 0.00000000 1.24775203 0.10000000 
0.09000000 0.00000000 1.24533336 0.10000000 
0.10000000 0.00000000 1.24258033 0.10000000 
0.11000000 0.00000000 1.23953934 0.10000000 
0.12000000 0.00000000 1.23620971 0.10000000 
0.13000000 0.00000000 1.23259110 0.10000000 
0.14000000 0.00000000 1.22868364 0.10000000 
0.15000000 0.00000000 1.22448824 0.10000000 
0.16000000 0.00000000 1.22220927 0.10000000 
0.17000000 0.00000000 1.21739257 0.10000000 
0.18000000 0.00000000 1.21245004 0.10000000 
0.19000000 0.00000000 1.20721899 0.10000000 
0.20000000 0.00000000 1.19927106 0.10000000 
0.21000000 0.00000000 1.19342511 0.10000000 
0.22000000 0.00000000 1.18733202 0.10000000 
0.23000000 0.00000000 1.18100234 0.10000000 
0.24000000 0.00000000 1.17444728 0.10000000 
0.25000000 0.00000000 1.16767850 0.10000000 
0.26000000 0.00000000 1.16070782 0.10000000 
0.27000000 0.00000000 1.15350391 0.10000000 
0.28000000 0.00000000 1.14613135 0.10000000 
0.29000000 0.00000000 1.13859684 0.10000000 
0.30000000 0.00000000 1.13091059 0.10000000 
0.31000000 0.00000000 1.12312997 0.10000000 
0.32000000 0.00000000 1.11520789 0.10000000 
0.33000000 0.00000000 1.10715408 0.10000000 
0.34000000 0.00000000 1.09897803 0.10000000 
0.35000000 0.00000000 1.09068901 0.10000000 
0.36000000 0.00000000 1.08229606 0.10000000 
0.37000000 0.00000000 1.07380801 0.10000000 
0.38000000 0.00000000 1.06523438 0.10000000 
0.39000000 0.00000000 1.05658332 0.10000000 
0.40000000 0.00000000 1.04786301 0.10000000 
0.41000000 0.00000000 1.03908161 0.10000000 
0.42000000 0.00000000 1.03024633 0.10000000 
0.43000000 0.00000000 1.02136568 0.10000000 
0.44000000 0.00000000 1.01244807 0.10000000 
0.45000000 0.00000000 1.00350189 0.10000000 
0.46000000 0.00000000 0.99453543 0.10000000 
0.47000000 0.00000000 0.98555696 0.10000000 
0.48000000 0.00000000 0.97657468 0.10000000 
0.49000000 0.00000000 0.96759674 0.10000000 
0.50000000 0.00000000 0.95863124 0.10000000 
0.51000000 0.00000000 0.94968624 0.10000000 
0.52000000 0.00000000 0.94076977 0.10000000 
0.53000000 0.00000000 0.93188977 0.10000000 
0.54000000 0.00000000 0.92305417 0.10000000 
0.55000000 0.00000000 0.91427075 0.10000000 
0.56000000 0.00000000 0.90554727 0.10000000 
0.57000000 0.00000000 0.89689136 0.10000000 
0.58000000 0.00000000 0.88831057 0.10000000 
0.59000000 0.00000000 0.87981235 0.10000000 
0.60000000 0.00000000 0.87140405 0.10000000 
0.61000000 0.00000000 0.86309290 0.10000000 
0.62000000 0.00000000 0.85488602 0.10000000 
0.63000000 0.00000000 0.84679041 0.10000000 
0.64000000 0.00000000 0.83881294 0.10000000 
0.65000000 0.00000000 0.83096035 0.10000000 
0.66000000 0.00000000 0.82323924 0.10000000 
0.67000000 0.00000000 0.81565608 0.10000000 
0.68000000 0.00000000 0.80821717 0.10000000 
0.69000000 0.00000000 0.80092869 0.10000000 
0.70000000 0.00000000 0.79379665 0.10000000 
0.71000000 0.00000000 0.78682689 0.10000000 
0.72000000 0.00000000 0.78002511 0.10000000 
0.73000000 0.00000000 0.77339681 0.10000000 
0.74000000 0.00000000 0.76694735 0.10000000 
0.75000000 0.00000000 0.76068190 0.10000000 
0.76000000 0.00000000 0.75460546 0.10000000 
0.77000000 0.00000000 0.74872285 0.10000000 
0.78000000 0.00000000 0.74303869 0.10000000 
0.79000000 0.00000000 0.73755741 0.10000000 
0.80000000 0.00000000 0.73228325 0.10000000 
0.81000000 0.00000000 0.72722024 0.10000000 
0.82000000 0.00000000 0.72237225 0.10000000 
0.83000000 0.00000000 0.71774292 0.10000000 
0.84000000 0.00000000 0.71333575 0.10000000 
0.85000000 0.00000000 0.70915400 0.10000000 
0.86000000 0.00000000 0.70520079 0.10000000 
0.87000000 0.00000000 0.70147908 0.10000000 
0.88000000 0.00000000 0.69799105 0.10000000 
0.89000000 0.00000000 0.69473904 0.10000000 
0.90000000 0.00000000 0.69172512 0.10000000 
0.91000000 0.00000000 0.68895117 0.10000000 
0.92000000 0.00000000 0.68641962 0.10000000 
0.93000000 0.00000000 0.68413230 0.10000000 
0.94000000 0.00000000 0.68209103 0.10000000 
0.95000000 0.00000000 0.68029753 0.10000000 
0.96000000 0.00000000 0.67875354 0.10000000 
0.97000000 0.00000000 0.67746077 0.10000000 
0.98000000 0.00000000 0.67639739 0.10000000 
0.99000000 0.00000000 0.67558117 0.10000000 

