-1.00000000 0.00000000 0.18719605 0.10000000 
-0.99000000 0.00000000 0.18524343 0.10000000 
-0.98000000 0.00000000 0.18369730 0.10000000 
-0.97000000 0.00000000 0.18253923 0.10000000 
-0.96000000 0.00000000 0.18177982 0.10000000 
-0.95000000 0.00000000 0.18142957 0.10000000 
-0.94000000 0.00000000 0.18150039 0.10000000 
-0.93000000 0.00000000 0.18200559 0.10000000 
-0.92000000 0.00000000 0.18203197 0.10000000 
-0.91000000 0.00000000 0.18320088 0.10000000 
-0.90000000 0.00000000 0.18477676 0.10000000 
-0.89000000 0.00000000 0.18682007 0.10000000 
-0.88000000 0.00000000 0.19096237 0.10000000 
-0.87000000 0.00000000 0.19421278 0.10000000 
-0.86000000 0.00000000 0.19810204 0.10000000 
-0.85000000 0.00000000 0.20256718 0.10000000 
-0.84000000 0.00000000 0.20763164 0.10000000 
-0.83000000 0.00000000 0.21331869 0.10000000 
-0.82000000 0.00000000 0.21627820 0.10000000 
-0.81000000 0.00000000 0.22321593 0.10000000 
-0.80000000 0.00000000 0.23062389 0.10000000 
-0.79000000 0.00000000 0.23874885 0.10000000 
-0.78000000 0.00000000 0.24759279 0.10000000 
-0.77000000 0.00000000 0.25716251 0.10000000 
-0.76000000 0.00000000 0.27231144 0.10000000 
-0.75000000 0.00000000 0.28364035 0.10000000 
-0.74000000 0.00000000 0.29572029 0.10000000 
-0.73000000 0.00000000 0.30855528 0.10000000 
-0.72000000 0.00000000 0.32215648 0.10000000 
-0.71000000 0.00000000 0.33659622 0.10000000 
-0.70000000 0.00000000 0.35180552 0.10000000 
-0.69000000 0.00000000 0.36780050 0.10000000 
-0.68000000 0.00000000 0.38430819 0.10000000 
-0.67000000 0.00000000 0.40158088 0.10000000 
-0.66000000 0.00000000 0.41961365 0.10000000 
-0.65000000 0.00000000 0.43832877 0.10000000 
-0.64000000 0.00000000 0.45785215 0.10000000 
-0.63000000 0.00000000 0.47820295 0.10000000 
-0.62000000 0.00000000 0.49970998 0.10000000 
-0.61000000 0.00000000 0.52214700 0.10000000 
-0.60000000 0.00000000 0.54554469 0.10000000 
-0.59000000 0.00000000 0.56992615 0.10000000 
-0.58000000 0.00000000 0.58357174 0.10000000 
-0.57000000 0.00000000 0.61043359 0.10000000 
-0.56000000 0.00000000 0.63748163 0.10000000 
-0.55000000 0.00000000 0.66561785 0.10000000 
-0.54000000 0.00000000 0.69476216 0.10000000 
-0.53000000 0.00000000 0.72489322 0.10000000 
-0.52000000 0.00000000 0.76849014 0.10000000 
-0.51000000 0.00000000 0.80027331 0.10000000 
-0.50000000 0.00000000 0.83315610 0.10000000 
-0.49000000 0.00000000 0.86678623 0.10000000 
-0.48000000 0.00000000 0.90110260 0.10000000 
-0.47000000 0.00000000 0.93627116 0.10000000 
-0.46000000 0.00000000 0.97194158 0.10000000 
-0.45000000 0.00000000 1.00807324 0.10000000 
-0.44000000 0.00000000 1.04460351 0.10000000 
-0.43000000 0.00000000 1.08147036 0.10000000 
-0.42000000 0.00000000 1.10275740 0.10000000 
-0.41000000 0.00000000 1.14122435 0.10000000 
-0.40000000 0.00000000 1.19309053 0.10000000 
-0.39000000 0.00000000 1.23050994 0.10000000 
-0.38000000 0.00000000 1.26795984 0.10000000 
-0.37000000 0.00000000 1.30535919 0.10000000 
-0.36000000 0.00000000 1.34262115 0.10000000 
-0.35000000 0.00000000 1.37966486 0.10000000 
-0.34000000 0.00000000 1.41640896 0.10000000 
-0.33000000 0.00000000 1.45277292 0.10000000 
-0.32000000 0.00000000 1.48867769 0.10000000 
-0.31000000 0.00000000 1.52435696 0.10000000 
-0.30000000 0.00000000 1.55933927 0.10000000 
-0.29000000 0.00000000 1.59330705 0.10000000 
-0.28000000 0.00000000 1.62654339 0.10000000 
-0.27000000 0.00000000 1.65898128 0.10000000 
-0.26000000 0.00000000 1.69055638 0.10000000 
-0.25000000 0.00000000 1.72120731 0.10000000 
-0.24000000 0.00000000 1.75087558 0.10000000 
-0.23000000 0.00000000 1.77950572 0.10000000 
-0.22000000 0.00000000 1.80704532 0.10000000 
-0.21000000 0.00000000 1.83344503 0.10000000 
-0.20000000 0.00000000 1.85865253 0.10000000 
-0.19000000 0.00000000 1.88262761 0.10000000 
-0.18000000 0.00000000 1.90533749 0.10000000 
-0.17000000 0.00000000 1.92674406 0.10000000 
-0.16000000 0.00000000 1.94681254 0.10000000 
-0.15000000 0.00000000 1.96551146 0.10000000 
-0.14000000 0.00000000 1.98281282 0.10000000 
-0.13000000 0.00000000 1.99869202 0.10000000 
-0.12000000 0.00000000 2.01312792 0.10000000 
-0.11000000 0.00000000 2.02610279 0.10000000 
-0.10000000 0.00000000 2.03760217 0.10000000 
-0.09000000 0.00000000 2.04761501 0.10000000 
-0.08000000 0.00000000 2.05613342 0.10000000 
-0.07000000 0.00000000 2.06315251 0.10000000 
-0.06000000 0.00000000 2.06867052 0.10000000 
-0.05000000 0.00000000 2.07268864 0.10000000 
-0.04000000 0.00000000 2.07521774 0.10000000 
-0.03000000 0.00000000 2.07626706 0.10000000 
-0.02000000 0.00000000 2.07584921 0.10000000 
-0.01000000 0.00000000 2.07397959 0.10000000 
0.00000000 0.00000000 2.07066913 0.10000000 
0.01000000 0.00000000 2.06593515 0.10000000 
0.02000000 0.00000000 2.05979646 0.10000000 
0.03000000 0.00000000 2.05227319 0.10000000 
0.04000000 0.00000000 2.04338656 0.10000000 
0.05000000 0.00000000 2.03315876 0.10000000 
0.06000000 0.00000000 2.02188509 0.10000000 
0.07000000 0.00000000 2.00936163 0.10000000 
0.08000000 0.00000000 1.99563404 0.10000000 
0.09000000 0.00000000 1.98072983 0.10000000 
0.10000000 0.00000000 1.96439534 0.10000000 
0.11000000 0.00000000 1.94687671 0.10000000 
0.12000000 0.00000000 1.92819616 0.10000000 
0.13000000 0.00000000 1.90837758 0.10000000 
0.14000000 0.00000000 1.88744746 0.10000000 
0.15000000 0.00000000 1.86543608 0.10000000 
0.16000000 0.00000000 1.85319643 0.10000000 
0.17000000 0.00000000 1.82866492 0.10000000 
0.18000000 0.00000000 1.80393469 0.10000000 
0.19000000 0.00000000 1.77821102 0.10000000 
0.20000000 0.00000000 1.74038304 0.10000000 
0.21000000 0.00000000 1.71278788 0.10000000 
0.22000000 0.00000000 1.68448002 0.10000000 
0.23000000 0.00000000 1.65553137 0.10000000 
0.24000000 0.00000000 1.62601585 0.10000000 
0.25000000 0.00000000 1.59600806 0.10000000 
0.26000000 0.00000000 1.56558197 0.10000000 
0.27000000 0.00000000 1.53459749 0.10000000 
0.28000000 0.00000000 1.50338982 0.10000000 
0.29000000 0.00000000 1.47200182 0.10000000 
0.30000000 0.00000000 1.44049257 0.10000000 
0.31000000 0.00000000 1.40913606 0.10000000 
0.32000000 0.00000000 1.37771983 0.10000000 
0.33000000 0.00000000 1.34629576 0.10000000 
0.34000000 0.00000000 1.31491279 0.10000000 
0.35000000 0.00000000 1.28361688 0.10000000 
0.36000000 0.00000000 1.25245097 0.10000000 
0.37000000 0.00000000 1.22145518 0.10000000 
0.38000000 0.00000000 1.19067101 0.10000000 
0.39000000 0.00000000 1.16013133 0.10000000 
0.40000000 0.00000000 1.12986739 0.10000000 
0.41000000 0.00000000 1.09990849 0.10000000 
0.42000000 0.00000000 1.07027777 0.10000000 
0.43000000 0.00000000 1.04100270 0.10000000 
0.44000000 0.00000000 1.01210867 0.10000000 
0.45000000 0.00000000 0.98361908 0.10000000 
0.46000000 0.00000000 0.95555541 0.10000000 
0.47000000 0.00000000 0.92793735 0.10000000 
0.48000000 0.00000000 0.90078282 0.10000000 
0.49000000 0.00000000 0.87410802 0.10000000 
0.50000000 0.00000000 0.84792755 0.10000000 
0.51000000 0.00000000 0.82225454 0.10000000 
0.52000000 0.00000000 0.79710059 0.10000000 
0.53000000 0.00000000 0.77247599 0.10000000 
0.54000000 0.00000000 0.74838956 0.10000000 
0.55000000 0.00000000 0.72484873 0.10000000 
0.56000000 0.00000000 0.70185964 0.10000000 
0.57000000 0.00000000 0.67942713 0.10000000 
0.58000000 0.00000000 0.65755485 0.10000000 
0.59000000 0.00000000 0.63624532 0.10000000 
0.60000000 0.00000000 0.61549996 0.10000000 
0.61000000 0.00000000 0.59531917 0.10000000 
0.62000000 0.00000000 0.57570237 0.10000000 
0.63000000 0.00000000 0.55664810 0.10000000 
0.64000000 0.00000000 0.53815404 0.10000000 
0.65000000 0.00000000 0.52021706 0.10000000 
0.66000000 0.00000000 0.50283335 0.10000000 
0.67000000 0.00000000 0.48599839 0.10000000 
0.68000000 0.00000000 0.46970710 0.10000000 
0.69000000 0.00000000 0.45395382 0.10000000 
0.70000000 0.00000000 0.43873243 0.10000000 
0.71000000 0.00000000 0.42403640 0.10000000 
0.72000000 0.00000000 0.40985880 0.10000000 
0.73000000 0.00000000 0.39619242 0.10000000 
0.74000000 0.00000000 0.38302980 0.10000000 
0.75000000 0.00000000 0.37036329 0.10000000 
0.76000000 0.00000000 0.35818510 0.10000000 
0.77000000 0.00000000 0.34648736 0.10000000 
0.78000000 0.00000000 0.33526217 0.10000000 
0.79000000 0.00000000 0.32450166 0.10000000 
0.80000000 0.00000000 0.31419803 0.10000000 
0.81000000 0.00000000 0.30434359 0.10000000 
0.82000000 0.00000000 0.29493083 0.10000000 
0.83000000 0.00000000 0.28595250 0.10000000 
0.84000000 0.00000000 0.27740159 0.10000000 
0.85000000 0.00000000 0.26927146 0.10000000 
0.86000000 0.00000000 0.26155583 0.10000000 
0.87000000 0.00000000 0.25424885 0.10000000 
0.88000000 0.00000000 0.24734472 0.10000000 
0.89000000 0.00000000 0.24083827 0.10000000 
0.90000000 0.00000000 0.23472483 0.10000000 
0.91000000 0.00000000 0.22900022 0.10000000 
0.92000000 0.00000000 0.22366169 0.10000000 
0.93000000 0.00000000 0.21870673 0.10000000 
0.94000000 0.00000000 0.21413362 0.10000000 
0.95000000 0.00000000 0.20994155 0.10000000 
0.96000000 0.00000000 0.20613059 0.10000000 
0.97000000 0.00000000 0.20270183 0.10000000 
0.98000000 0.00000000 0.19963536 0.10000000 
0.99000000 0.00000000 0.19694571 0.10000000 

