-1.00000000 0.00000000 0.28796364 0.10000000 
-0.99000000 0.00000000 0.28650868 0.10000000 
-0.98000000 0.00000000 0.28557524 0.10000000 
-0.97000000 0.00000000 0.28513128 0.10000000 
-0.96000000 0.00000000 0.28518745 0.10000000 
-0.95000000 0.00000000 0.28575334 0.10000000 
-0.94000000 0.00000000 0.28683919 0.10000000 
-0.93000000 0.00000000 0.28845580 0.10000000 
-0.92000000 0.00000000 0.28907223 0.10000000 
-0.91000000 0.00000000 0.29152627 0.10000000 
-0.90000000 0.00000000 0.29442966 0.10000000 
-0.89000000 0.00000000 0.29788145 0.10000000 
-0.88000000 0.00000000 0.30415254 0.10000000 
-0.87000000 0.00000000 0.30895410 0.10000000 
-0.86000000 0.00000000 0.31445700 0.10000000 
-0.85000000 0.00000000 0.32057580 0.10000000 
-0.84000000 0.00000000 0.32732278 0.10000000 
-0.83000000 0.00000000 0.33470904 0.10000000 
-0.82000000 0.00000000 0.33867268 0.10000000 
-0.81000000 0.00000000 0.34738597 0.10000000 
-0.80000000 0.00000000 0.35650487 0.10000000 
-0.79000000 0.00000000 0.36630708 0.10000000 
-0.78000000 0.00000000 0.37677495 0.10000000 
-0.77000000 0.00000000 0.38789879 0.10000000 
-0.76000000 0.00000000 0.40490851 0.10000000 
-0.75000000 0.00000000 0.41751406 0.10000000 
-0.74000000 0.00000000 0.43073910 0.10000000 
-0.73000000 0.00000000 0.44456827 0.10000000 
-0.72000000 0.00000000 0.45899171 0.10000000 
-0.71000000 0.00000000 0.47407560 0.10000000 
-0.70000000 0.00000000 0.48971223 0.10000000 
-0.69000000 0.00000000 0.50589934 0.10000000 
-0.68000000 0.00000000 0.52239002 0.10000000 
-0.67000000 0.00000000 0.53938350 0.10000000 
-0.66000000 0.00000000 0.55686040 0.10000000 
-0.65000000 0.00000000 0.57471809 0.10000000 
-0.64000000 0.00000000 0.59307773 0.10000000 
-0.63000000 0.00000000 0.61194213 0.10000000 
-0.62000000 0.00000000 0.63155855 0.10000000 
-0.61000000 0.00000000 0.65173667 0.10000000 
-0.60000000 0.00000000 0.67248955 0.10000000 
-0.59000000 0.00000000 0.69382634 0.10000000 
-0.58000000 0.00000000 0.70595046 0.10000000 
-0.57000000 0.00000000 0.72897827 0.10000000 
-0.56000000 0.00000000 0.75189006 0.10000000 
-0.55000000 0.00000000 0.77544328 0.10000000 
-0.54000000 0.00000000 0.79956470 0.10000000 
-0.53000000 0.00000000 0.82423276 0.10000000 
-0.52000000 0.00000000 0.85924033 0.10000000 
-0.51000000 0.00000000 0.88466871 0.10000000 
-0.50000000 0.00000000 0.91070198 0.10000000 
-0.49000000 0.00000000 0.93708286 0.10000000 
-0.48000000 0.00000000 0.96376303 0.10000000 
-0.47000000 0.00000000 0.99088527 0.10000000 
-0.46000000 0.00000000 1.01815963 0.10000000 
-0.45000000 0.00000000 1.04555964 0.10000000 
-0.44000000 0.00000000 1.07304154 0.10000000 
-0.43000000 0.00000000 1.10056348 0.10000000 
-0.42000000 0.00000000 1.11658588 0.10000000 
-0.41000000 0.00000000 1.14494204 0.10000000 
-0.40000000 0.00000000 1.18266267 0.10000000 
-0.39000000 0.00000000 1.20981911 0.10000000 
-0.38000000 0.00000000 1.23683040 0.10000000 
-0.37000000 0.00000000 1.26364675 0.10000000 
-0.36000000 0.00000000 1.29021449 0.10000000 
-0.35000000 0.00000000 1.31648584 0.10000000 
-0.34000000 0.00000000 1.34241319 0.10000000 
-0.33000000 0.00000000 1.36794999 0.10000000 
-0.32000000 0.00000000 1.39305121 0.10000000 
-0.31000000 0.00000000 1.41789875 0.10000000 
-0.30000000 0.00000000 1.44216244 0.10000000 
-0.29000000 0.00000000 1.46562858 0.10000000 
-0.28000000 0.00000000 1.48851291 0.10000000 
-0.27000000 0.00000000 1.51077974 0.10000000 
-0.26000000 0.00000000 1.53239521 0.10000000 
-0.25000000 0.00000000 1.55332750 0.10000000 
-0.24000000 0.00000000 1.57354661 0.10000000 
-0.23000000 0.00000000 1.59302443 0.10000000 
-0.22000000 0.00000000 1.61173469 0.10000000 
-0.21000000 0.00000000 1.62965291 0.10000000 
-0.20000000 0.00000000 1.64675193 0.10000000 
-0.19000000 0.00000000 1.66301284 0.10000000 
-0.18000000 0.00000000 1.67842142 0.10000000 
-0.17000000 0.00000000 1.69295900 0.10000000 
-0.16000000 0.00000000 1.70660864 0.10000000 
-0.15000000 0.00000000 1.71935501 0.10000000 
-0.14000000 0.00000000 1.73118456 0.10000000 
-0.13000000 0.00000000 1.74208540 0.10000000 
-0.12000000 0.00000000 1.75204729 0.10000000 
-0.11000000 0.00000000 1.76106163 0.10000000 
-0.10000000 0.00000000 1.76912137 0.10000000 
-0.09000000 0.00000000 1.77622104 0.10000000 
-0.08000000 0.00000000 1.78235663 0.10000000 
-0.07000000 0.00000000 1.78752548 0.10000000 
-0.06000000 0.00000000 1.79172632 0.10000000 
-0.05000000 0.00000000 1.79495922 0.10000000 
-0.04000000 0.00000000 1.79723004 0.10000000 
-0.03000000 0.00000000 1.79854298 0.10000000 
-0.02000000 0.00000000 1.79890392 0.10000000 
-0.01000000 0.00000000 1.79832008 0.10000000 
0.00000000 0.00000000 1.79679510 0.10000000 
0.01000000 0.00000000 1.79433640 0.10000000 
0.02000000 0.00000000 1.79095191 0.10000000 
0.03000000 0.00000000 1.78665003 0.10000000 
0.04000000 0.00000000 1.78143944 0.10000000 
0.05000000 0.00000000 1.77532916 0.10000000 
0.06000000 0.00000000 1.76850863 0.10000000 
0.07000000 0.00000000 1.76083799 0.10000000 
0.08000000 0.00000000 1.75234115 0.10000000 
0.09000000 0.00000000 1.74302989 0.10000000 
0.10000000 0.00000000 1.73272476 0.10000000 
0.11000000 0.00000000 1.72158440 0.10000000 
0.12000000 0.00000000 1.70961632 0.10000000 
0.13000000 0.00000000 1.69682905 0.10000000 
0.14000000 0.00000000 1.68323288 0.10000000 
0.15000000 0.00000000 1.66884060 0.10000000 
0.16000000 0.00000000 1.66089755 0.10000000 
0.17000000 0.00000000 1.64470356 0.10000000 
0.18000000 0.00000000 1.62827909 0.10000000 
0.19000000 0.00000000 1.61109123 0.10000000 
0.20000000 0.00000000 1.58551612 0.10000000 
0.21000000 0.00000000 1.56680145 0.10000000 
0.22000000 0.00000000 1.54748927 0.10000000 
0.23000000 0.00000000 1.52762203 0.10000000 
0.24000000 0.00000000 1.50724394 0.10000000 
0.25000000 0.00000000 1.48640012 0.10000000 
0.26000000 0.00000000 1.46513566 0.10000000 
0.27000000 0.00000000 1.44335328 0.10000000 
0.28000000 0.00000000 1.42127227 0.10000000 
0.29000000 0.00000000 1.39891868 0.10000000 
0.30000000 0.00000000 1.37632973 0.10000000 
0.31000000 0.00000000 1.35369032 0.10000000 
0.32000000 0.00000000 1.33085404 0.10000000 
0.33000000 0.00000000 1.30785466 0.10000000 
0.34000000 0.00000000 1.28472450 0.10000000 
0.35000000 0.00000000 1.26149438 0.10000000 
0.36000000 0.00000000 1.23819363 0.10000000 
0.37000000 0.00000000 1.21485018 0.10000000 
0.38000000 0.00000000 1.19149337 0.10000000 
0.39000000 0.00000000 1.16814728 0.10000000 
0.40000000 0.00000000 1.14483535 0.10000000 
0.41000000 0.00000000 1.12158017 0.10000000 
0.42000000 0.00000000 1.09840058 0.10000000 
0.43000000 0.00000000 1.07531880 0.10000000 
0.44000000 0.00000000 1.05235606 0.10000000 
0.45000000 0.00000000 1.02953264 0.10000000 
0.46000000 0.00000000 1.00686792 0.10000000 
0.47000000 0.00000000 0.98438041 0.10000000 
0.48000000 0.00000000 0.96208776 0.10000000 
0.49000000 0.00000000 0.94000678 0.10000000 
0.50000000 0.00000000 0.91815352 0.10000000 
0.51000000 0.00000000 0.89654324 0.10000000 
0.52000000 0.00000000 0.87519050 0.10000000 
0.53000000 0.00000000 0.85410915 0.10000000 
0.54000000 0.00000000 0.83331226 0.10000000 
0.55000000 0.00000000 0.81281218 0.10000000 
0.56000000 0.00000000 0.79262051 0.10000000 
0.57000000 0.00000000 0.77274816 0.10000000 
0.58000000 0.00000000 0.75320536 0.10000000 
0.59000000 0.00000000 0.73400163 0.10000000 
0.60000000 0.00000000 0.71514591 0.10000000 
0.61000000 0.00000000 0.69664647 0.10000000 
0.62000000 0.00000000 0.67851101 0.10000000 
0.63000000 0.00000000 0.66074665 0.10000000 
0.64000000 0.00000000 0.64335993 0.10000000 
0.65000000 0.00000000 0.62635691 0.10000000 
0.66000000 0.00000000 0.60974313 0.10000000 
0.67000000 0.00000000 0.59352366 0.10000000 
0.68000000 0.00000000 0.57770314 0.10000000 
0.69000000 0.00000000 0.56228579 0.10000000 
0.70000000 0.00000000 0.54727545 0.10000000 
0.71000000 0.00000000 0.53267559 0.10000000 
0.72000000 0.00000000 0.51848938 0.10000000 
0.73000000 0.00000000 0.50471968 0.10000000 
0.74000000 0.00000000 0.49136908 0.10000000 
0.75000000 0.00000000 0.47843992 0.10000000 
0.76000000 0.00000000 0.46593437 0.10000000 
0.77000000 0.00000000 0.45385438 0.10000000 
0.78000000 0.00000000 0.44220175 0.10000000 
0.79000000 0.00000000 0.43097814 0.10000000 
0.80000000 0.00000000 0.42018510 0.10000000 
0.81000000 0.00000000 0.40982407 0.10000000 
0.82000000 0.00000000 0.39989649 0.10000000 
0.83000000 0.00000000 0.39040373 0.10000000 
0.84000000 0.00000000 0.38134721 0.10000000 
0.85000000 0.00000000 0.37272834 0.10000000 
0.86000000 0.00000000 0.36454864 0.10000000 
0.87000000 0.00000000 0.35680970 0.10000000 
0.88000000 0.00000000 0.34951240 0.10000000 
0.89000000 0.00000000 0.34265813 0.10000000 
0.90000000 0.00000000 0.33624831 0.10000000 
0.91000000 0.00000000 0.33028443 0.10000000 
0.92000000 0.00000000 0.32476937 0.10000000 
0.93000000 0.00000000 0.31970551 0.10000000 
0.94000000 0.00000000 0.31509563 0.10000000 
0.95000000 0.00000000 0.31094291 0.10000000 
0.96000000 0.00000000 0.30725100 0.10000000 
0.97000000 0.00000000 0.30402403 0.10000000 
0.98000000 0.00000000 0.30122970 0.10000000 
0.99000000 0.00000000 0.29889625 0.10000000 

