-1.00000000 0.00000000 0.52503260 0.10000000 
-0.99000000 0.00000000 0.52447928 0.10000000 
-0.98000000 0.00000000 0.52434549 0.10000000 
-0.97000000 0.00000000 0.52459949 0.10000000 
-0.96000000 0.00000000 0.52524683 0.10000000 
-0.95000000 0.00000000 0.52629181 0.10000000 
-0.94000000 0.00000000 0.52773889 0.10000000 
-0.93000000 0.00000000 0.52959250 0.10000000 
-0.92000000 0.00000000 0.53042596 0.10000000 
-0.91000000 0.00000000 0.53293675 0.10000000 
-0.90000000 0.00000000 0.53576140 0.10000000 
-0.89000000 0.00000000 0.53899184 0.10000000 
-0.88000000 0.00000000 0.54454007 0.10000000 
-0.87000000 0.00000000 0.54873329 0.10000000 
-0.86000000 0.00000000 0.55342226 0.10000000 
-0.85000000 0.00000000 0.55853727 0.10000000 
-0.84000000 0.00000000 0.56408046 0.10000000 
-0.83000000 0.00000000 0.57005292 0.10000000 
-0.82000000 0.00000000 0.57332040 0.10000000 
-0.81000000 0.00000000 0.58021220 0.10000000 
-0.80000000 0.00000000 0.58733305 0.10000000 
-0.79000000 0.00000000 0.59488763 0.10000000 
-0.78000000 0.00000000 0.60285512 0.10000000 
-0.77000000 0.00000000 0.61122172 0.10000000 
-0.76000000 0.00000000 0.62372500 0.10000000 
-0.75000000 0.00000000 0.63294001 0.10000000 
-0.74000000 0.00000000 0.64250461 0.10000000 
-0.73000000 0.00000000 0.65240080 0.10000000 
-0.72000000 0.00000000 0.66261382 0.10000000 
-0.71000000 0.00000000 0.67318855 0.10000000 
-0.70000000 0.00000000 0.68403467 0.10000000 
-0.69000000 0.00000000 0.69514456 0.10000000 
-0.68000000 0.00000000 0.70636286 0.10000000 
-0.67000000 0.00000000 0.71780444 0.10000000 
-0.66000000 0.00000000 0.72945204 0.10000000 
-0.65000000 0.00000000 0.74122712 0.10000000 
-0.64000000 0.00000000 0.75321303 0.10000000 
-0.63000000 0.00000000 0.76540709 0.10000000 
-0.62000000 0.00000000 0.77794750 0.10000000 
-0.61000000 0.00000000 0.79072121 0.10000000 
-0.60000000 0.00000000 0.80373243 0.10000000 
-0.59000000 0.00000000 0.81698428 0.10000000 
-0.58000000 0.00000000 0.82459357 0.10000000 
-0.57000000 0.00000000 0.83868488 0.10000000 
-0.56000000 0.00000000 0.85258807 0.10000000 
-0.55000000 0.00000000 0.86676125 0.10000000 
-0.54000000 0.00000000 0.88116004 0.10000000 
-0.53000000 0.00000000 0.89577213 0.10000000 
-0.52000000 0.00000000 0.91622641 0.10000000 
-0.51000000 0.00000000 0.93104784 0.10000000 
-0.50000000 0.00000000 0.94611086 0.10000000 
-0.49000000 0.00000000 0.96127665 0.10000000 
-0.48000000 0.00000000 0.97651911 0.10000000 
-0.47000000 0.00000000 0.99192729 0.10000000 
-0.46000000 0.00000000 1.00732984 0.10000000 
-0.45000000 0.00000000 1.02271533 0.10000000 
-0.44000000 0.00000000 1.03806223 0.10000000 
-0.43000000 0.00000000 1.05335062 0.10000000 
-0.42000000 0.00000000 1.06229971 0.10000000 
-0.41000000 0.00000000 1.07791429 0.10000000 
-0.40000000 0.00000000 1.09850021 0.10000000 
-0.39000000 0.00000000 1.11330236 0.10000000 
-0.38000000 0.00000000 1.12796634 0.10000000 
-0.37000000 0.00000000 1.14246962 0.10000000 
-0.36000000 0.00000000 1.15678756 0.10000000 
-0.35000000 0.00000000 1.17089927 0.10000000 
-0.34000000 0.00000000 1.18478403 0.10000000 
-0.33000000 0.00000000 1.19842178 0.10000000 
-0.32000000 0.00000000 1.21179338 0.10000000 
-0.31000000 0.00000000 1.22500316 0.10000000 
-0.30000000 0.00000000 1.23787643 0.10000000 
-0.29000000 0.00000000 1.25030346 0.10000000 
-0.28000000 0.00000000 1.26240602 0.10000000 
-0.27000000 0.00000000 1.27416981 0.10000000 
-0.26000000 0.00000000 1.28558145 0.10000000 
-0.25000000 0.00000000 1.29662851 0.10000000 
-0.24000000 0.00000000 1.30729943 0.10000000 
-0.23000000 0.00000000 1.31758348 0.10000000 
-0.22000000 0.00000000 1.32747071 0.10000000 
-0.21000000 0.00000000 1.33695195 0.10000000 
-0.20000000 0.00000000 1.34601633 0.10000000 
-0.19000000 0.00000000 1.35465721 0.10000000 
-0.18000000 0.00000000 1.36287021 0.10000000 
-0.17000000 0.00000000 1.37064828 0.10000000 
-0.16000000 0.00000000 1.37798497 0.10000000 
-0.15000000 0.00000000 1.38487445 0.10000000 
-0.14000000 0.00000000 1.39131151 0.10000000 
-0.13000000 0.00000000 1.39729152 0.10000000 
-0.12000000 0.00000000 1.40281042 0.10000000 
-0.11000000 0.00000000 1.40786470 0.10000000 
-0.10000000 0.00000000 1.41245134 0.10000000 
-0.09000000 0.00000000 1.41656787 0.10000000 
-0.08000000 0.00000000 1.42021227 0.10000000 
-0.07000000 0.00000000 1.42338290 0.10000000 
-0.06000000 0.00000000 1.42607858 0.10000000 
-0.05000000 0.00000000 1.42829852 0.10000000 
-0.04000000 0.00000000 1.43004450 0.10000000 
-0.03000000 0.00000000 1.43131730 0.10000000 
-0.02000000 0.00000000 1.43211829 0.10000000 
-0.01000000 0.00000000 1.43244928 0.10000000 
0.00000000 0.00000000 1.43231007 0.10000000 
0.01000000 0.00000000 1.43170212 0.10000000 
0.02000000 0.00000000 1.43062696 0.10000000 
0.03000000 0.00000000 1.42908613 0.10000000 
0.04000000 0.00000000 1.42708117 0.10000000 
0.05000000 0.00000000 1.42461362 0.10000000 
0.06000000 0.00000000 1.42177349 0.10000000 
0.07000000 0.00000000 1.41848976 0.10000000 
0.08000000 0.00000000 1.41477100 0.10000000 
0.09000000 0.00000000 1.41061981 0.10000000 
0.10000000 0.00000000 1.40594160 0.10000000 
0.11000000 0.00000000 1.40081249 0.10000000 
0.12000000 0.00000000 1.39523246 0.10000000 
0.13000000 0.00000000 1.38920196 0.10000000 
0.14000000 0.00000000 1.38272227 0.10000000 
0.15000000 0.00000000 1.37579591 0.10000000 
0.16000000 0.00000000 1.37201496 0.10000000 
0.17000000 0.00000000 1.36411211 0.10000000 
0.18000000 0.00000000 1.35603031 0.10000000 
0.19000000 0.00000000 1.34750441 0.10000000 
0.20000000 0.00000000 1.33462506 0.10000000 
0.21000000 0.00000000 1.32516453 0.10000000 
0.22000000 0.00000000 1.31533019 0.10000000 
0.23000000 0.00000000 1.30513994 0.10000000 
0.24000000 0.00000000 1.29461272 0.10000000 
0.25000000 0.00000000 1.28376809 0.10000000 
0.26000000 0.00000000 1.27262584 0.10000000 
0.27000000 0.00000000 1.26113538 0.10000000 
0.28000000 0.00000000 1.24940258 0.10000000 
0.29000000 0.00000000 1.23743859 0.10000000 
0.30000000 0.00000000 1.22526027 0.10000000 
0.31000000 0.00000000 1.21296032 0.10000000 
0.32000000 0.00000000 1.20046291 0.10000000 
0.33000000 0.00000000 1.18778387 0.10000000 
0.34000000 0.00000000 1.17493861 0.10000000 
0.35000000 0.00000000 1.16194205 0.10000000 
0.36000000 0.00000000 1.14880868 0.10000000 
0.37000000 0.00000000 1.13555256 0.10000000 
0.38000000 0.00000000 1.12218878 0.10000000 
0.39000000 0.00000000 1.10873009 0.10000000 
0.40000000 0.00000000 1.09518925 0.10000000 
0.41000000 0.00000000 1.08157886 0.10000000 
0.42000000 0.00000000 1.06790993 0.10000000 
0.43000000 0.00000000 1.05419546 0.10000000 
0.44000000 0.00000000 1.04044827 0.10000000 
0.45000000 0.00000000 1.02668098 0.10000000 
0.46000000 0.00000000 1.01290604 0.10000000 
0.47000000 0.00000000 0.99913574 0.10000000 
0.48000000 0.00000000 0.98538223 0.10000000 
0.49000000 0.00000000 0.97165747 0.10000000 
0.50000000 0.00000000 0.95797331 0.10000000 
0.51000000 0.00000000 0.94434144 0.10000000 
0.52000000 0.00000000 0.93077343 0.10000000 
0.53000000 0.00000000 0.91728073 0.10000000 
0.54000000 0.00000000 0.90387459 0.10000000 
0.55000000 0.00000000 0.89056611 0.10000000 
0.56000000 0.00000000 0.87736619 0.10000000 
0.57000000 0.00000000 0.86428558 0.10000000 
0.58000000 0.00000000 0.85133480 0.10000000 
0.59000000 0.00000000 0.83852421 0.10000000 
0.60000000 0.00000000 0.82586398 0.10000000 
0.61000000 0.00000000 0.81336405 0.10000000 
0.62000000 0.00000000 0.80103419 0.10000000 
0.63000000 0.00000000 0.78888396 0.10000000 
0.64000000 0.00000000 0.77692270 0.10000000 
0.65000000 0.00000000 0.76515953 0.10000000 
0.66000000 0.00000000 0.75360338 0.10000000 
0.67000000 0.00000000 0.74226295 0.10000000 
0.68000000 0.00000000 0.73114671 0.10000000 
0.69000000 0.00000000 0.72026292 0.10000000 
0.70000000 0.00000000 0.70961961 0.10000000 
0.71000000 0.00000000 0.69922459 0.10000000 
0.72000000 0.00000000 0.68908543 0.10000000 
0.73000000 0.00000000 0.67920946 0.10000000 
0.74000000 0.00000000 0.66960382 0.10000000 
0.75000000 0.00000000 0.66027536 0.10000000 
0.76000000 0.00000000 0.65123074 0.10000000 
0.77000000 0.00000000 0.64247638 0.10000000 
0.78000000 0.00000000 0.63401843 0.10000000 
0.79000000 0.00000000 0.62586280 0.10000000 
0.80000000 0.00000000 0.61801517 0.10000000 
0.81000000 0.00000000 0.61048095 0.10000000 
0.82000000 0.00000000 0.60326533 0.10000000 
0.83000000 0.00000000 0.59637327 0.10000000 
0.84000000 0.00000000 0.58980948 0.10000000 
0.85000000 0.00000000 0.58357848 0.10000000 
0.86000000 0.00000000 0.57768455 0.10000000 
0.87000000 0.00000000 0.57213180 0.10000000 
0.88000000 0.00000000 0.56692330 0.10000000 
0.89000000 0.00000000 0.56206236 0.10000000 
0.90000000 0.00000000 0.55755198 0.10000000 
0.91000000 0.00000000 0.55339487 0.10000000 
0.92000000 0.00000000 0.54959467 0.10000000 
0.93000000 0.00000000 0.54615418 0.10000000 
0.94000000 0.00000000 0.54307620 0.10000000 
0.95000000 0.00000000 0.54036352 0.10000000 
0.96000000 0.00000000 0.53801891 0.10000000 
0.97000000 0.00000000 0.53604523 0.10000000 
0.98000000 0.00000000 0.53441090 0.10000000 
0.99000000 0.00000000 0.53314219 0.10000000 

