-1.00000000 0.00000000 0.51772196 0.10000000 
-0.99000000 0.00000000 0.51715239 0.10000000 
-0.98000000 0.00000000 0.51700846 0.10000000 
-0.97000000 0.00000000 0.51725808 0.10000000 
-0.96000000 0.00000000 0.51790690 0.10000000 
-0.95000000 0.00000000 0.51895937 0.10000000 
-0.94000000 0.00000000 0.52042005 0.10000000 
-0.93000000 0.00000000 0.52229352 0.10000000 
-0.92000000 0.00000000 0.52313471 0.10000000 
-0.91000000 0.00000000 0.52567524 0.10000000 
-0.90000000 0.00000000 0.52853489 0.10000000 
-0.89000000 0.00000000 0.53180680 0.10000000 
-0.88000000 0.00000000 0.53742998 0.10000000 
-0.87000000 0.00000000 0.54168050 0.10000000 
-0.86000000 0.00000000 0.54643500 0.10000000 
-0.85000000 0.00000000 0.55162273 0.10000000 
-0.84000000 0.00000000 0.55724597 0.10000000 
-0.83000000 0.00000000 0.56330590 0.10000000 
-0.82000000 0.00000000 0.56662043 0.10000000 
-0.81000000 0.00000000 0.57361520 0.10000000 
-0.80000000 0.00000000 0.58084365 0.10000000 
-0.79000000 0.00000000 0.58851370 0.10000000 
-0.78000000 0.00000000 0.59660432 0.10000000 
-0.77000000 0.00000000 0.60510154 0.10000000 
-0.76000000 0.00000000 0.61780391 0.10000000 
-0.75000000 0.00000000 0.62716631 0.10000000 
-0.74000000 0.00000000 0.63688530 0.10000000 
-0.73000000 0.00000000 0.64694263 0.10000000 
-0.72000000 0.00000000 0.65732342 0.10000000 
-0.71000000 0.00000000 0.66807328 0.10000000 
-0.70000000 0.00000000 0.67910061 0.10000000 
-0.69000000 0.00000000 0.69039771 0.10000000 
-0.68000000 0.00000000 0.70180641 0.10000000 
-0.67000000 0.00000000 0.71344380 0.10000000 
-0.66000000 0.00000000 0.72529236 0.10000000 
-0.65000000 0.00000000 0.73727233 0.10000000 
-0.64000000 0.00000000 0.74946843 0.10000000 
-0.63000000 0.00000000 0.76187799 0.10000000 
-0.62000000 0.00000000 0.77464194 0.10000000 
-0.61000000 0.00000000 0.78764505 0.10000000 
-0.60000000 0.00000000 0.80089169 0.10000000 
-0.59000000 0.00000000 0.81438502 0.10000000 
-0.58000000 0.00000000 0.82213188 0.10000000 
-0.57000000 0.00000000 0.83648289 0.10000000 
-0.56000000 0.00000000 0.85064391 0.10000000 
-0.55000000 0.00000000 0.86508157 0.10000000 
-0.54000000 0.00000000 0.87975062 0.10000000 
-0.53000000 0.00000000 0.89463853 0.10000000 
-0.52000000 0.00000000 0.91548272 0.10000000 
-0.51000000 0.00000000 0.93058714 0.10000000 
-0.50000000 0.00000000 0.94593924 0.10000000 
-0.49000000 0.00000000 0.96139740 0.10000000 
-0.48000000 0.00000000 0.97693496 0.10000000 
-0.47000000 0.00000000 0.99264259 0.10000000 
-0.46000000 0.00000000 1.00834566 0.10000000 
-0.45000000 0.00000000 1.02403247 0.10000000 
-0.44000000 0.00000000 1.03968100 0.10000000 
-0.43000000 0.00000000 1.05527088 0.10000000 
-0.42000000 0.00000000 1.06439586 0.10000000 
-0.41000000 0.00000000 1.08032008 0.10000000 
-0.40000000 0.00000000 1.10131636 0.10000000 
-0.39000000 0.00000000 1.11641374 0.10000000 
-0.38000000 0.00000000 1.13137085 0.10000000 
-0.37000000 0.00000000 1.14616461 0.10000000 
-0.36000000 0.00000000 1.16076984 0.10000000 
-0.35000000 0.00000000 1.17516512 0.10000000 
-0.34000000 0.00000000 1.18932924 0.10000000 
-0.33000000 0.00000000 1.20324167 0.10000000 
-0.32000000 0.00000000 1.21688279 0.10000000 
-0.31000000 0.00000000 1.23035894 0.10000000 
-0.30000000 0.00000000 1.24349185 0.10000000 
-0.29000000 0.00000000 1.25616951 0.10000000 
-0.28000000 0.00000000 1.26851607 0.10000000 
-0.27000000 0.00000000 1.28051684 0.10000000 
-0.26000000 0.00000000 1.29215812 0.10000000 
-0.25000000 0.00000000 1.30342716 0.10000000 
-0.24000000 0.00000000 1.31431210 0.10000000 
-0.23000000 0.00000000 1.32480192 0.10000000 
-0.22000000 0.00000000 1.33488643 0.10000000 
-0.21000000 0.00000000 1.34455622 0.10000000 
-0.20000000 0.00000000 1.35380014 0.10000000 
-0.19000000 0.00000000 1.36261138 0.10000000 
-0.18000000 0.00000000 1.37098542 0.10000000 
-0.17000000 0.00000000 1.37891504 0.10000000 
-0.16000000 0.00000000 1.38639363 0.10000000 
-0.15000000 0.00000000 1.39341522 0.10000000 
-0.14000000 0.00000000 1.39997448 0.10000000 
-0.13000000 0.00000000 1.40606665 0.10000000 
-0.12000000 0.00000000 1.41168759 0.10000000 
-0.11000000 0.00000000 1.41683372 0.10000000 
-0.10000000 0.00000000 1.42150195 0.10000000 
-0.09000000 0.00000000 1.42568979 0.10000000 
-0.08000000 0.00000000 1.42939516 0.10000000 
-0.07000000 0.00000000 1.43261643 0.10000000 
-0.06000000 0.00000000 1.43535240 0.10000000 
-0.05000000 0.00000000 1.43760231 0.10000000 
-0.04000000 0.00000000 1.43936799 0.10000000 
-0.03000000 0.00000000 1.44065029 0.10000000 
-0.02000000 0.00000000 1.44145065 0.10000000 
-0.01000000 0.00000000 1.44177096 0.10000000 
0.00000000 0.00000000 1.44161107 0.10000000 
0.01000000 0.00000000 1.44097250 0.10000000 
0.02000000 0.00000000 1.43985690 0.10000000 
0.03000000 0.00000000 1.43826588 0.10000000 
0.04000000 0.00000000 1.43620109 0.10000000 
0.05000000 0.00000000 1.43366415 0.10000000 
0.06000000 0.00000000 1.43074714 0.10000000 
0.07000000 0.00000000 1.42737751 0.10000000 
0.08000000 0.00000000 1.42356408 0.10000000 
0.09000000 0.00000000 1.41930958 0.10000000 
0.10000000 0.00000000 1.41451747 0.10000000 
0.11000000 0.00000000 1.40926557 0.10000000 
0.12000000 0.00000000 1.40355395 0.10000000 
0.13000000 0.00000000 1.39738315 0.10000000 
0.14000000 0.00000000 1.39075453 0.10000000 
0.15000000 0.00000000 1.38367075 0.10000000 
0.16000000 0.00000000 1.37980279 0.10000000 
0.17000000 0.00000000 1.37172319 0.10000000 
0.18000000 0.00000000 1.36346228 0.10000000 
0.19000000 0.00000000 1.35474912 0.10000000 
0.20000000 0.00000000 1.34159146 0.10000000 
0.21000000 0.00000000 1.33192731 0.10000000 
0.22000000 0.00000000 1.32188295 0.10000000 
0.23000000 0.00000000 1.31147672 0.10000000 
0.24000000 0.00000000 1.30072804 0.10000000 
0.25000000 0.00000000 1.28965695 0.10000000 
0.26000000 0.00000000 1.27828372 0.10000000 
0.27000000 0.00000000 1.26655669 0.10000000 
0.28000000 0.00000000 1.25458409 0.10000000 
0.29000000 0.00000000 1.24237736 0.10000000 
0.30000000 0.00000000 1.22995375 0.10000000 
0.31000000 0.00000000 1.21740796 0.10000000 
0.32000000 0.00000000 1.20466256 0.10000000 
0.33000000 0.00000000 1.19173374 0.10000000 
0.34000000 0.00000000 1.17863724 0.10000000 
0.35000000 0.00000000 1.16538832 0.10000000 
0.36000000 0.00000000 1.15200177 0.10000000 
0.37000000 0.00000000 1.13849196 0.10000000 
0.38000000 0.00000000 1.12487426 0.10000000 
0.39000000 0.00000000 1.11116171 0.10000000 
0.40000000 0.00000000 1.09736730 0.10000000 
0.41000000 0.00000000 1.08350387 0.10000000 
0.42000000 0.00000000 1.06958263 0.10000000 
0.43000000 0.00000000 1.05561681 0.10000000 
0.44000000 0.00000000 1.04161946 0.10000000 
0.45000000 0.00000000 1.02760342 0.10000000 
0.46000000 0.00000000 1.01358133 0.10000000 
0.47000000 0.00000000 0.99956568 0.10000000 
0.48000000 0.00000000 0.98556882 0.10000000 
0.49000000 0.00000000 0.97160288 0.10000000 
0.50000000 0.00000000 0.95767987 0.10000000 
0.51000000 0.00000000 0.94381166 0.10000000 
0.52000000 0.00000000 0.93000996 0.10000000 
0.53000000 0.00000000 0.91628637 0.10000000 
0.54000000 0.00000000 0.90265230 0.10000000 
0.55000000 0.00000000 0.88911896 0.10000000 
0.56000000 0.00000000 0.87569739 0.10000000 
0.57000000 0.00000000 0.86239843 0.10000000 
0.58000000 0.00000000 0.84923274 0.10000000 
0.59000000 0.00000000 0.83621078 0.10000000 
0.60000000 0.00000000 0.82334280 0.10000000 
0.61000000 0.00000000 0.81063885 0.10000000 
0.62000000 0.00000000 0.79810878 0.10000000 
0.63000000 0.00000000 0.78576223 0.10000000 
0.64000000 0.00000000 0.77360861 0.10000000 
0.65000000 0.00000000 0.76165712 0.10000000 
0.66000000 0.00000000 0.74991675 0.10000000 
0.67000000 0.00000000 0.73839625 0.10000000 
0.68000000 0.00000000 0.72710416 0.10000000 
0.69000000 0.00000000 0.71604880 0.10000000 
0.70000000 0.00000000 0.70523823 0.10000000 
0.71000000 0.00000000 0.69468032 0.10000000 
0.72000000 0.00000000 0.68438267 0.10000000 
0.73000000 0.00000000 0.67435268 0.10000000 
0.74000000 0.00000000 0.66459750 0.10000000 
0.75000000 0.00000000 0.65512404 0.10000000 
0.76000000 0.00000000 0.64593898 0.10000000 
0.77000000 0.00000000 0.63704878 0.10000000 
0.78000000 0.00000000 0.62845962 0.10000000 
0.79000000 0.00000000 0.62017745 0.10000000 
0.80000000 0.00000000 0.61220798 0.10000000 
0.81000000 0.00000000 0.60455666 0.10000000 
0.82000000 0.00000000 0.59722869 0.10000000 
0.83000000 0.00000000 0.59022907 0.10000000 
0.84000000 0.00000000 0.58356256 0.10000000 
0.85000000 0.00000000 0.57723369 0.10000000 
0.86000000 0.00000000 0.57124680 0.10000000 
0.87000000 0.00000000 0.56560601 0.10000000 
0.88000000 0.00000000 0.56031444 0.10000000 
0.89000000 0.00000000 0.55537541 0.10000000 
0.90000000 0.00000000 0.55079196 0.10000000 
0.91000000 0.00000000 0.54656686 0.10000000 
0.92000000 0.00000000 0.54270376 0.10000000 
0.93000000 0.00000000 0.53920554 0.10000000 
0.94000000 0.00000000 0.53607503 0.10000000 
0.95000000 0.00000000 0.53331506 0.10000000 
0.96000000 0.00000000 0.53092849 0.10000000 
0.97000000 0.00000000 0.52891821 0.10000000 
0.98000000 0.00000000 0.52725229 0.10000000 
0.99000000 0.00000000 0.52595733 0.10000000 

