-1.00000000 0.00000000 0.11083173 0.10000000 
-0.99000000 0.00000000 0.10996167 0.10000000 
-0.98000000 0.00000000 0.10917279 0.10000000 
-0.97000000 0.00000000 0.10846122 0.10000000 
-0.96000000 0.00000000 0.10782414 0.10000000 
-0.95000000 0.00000000 0.10725937 0.10000000 
-0.94000000 0.00000000 0.10676562 0.10000000 
-0.93000000 0.00000000 0.10634253 0.10000000 
-0.92000000 0.00000000 0.10605544 0.10000000 
-0.91000000 0.00000000 0.10573010 0.10000000 
-0.90000000 0.00000000 0.10548165 0.10000000 
-0.89000000 0.00000000 0.10530485 0.10000000 
-0.88000000 0.00000000 0.10527043 0.10000000 
-0.87000000 0.00000000 0.10529603 0.10000000 
-0.86000000 0.00000000 0.10543753 0.10000000 
-0.85000000 0.00000000 0.10569211 0.10000000 
-0.84000000 0.00000000 0.10607300 0.10000000 
-0.83000000 0.00000000 0.10659551 0.10000000 
-0.82000000 0.00000000 0.10681214 0.10000000 
-0.81000000 0.00000000 0.10759920 0.10000000 
-0.80000000 0.00000000 0.10854894 0.10000000 
-0.79000000 0.00000000 0.10971469 0.10000000 
-0.78000000 0.00000000 0.11112139 0.10000000 
-0.77000000 0.00000000 0.11279343 0.10000000 
-0.76000000 0.00000000 0.11593687 0.10000000 
-0.75000000 0.00000000 0.11842767 0.10000000 
-0.74000000 0.00000000 0.12130694 0.10000000 
-0.73000000 0.00000000 0.12461739 0.10000000 
-0.72000000 0.00000000 0.12841315 0.10000000 
-0.71000000 0.00000000 0.13275765 0.10000000 
-0.70000000 0.00000000 0.13770260 0.10000000 
-0.69000000 0.00000000 0.14331509 0.10000000 
-0.68000000 0.00000000 0.14945380 0.10000000 
-0.67000000 0.00000000 0.15635719 0.10000000 
-0.66000000 0.00000000 0.16408984 0.10000000 
-0.65000000 0.00000000 0.17271275 0.10000000 
-0.64000000 0.00000000 0.18233727 0.10000000 
-0.63000000 0.00000000 0.19305799 0.10000000 
-0.62000000 0.00000000 0.20529327 0.10000000 
-0.61000000 0.00000000 0.21890503 0.10000000 
-0.60000000 0.00000000 0.23401972 0.10000000 
-0.59000000 0.00000000 0.25075467 0.10000000 
-0.58000000 0.00000000 0.25948671 0.10000000 
-0.57000000 0.00000000 0.27957025 0.10000000 
-0.56000000 0.00000000 0.30093863 0.10000000 
-0.55000000 0.00000000 0.32438215 0.10000000 
-0.54000000 0.00000000 0.34994665 0.10000000 
-0.53000000 0.00000000 0.37771713 0.10000000 
-0.52000000 0.00000000 0.42157622 0.10000000 
-0.51000000 0.00000000 0.45420335 0.10000000 
-0.50000000 0.00000000 0.48967076 0.10000000 
-0.49000000 0.00000000 0.52752009 0.10000000 
-0.48000000 0.00000000 0.56777180 0.10000000 
-0.47000000 0.00000000 0.61062264 0.10000000 
-0.46000000 0.00000000 0.65584929 0.10000000 
-0.45000000 0.00000000 0.70345299 0.10000000 
-0.44000000 0.00000000 0.75340497 0.10000000 
-0.43000000 0.00000000 0.80566186 0.10000000 
-0.42000000 0.00000000 0.83463137 0.10000000 
-0.41000000 0.00000000 0.89229471 0.10000000 
-0.40000000 0.00000000 0.97518656 0.10000000 
-0.39000000 0.00000000 1.03570520 0.10000000 
-0.38000000 0.00000000 1.09806244 0.10000000 
-0.37000000 0.00000000 1.16209752 0.10000000 
-0.36000000 0.00000000 1.22762874 0.10000000 
-0.35000000 0.00000000 1.29446386 0.10000000 
-0.34000000 0.00000000 1.36239663 0.10000000 
-0.33000000 0.00000000 1.43120916 0.10000000 
-0.32000000 0.00000000 1.50067404 0.10000000 
-0.31000000 0.00000000 1.57105573 0.10000000 
-0.30000000 0.00000000 1.64149141 0.10000000 
-0.29000000 0.00000000 1.71130073 0.10000000 
-0.28000000 0.00000000 1.78082479 0.10000000 
-0.27000000 0.00000000 1.84981292 0.10000000 
-0.26000000 0.00000000 1.91801370 0.10000000 
-0.25000000 0.00000000 1.98517673 0.10000000 
-0.24000000 0.00000000 2.05105414 0.10000000 
-0.23000000 0.00000000 2.11540219 0.10000000 
-0.22000000 0.00000000 2.17798283 0.10000000 
-0.21000000 0.00000000 2.23856509 0.10000000 
-0.20000000 0.00000000 2.29691673 0.10000000 
-0.19000000 0.00000000 2.35282952 0.10000000 
-0.18000000 0.00000000 2.40611399 0.10000000 
-0.17000000 0.00000000 2.45657889 0.10000000 
-0.16000000 0.00000000 2.50404651 0.10000000 
-0.15000000 0.00000000 2.54835373 0.10000000 
-0.14000000 0.00000000 2.58935317 0.10000000 
-0.13000000 0.00000000 2.62691383 0.10000000 
-0.12000000 0.00000000 2.66092164 0.10000000 
-0.11000000 0.00000000 2.69127998 0.10000000 
-0.10000000 0.00000000 2.71790966 0.10000000 
-0.09000000 0.00000000 2.74074938 0.10000000 
-0.08000000 0.00000000 2.75975538 0.10000000 
-0.07000000 0.00000000 2.77490114 0.10000000 
-0.06000000 0.00000000 2.78617731 0.10000000 
-0.05000000 0.00000000 2.79359119 0.10000000 
-0.04000000 0.00000000 2.79718154 0.10000000 
-0.03000000 0.00000000 2.79699219 0.10000000 
-0.02000000 0.00000000 2.79308308 0.10000000 
-0.01000000 0.00000000 2.78552840 0.10000000 
0.00000000 0.00000000 2.77440084 0.10000000 
0.01000000 0.00000000 2.75979359 0.10000000 
0.02000000 0.00000000 2.74180937 0.10000000 
0.03000000 0.00000000 2.72055904 0.10000000 
0.04000000 0.00000000 2.69616051 0.10000000 
0.05000000 0.00000000 2.66873761 0.10000000 
0.06000000 0.00000000 2.63901498 0.10000000 
0.07000000 0.00000000 2.60661259 0.10000000 
0.08000000 0.00000000 2.57171041 0.10000000 
0.09000000 0.00000000 2.53444789 0.10000000 
0.10000000 0.00000000 2.49439582 0.10000000 
0.11000000 0.00000000 2.45214788 0.10000000 
0.12000000 0.00000000 2.40783329 0.10000000 
0.13000000 0.00000000 2.36158270 0.10000000 
0.14000000 0.00000000 2.31352986 0.10000000 
0.15000000 0.00000000 2.26381326 0.10000000 
0.16000000 0.00000000 2.23562329 0.10000000 
0.17000000 0.00000000 2.18156437 0.10000000 
0.18000000 0.00000000 2.12795066 0.10000000 
0.19000000 0.00000000 2.07309950 0.10000000 
0.20000000 0.00000000 1.99506845 0.10000000 
0.21000000 0.00000000 1.93861724 0.10000000 
0.22000000 0.00000000 1.88167823 0.10000000 
0.23000000 0.00000000 1.82443695 0.10000000 
0.24000000 0.00000000 1.76707700 0.10000000 
0.25000000 0.00000000 1.70977708 0.10000000 
0.26000000 0.00000000 1.65270835 0.10000000 
0.27000000 0.00000000 1.59557804 0.10000000 
0.28000000 0.00000000 1.53911391 0.10000000 
0.29000000 0.00000000 1.48339994 0.10000000 
0.30000000 0.00000000 1.42855080 0.10000000 
0.31000000 0.00000000 1.37510226 0.10000000 
0.32000000 0.00000000 1.32260865 0.10000000 
0.33000000 0.00000000 1.27115580 0.10000000 
0.34000000 0.00000000 1.22081879 0.10000000 
0.35000000 0.00000000 1.17166221 0.10000000 
0.36000000 0.00000000 1.12374056 0.10000000 
0.37000000 0.00000000 1.07709878 0.10000000 
0.38000000 0.00000000 1.03178192 0.10000000 
0.39000000 0.00000000 0.98781355 0.10000000 
0.40000000 0.00000000 0.94521158 0.10000000 
0.41000000 0.00000000 0.90398786 0.10000000 
0.42000000 0.00000000 0.86414013 0.10000000 
0.43000000 0.00000000 0.82567345 0.10000000 
0.44000000 0.00000000 0.78858745 0.10000000 
0.45000000 0.00000000 0.75287686 0.10000000 
0.46000000 0.00000000 0.71853201 0.10000000 
0.47000000 0.00000000 0.68553927 0.10000000 
0.48000000 0.00000000 0.65388151 0.10000000 
0.49000000 0.00000000 0.62353830 0.10000000 
0.50000000 0.00000000 0.59448659 0.10000000 
0.51000000 0.00000000 0.56670101 0.10000000 
0.52000000 0.00000000 0.54015411 0.10000000 
0.53000000 0.00000000 0.51481684 0.10000000 
0.54000000 0.00000000 0.49065852 0.10000000 
0.55000000 0.00000000 0.46764708 0.10000000 
0.56000000 0.00000000 0.44574936 0.10000000 
0.57000000 0.00000000 0.42493131 0.10000000 
0.58000000 0.00000000 0.40515819 0.10000000 
0.59000000 0.00000000 0.38639484 0.10000000 
0.60000000 0.00000000 0.36860576 0.10000000 
0.61000000 0.00000000 0.35175535 0.10000000 
0.62000000 0.00000000 0.33580802 0.10000000 
0.63000000 0.00000000 0.32072835 0.10000000 
0.64000000 0.00000000 0.30648117 0.10000000 
0.65000000 0.00000000 0.29303172 0.10000000 
0.66000000 0.00000000 0.28034572 0.10000000 
0.67000000 0.00000000 0.26838946 0.10000000 
0.68000000 0.00000000 0.25712992 0.10000000 
0.69000000 0.00000000 0.24653476 0.10000000 
0.70000000 0.00000000 0.23657245 0.10000000 
0.71000000 0.00000000 0.22721230 0.10000000 
0.72000000 0.00000000 0.21842448 0.10000000 
0.73000000 0.00000000 0.21018006 0.10000000 
0.74000000 0.00000000 0.20245105 0.10000000 
0.75000000 0.00000000 0.19521044 0.10000000 
0.76000000 0.00000000 0.18843214 0.10000000 
0.77000000 0.00000000 0.18209107 0.10000000 
0.78000000 0.00000000 0.17616312 0.10000000 
0.79000000 0.00000000 0.17062515 0.10000000 
0.80000000 0.00000000 0.16545500 0.10000000 
0.81000000 0.00000000 0.16063147 0.10000000 
0.82000000 0.00000000 0.15613432 0.10000000 
0.83000000 0.00000000 0.15194423 0.10000000 
0.84000000 0.00000000 0.14804282 0.10000000 
0.85000000 0.00000000 0.14441261 0.10000000 
0.86000000 0.00000000 0.14103699 0.10000000 
0.87000000 0.00000000 0.13790024 0.10000000 
0.88000000 0.00000000 0.13498751 0.10000000 
0.89000000 0.00000000 0.13228473 0.10000000 
0.90000000 0.00000000 0.12977865 0.10000000 
0.91000000 0.00000000 0.12745678 0.10000000 
0.92000000 0.00000000 0.12530742 0.10000000 
0.93000000 0.00000000 0.12331961 0.10000000 
0.94000000 0.00000000 0.12148314 0.10000000 
0.95000000 0.00000000 0.11978853 0.10000000 
0.96000000 0.00000000 0.11822702 0.10000000 
0.97000000 0.00000000 0.11679060 0.10000000 
0.98000000 0.00000000 0.11547354 0.10000000 
0.99000000 0.00000000 0.11426698 0.10000000 

