-1.00000000 0.00000000 0.57327521 0.10000000 
-0.99000000 0.00000000 0.57281536 0.10000000 
-0.98000000 0.00000000 0.57273243 0.10000000 
-0.97000000 0.00000000 0.57299753 0.10000000 
-0.96000000 0.00000000 0.57361534 0.10000000 
-0.95000000 0.00000000 0.57458948 0.10000000 
-0.94000000 0.00000000 0.57592363 0.10000000 
-0.93000000 0.00000000 0.57762146 0.10000000 
-0.92000000 0.00000000 0.57839039 0.10000000 
-0.91000000 0.00000000 0.58067716 0.10000000 
-0.90000000 0.00000000 0.58324260 0.10000000 
-0.89000000 0.00000000 0.58616998 0.10000000 
-0.88000000 0.00000000 0.59118029 0.10000000 
-0.87000000 0.00000000 0.59496381 0.10000000 
-0.86000000 0.00000000 0.59918790 0.10000000 
-0.85000000 0.00000000 0.60378990 0.10000000 
-0.84000000 0.00000000 0.60877131 0.10000000 
-0.83000000 0.00000000 0.61413260 0.10000000 
-0.82000000 0.00000000 0.61706964 0.10000000 
-0.81000000 0.00000000 0.62324665 0.10000000 
-0.80000000 0.00000000 0.62962322 0.10000000 
-0.79000000 0.00000000 0.63638188 0.10000000 
-0.78000000 0.00000000 0.64350361 0.10000000 
-0.77000000 0.00000000 0.65097569 0.10000000 
-0.76000000 0.00000000 0.66212372 0.10000000 
-0.75000000 0.00000000 0.67033673 0.10000000 
-0.74000000 0.00000000 0.67885470 0.10000000 
-0.73000000 0.00000000 0.68766120 0.10000000 
-0.72000000 0.00000000 0.69674268 0.10000000 
-0.71000000 0.00000000 0.70613898 0.10000000 
-0.70000000 0.00000000 0.71576896 0.10000000 
-0.69000000 0.00000000 0.72562552 0.10000000 
-0.68000000 0.00000000 0.73557177 0.10000000 
-0.67000000 0.00000000 0.74570829 0.10000000 
-0.66000000 0.00000000 0.75601962 0.10000000 
-0.65000000 0.00000000 0.76643562 0.10000000 
-0.64000000 0.00000000 0.77703033 0.10000000 
-0.63000000 0.00000000 0.78780117 0.10000000 
-0.62000000 0.00000000 0.79886895 0.10000000 
-0.61000000 0.00000000 0.81013449 0.10000000 
-0.60000000 0.00000000 0.82160134 0.10000000 
-0.59000000 0.00000000 0.83327214 0.10000000 
-0.58000000 0.00000000 0.83997871 0.10000000 
-0.57000000 0.00000000 0.85237510 0.10000000 
-0.56000000 0.00000000 0.86459849 0.10000000 
-0.55000000 0.00000000 0.87705162 0.10000000 
-0.54000000 0.00000000 0.88969555 0.10000000 
-0.53000000 0.00000000 0.90251964 0.10000000 
-0.52000000 0.00000000 0.92045333 0.10000000 
-0.51000000 0.00000000 0.93344618 0.10000000 
-0.50000000 0.00000000 0.94664402 0.10000000 
-0.49000000 0.00000000 0.95992590 0.10000000 
-0.48000000 0.00000000 0.97326917 0.10000000 
-0.47000000 0.00000000 0.98675236 0.10000000 
-0.46000000 0.00000000 1.00022523 0.10000000 
-0.45000000 0.00000000 1.01367809 0.10000000 
-0.44000000 0.00000000 1.02709244 0.10000000 
-0.43000000 0.00000000 1.04045116 0.10000000 
-0.42000000 0.00000000 1.04827334 0.10000000 
-0.41000000 0.00000000 1.06190950 0.10000000 
-0.40000000 0.00000000 1.07987788 0.10000000 
-0.39000000 0.00000000 1.09279731 0.10000000 
-0.38000000 0.00000000 1.10559346 0.10000000 
-0.37000000 0.00000000 1.11824704 0.10000000 
-0.36000000 0.00000000 1.13073695 0.10000000 
-0.35000000 0.00000000 1.14304535 0.10000000 
-0.34000000 0.00000000 1.15515455 0.10000000 
-0.33000000 0.00000000 1.16704748 0.10000000 
-0.32000000 0.00000000 1.17870781 0.10000000 
-0.31000000 0.00000000 1.19022699 0.10000000 
-0.30000000 0.00000000 1.20145296 0.10000000 
-0.29000000 0.00000000 1.21229040 0.10000000 
-0.28000000 0.00000000 1.22284590 0.10000000 
-0.27000000 0.00000000 1.23310734 0.10000000 
-0.26000000 0.00000000 1.24306338 0.10000000 
-0.25000000 0.00000000 1.25270351 0.10000000 
-0.24000000 0.00000000 1.26201794 0.10000000 
-0.23000000 0.00000000 1.27099762 0.10000000 
-0.22000000 0.00000000 1.27963413 0.10000000 
-0.21000000 0.00000000 1.28791973 0.10000000 
-0.20000000 0.00000000 1.29584516 0.10000000 
-0.19000000 0.00000000 1.30340485 0.10000000 
-0.18000000 0.00000000 1.31059513 0.10000000 
-0.17000000 0.00000000 1.31741003 0.10000000 
-0.16000000 0.00000000 1.32384406 0.10000000 
-0.15000000 0.00000000 1.32989224 0.10000000 
-0.14000000 0.00000000 1.33555011 0.10000000 
-0.13000000 0.00000000 1.34081367 0.10000000 
-0.12000000 0.00000000 1.34567942 0.10000000 
-0.11000000 0.00000000 1.35014430 0.10000000 
-0.10000000 0.00000000 1.35420564 0.10000000 
-0.09000000 0.00000000 1.35786125 0.10000000 
-0.08000000 0.00000000 1.36110927 0.10000000 
-0.07000000 0.00000000 1.36394819 0.10000000 
-0.06000000 0.00000000 1.36637682 0.10000000 
-0.05000000 0.00000000 1.36839434 0.10000000 
-0.04000000 0.00000000 1.37000210 0.10000000 
-0.03000000 0.00000000 1.37120056 0.10000000 
-0.02000000 0.00000000 1.37199070 0.10000000 
-0.01000000 0.00000000 1.37237384 0.10000000 
0.00000000 0.00000000 1.37234955 0.10000000 
0.01000000 0.00000000 1.37191883 0.10000000 
0.02000000 0.00000000 1.37108270 0.10000000 
0.03000000 0.00000000 1.36984221 0.10000000 
0.04000000 0.00000000 1.36819838 0.10000000 
0.05000000 0.00000000 1.36615220 0.10000000 
0.06000000 0.00000000 1.36378089 0.10000000 
0.07000000 0.00000000 1.36102305 0.10000000 
0.08000000 0.00000000 1.35788570 0.10000000 
0.09000000 0.00000000 1.35437077 0.10000000 
0.10000000 0.00000000 1.35039607 0.10000000 
0.11000000 0.00000000 1.34602700 0.10000000 
0.12000000 0.00000000 1.34126321 0.10000000 
0.13000000 0.00000000 1.33610469 0.10000000 
0.14000000 0.00000000 1.33055218 0.10000000 
0.15000000 0.00000000 1.32460747 0.10000000 
0.16000000 0.00000000 1.32136811 0.10000000 
0.17000000 0.00000000 1.31457015 0.10000000 
0.18000000 0.00000000 1.30760961 0.10000000 
0.19000000 0.00000000 1.30025782 0.10000000 
0.20000000 0.00000000 1.28912812 0.10000000 
0.21000000 0.00000000 1.28094864 0.10000000 
0.22000000 0.00000000 1.27243743 0.10000000 
0.23000000 0.00000000 1.26360965 0.10000000 
0.24000000 0.00000000 1.25448140 0.10000000 
0.25000000 0.00000000 1.24506930 0.10000000 
0.26000000 0.00000000 1.23539020 0.10000000 
0.27000000 0.00000000 1.22540030 0.10000000 
0.28000000 0.00000000 1.21519063 0.10000000 
0.29000000 0.00000000 1.20477070 0.10000000 
0.30000000 0.00000000 1.19415495 0.10000000 
0.31000000 0.00000000 1.18342351 0.10000000 
0.32000000 0.00000000 1.17251068 0.10000000 
0.33000000 0.00000000 1.16143009 0.10000000 
0.34000000 0.00000000 1.15019501 0.10000000 
0.35000000 0.00000000 1.13881834 0.10000000 
0.36000000 0.00000000 1.12731263 0.10000000 
0.37000000 0.00000000 1.11569009 0.10000000 
0.38000000 0.00000000 1.10396384 0.10000000 
0.39000000 0.00000000 1.09214504 0.10000000 
0.40000000 0.00000000 1.08024486 0.10000000 
0.41000000 0.00000000 1.06827438 0.10000000 
0.42000000 0.00000000 1.05624332 0.10000000 
0.43000000 0.00000000 1.04416318 0.10000000 
0.44000000 0.00000000 1.03204528 0.10000000 
0.45000000 0.00000000 1.01990086 0.10000000 
0.46000000 0.00000000 1.00774099 0.10000000 
0.47000000 0.00000000 0.99557667 0.10000000 
0.48000000 0.00000000 0.98341877 0.10000000 
0.49000000 0.00000000 0.97127805 0.10000000 
0.50000000 0.00000000 0.95916518 0.10000000 
0.51000000 0.00000000 0.94709073 0.10000000 
0.52000000 0.00000000 0.93506519 0.10000000 
0.53000000 0.00000000 0.92309894 0.10000000 
0.54000000 0.00000000 0.91120224 0.10000000 
0.55000000 0.00000000 0.89938522 0.10000000 
0.56000000 0.00000000 0.88765788 0.10000000 
0.57000000 0.00000000 0.87603005 0.10000000 
0.58000000 0.00000000 0.86451143 0.10000000 
0.59000000 0.00000000 0.85311158 0.10000000 
0.60000000 0.00000000 0.84183988 0.10000000 
0.61000000 0.00000000 0.83070555 0.10000000 
0.62000000 0.00000000 0.81971767 0.10000000 
0.63000000 0.00000000 0.80888510 0.10000000 
0.64000000 0.00000000 0.79821657 0.10000000 
0.65000000 0.00000000 0.78772059 0.10000000 
0.66000000 0.00000000 0.77740550 0.10000000 
0.67000000 0.00000000 0.76727946 0.10000000 
0.68000000 0.00000000 0.75735041 0.10000000 
0.69000000 0.00000000 0.74762611 0.10000000 
0.70000000 0.00000000 0.73811411 0.10000000 
0.71000000 0.00000000 0.72882176 0.10000000 
0.72000000 0.00000000 0.71975618 0.10000000 
0.73000000 0.00000000 0.71092430 0.10000000 
0.74000000 0.00000000 0.70233284 0.10000000 
0.75000000 0.00000000 0.69398827 0.10000000 
0.76000000 0.00000000 0.68589686 0.10000000 
0.77000000 0.00000000 0.67806467 0.10000000 
0.78000000 0.00000000 0.67049750 0.10000000 
0.79000000 0.00000000 0.66320093 0.10000000 
0.80000000 0.00000000 0.65618028 0.10000000 
0.81000000 0.00000000 0.64944066 0.10000000 
0.82000000 0.00000000 0.64298694 0.10000000 
0.83000000 0.00000000 0.63682375 0.10000000 
0.84000000 0.00000000 0.63095551 0.10000000 
0.85000000 0.00000000 0.62538643 0.10000000 
0.86000000 0.00000000 0.62012049 0.10000000 
0.87000000 0.00000000 0.61516148 0.10000000 
0.88000000 0.00000000 0.61051224 0.10000000 
0.89000000 0.00000000 0.60617582 0.10000000 
0.90000000 0.00000000 0.60215493 0.10000000 
0.91000000 0.00000000 0.59845207 0.10000000 
0.92000000 0.00000000 0.59507046 0.10000000 
0.93000000 0.00000000 0.59201263 0.10000000 
0.94000000 0.00000000 0.58928103 0.10000000 
0.95000000 0.00000000 0.58687810 0.10000000 
0.96000000 0.00000000 0.58480626 0.10000000 
0.97000000 0.00000000 0.58306794 0.10000000 
0.98000000 0.00000000 0.58163439 0.10000000 
0.99000000 0.00000000 0.58052932 0.10000000 

