-1.00000000 0.00000000 0.64976739 0.10000000 
-0.99000000 0.00000000 0.64941617 0.10000000 
-0.98000000 0.00000000 0.64936866 0.10000000 
-0.97000000 0.00000000 0.64960127 0.10000000 
-0.96000000 0.00000000 0.65011755 0.10000000 
-0.95000000 0.00000000 0.65092015 0.10000000 
-0.94000000 0.00000000 0.65201178 0.10000000 
-0.93000000 0.00000000 0.65339509 0.10000000 
-0.92000000 0.00000000 0.65402456 0.10000000 
-0.91000000 0.00000000 0.65588089 0.10000000 
-0.90000000 0.00000000 0.65795930 0.10000000 
-0.89000000 0.00000000 0.66032704 0.10000000 
-0.88000000 0.00000000 0.66436884 0.10000000 
-0.87000000 0.00000000 0.66741889 0.10000000 
-0.86000000 0.00000000 0.67081971 0.10000000 
-0.85000000 0.00000000 0.67452093 0.10000000 
-0.84000000 0.00000000 0.67852336 0.10000000 
-0.83000000 0.00000000 0.68282699 0.10000000 
-0.82000000 0.00000000 0.68518736 0.10000000 
-0.81000000 0.00000000 0.69013923 0.10000000 
-0.80000000 0.00000000 0.69524697 0.10000000 
-0.79000000 0.00000000 0.70065626 0.10000000 
-0.78000000 0.00000000 0.70635153 0.10000000 
-0.77000000 0.00000000 0.71232231 0.10000000 
-0.76000000 0.00000000 0.72121681 0.10000000 
-0.75000000 0.00000000 0.72776721 0.10000000 
-0.74000000 0.00000000 0.73455590 0.10000000 
-0.73000000 0.00000000 0.74156948 0.10000000 
-0.72000000 0.00000000 0.74879682 0.10000000 
-0.71000000 0.00000000 0.75626958 0.10000000 
-0.70000000 0.00000000 0.76392254 0.10000000 
-0.69000000 0.00000000 0.77174982 0.10000000 
-0.68000000 0.00000000 0.77964341 0.10000000 
-0.67000000 0.00000000 0.78768220 0.10000000 
-0.66000000 0.00000000 0.79585378 0.10000000 
-0.65000000 0.00000000 0.80410212 0.10000000 
-0.64000000 0.00000000 0.81248611 0.10000000 
-0.63000000 0.00000000 0.82100357 0.10000000 
-0.62000000 0.00000000 0.82974908 0.10000000 
-0.61000000 0.00000000 0.83864474 0.10000000 
-0.60000000 0.00000000 0.84769327 0.10000000 
-0.59000000 0.00000000 0.85689669 0.10000000 
-0.58000000 0.00000000 0.86218922 0.10000000 
-0.57000000 0.00000000 0.87195459 0.10000000 
-0.56000000 0.00000000 0.88157816 0.10000000 
-0.55000000 0.00000000 0.89137701 0.10000000 
-0.54000000 0.00000000 0.90132060 0.10000000 
-0.53000000 0.00000000 0.91140069 0.10000000 
-0.52000000 0.00000000 0.92548440 0.10000000 
-0.51000000 0.00000000 0.93568653 0.10000000 
-0.50000000 0.00000000 0.94604490 0.10000000 
-0.49000000 0.00000000 0.95646510 0.10000000 
-0.48000000 0.00000000 0.96692956 0.10000000 
-0.47000000 0.00000000 0.97750034 0.10000000 
-0.46000000 0.00000000 0.98805948 0.10000000 
-0.45000000 0.00000000 0.99859971 0.10000000 
-0.44000000 0.00000000 1.00910678 0.10000000 
-0.43000000 0.00000000 1.01956761 0.10000000 
-0.42000000 0.00000000 1.02569444 0.10000000 
-0.41000000 0.00000000 1.03636798 0.10000000 
-0.40000000 0.00000000 1.05042789 0.10000000 
-0.39000000 0.00000000 1.06053707 0.10000000 
-0.38000000 0.00000000 1.07054871 0.10000000 
-0.37000000 0.00000000 1.08044805 0.10000000 
-0.36000000 0.00000000 1.09021890 0.10000000 
-0.35000000 0.00000000 1.09984764 0.10000000 
-0.34000000 0.00000000 1.10932077 0.10000000 
-0.33000000 0.00000000 1.11862529 0.10000000 
-0.32000000 0.00000000 1.12774875 0.10000000 
-0.31000000 0.00000000 1.13676301 0.10000000 
-0.30000000 0.00000000 1.14554943 0.10000000 
-0.29000000 0.00000000 1.15403379 0.10000000 
-0.28000000 0.00000000 1.16229971 0.10000000 
-0.27000000 0.00000000 1.17033802 0.10000000 
-0.26000000 0.00000000 1.17814010 0.10000000 
-0.25000000 0.00000000 1.18569798 0.10000000 
-0.24000000 0.00000000 1.19300424 0.10000000 
-0.23000000 0.00000000 1.20005202 0.10000000 
-0.22000000 0.00000000 1.20683493 0.10000000 
-0.21000000 0.00000000 1.21334710 0.10000000 
-0.20000000 0.00000000 1.21958143 0.10000000 
-0.19000000 0.00000000 1.22553370 0.10000000 
-0.18000000 0.00000000 1.23120117 0.10000000 
-0.17000000 0.00000000 1.23657925 0.10000000 
-0.16000000 0.00000000 1.24166372 0.10000000 
-0.15000000 0.00000000 1.24645073 0.10000000 
-0.14000000 0.00000000 1.25093681 0.10000000 
-0.13000000 0.00000000 1.25511884 0.10000000 
-0.12000000 0.00000000 1.25899404 0.10000000 
-0.11000000 0.00000000 1.26255997 0.10000000 
-0.10000000 0.00000000 1.26581449 0.10000000 
-0.09000000 0.00000000 1.26875576 0.10000000 
-0.08000000 0.00000000 1.27138223 0.10000000 
-0.07000000 0.00000000 1.27369255 0.10000000 
-0.06000000 0.00000000 1.27568566 0.10000000 
-0.05000000 0.00000000 1.27736072 0.10000000 
-0.04000000 0.00000000 1.27871854 0.10000000 
-0.03000000 0.00000000 1.27975928 0.10000000 
-0.02000000 0.00000000 1.28048344 0.10000000 
-0.01000000 0.00000000 1.28089178 0.10000000 
0.00000000 0.00000000 1.28098371 0.10000000 
0.01000000 0.00000000 1.28075973 0.10000000 
0.02000000 0.00000000 1.28022033 0.10000000 
0.03000000 0.00000000 1.27936602 0.10000000 
0.04000000 0.00000000 1.27819727 0.10000000 
0.05000000 0.00000000 1.27671454 0.10000000 
0.06000000 0.00000000 1.27497687 0.10000000 
0.07000000 0.00000000 1.27293682 0.10000000 
0.08000000 0.00000000 1.27059951 0.10000000 
0.09000000 0.00000000 1.26796609 0.10000000 
0.10000000 0.00000000 1.26497267 0.10000000 
0.11000000 0.00000000 1.26166943 0.10000000 
0.12000000 0.00000000 1.25805575 0.10000000 
0.13000000 0.00000000 1.25413129 0.10000000 
0.14000000 0.00000000 1.24989628 0.10000000 
0.15000000 0.00000000 1.24535176 0.10000000 
0.16000000 0.00000000 1.24288161 0.10000000 
0.17000000 0.00000000 1.23766821 0.10000000 
0.18000000 0.00000000 1.23232084 0.10000000 
0.19000000 0.00000000 1.22666356 0.10000000 
0.20000000 0.00000000 1.21807399 0.10000000 
0.21000000 0.00000000 1.21175707 0.10000000 
0.22000000 0.00000000 1.20517515 0.10000000 
0.23000000 0.00000000 1.19833968 0.10000000 
0.24000000 0.00000000 1.19126282 0.10000000 
0.25000000 0.00000000 1.18395722 0.10000000 
0.26000000 0.00000000 1.17643566 0.10000000 
0.27000000 0.00000000 1.16866430 0.10000000 
0.28000000 0.00000000 1.16071301 0.10000000 
0.29000000 0.00000000 1.15258903 0.10000000 
0.30000000 0.00000000 1.14430342 0.10000000 
0.31000000 0.00000000 1.13591812 0.10000000 
0.32000000 0.00000000 1.12738230 0.10000000 
0.33000000 0.00000000 1.11870645 0.10000000 
0.34000000 0.00000000 1.10990081 0.10000000 
0.35000000 0.00000000 1.10097540 0.10000000 
0.36000000 0.00000000 1.09193994 0.10000000 
0.37000000 0.00000000 1.08280398 0.10000000 
0.38000000 0.00000000 1.07357775 0.10000000 
0.39000000 0.00000000 1.06427002 0.10000000 
0.40000000 0.00000000 1.05488960 0.10000000 
0.41000000 0.00000000 1.04544524 0.10000000 
0.42000000 0.00000000 1.03594469 0.10000000 
0.43000000 0.00000000 1.02639707 0.10000000 
0.44000000 0.00000000 1.01681142 0.10000000 
0.45000000 0.00000000 1.00719672 0.10000000 
0.46000000 0.00000000 0.99756186 0.10000000 
0.47000000 0.00000000 0.98791569 0.10000000 
0.48000000 0.00000000 0.97826700 0.10000000 
0.49000000 0.00000000 0.96862448 0.10000000 
0.50000000 0.00000000 0.95899682 0.10000000 
0.51000000 0.00000000 0.94939262 0.10000000 
0.52000000 0.00000000 0.93982044 0.10000000 
0.53000000 0.00000000 0.93028879 0.10000000 
0.54000000 0.00000000 0.92080609 0.10000000 
0.55000000 0.00000000 0.91138069 0.10000000 
0.56000000 0.00000000 0.90202081 0.10000000 
0.57000000 0.00000000 0.89273460 0.10000000 
0.58000000 0.00000000 0.88353011 0.10000000 
0.59000000 0.00000000 0.87441527 0.10000000 
0.60000000 0.00000000 0.86539789 0.10000000 
0.61000000 0.00000000 0.85648568 0.10000000 
0.62000000 0.00000000 0.84768621 0.10000000 
0.63000000 0.00000000 0.83900691 0.10000000 
0.64000000 0.00000000 0.83045510 0.10000000 
0.65000000 0.00000000 0.82203794 0.10000000 
0.66000000 0.00000000 0.81376243 0.10000000 
0.67000000 0.00000000 0.80563546 0.10000000 
0.68000000 0.00000000 0.79766372 0.10000000 
0.69000000 0.00000000 0.78985376 0.10000000 
0.70000000 0.00000000 0.78221196 0.10000000 
0.71000000 0.00000000 0.77474454 0.10000000 
0.72000000 0.00000000 0.76745754 0.10000000 
0.73000000 0.00000000 0.76035680 0.10000000 
0.74000000 0.00000000 0.75344802 0.10000000 
0.75000000 0.00000000 0.74673667 0.10000000 
0.76000000 0.00000000 0.74022807 0.10000000 
0.77000000 0.00000000 0.73392734 0.10000000 
0.78000000 0.00000000 0.72783938 0.10000000 
0.79000000 0.00000000 0.72196891 0.10000000 
0.80000000 0.00000000 0.71632042 0.10000000 
0.81000000 0.00000000 0.71089820 0.10000000 
0.82000000 0.00000000 0.70570636 0.10000000 
0.83000000 0.00000000 0.70074878 0.10000000 
0.84000000 0.00000000 0.69602916 0.10000000 
0.85000000 0.00000000 0.69155100 0.10000000 
0.86000000 0.00000000 0.68731762 0.10000000 
0.87000000 0.00000000 0.68333216 0.10000000 
0.88000000 0.00000000 0.67959697 0.10000000 
0.89000000 0.00000000 0.67611452 0.10000000 
0.90000000 0.00000000 0.67288705 0.10000000 
0.91000000 0.00000000 0.66991656 0.10000000 
0.92000000 0.00000000 0.66720564 0.10000000 
0.93000000 0.00000000 0.66475630 0.10000000 
0.94000000 0.00000000 0.66257046 0.10000000 
0.95000000 0.00000000 0.66065000 0.10000000 
0.96000000 0.00000000 0.65899680 0.10000000 
0.97000000 0.00000000 0.65761270 0.10000000 
0.98000000 0.00000000 0.65647431 0.10000000 
0.99000000 0.00000000 0.65560073 0.10000000 

