-1.00000000 0.00000000 0.10023509 0.10000000 
-0.99000000 0.00000000 0.10021132 0.10000000 
-0.98000000 0.00000000 0.10018995 0.10000000 
-0.97000000 0.00000000 0.10017075 0.10000000 
-0.96000000 0.00000000 0.10015348 0.10000000 
-0.95000000 0.00000000 0.10013796 0.10000000 
-0.94000000 0.00000000 0.10012401 0.10000000 
-0.93000000 0.00000000 0.10011147 0.10000000 
-0.92000000 0.00000000 0.10010020 0.10000000 
-0.91000000 0.00000000 0.10009007 0.10000000 
-0.90000000 0.00000000 0.10008096 0.10000000 
-0.89000000 0.00000000 0.10007278 0.10000000 
-0.88000000 0.00000000 0.10006542 0.10000000 
-0.87000000 0.00000000 0.10005880 0.10000000 
-0.86000000 0.00000000 0.10005286 0.10000000 
-0.85000000 0.00000000 0.10004751 0.10000000 
-0.84000000 0.00000000 0.10004271 0.10000000 
-0.83000000 0.00000000 0.10003839 0.10000000 
-0.82000000 0.00000000 0.10003452 0.10000000 
-0.81000000 0.00000000 0.10003103 0.10000000 
-0.80000000 0.00000000 0.10002790 0.10000000 
-0.79000000 0.00000000 0.10002509 0.10000000 
-0.78000000 0.00000000 0.10002257 0.10000000 
-0.77000000 0.00000000 0.10002031 0.10000000 
-0.76000000 0.00000000 0.10001830 0.10000000 
-0.75000000 0.00000000 0.10001651 0.10000000 
-0.74000000 0.00000000 0.10001496 0.10000000 
-0.73000000 0.00000000 0.10001362 0.10000000 
-0.72000000 0.00000000 0.10001255 0.10000000 
-0.71000000 0.00000000 0.10001173 0.10000000 
-0.70000000 0.00000000 0.10001126 0.10000000 
-0.69000000 0.00000000 0.10001122 0.10000000 
-0.68000000 0.00000000 0.10001177 0.10000000 
-0.67000000 0.00000000 0.10001316 0.10000000 
-0.66000000 0.00000000 0.10001572 0.10000000 
-0.65000000 0.00000000 0.10001998 0.10000000 
-0.64000000 0.00000000 0.10002637 0.10000000 
-0.63000000 0.00000000 0.10003646 0.10000000 
-0.62000000 0.00000000 0.10005154 0.10000000 
-0.61000000 0.00000000 0.10007375 0.10000000 
-0.60000000 0.00000000 0.10010608 0.10000000 
-0.59000000 0.00000000 0.10015398 0.10000000 
-0.58000000 0.00000000 0.10021936 0.10000000 
-0.57000000 0.00000000 0.10031379 0.10000000 
-0.56000000 0.00000000 0.10044664 0.10000000 
-0.55000000 0.00000000 0.10063222 0.10000000 
-0.54000000 0.00000000 0.10088962 0.10000000 
-0.53000000 0.00000000 0.10124413 0.10000000 
-0.52000000 0.00000000 0.10172904 0.10000000 
-0.51000000 0.00000000 0.10238778 0.10000000 
-0.50000000 0.00000000 0.10327658 0.10000000 
-0.49000000 0.00000000 0.10446761 0.10000000 
-0.48000000 0.00000000 0.10605279 0.10000000 
-0.47000000 0.00000000 0.10814822 0.10000000 
-0.46000000 0.00000000 0.11091671 0.10000000 
-0.45000000 0.00000000 0.11450671 0.10000000 
-0.44000000 0.00000000 0.11915469 0.10000000 
-0.43000000 0.00000000 0.12513101 0.10000000 
-0.42000000 0.00000000 0.13273394 0.10000000 
-0.41000000 0.00000000 0.14240660 0.10000000 
-0.40000000 0.00000000 0.15458591 0.10000000 
-0.39000000 0.00000000 0.16981234 0.10000000 
-0.38000000 0.00000000 0.18871145 0.10000000 
-0.37000000 0.00000000 0.21199866 0.10000000 
-0.36000000 0.00000000 0.24048191 0.10000000 
-0.35000000 0.00000000 0.27506112 0.10000000 
-0.34000000 0.00000000 0.31676820 0.10000000 
-0.33000000 0.00000000 0.36658053 0.10000000 
-0.32000000 0.00000000 0.42567163 0.10000000 
-0.31000000 0.00000000 0.49521395 0.10000000 
-0.30000000 0.00000000 0.57639428 0.10000000 
-0.29000000 0.00000000 0.67033569 0.10000000 
-0.28000000 0.00000000 0.77822845 0.10000000 
-0.27000000 0.00000000 0.90101208 0.10000000 
-0.26000000 0.00000000 1.03950425 0.10000000 
-0.25000000 0.00000000 1.19429068 0.10000000 
-0.24000000 0.00000000 1.36566377 0.10000000 
-0.23000000 0.00000000 1.55356067 0.10000000 
-0.22000000 0.00000000 1.75750525 0.10000000 
-0.21000000 0.00000000 1.97655800 0.10000000 
-0.20000000 0.00000000 2.20927784 0.10000000 
-0.19000000 0.00000000 2.45370004 0.10000000 
-0.18000000 0.00000000 2.70733387 0.10000000 
-0.17000000 0.00000000 2.96718339 0.10000000 
-0.16000000 0.00000000 3.22977590 0.10000000 
-0.15000000 0.00000000 3.49130046 0.10000000 
-0.14000000 0.00000000 3.74759933 0.10000000 
-0.13000000 0.00000000 3.99438387 0.10000000 
-0.12000000 0.00000000 4.22733891 0.10000000 
-0.11000000 0.00000000 4.44219045 0.10000000 
-0.10000000 0.00000000 4.63501148 0.10000000 
-0.09000000 0.00000000 4.80226963 0.10000000 
-0.08000000 0.00000000 4.94098813 0.10000000 
-0.07000000 0.00000000 5.04886043 0.10000000 
-0.06000000 0.00000000 5.12433575 0.10000000 
-0.05000000 0.00000000 5.16666994 0.10000000 
-0.04000000 0.00000000 5.17593548 0.10000000 
-0.03000000 0.00000000 5.15300791 0.10000000 
-0.02000000 0.00000000 5.09948485 0.10000000 
-0.01000000 0.00000000 5.01760553 0.10000000 
0.00000000 0.00000000 4.91012916 0.10000000 
0.01000000 0.00000000 4.78023883 0.10000000 
0.02000000 0.00000000 4.63124256 0.10000000 
0.03000000 0.00000000 4.46667436 0.10000000 
0.04000000 0.00000000 4.29000164 0.10000000 
0.05000000 0.00000000 4.10455368 0.10000000 
0.06000000 0.00000000 3.91343019 0.10000000 
0.07000000 0.00000000 3.71943379 0.10000000 
0.08000000 0.00000000 3.52502678 0.10000000 
0.09000000 0.00000000 3.33231092 0.10000000 
0.10000000 0.00000000 3.14302703 0.10000000 
0.11000000 0.00000000 2.95855056 0.10000000 
0.12000000 0.00000000 2.78000267 0.10000000 
0.13000000 0.00000000 2.60815710 0.10000000 
0.14000000 0.00000000 2.44356709 0.10000000 
0.15000000 0.00000000 2.28658226 0.10000000 
0.16000000 0.00000000 2.13741099 0.10000000 
0.17000000 0.00000000 1.99605671 0.10000000 
0.18000000 0.00000000 1.86249063 0.10000000 
0.19000000 0.00000000 1.73658297 0.10000000 
0.20000000 0.00000000 1.61814571 0.10000000 
0.21000000 0.00000000 1.50694855 0.10000000 
0.22000000 0.00000000 1.40273120 0.10000000 
0.23000000 0.00000000 1.30521289 0.10000000 
0.24000000 0.00000000 1.21409970 0.10000000 
0.25000000 0.00000000 1.12909012 0.10000000 
0.26000000 0.00000000 1.04984846 0.10000000 
0.27000000 0.00000000 0.97613263 0.10000000 
0.28000000 0.00000000 0.90761014 0.10000000 
0.29000000 0.00000000 0.84398470 0.10000000 
0.30000000 0.00000000 0.78496701 0.10000000 
0.31000000 0.00000000 0.73027629 0.10000000 
0.32000000 0.00000000 0.67964136 0.10000000 
0.33000000 0.00000000 0.63280159 0.10000000 
0.34000000 0.00000000 0.58950747 0.10000000 
0.35000000 0.00000000 0.54952107 0.10000000 
0.36000000 0.00000000 0.51261623 0.10000000 
0.37000000 0.00000000 0.47857738 0.10000000 
0.38000000 0.00000000 0.44720467 0.10000000 
0.39000000 0.00000000 0.41830586 0.10000000 
0.40000000 0.00000000 0.39170138 0.10000000 
0.41000000 0.00000000 0.36724259 0.10000000 
0.42000000 0.00000000 0.34473051 0.10000000 
0.43000000 0.00000000 0.32403864 0.10000000 
0.44000000 0.00000000 0.30502902 0.10000000 
0.45000000 0.00000000 0.28757299 0.10000000 
0.46000000 0.00000000 0.27153704 0.10000000 
0.47000000 0.00000000 0.25683790 0.10000000 
0.48000000 0.00000000 0.24335740 0.10000000 
0.49000000 0.00000000 0.23099939 0.10000000 
0.50000000 0.00000000 0.21967470 0.10000000 
0.51000000 0.00000000 0.20930073 0.10000000 
0.52000000 0.00000000 0.19980102 0.10000000 
0.53000000 0.00000000 0.19110483 0.10000000 
0.54000000 0.00000000 0.18314682 0.10000000 
0.55000000 0.00000000 0.17586662 0.10000000 
0.56000000 0.00000000 0.16920854 0.10000000 
0.57000000 0.00000000 0.16312121 0.10000000 
0.58000000 0.00000000 0.15755729 0.10000000 
0.59000000 0.00000000 0.15247318 0.10000000 
0.60000000 0.00000000 0.14782873 0.10000000 
0.61000000 0.00000000 0.14358702 0.10000000 
0.62000000 0.00000000 0.13971401 0.10000000 
0.63000000 0.00000000 0.13617866 0.10000000 
0.64000000 0.00000000 0.13295221 0.10000000 
0.65000000 0.00000000 0.13000835 0.10000000 
0.66000000 0.00000000 0.12732290 0.10000000 
0.67000000 0.00000000 0.12487636 0.10000000 
0.68000000 0.00000000 0.12264297 0.10000000 
0.69000000 0.00000000 0.12060690 0.10000000 
0.70000000 0.00000000 0.11875109 0.10000000 
0.71000000 0.00000000 0.11705805 0.10000000 
0.72000000 0.00000000 0.11551724 0.10000000 
0.73000000 0.00000000 0.11411362 0.10000000 
0.74000000 0.00000000 0.11283518 0.10000000 
0.75000000 0.00000000 0.11167098 0.10000000 
0.76000000 0.00000000 0.11061097 0.10000000 
0.77000000 0.00000000 0.10964599 0.10000000 
0.78000000 0.00000000 0.10876765 0.10000000 
0.79000000 0.00000000 0.10796832 0.10000000 
0.80000000 0.00000000 0.10724099 0.10000000 
0.81000000 0.00000000 0.10657928 0.10000000 
0.82000000 0.00000000 0.10597734 0.10000000 
0.83000000 0.00000000 0.10542987 0.10000000 
0.84000000 0.00000000 0.10493200 0.10000000 
0.85000000 0.00000000 0.10447929 0.10000000 
0.86000000 0.00000000 0.10406771 0.10000000 
0.87000000 0.00000000 0.10369356 0.10000000 
0.88000000 0.00000000 0.10335349 0.10000000 
0.89000000 0.00000000 0.10304443 0.10000000 
0.90000000 0.00000000 0.10276358 0.10000000 
0.91000000 0.00000000 0.10250841 0.10000000 
0.92000000 0.00000000 0.10227686 0.10000000 
0.93000000 0.00000000 0.10206625 0.10000000 
0.94000000 0.00000000 0.10187496 0.10000000 
0.95000000 0.00000000 0.10170122 0.10000000 
0.96000000 0.00000000 0.10154346 0.10000000 
0.97000000 0.00000000 0.10140003 0.10000000 
0.98000000 0.00000000 0.10126998 0.10000000 
0.99000000 0.00000000 0.10115191 0.10000000 

