-1.00000000 0.00000000 0.20231031 0.10000000 
-0.99000000 0.00000000 0.20040679 0.10000000 
-0.98000000 0.00000000 0.19894153 0.10000000 
-0.97000000 0.00000000 0.19789321 0.10000000 
-0.96000000 0.00000000 0.19727295 0.10000000 
-0.95000000 0.00000000 0.19709154 0.10000000 
-0.94000000 0.00000000 0.19736104 0.10000000 
-0.93000000 0.00000000 0.19809474 0.10000000 
-0.92000000 0.00000000 0.19823599 0.10000000 
-0.91000000 0.00000000 0.19968413 0.10000000 
-0.90000000 0.00000000 0.20155818 0.10000000 
-0.89000000 0.00000000 0.20392758 0.10000000 
-0.88000000 0.00000000 0.20859018 0.10000000 
-0.87000000 0.00000000 0.21222520 0.10000000 
-0.86000000 0.00000000 0.21652691 0.10000000 
-0.85000000 0.00000000 0.22142617 0.10000000 
-0.84000000 0.00000000 0.22694445 0.10000000 
-0.83000000 0.00000000 0.23310276 0.10000000 
-0.82000000 0.00000000 0.23633156 0.10000000 
-0.81000000 0.00000000 0.24378419 0.10000000 
-0.80000000 0.00000000 0.25170342 0.10000000 
-0.79000000 0.00000000 0.26034739 0.10000000 
-0.78000000 0.00000000 0.26971348 0.10000000 
-0.77000000 0.00000000 0.27980461 0.10000000 
-0.76000000 0.00000000 0.29564819 0.10000000 
-0.75000000 0.00000000 0.30747010 0.10000000 
-0.74000000 0.00000000 0.32002730 0.10000000 
-0.73000000 0.00000000 0.33331896 0.10000000 
-0.72000000 0.00000000 0.34735106 0.10000000 
-0.71000000 0.00000000 0.36219511 0.10000000 
-0.70000000 0.00000000 0.37777146 0.10000000 
-0.69000000 0.00000000 0.39409158 0.10000000 
-0.68000000 0.00000000 0.41088378 0.10000000 
-0.67000000 0.00000000 0.42839119 0.10000000 
-0.66000000 0.00000000 0.44660470 0.10000000 
-0.65000000 0.00000000 0.46543856 0.10000000 
-0.64000000 0.00000000 0.48501896 0.10000000 
-0.63000000 0.00000000 0.50536074 0.10000000 
-0.62000000 0.00000000 0.52677699 0.10000000 
-0.61000000 0.00000000 0.54904612 0.10000000 
-0.60000000 0.00000000 0.57219419 0.10000000 
-0.59000000 0.00000000 0.59624048 0.10000000 
-0.58000000 0.00000000 0.60974622 0.10000000 
-0.57000000 0.00000000 0.63611399 0.10000000 
-0.56000000 0.00000000 0.66259096 0.10000000 
-0.55000000 0.00000000 0.69005794 0.10000000 
-0.54000000 0.00000000 0.71843441 0.10000000 
-0.53000000 0.00000000 0.74769791 0.10000000 
-0.52000000 0.00000000 0.78985048 0.10000000 
-0.51000000 0.00000000 0.82055410 0.10000000 
-0.50000000 0.00000000 0.85224267 0.10000000 
-0.49000000 0.00000000 0.88458244 0.10000000 
-0.48000000 0.00000000 0.91751404 0.10000000 
-0.47000000 0.00000000 0.95120007 0.10000000 
-0.46000000 0.00000000 0.98529897 0.10000000 
-0.45000000 0.00000000 1.01977275 0.10000000 
-0.44000000 0.00000000 1.05456231 0.10000000 
-0.43000000 0.00000000 1.08960956 0.10000000 
-0.42000000 0.00000000 1.10988505 0.10000000 
-0.41000000 0.00000000 1.14634706 0.10000000 
-0.40000000 0.00000000 1.19535526 0.10000000 
-0.39000000 0.00000000 1.23069481 0.10000000 
-0.38000000 0.00000000 1.26601220 0.10000000 
-0.37000000 0.00000000 1.30123333 0.10000000 
-0.36000000 0.00000000 1.33627875 0.10000000 
-0.35000000 0.00000000 1.37107517 0.10000000 
-0.34000000 0.00000000 1.40554901 0.10000000 
-0.33000000 0.00000000 1.43962762 0.10000000 
-0.32000000 0.00000000 1.47323994 0.10000000 
-0.31000000 0.00000000 1.50661030 0.10000000 
-0.30000000 0.00000000 1.53929695 0.10000000 
-0.29000000 0.00000000 1.57100497 0.10000000 
-0.28000000 0.00000000 1.60200484 0.10000000 
-0.27000000 0.00000000 1.63223716 0.10000000 
-0.26000000 0.00000000 1.66164509 0.10000000 
-0.25000000 0.00000000 1.69017452 0.10000000 
-0.24000000 0.00000000 1.71777403 0.10000000 
-0.23000000 0.00000000 1.74439497 0.10000000 
-0.22000000 0.00000000 1.76999148 0.10000000 
-0.21000000 0.00000000 1.79452045 0.10000000 
-0.20000000 0.00000000 1.81793584 0.10000000 
-0.19000000 0.00000000 1.84020288 0.10000000 
-0.18000000 0.00000000 1.86129359 0.10000000 
-0.17000000 0.00000000 1.88117482 0.10000000 
-0.16000000 0.00000000 1.89981632 0.10000000 
-0.15000000 0.00000000 1.91719073 0.10000000 
-0.14000000 0.00000000 1.93327376 0.10000000 
-0.13000000 0.00000000 1.94804408 0.10000000 
-0.12000000 0.00000000 1.96148334 0.10000000 
-0.11000000 0.00000000 1.97357617 0.10000000 
-0.10000000 0.00000000 1.98431002 0.10000000 
-0.09000000 0.00000000 1.99367530 0.10000000 
-0.08000000 0.00000000 2.00166515 0.10000000 
-0.07000000 0.00000000 2.00827525 0.10000000 
-0.06000000 0.00000000 2.01350398 0.10000000 
-0.05000000 0.00000000 2.01735229 0.10000000 
-0.04000000 0.00000000 2.01982985 0.10000000 
-0.03000000 0.00000000 2.02094468 0.10000000 
-0.02000000 0.00000000 2.02070771 0.10000000 
-0.01000000 0.00000000 2.01913232 0.10000000 
0.00000000 0.00000000 2.01622756 0.10000000 
0.01000000 0.00000000 2.01200822 0.10000000 
0.02000000 0.00000000 2.00649037 0.10000000 
0.03000000 0.00000000 1.99969116 0.10000000 
0.04000000 0.00000000 1.99162860 0.10000000 
0.05000000 0.00000000 1.98232155 0.10000000 
0.06000000 0.00000000 1.97204185 0.10000000 
0.07000000 0.00000000 1.96059898 0.10000000 
0.08000000 0.00000000 1.94803335 0.10000000 
0.09000000 0.00000000 1.93436853 0.10000000 
0.10000000 0.00000000 1.91936603 0.10000000 
0.11000000 0.00000000 1.90325265 0.10000000 
0.12000000 0.00000000 1.88604685 0.10000000 
0.13000000 0.00000000 1.86776860 0.10000000 
0.14000000 0.00000000 1.84844034 0.10000000 
0.15000000 0.00000000 1.82808800 0.10000000 
0.16000000 0.00000000 1.81678738 0.10000000 
0.17000000 0.00000000 1.79406283 0.10000000 
0.18000000 0.00000000 1.77112676 0.10000000 
0.19000000 0.00000000 1.74724068 0.10000000 
0.20000000 0.00000000 1.71203195 0.10000000 
0.21000000 0.00000000 1.68633157 0.10000000 
0.22000000 0.00000000 1.65993586 0.10000000 
0.23000000 0.00000000 1.63291009 0.10000000 
0.24000000 0.00000000 1.60532151 0.10000000 
0.25000000 0.00000000 1.57723818 0.10000000 
0.26000000 0.00000000 1.54872767 0.10000000 
0.27000000 0.00000000 1.51965900 0.10000000 
0.28000000 0.00000000 1.49034227 0.10000000 
0.29000000 0.00000000 1.46081670 0.10000000 
0.30000000 0.00000000 1.43113669 0.10000000 
0.31000000 0.00000000 1.40155734 0.10000000 
0.32000000 0.00000000 1.37188033 0.10000000 
0.33000000 0.00000000 1.34215379 0.10000000 
0.34000000 0.00000000 1.31242326 0.10000000 
0.35000000 0.00000000 1.28273166 0.10000000 
0.36000000 0.00000000 1.25311925 0.10000000 
0.37000000 0.00000000 1.22362382 0.10000000 
0.38000000 0.00000000 1.19428457 0.10000000 
0.39000000 0.00000000 1.16513281 0.10000000 
0.40000000 0.00000000 1.13619849 0.10000000 
0.41000000 0.00000000 1.10750985 0.10000000 
0.42000000 0.00000000 1.07908950 0.10000000 
0.43000000 0.00000000 1.05096421 0.10000000 
0.44000000 0.00000000 1.02315890 0.10000000 
0.45000000 0.00000000 0.99569674 0.10000000 
0.46000000 0.00000000 0.96859921 0.10000000 
0.47000000 0.00000000 0.94188619 0.10000000 
0.48000000 0.00000000 0.91557601 0.10000000 
0.49000000 0.00000000 0.88968542 0.10000000 
0.50000000 0.00000000 0.86422980 0.10000000 
0.51000000 0.00000000 0.83922315 0.10000000 
0.52000000 0.00000000 0.81467816 0.10000000 
0.53000000 0.00000000 0.79060628 0.10000000 
0.54000000 0.00000000 0.76701764 0.10000000 
0.55000000 0.00000000 0.74392112 0.10000000 
0.56000000 0.00000000 0.72132439 0.10000000 
0.57000000 0.00000000 0.69923396 0.10000000 
0.58000000 0.00000000 0.67765521 0.10000000 
0.59000000 0.00000000 0.65659247 0.10000000 
0.60000000 0.00000000 0.63604905 0.10000000 
0.61000000 0.00000000 0.61602732 0.10000000 
0.62000000 0.00000000 0.59652872 0.10000000 
0.63000000 0.00000000 0.57755384 0.10000000 
0.64000000 0.00000000 0.55910245 0.10000000 
0.65000000 0.00000000 0.54117359 0.10000000 
0.66000000 0.00000000 0.52376558 0.10000000 
0.67000000 0.00000000 0.50687612 0.10000000 
0.68000000 0.00000000 0.49050230 0.10000000 
0.69000000 0.00000000 0.47464069 0.10000000 
0.70000000 0.00000000 0.45928737 0.10000000 
0.71000000 0.00000000 0.44443802 0.10000000 
0.72000000 0.00000000 0.43008793 0.10000000 
0.73000000 0.00000000 0.41623206 0.10000000 
0.74000000 0.00000000 0.40286515 0.10000000 
0.75000000 0.00000000 0.38998169 0.10000000 
0.76000000 0.00000000 0.37757604 0.10000000 
0.77000000 0.00000000 0.36564243 0.10000000 
0.78000000 0.00000000 0.35417504 0.10000000 
0.79000000 0.00000000 0.34316805 0.10000000 
0.80000000 0.00000000 0.33261566 0.10000000 
0.81000000 0.00000000 0.32251213 0.10000000 
0.82000000 0.00000000 0.31285190 0.10000000 
0.83000000 0.00000000 0.30362957 0.10000000 
0.84000000 0.00000000 0.29483999 0.10000000 
0.85000000 0.00000000 0.28647826 0.10000000 
0.86000000 0.00000000 0.27853984 0.10000000 
0.87000000 0.00000000 0.27102056 0.10000000 
0.88000000 0.00000000 0.26391611 0.10000000 
0.89000000 0.00000000 0.25722286 0.10000000 
0.90000000 0.00000000 0.25093755 0.10000000 
0.91000000 0.00000000 0.24505736 0.10000000 
0.92000000 0.00000000 0.23958092 0.10000000 
0.93000000 0.00000000 0.23450695 0.10000000 
0.94000000 0.00000000 0.22983493 0.10000000 
0.95000000 0.00000000 0.22556512 0.10000000 
0.96000000 0.00000000 0.22169864 0.10000000 
0.97000000 0.00000000 0.21823750 0.10000000 
0.98000000 0.00000000 0.21515918 0.10000000 
0.99000000 0.00000000 0.21248154 0.10000000 

