-1.00000000 0.00000000 0.55322610 0.10000000 
-0.99000000 0.00000000 0.55273016 0.10000000 
-0.98000000 0.00000000 0.55262928 0.10000000 
-0.97000000 0.00000000 0.55289331 0.10000000 
-0.96000000 0.00000000 0.55352729 0.10000000 
-0.95000000 0.00000000 0.55453510 0.10000000 
-0.94000000 0.00000000 0.55592074 0.10000000 
-0.93000000 0.00000000 0.55768817 0.10000000 
-0.92000000 0.00000000 0.55848658 0.10000000 
-0.91000000 0.00000000 0.56087190 0.10000000 
-0.90000000 0.00000000 0.56355059 0.10000000 
-0.89000000 0.00000000 0.56660967 0.10000000 
-0.88000000 0.00000000 0.57185199 0.10000000 
-0.87000000 0.00000000 0.57581193 0.10000000 
-0.86000000 0.00000000 0.58023554 0.10000000 
-0.85000000 0.00000000 0.58505719 0.10000000 
-0.84000000 0.00000000 0.59027859 0.10000000 
-0.83000000 0.00000000 0.59590044 0.10000000 
-0.82000000 0.00000000 0.59897870 0.10000000 
-0.81000000 0.00000000 0.60545960 0.10000000 
-0.80000000 0.00000000 0.61215211 0.10000000 
-0.79000000 0.00000000 0.61924808 0.10000000 
-0.78000000 0.00000000 0.62672772 0.10000000 
-0.77000000 0.00000000 0.63457782 0.10000000 
-0.76000000 0.00000000 0.64629704 0.10000000 
-0.75000000 0.00000000 0.65493210 0.10000000 
-0.74000000 0.00000000 0.66389038 0.10000000 
-0.73000000 0.00000000 0.67315477 0.10000000 
-0.72000000 0.00000000 0.68271116 0.10000000 
-0.71000000 0.00000000 0.69260151 0.10000000 
-0.70000000 0.00000000 0.70274076 0.10000000 
-0.69000000 0.00000000 0.71312157 0.10000000 
-0.68000000 0.00000000 0.72359939 0.10000000 
-0.67000000 0.00000000 0.73428067 0.10000000 
-0.66000000 0.00000000 0.74514919 0.10000000 
-0.65000000 0.00000000 0.75613126 0.10000000 
-0.64000000 0.00000000 0.76730482 0.10000000 
-0.63000000 0.00000000 0.77866723 0.10000000 
-0.62000000 0.00000000 0.79034642 0.10000000 
-0.61000000 0.00000000 0.80223750 0.10000000 
-0.60000000 0.00000000 0.81434428 0.10000000 
-0.59000000 0.00000000 0.82666959 0.10000000 
-0.58000000 0.00000000 0.83375025 0.10000000 
-0.57000000 0.00000000 0.84684723 0.10000000 
-0.56000000 0.00000000 0.85976440 0.10000000 
-0.55000000 0.00000000 0.87292734 0.10000000 
-0.54000000 0.00000000 0.88629488 0.10000000 
-0.53000000 0.00000000 0.89985569 0.10000000 
-0.52000000 0.00000000 0.91882657 0.10000000 
-0.51000000 0.00000000 0.93257169 0.10000000 
-0.50000000 0.00000000 0.94653631 0.10000000 
-0.49000000 0.00000000 0.96059220 0.10000000 
-0.48000000 0.00000000 0.97471529 0.10000000 
-0.47000000 0.00000000 0.98898848 0.10000000 
-0.46000000 0.00000000 1.00325282 0.10000000 
-0.45000000 0.00000000 1.01749795 0.10000000 
-0.44000000 0.00000000 1.03170412 0.10000000 
-0.43000000 0.00000000 1.04585309 0.10000000 
-0.42000000 0.00000000 1.05413701 0.10000000 
-0.41000000 0.00000000 1.06858273 0.10000000 
-0.40000000 0.00000000 1.08762131 0.10000000 
-0.39000000 0.00000000 1.10131042 0.10000000 
-0.38000000 0.00000000 1.11486988 0.10000000 
-0.37000000 0.00000000 1.12827911 0.10000000 
-0.36000000 0.00000000 1.14151558 0.10000000 
-0.35000000 0.00000000 1.15456021 0.10000000 
-0.34000000 0.00000000 1.16739412 0.10000000 
-0.33000000 0.00000000 1.17999904 0.10000000 
-0.32000000 0.00000000 1.19235752 0.10000000 
-0.31000000 0.00000000 1.20456629 0.10000000 
-0.30000000 0.00000000 1.21646407 0.10000000 
-0.29000000 0.00000000 1.22794970 0.10000000 
-0.28000000 0.00000000 1.23913596 0.10000000 
-0.27000000 0.00000000 1.25000989 0.10000000 
-0.26000000 0.00000000 1.26055932 0.10000000 
-0.25000000 0.00000000 1.27077300 0.10000000 
-0.24000000 0.00000000 1.28064044 0.10000000 
-0.23000000 0.00000000 1.29015190 0.10000000 
-0.22000000 0.00000000 1.29929838 0.10000000 
-0.21000000 0.00000000 1.30807156 0.10000000 
-0.20000000 0.00000000 1.31646155 0.10000000 
-0.19000000 0.00000000 1.32446236 0.10000000 
-0.18000000 0.00000000 1.33207004 0.10000000 
-0.17000000 0.00000000 1.33927818 0.10000000 
-0.16000000 0.00000000 1.34608094 0.10000000 
-0.15000000 0.00000000 1.35247298 0.10000000 
-0.14000000 0.00000000 1.35844956 0.10000000 
-0.13000000 0.00000000 1.36400643 0.10000000 
-0.12000000 0.00000000 1.36913985 0.10000000 
-0.11000000 0.00000000 1.37384659 0.10000000 
-0.10000000 0.00000000 1.37812385 0.10000000 
-0.09000000 0.00000000 1.38196932 0.10000000 
-0.08000000 0.00000000 1.38538108 0.10000000 
-0.07000000 0.00000000 1.38835755 0.10000000 
-0.06000000 0.00000000 1.39089756 0.10000000 
-0.05000000 0.00000000 1.39300028 0.10000000 
-0.04000000 0.00000000 1.39466725 0.10000000 
-0.03000000 0.00000000 1.39589903 0.10000000 
-0.02000000 0.00000000 1.39669677 0.10000000 
-0.01000000 0.00000000 1.39706197 0.10000000 
0.00000000 0.00000000 1.39699428 0.10000000 
0.01000000 0.00000000 1.39649488 0.10000000 
0.02000000 0.00000000 1.39556498 0.10000000 
0.03000000 0.00000000 1.39420582 0.10000000 
0.04000000 0.00000000 1.39241861 0.10000000 
0.05000000 0.00000000 1.39020455 0.10000000 
0.06000000 0.00000000 1.38764604 0.10000000 
0.07000000 0.00000000 1.38467774 0.10000000 
0.08000000 0.00000000 1.38130731 0.10000000 
0.09000000 0.00000000 1.37753691 0.10000000 
0.10000000 0.00000000 1.37327932 0.10000000 
0.11000000 0.00000000 1.36860425 0.10000000 
0.12000000 0.00000000 1.36351148 0.10000000 
0.13000000 0.00000000 1.35800115 0.10000000 
0.14000000 0.00000000 1.35207422 0.10000000 
0.15000000 0.00000000 1.34573273 0.10000000 
0.16000000 0.00000000 1.34227468 0.10000000 
0.17000000 0.00000000 1.33502957 0.10000000 
0.18000000 0.00000000 1.32761490 0.10000000 
0.19000000 0.00000000 1.31978722 0.10000000 
0.20000000 0.00000000 1.30794733 0.10000000 
0.21000000 0.00000000 1.29924767 0.10000000 
0.22000000 0.00000000 1.29019882 0.10000000 
0.23000000 0.00000000 1.28081703 0.10000000 
0.24000000 0.00000000 1.27111953 0.10000000 
0.25000000 0.00000000 1.26112412 0.10000000 
0.26000000 0.00000000 1.25084883 0.10000000 
0.27000000 0.00000000 1.24024709 0.10000000 
0.28000000 0.00000000 1.22941592 0.10000000 
0.29000000 0.00000000 1.21836550 0.10000000 
0.30000000 0.00000000 1.20711123 0.10000000 
0.31000000 0.00000000 1.19573834 0.10000000 
0.32000000 0.00000000 1.18417702 0.10000000 
0.33000000 0.00000000 1.17244177 0.10000000 
0.34000000 0.00000000 1.16054673 0.10000000 
0.35000000 0.00000000 1.14850561 0.10000000 
0.36000000 0.00000000 1.13633175 0.10000000 
0.37000000 0.00000000 1.12403811 0.10000000 
0.38000000 0.00000000 1.11163861 0.10000000 
0.39000000 0.00000000 1.09914506 0.10000000 
0.40000000 0.00000000 1.08656928 0.10000000 
0.41000000 0.00000000 1.07392298 0.10000000 
0.42000000 0.00000000 1.06121639 0.10000000 
0.43000000 0.00000000 1.04846165 0.10000000 
0.44000000 0.00000000 1.03567069 0.10000000 
0.45000000 0.00000000 1.02285532 0.10000000 
0.46000000 0.00000000 1.01002720 0.10000000 
0.47000000 0.00000000 0.99719786 0.10000000 
0.48000000 0.00000000 0.98437870 0.10000000 
0.49000000 0.00000000 0.97158100 0.10000000 
0.50000000 0.00000000 0.95881592 0.10000000 
0.51000000 0.00000000 0.94609452 0.10000000 
0.52000000 0.00000000 0.93342773 0.10000000 
0.53000000 0.00000000 0.92082641 0.10000000 
0.54000000 0.00000000 0.90830124 0.10000000 
0.55000000 0.00000000 0.89586277 0.10000000 
0.56000000 0.00000000 0.88352139 0.10000000 
0.57000000 0.00000000 0.87128734 0.10000000 
0.58000000 0.00000000 0.85917069 0.10000000 
0.59000000 0.00000000 0.84718134 0.10000000 
0.60000000 0.00000000 0.83532903 0.10000000 
0.61000000 0.00000000 0.82362331 0.10000000 
0.62000000 0.00000000 0.81207356 0.10000000 
0.63000000 0.00000000 0.80068898 0.10000000 
0.64000000 0.00000000 0.78947856 0.10000000 
0.65000000 0.00000000 0.77845110 0.10000000 
0.66000000 0.00000000 0.76761522 0.10000000 
0.67000000 0.00000000 0.75697933 0.10000000 
0.68000000 0.00000000 0.74655161 0.10000000 
0.69000000 0.00000000 0.73634007 0.10000000 
0.70000000 0.00000000 0.72635249 0.10000000 
0.71000000 0.00000000 0.71659642 0.10000000 
0.72000000 0.00000000 0.70707922 0.10000000 
0.73000000 0.00000000 0.69780802 0.10000000 
0.74000000 0.00000000 0.68878971 0.10000000 
0.75000000 0.00000000 0.68003097 0.10000000 
0.76000000 0.00000000 0.67153826 0.10000000 
0.77000000 0.00000000 0.66331780 0.10000000 
0.78000000 0.00000000 0.65537558 0.10000000 
0.79000000 0.00000000 0.64771732 0.10000000 
0.80000000 0.00000000 0.64034854 0.10000000 
0.81000000 0.00000000 0.63327447 0.10000000 
0.82000000 0.00000000 0.62650014 0.10000000 
0.83000000 0.00000000 0.62003035 0.10000000 
0.84000000 0.00000000 0.61386965 0.10000000 
0.85000000 0.00000000 0.60802238 0.10000000 
0.86000000 0.00000000 0.60249268 0.10000000 
0.87000000 0.00000000 0.59728449 0.10000000 
0.88000000 0.00000000 0.59240074 0.10000000 
0.89000000 0.00000000 0.58784459 0.10000000 
0.90000000 0.00000000 0.58361890 0.10000000 
0.91000000 0.00000000 0.57972625 0.10000000 
0.92000000 0.00000000 0.57617005 0.10000000 
0.93000000 0.00000000 0.57295294 0.10000000 
0.94000000 0.00000000 0.57007752 0.10000000 
0.95000000 0.00000000 0.56754636 0.10000000 
0.96000000 0.00000000 0.56536204 0.10000000 
0.97000000 0.00000000 0.56352717 0.10000000 
0.98000000 0.00000000 0.56201175 0.10000000 
0.99000000 0.00000000 0.56084060 0.10000000 

