-1.00000000 0.00000000 0.12196130 0.10000000 
-0.99000000 0.00000000 0.12057416 0.10000000 
-0.98000000 0.00000000 0.11933646 0.10000000 
-0.97000000 0.00000000 0.11824327 0.10000000 
-0.96000000 0.00000000 0.11729492 0.10000000 
-0.95000000 0.00000000 0.11649267 0.10000000 
-0.94000000 0.00000000 0.11583922 0.10000000 
-0.93000000 0.00000000 0.11533889 0.10000000 
-0.92000000 0.00000000 0.11495548 0.10000000 
-0.91000000 0.00000000 0.11467317 0.10000000 
-0.90000000 0.00000000 0.11455650 0.10000000 
-0.89000000 0.00000000 0.11460864 0.10000000 
-0.88000000 0.00000000 0.11517990 0.10000000 
-0.87000000 0.00000000 0.11570781 0.10000000 
-0.86000000 0.00000000 0.11650232 0.10000000 
-0.85000000 0.00000000 0.11755014 0.10000000 
-0.84000000 0.00000000 0.11887432 0.10000000 
-0.83000000 0.00000000 0.12050005 0.10000000 
-0.82000000 0.00000000 0.12126236 0.10000000 
-0.81000000 0.00000000 0.12346372 0.10000000 
-0.80000000 0.00000000 0.12596860 0.10000000 
-0.79000000 0.00000000 0.12888742 0.10000000 
-0.78000000 0.00000000 0.13224950 0.10000000 
-0.77000000 0.00000000 0.13608384 0.10000000 
-0.76000000 0.00000000 0.14278003 0.10000000 
-0.75000000 0.00000000 0.14794366 0.10000000 
-0.74000000 0.00000000 0.15370960 0.10000000 
-0.73000000 0.00000000 0.16011934 0.10000000 
-0.72000000 0.00000000 0.16722511 0.10000000 
-0.71000000 0.00000000 0.17509976 0.10000000 
-0.70000000 0.00000000 0.18377252 0.10000000 
-0.69000000 0.00000000 0.19330305 0.10000000 
-0.68000000 0.00000000 0.20348366 0.10000000 
-0.67000000 0.00000000 0.21459134 0.10000000 
-0.66000000 0.00000000 0.22667201 0.10000000 
-0.65000000 0.00000000 0.23974685 0.10000000 
-0.64000000 0.00000000 0.25393331 0.10000000 
-0.63000000 0.00000000 0.26930338 0.10000000 
-0.62000000 0.00000000 0.28628035 0.10000000 
-0.61000000 0.00000000 0.30466740 0.10000000 
-0.60000000 0.00000000 0.32455638 0.10000000 
-0.59000000 0.00000000 0.34602753 0.10000000 
-0.58000000 0.00000000 0.35756379 0.10000000 
-0.57000000 0.00000000 0.38246356 0.10000000 
-0.56000000 0.00000000 0.40834667 0.10000000 
-0.55000000 0.00000000 0.43611759 0.10000000 
-0.54000000 0.00000000 0.46575422 0.10000000 
-0.53000000 0.00000000 0.49728446 0.10000000 
-0.52000000 0.00000000 0.54528552 0.10000000 
-0.51000000 0.00000000 0.58066404 0.10000000 
-0.50000000 0.00000000 0.61831557 0.10000000 
-0.49000000 0.00000000 0.65777680 0.10000000 
-0.48000000 0.00000000 0.69901174 0.10000000 
-0.47000000 0.00000000 0.74220113 0.10000000 
-0.46000000 0.00000000 0.78702120 0.10000000 
-0.45000000 0.00000000 0.83343384 0.10000000 
-0.44000000 0.00000000 0.88137273 0.10000000 
-0.43000000 0.00000000 0.93076394 0.10000000 
-0.42000000 0.00000000 0.95863297 0.10000000 
-0.41000000 0.00000000 1.01188493 0.10000000 
-0.40000000 0.00000000 1.08637030 0.10000000 
-0.39000000 0.00000000 1.14045537 0.10000000 
-0.38000000 0.00000000 1.19549768 0.10000000 
-0.37000000 0.00000000 1.25135371 0.10000000 
-0.36000000 0.00000000 1.30786683 0.10000000 
-0.35000000 0.00000000 1.36487942 0.10000000 
-0.34000000 0.00000000 1.42222760 0.10000000 
-0.33000000 0.00000000 1.47974343 0.10000000 
-0.32000000 0.00000000 1.53725636 0.10000000 
-0.31000000 0.00000000 1.59504322 0.10000000 
-0.30000000 0.00000000 1.65236697 0.10000000 
-0.29000000 0.00000000 1.70868162 0.10000000 
-0.28000000 0.00000000 1.76433848 0.10000000 
-0.27000000 0.00000000 1.81916947 0.10000000 
-0.26000000 0.00000000 1.87300897 0.10000000 
-0.25000000 0.00000000 1.92569479 0.10000000 
-0.24000000 0.00000000 1.97706880 0.10000000 
-0.23000000 0.00000000 2.02697769 0.10000000 
-0.22000000 0.00000000 2.07527361 0.10000000 
-0.21000000 0.00000000 2.12181481 0.10000000 
-0.20000000 0.00000000 2.16645742 0.10000000 
-0.19000000 0.00000000 2.20907760 0.10000000 
-0.18000000 0.00000000 2.24956582 0.10000000 
-0.17000000 0.00000000 2.28780826 0.10000000 
-0.16000000 0.00000000 2.32369990 0.10000000 
-0.15000000 0.00000000 2.35714488 0.10000000 
-0.14000000 0.00000000 2.38805717 0.10000000 
-0.13000000 0.00000000 2.41636066 0.10000000 
-0.12000000 0.00000000 2.44198946 0.10000000 
-0.11000000 0.00000000 2.46488805 0.10000000 
-0.10000000 0.00000000 2.48501107 0.10000000 
-0.09000000 0.00000000 2.50232371 0.10000000 
-0.08000000 0.00000000 2.51680128 0.10000000 
-0.07000000 0.00000000 2.52842899 0.10000000 
-0.06000000 0.00000000 2.53720196 0.10000000 
-0.05000000 0.00000000 2.54312491 0.10000000 
-0.04000000 0.00000000 2.54622391 0.10000000 
-0.03000000 0.00000000 2.54652596 0.10000000 
-0.02000000 0.00000000 2.54406776 0.10000000 
-0.01000000 0.00000000 2.53889452 0.10000000 
0.00000000 0.00000000 2.53104745 0.10000000 
0.01000000 0.00000000 2.52058179 0.10000000 
0.02000000 0.00000000 2.50755829 0.10000000 
0.03000000 0.00000000 2.49204247 0.10000000 
0.04000000 0.00000000 2.47410398 0.10000000 
0.05000000 0.00000000 2.45381609 0.10000000 
0.06000000 0.00000000 2.43172668 0.10000000 
0.07000000 0.00000000 2.40751309 0.10000000 
0.08000000 0.00000000 2.38129199 0.10000000 
0.09000000 0.00000000 2.35314846 0.10000000 
0.10000000 0.00000000 2.32270432 0.10000000 
0.11000000 0.00000000 2.29041199 0.10000000 
0.12000000 0.00000000 2.25634916 0.10000000 
0.13000000 0.00000000 2.22059577 0.10000000 
0.14000000 0.00000000 2.18323537 0.10000000 
0.15000000 0.00000000 2.14435678 0.10000000 
0.16000000 0.00000000 2.12246637 0.10000000 
0.17000000 0.00000000 2.07981503 0.10000000 
0.18000000 0.00000000 2.03726435 0.10000000 
0.19000000 0.00000000 1.99346864 0.10000000 
0.20000000 0.00000000 1.93040492 0.10000000 
0.21000000 0.00000000 1.88464798 0.10000000 
0.22000000 0.00000000 1.83820978 0.10000000 
0.23000000 0.00000000 1.79123235 0.10000000 
0.24000000 0.00000000 1.74385828 0.10000000 
0.25000000 0.00000000 1.69622835 0.10000000 
0.26000000 0.00000000 1.64847930 0.10000000 
0.27000000 0.00000000 1.60037971 0.10000000 
0.28000000 0.00000000 1.55251126 0.10000000 
0.29000000 0.00000000 1.50494748 0.10000000 
0.30000000 0.00000000 1.45778756 0.10000000 
0.31000000 0.00000000 1.41147765 0.10000000 
0.32000000 0.00000000 1.36566383 0.10000000 
0.33000000 0.00000000 1.32042589 0.10000000 
0.34000000 0.00000000 1.27583615 0.10000000 
0.35000000 0.00000000 1.23195955 0.10000000 
0.36000000 0.00000000 1.18885378 0.10000000 
0.37000000 0.00000000 1.14656967 0.10000000 
0.38000000 0.00000000 1.10515864 0.10000000 
0.39000000 0.00000000 1.06465550 0.10000000 
0.40000000 0.00000000 1.02509086 0.10000000 
0.41000000 0.00000000 0.98649066 0.10000000 
0.42000000 0.00000000 0.94886948 0.10000000 
0.43000000 0.00000000 0.91224791 0.10000000 
0.44000000 0.00000000 0.87664210 0.10000000 
0.45000000 0.00000000 0.84206407 0.10000000 
0.46000000 0.00000000 0.80852205 0.10000000 
0.47000000 0.00000000 0.77602075 0.10000000 
0.48000000 0.00000000 0.74456161 0.10000000 
0.49000000 0.00000000 0.71414297 0.10000000 
0.50000000 0.00000000 0.68476050 0.10000000 
0.51000000 0.00000000 0.65640742 0.10000000 
0.52000000 0.00000000 0.62907464 0.10000000 
0.53000000 0.00000000 0.60275112 0.10000000 
0.54000000 0.00000000 0.57742383 0.10000000 
0.55000000 0.00000000 0.55307788 0.10000000 
0.56000000 0.00000000 0.52969679 0.10000000 
0.57000000 0.00000000 0.50726262 0.10000000 
0.58000000 0.00000000 0.48575613 0.10000000 
0.59000000 0.00000000 0.46515700 0.10000000 
0.60000000 0.00000000 0.44544390 0.10000000 
0.61000000 0.00000000 0.42659470 0.10000000 
0.62000000 0.00000000 0.40858656 0.10000000 
0.63000000 0.00000000 0.39139606 0.10000000 
0.64000000 0.00000000 0.37499936 0.10000000 
0.65000000 0.00000000 0.35937224 0.10000000 
0.66000000 0.00000000 0.34449027 0.10000000 
0.67000000 0.00000000 0.33032890 0.10000000 
0.68000000 0.00000000 0.31686351 0.10000000 
0.69000000 0.00000000 0.30406953 0.10000000 
0.70000000 0.00000000 0.29192254 0.10000000 
0.71000000 0.00000000 0.28039827 0.10000000 
0.72000000 0.00000000 0.26947275 0.10000000 
0.73000000 0.00000000 0.25912231 0.10000000 
0.74000000 0.00000000 0.24932365 0.10000000 
0.75000000 0.00000000 0.24005390 0.10000000 
0.76000000 0.00000000 0.23129065 0.10000000 
0.77000000 0.00000000 0.22301201 0.10000000 
0.78000000 0.00000000 0.21519662 0.10000000 
0.79000000 0.00000000 0.20782368 0.10000000 
0.80000000 0.00000000 0.20087302 0.10000000 
0.81000000 0.00000000 0.19432507 0.10000000 
0.82000000 0.00000000 0.18816090 0.10000000 
0.83000000 0.00000000 0.18236227 0.10000000 
0.84000000 0.00000000 0.17691159 0.10000000 
0.85000000 0.00000000 0.17179198 0.10000000 
0.86000000 0.00000000 0.16698730 0.10000000 
0.87000000 0.00000000 0.16248208 0.10000000 
0.88000000 0.00000000 0.15826165 0.10000000 
0.89000000 0.00000000 0.15431201 0.10000000 
0.90000000 0.00000000 0.15061993 0.10000000 
0.91000000 0.00000000 0.14717293 0.10000000 
0.92000000 0.00000000 0.14395943 0.10000000 
0.93000000 0.00000000 0.14096859 0.10000000 
0.94000000 0.00000000 0.13819047 0.10000000 
0.95000000 0.00000000 0.13561598 0.10000000 
0.96000000 0.00000000 0.13323694 0.10000000 
0.97000000 0.00000000 0.13104615 0.10000000 
0.98000000 0.00000000 0.12903654 0.10000000 
0.99000000 0.00000000 0.12720105 0.10000000 

