-1.00000000 0.00000000 0.10000000 0.10000000 
-0.99000000 0.00000000 0.10000000 0.10000000 
-0.98000000 0.00000000 0.10000000 0.10000000 
-0.97000000 0.00000000 0.10000000 0.10000000 
-0.96000000 0.00000000 0.10000000 0.10000000 
-0.95000000 0.00000000 0.10000000 0.10000000 
-0.94000000 0.00000000 0.10000000 0.10000000 
-0.93000000 0.00000000 0.10000000 0.10000000 
-0.92000000 0.00000000 0.10000000 0.10000000 
-0.91000000 0.00000000 0.10000000 0.10000000 
-0.90000000 0.00000000 0.10000000 0.10000000 
-0.89000000 0.00000000 0.10000000 0.10000000 
-0.88000000 0.00000000 0.10000000 0.10000000 
-0.87000000 0.00000000 0.10000000 0.10000000 
-0.86000000 0.00000000 0.10000000 0.10000000 
-0.85000000 0.00000000 0.10000000 0.10000000 
-0.84000000 0.00000000 0.10000000 0.10000000 
-0.83000000 0.00000000 0.10000000 0.10000000 
-0.82000000 0.00000000 0.10000000 0.10000000 
-0.81000000 0.00000000 0.10000000 0.10000000 
-0.80000000 0.00000000 0.10000000 0.10000000 
-0.79000000 0.00000000 0.10000001 0.10000000 
-0.78000000 0.00000000 0.10000002 0.10000000 
-0.77000000 0.00000000 0.10000005 0.10000000 
-0.76000000 0.00000000 0.10000012 0.10000000 
-0.75000000 0.00000000 0.10000027 0.10000000 
-0.74000000 0.00000000 0.10000059 0.10000000 
-0.73000000 0.00000000 0.10000124 0.10000000 
-0.72000000 0.00000000 0.10000251 0.10000000 
-0.71000000 0.00000000 0.10000486 0.10000000 
-0.70000000 0.00000000 0.10000903 0.10000000 
-0.69000000 0.00000000 0.10001614 0.10000000 
-0.68000000 0.00000000 0.10002777 0.10000000 
-0.67000000 0.00000000 0.10004605 0.10000000 
-0.66000000 0.00000000 0.10007379 0.10000000 
-0.65000000 0.00000000 0.10011446 0.10000000 
-0.64000000 0.00000000 0.10017230 0.10000000 
-0.63000000 0.00000000 0.10025235 0.10000000 
-0.62000000 0.00000000 0.10036058 0.10000000 
-0.61000000 0.00000000 0.10050409 0.10000000 
-0.60000000 0.00000000 0.10069149 0.10000000 
-0.59000000 0.00000000 0.10093333 0.10000000 
-0.58000000 0.00000000 0.10124270 0.10000000 
-0.57000000 0.00000000 0.10163596 0.10000000 
-0.56000000 0.00000000 0.10213345 0.10000000 
-0.55000000 0.00000000 0.10276035 0.10000000 
-0.54000000 0.00000000 0.10354746 0.10000000 
-0.53000000 0.00000000 0.10453211 0.10000000 
-0.52000000 0.00000000 0.10575909 0.10000000 
-0.51000000 0.00000000 0.10728170 0.10000000 
-0.50000000 0.00000000 0.10916280 0.10000000 
-0.49000000 0.00000000 0.11147610 0.10000000 
-0.48000000 0.00000000 0.11430734 0.10000000 
-0.47000000 0.00000000 0.11775565 0.10000000 
-0.46000000 0.00000000 0.12193485 0.10000000 
-0.45000000 0.00000000 0.12697467 0.10000000 
-0.44000000 0.00000000 0.13302195 0.10000000 
-0.43000000 0.00000000 0.14024156 0.10000000 
-0.42000000 0.00000000 0.14881717 0.10000000 
-0.41000000 0.00000000 0.15895171 0.10000000 
-0.40000000 0.00000000 0.17086733 0.10000000 
-0.39000000 0.00000000 0.18480504 0.10000000 
-0.38000000 0.00000000 0.20102368 0.10000000 
-0.37000000 0.00000000 0.21979830 0.10000000 
-0.36000000 0.00000000 0.24141780 0.10000000 
-0.35000000 0.00000000 0.26618178 0.10000000 
-0.34000000 0.00000000 0.29439661 0.10000000 
-0.33000000 0.00000000 0.32637053 0.10000000 
-0.32000000 0.00000000 0.36240797 0.10000000 
-0.31000000 0.00000000 0.40280295 0.10000000 
-0.30000000 0.00000000 0.44783166 0.10000000 
-0.29000000 0.00000000 0.49774437 0.10000000 
-0.28000000 0.00000000 0.55275674 0.10000000 
-0.27000000 0.00000000 0.61304060 0.10000000 
-0.26000000 0.00000000 0.67871465 0.10000000 
-0.25000000 0.00000000 0.74983508 0.10000000 
-0.24000000 0.00000000 0.82638651 0.10000000 
-0.23000000 0.00000000 0.90827345 0.10000000 
-0.22000000 0.00000000 0.99531280 0.10000000 
-0.21000000 0.00000000 1.08722743 0.10000000 
-0.20000000 0.00000000 1.18364134 0.10000000 
-0.19000000 0.00000000 1.28407674 0.10000000 
-0.18000000 0.00000000 1.38795319 0.10000000 
-0.17000000 0.00000000 1.49458905 0.10000000 
-0.16000000 0.00000000 1.60320558 0.10000000 
-0.15000000 0.00000000 1.71293358 0.10000000 
-0.14000000 0.00000000 1.82282271 0.10000000 
-0.13000000 0.00000000 1.93185352 0.10000000 
-0.12000000 0.00000000 2.03895179 0.10000000 
-0.11000000 0.00000000 2.14300520 0.10000000 
-0.10000000 0.00000000 2.24288183 0.10000000 
-0.09000000 0.00000000 2.33745007 0.10000000 
-0.08000000 0.00000000 2.42559956 0.10000000 
-0.07000000 0.00000000 2.50626246 0.10000000 
-0.06000000 0.00000000 2.57843468 0.10000000 
-0.05000000 0.00000000 2.64119639 0.10000000 
-0.04000000 0.00000000 2.69373143 0.10000000 
-0.03000000 0.00000000 2.73534501 0.10000000 
-0.02000000 0.00000000 2.76547919 0.10000000 
-0.01000000 0.00000000 2.78372578 0.10000000 
0.00000000 0.00000000 2.78983586 0.10000000 
0.01000000 0.00000000 2.78372578 0.10000000 
0.02000000 0.00000000 2.76547919 0.10000000 
0.03000000 0.00000000 2.73534501 0.10000000 
0.04000000 0.00000000 2.69373143 0.10000000 
0.05000000 0.00000000 2.64119639 0.10000000 
0.06000000 0.00000000 2.57843468 0.10000000 
0.07000000 0.00000000 2.50626246 0.10000000 
0.08000000 0.00000000 2.42559956 0.10000000 
0.09000000 0.00000000 2.33745007 0.10000000 
0.10000000 0.00000000 2.24288183 0.10000000 
0.11000000 0.00000000 2.14300520 0.10000000 
0.12000000 0.00000000 2.03895179 0.10000000 
0.13000000 0.00000000 1.93185352 0.10000000 
0.14000000 0.00000000 1.82282271 0.10000000 
0.15000000 0.00000000 1.71293358 0.10000000 
0.16000000 0.00000000 1.60320558 0.10000000 
0.17000000 0.00000000 1.49458905 0.10000000 
0.18000000 0.00000000 1.38795319 0.10000000 
0.19000000 0.00000000 1.28407674 0.10000000 
0.20000000 0.00000000 1.18364134 0.10000000 
0.21000000 0.00000000 1.08722743 0.10000000 
0.22000000 0.00000000 0.99531280 0.10000000 
0.23000000 0.00000000 0.90827345 0.10000000 
0.24000000 0.00000000 0.82638651 0.10000000 
0.25000000 0.00000000 0.74983508 0.10000000 
0.26000000 0.00000000 0.67871465 0.10000000 
0.27000000 0.00000000 0.61304060 0.10000000 
0.28000000 0.00000000 0.55275674 0.10000000 
0.29000000 0.00000000 0.49774437 0.10000000 
0.30000000 0.00000000 0.44783166 0.10000000 
0.31000000 0.00000000 0.40280295 0.10000000 
0.32000000 0.00000000 0.36240797 0.10000000 
0.33000000 0.00000000 0.32637053 0.10000000 
0.34000000 0.00000000 0.29439661 0.10000000 
0.35000000 0.00000000 0.26618178 0.10000000 
0.36000000 0.00000000 0.24141780 0.10000000 
0.37000000 0.00000000 0.21979830 0.10000000 
0.38000000 0.00000000 0.20102368 0.10000000 
0.39000000 0.00000000 0.18480504 0.10000000 
0.40000000 0.00000000 0.17086733 0.10000000 
0.41000000 0.00000000 0.15895171 0.10000000 
0.42000000 0.00000000 0.14881717 0.10000000 
0.43000000 0.00000000 0.14024156 0.10000000 
0.44000000 0.00000000 0.13302195 0.10000000 
0.45000000 0.00000000 0.12697467 0.10000000 
0.46000000 0.00000000 0.12193485 0.10000000 
0.47000000 0.00000000 0.11775565 0.10000000 
0.48000000 0.00000000 0.11430734 0.10000000 
0.49000000 0.00000000 0.11147610 0.10000000 
0.50000000 0.00000000 0.10916280 0.10000000 
0.51000000 0.00000000 0.10728170 0.10000000 
0.52000000 0.00000000 0.10575909 0.10000000 
0.53000000 0.00000000 0.10453211 0.10000000 
0.54000000 0.00000000 0.10354746 0.10000000 
0.55000000 0.00000000 0.10276035 0.10000000 
0.56000000 0.00000000 0.10213345 0.10000000 
0.57000000 0.00000000 0.10163596 0.10000000 
0.58000000 0.00000000 0.10124270 0.10000000 
0.59000000 0.00000000 0.10093333 0.10000000 
0.60000000 0.00000000 0.10069149 0.10000000 
0.61000000 0.00000000 0.10050409 0.10000000 
0.62000000 0.00000000 0.10036058 0.10000000 
0.63000000 0.00000000 0.10025235 0.10000000 
0.64000000 0.00000000 0.10017230 0.10000000 
0.65000000 0.00000000 0.10011446 0.10000000 
0.66000000 0.00000000 0.10007379 0.10000000 
0.67000000 0.00000000 0.10004605 0.10000000 
0.68000000 0.00000000 0.10002777 0.10000000 
0.69000000 0.00000000 0.10001614 0.10000000 
0.70000000 0.00000000 0.10000903 0.10000000 
0.71000000 0.00000000 0.10000486 0.10000000 
0.72000000 0.00000000 0.10000251 0.10000000 
0.73000000 0.00000000 0.10000124 0.10000000 
0.74000000 0.00000000 0.10000059 0.10000000 
0.75000000 0.00000000 0.10000027 0.10000000 
0.76000000 0.00000000 0.10000012 0.10000000 
0.77000000 0.00000000 0.10000005 0.10000000 
0.78000000 0.00000000 0.10000002 0.10000000 
0.79000000 0.00000000 0.10000001 0.10000000 
0.80000000 0.00000000 0.10000000 0.10000000 
0.81000000 0.00000000 0.10000000 0.10000000 
0.82000000 0.00000000 0.10000000 0.10000000 
0.83000000 0.00000000 0.10000000 0.10000000 
0.84000000 0.00000000 0.10000000 0.10000000 
0.85000000 0.00000000 0.10000000 0.10000000 
0.86000000 0.00000000 0.10000000 0.10000000 
0.87000000 0.00000000 0.10000000 0.10000000 
0.88000000 0.00000000 0.10000000 0.10000000 
0.89000000 0.00000000 0.10000000 0.10000000 
0.90000000 0.00000000 0.10000000 0.10000000 
0.91000000 0.00000000 0.10000000 0.10000000 
0.92000000 0.00000000 0.10000000 0.10000000 
0.93000000 0.00000000 0.10000000 0.10000000 
0.94000000 0.00000000 0.10000000 0.10000000 
0.95000000 0.00000000 0.10000000 0.10000000 
0.96000000 0.00000000 0.10000000 0.10000000 
0.97000000 0.00000000 0.10000000 0.10000000 
0.98000000 0.00000000 0.10000000 0.10000000 
0.99000000 0.00000000 0.10000000 0.10000000 

